-------------------------------------------------------------
----------------------- !PROPERTIES! ------------------------
-------------------------------------------------------------
# -----------------------------------------------------------
$ PAL_Flags
   description: The PAL Flags
   geom. index: 1
   prop. index: 1
        Diskflag:     2
# -----------------------------------------------------------
$ SCF_Energy
   description: The SCF energy
   geom. index: 1
   prop. index: 1
        SCF Energy:     -928.9017265246
# -----------------------------------------------------------
$ DFT_Energy
   description: The DFT energy
   geom. index: 1
   prop. index: 1
   Number of Alpha Electrons                 85.0001258087 
   Number of Beta  Electrons                 84.0001161820 
   Total number of  Electrons               169.0002419907 
   Exchange energy                         -105.6586453670 
   Correlation energy                        -6.5755961523 
   Correlation energy NL                      0.0000000000 
   Exchange-Correlation energy             -112.2342415193 
   Embedding correction                       0.0000000000 
   Total DFT Energy (No VdW correction)    -928.9017265246 
# -----------------------------------------------------------
$ Mayer_Pop
   description: The Mayer population analysis
   geom. index: 1
   prop. index: 1
     Number of atoms                     : 49
     Threshold for printing              : 0.1000000
     Number of bond orders printed       : 51
  NA   - Mulliken gross atomic population
  ZA   - Total nuclear charge
  QA   - Mulliken gross atomic charge
  VA   - Mayer's total valence
  BVA  - Mayer's bonded valence
  FA   - Mayer's free valence
  ATOM       NA         ZA         QA         VA         BVA        FA
  0   0     5.8539     6.0000     0.1461     2.6193     2.6134     0.0059
  1   0     5.7239     6.0000     0.2761     2.4762     2.4740     0.0022
  2   0     5.3736     6.0000     0.6264     2.8943     2.8939     0.0004
  3   0     6.1772     6.0000    -0.1772     3.7522     3.7181     0.0341
  4   0     5.9282     6.0000     0.0718     4.1378     4.1227     0.0151
  5   0     6.0109     6.0000    -0.0109     3.8597     3.8259     0.0338
  6   0     6.0229     6.0000    -0.0229     3.8135     3.8062     0.0073
  7   0     6.0762     6.0000    -0.0762     4.1292     4.0920     0.0372
  8   0     5.9927     6.0000     0.0073     3.9059     3.8979     0.0080
  9   0     1.0498     1.0000    -0.0498     1.0024     1.0023     0.0001
 10   0     1.0541     1.0000    -0.0541     1.0038     1.0038     0.0000
 11   0     6.1008     6.0000    -0.1008     3.9309     3.5691     0.3618
 12   0     1.0258     1.0000    -0.0258     1.0085     1.0073     0.0012
 13   0     5.9657     6.0000     0.0343     4.0096     4.0082     0.0014
 14   0     0.9703     1.0000     0.0297     0.9628     0.9617     0.0011
 15   0     0.9703     1.0000     0.0297     0.9628     0.9617     0.0011
 16   0     6.0396     6.0000    -0.0396     4.1318     4.1318     0.0000
 17   0     0.9876     1.0000     0.0124     0.9640     0.9640     0.0000
 18   0     0.9875     1.0000     0.0125     0.9640     0.9640     0.0000
 19   0     5.9940     6.0000     0.0060     4.0161     4.0161     0.0000
 20   0     0.9821     1.0000     0.0179     0.9776     0.9776     0.0000
 21   0     0.9821     1.0000     0.0179     0.9776     0.9776     0.0000
 22   0     5.9566     6.0000     0.0434     4.0290     4.0288     0.0002
 23   0     0.9680     1.0000     0.0320     0.9697     0.9696     0.0001
 24   0     0.9680     1.0000     0.0320     0.9697     0.9696     0.0001
 25   0     6.0361     6.0000    -0.0361     4.1150     4.1150     0.0000
 26   0     0.9834     1.0000     0.0166     0.9629     0.9629     0.0000
 27   0     0.9834     1.0000     0.0166     0.9629     0.9629     0.0000
 28   0     6.0242     6.0000    -0.0242     4.1171     4.1171     0.0000
 29   0     0.9938     1.0000     0.0062     0.9675     0.9675     0.0000
 30   0     0.9938     1.0000     0.0062     0.9675     0.9675     0.0000
 31   0     5.9970     6.0000     0.0030     4.0167     4.0167     0.0000
 32   0     0.9829     1.0000     0.0171     0.9773     0.9773     0.0000
 33   0     0.9829     1.0000     0.0171     0.9773     0.9773     0.0000
 34   0     6.6064     6.0000    -0.6064     3.3886     3.3871     0.0015
 35   0     1.0293     1.0000    -0.0293     1.0306     1.0306     0.0000
 36   0     0.9866     1.0000     0.0134     0.9733     0.9733     0.0000
 37   0     0.9872     1.0000     0.0128     0.9735     0.9735     0.0000
 38   0     5.9673     6.0000     0.0327     3.9984     3.9978     0.0006
 39   0     5.9601     6.0000     0.0399     3.9994     3.9993     0.0001
 40   0     5.9749     6.0000     0.0251     3.9946     3.9941     0.0005
 41   0     6.2578     6.0000    -0.2578     3.9298     3.9295     0.0003
 42   0     5.9697     6.0000     0.0303     3.9941     3.9936     0.0005
 43   0     5.9595     6.0000     0.0405     3.9995     3.9994     0.0001
 44   0     1.0273     1.0000    -0.0273     0.9689     0.9689     0.0000
 45   0     1.0407     1.0000    -0.0407     0.9839     0.9839     0.0000
 46   0     1.0276     1.0000    -0.0276     0.9686     0.9686     0.0000
 47   0     1.0272     1.0000    -0.0272     0.9685     0.9685     0.0000
 48   0     1.0389     1.0000    -0.0389     0.9812     0.9812     0.0000
      Bond orders larger than 0.1000000
           Atom A     A.N. of A          Atom B    A.N. of B              Bond order
                0             6               1            6                1.715516
                0             6              41            6                0.932530
                1             6               3            6                0.877758
                1             6              41            6               -0.181697
                2             6               6            6                0.902133
                2             6              34            6                2.122074
                3             6               4            6                1.277934
                3             6               8            6                1.402384
                4             6               5            6                1.285461
                4             6              11            6                1.382921
                5             6               6            6                1.443344
                5             6               9            1                0.917656
                6             6               7            6                1.336228
                7             6               8            6                1.421393
                7             6              22            6                1.092911
                8             6              10            1                0.921240
               11             6              12            1                0.899395
               11             6              13            6                1.084013
               13             6              14            1                0.911475
               13             6              15            1                0.911454
               13             6              16            6                1.071469
               16             6              17            1                0.943807
               16             6              18            1                0.943771
               16             6              19            6                1.106617
               19             6              20            1                0.965291
               19             6              21            1                0.965295
               19             6              36            1                0.960777
               22             6              23            1                0.896361
               22             6              24            1                0.896376
               22             6              25            6                1.104022
               25             6              26            1                0.929259
               25             6              27            1                0.929269
               25             6              28            6                1.074942
               28             6              29            1                0.941028
               28             6              30            1                0.941030
               28             6              31            6                1.106005
               31             6              32            1                0.966201
               31             6              33            1                0.966200
               31             6              37            1                0.961734
               34             6              35            1                1.118394
               38             6              39            6                1.442976
               38             6              43            6                1.442782
               38             6              44            1                0.943169
               39             6              40            6                1.471369
               39             6              46            1                0.937806
               40             6              41            6                1.436948
               40             6              48            1                0.940447
               41             6              42            6                1.439038
               42             6              43            6                1.472445
               42             6              45            1                0.939789
               43             6              47            1                0.937777
# -----------------------------------------------------------
$ Calculation_Info
   description: Details of the calculation
   geom. index: 1
   prop. index: 1
     Multiplicity:                          2
     Charge:                                0
     number of atoms:                       49
     number of electrons:                   0
     number of frozen core electrons:       1
     number of correlated electrons:        0
     number of basis functions:             461
     number of aux C basis functions:       3164
     number of aux J basis functions:       3164
     number of aux JK basis functions:      3164
     number of aux CABS basis functions:    0
     Total Energy                           -928.901727
# -----------------------------------------------------------
$ SCF_Electric_Properties
   description: The SCF Calculated Electric Properties
   geom. index: 1
   prop. index: 1
       Filename                          : cc-pVDZ.scfp 
       Do Dipole Moment Calculation      : true 
       Do Quadrupole Moment Calculation  : false 
       Do Polarizability Calculation     : false 
** Dipole moment part of electric properties **
        Magnitude of dipole moment (Debye) :        0.3995704468
        Electronic Contribution:
                  0    
      0      10.553640
      1       2.014014
      2       0.005116
        Nuclear Contribution:
                  0    
      0     -10.397410
      1      -1.996598
      2      -0.004443
        Total Dipole moment:
                  0    
      0       0.156231
      1       0.017416
      2       0.000673
# -----------------------------------------------------------
$ EPRNMR_GTensor
   description: Electronic g tensor
   geom. index: 1
   prop. index: 1
 Source density: 1 SCF 
 Spin multiplicity: 2 
 raw g tensor: 
                  0          1          2    
      0       2.002778   0.000063   0.000000
      1       0.000059   2.002768   0.000000
      2       0.000000   0.000000   2.002186
 g tensor: 
                  0          1          2    
      0      -0.000426  -0.677426  -0.735591
      1      -0.000671   0.735591  -0.677426
      2       1.000000   0.000205  -0.000768
 G eigenvalues: 
                  0          1          2    
      0       2.002186   2.002712   2.002834
# -----------------------------------------------------------
$ EPRNMR_OrbitalShielding
   description: Orbital contribution to the NMR Shielding tensor (ppm)
   geom. index: 1
   prop. index: 1
 Number of stored nuclei 25
 Source density: 1 SCF 
 Nucleus: 9 H 
 Shielding tensor (ppm): 
                  0          1          2    
      0      26.977197   5.389882   0.007886
      1       4.852529  26.665128   0.007846
      2       0.011001   0.009545  19.627330
 P Tensor eigenvectors:
                   0          1          2    
      0      -0.000827   0.699842   0.714297
      1      -0.000597  -0.714297   0.699842
      2       0.999999   0.000152   0.001008
 P Eigenvalues: 
                  0          1          2    
      0      19.627317  21.697837  31.944501
P(iso)  24.423218
 Nucleus: 10 H 
 Shielding tensor (ppm): 
                  0          1          2    
      0      28.269739   5.551204   0.009340
      1       5.416325  26.284362   0.006126
      2       0.008188   0.007808  18.943337
 P Tensor eigenvectors:
                   0          1          2    
      0      -0.000695  -0.641991  -0.766712
      1      -0.000421   0.766712  -0.641991
      2       1.000000  -0.000123  -0.000803
 P Eigenvalues: 
                  0          1          2    
      0      18.943328  21.704177  32.849932
P(iso)  24.499146
 Nucleus: 12 H 
 Shielding tensor (ppm): 
                  0          1          2    
      0      23.562565  -2.341704   0.003548
      1      -1.592679  32.537729   0.010442
      2       0.003866   0.006688  19.724556
 P Tensor eigenvectors:
                   0          1          2    
      0      -0.001428   0.980087  -0.198563
      1      -0.000913   0.198562   0.980088
      2       0.999999   0.001581   0.000611
 P Eigenvalues: 
                  0          1          2    
      0      19.724543  23.150772  32.949534
P(iso)  25.274950
 Nucleus: 14 H 
 Shielding tensor (ppm): 
                  0          1          2    
      0      28.809345   1.077298   3.176067
      1       0.580349  30.475094  -0.487331
      2       4.066388  -1.439904  27.652546
 P Tensor eigenvectors:
                   0          1          2    
      0      -0.630721  -0.124632   0.765936
      1       0.192302  -0.981335  -0.001328
      2       0.751805   0.146454   0.642915
 P Eigenvalues: 
                  0          1          2    
      0      24.303206  30.736207  31.897573
P(iso)  28.978995
 Nucleus: 15 H 
 Shielding tensor (ppm): 
                  0          1          2    
      0      28.841277   1.094641  -3.167246
      1       0.593304  30.480313   0.492740
      2      -4.061811   1.441971  27.613204
 P Tensor eigenvectors:
                   0          1          2    
      0       0.627100  -0.114651   0.770455
      1      -0.193813  -0.980968   0.011774
      2       0.754442  -0.156707  -0.637385
 P Eigenvalues: 
                  0          1          2    
      0      24.295659  30.745733  31.893403
P(iso)  28.978265
 Nucleus: 17 H 
 Shielding tensor (ppm): 
                  0          1          2    
      0      30.716234  -0.736004   4.383302
      1      -0.391518  30.047138  -0.431837
      2       4.259142   0.859815  28.168917
 P Tensor eigenvectors:
                   0          1          2    
      0      -0.600103   0.010999  -0.799847
      1      -0.087221   0.993044   0.079096
      2       0.795153   0.117229  -0.594970
 P Eigenvalues: 
                  0          1          2    
      0      24.887907  30.070058  33.974324
P(iso)  29.644096
 Nucleus: 18 H 
 Shielding tensor (ppm): 
                  0          1          2    
      0      30.755248  -0.722667  -4.378534
      1      -0.382293  30.047408   0.433073
      2      -4.250279  -0.853404  28.127787
 P Tensor eigenvectors:
                   0          1          2    
      0       0.596584   0.011871  -0.802463
      1       0.085025   0.993328   0.077906
      2       0.798034  -0.114707   0.591594
 P Eigenvalues: 
                  0          1          2    
      0      24.884113  30.068864  33.977467
P(iso)  29.643481
 Nucleus: 20 H 
 Shielding tensor (ppm): 
                  0          1          2    
      0      29.709332  -1.684462  -3.747399
      1      -2.363951  30.734368   2.582375
      2      -3.183199   2.219736  30.492665
 P Tensor eigenvectors:
                   0          1          2    
      0      -0.738839   0.380401  -0.556248
      1       0.030193   0.843296   0.536601
      2      -0.673205  -0.379667   0.634545
 P Eigenvalues: 
                  0          1          2    
      0      26.610768  28.715964  35.609634
P(iso)  30.312122
 Nucleus: 21 H 
 Shielding tensor (ppm): 
                  0          1          2    
      0      29.676686  -1.687420   3.735759
      1      -2.362005  30.747925  -2.595258
      2       3.168907  -2.227594  30.510449
 P Tensor eigenvectors:
                   0          1          2    
      0      -0.742003   0.378785   0.553131
      1       0.028221   0.841997  -0.538744
      2       0.669802   0.384140   0.635453
 P Eigenvalues: 
                  0          1          2    
      0      26.613639  28.712425  35.608996
P(iso)  30.311687
 Nucleus: 23 H 
 Shielding tensor (ppm): 
                  0          1          2    
      0      28.590959  -1.584561  -3.403525
      1      -1.174728  31.171724   0.069849
      2      -4.856949  -0.850103  26.509991
 P Tensor eigenvectors:
                   0          1          2    
      0       0.609512   0.408005  -0.679726
      1       0.134477   0.791763   0.595842
      2       0.781288  -0.454580   0.427722
 P Eigenvalues: 
                  0          1          2    
      0      23.125565  30.700331  32.446777
P(iso)  28.757558
 Nucleus: 24 H 
 Shielding tensor (ppm): 
                  0          1          2    
      0      28.583240  -1.588354   3.405384
      1      -1.179840  31.170209  -0.066277
      2       4.856598   0.853366  26.518177
 P Tensor eigenvectors:
                   0          1          2    
      0      -0.610249   0.407419  -0.679416
      1      -0.135267   0.791440   0.596092
      2       0.780576   0.455667  -0.427865
 P Eigenvalues: 
                  0          1          2    
      0      23.125163  30.699953  32.446511
P(iso)  28.757209
 Nucleus: 26 H 
 Shielding tensor (ppm): 
                  0          1          2    
      0      30.266198   0.788800  -3.696539
      1       0.734058  31.282137   0.258360
      2      -3.615019   1.452370  27.970949
 P Tensor eigenvectors:
                   0          1          2    
      0       0.584985  -0.047808   0.809634
      1      -0.172112  -0.982842   0.066320
      2       0.792572  -0.178144  -0.583177
 P Eigenvalues: 
                  0          1          2    
      0      25.077848  31.483546  32.957890
P(iso)  29.839762
 Nucleus: 27 H 
 Shielding tensor (ppm): 
                  0          1          2    
      0      30.259276   0.786518   3.700886
      1       0.730685  31.284362  -0.254260
      2       3.617978  -1.448856  27.976502
 P Tensor eigenvectors:
                   0          1          2    
      0      -0.585780  -0.048085   0.809043
      1       0.171317  -0.983029   0.065614
      2       0.792157   0.177038   0.584076
 P Eigenvalues: 
                  0          1          2    
      0      25.077337  31.484126  32.958676
P(iso)  29.840046
 Nucleus: 29 H 
 Shielding tensor (ppm): 
                  0          1          2    
      0      30.663926   0.025238  -4.552371
      1       0.116204  30.648726  -0.513156
      2      -4.350040  -1.170655  28.426592
 P Tensor eigenvectors:
                   0          1          2    
      0       0.607620  -0.191196  -0.770871
      1       0.102606   0.981355  -0.162525
      2       0.787572   0.019658   0.615909
 P Eigenvalues: 
                  0          1          2    
      0      24.888565  30.622861  34.227819
P(iso)  29.913081
 Nucleus: 30 H 
 Shielding tensor (ppm): 
                  0          1          2    
      0      30.653206   0.020616   4.555620
      1       0.112328  30.646704   0.515508
      2       4.352701   1.172854  28.438923
 P Tensor eigenvectors:
                   0          1          2    
      0      -0.608579  -0.191268  -0.770096
      1      -0.103269   0.981351  -0.162128
      2       0.786745  -0.019140  -0.616982
 P Eigenvalues: 
                  0          1          2    
      0      24.888480  30.622079  34.228275
P(iso)  29.912945
 Nucleus: 32 H 
 Shielding tensor (ppm): 
                  0          1          2    
      0      29.927469  -1.566318   3.883374
      1      -2.389985  30.517736  -2.278423
      2       3.263805  -1.958834  30.493831
 P Tensor eigenvectors:
                   0          1          2    
      0      -0.739571   0.329175   0.587093
      1      -0.009839   0.866871  -0.498436
      2       0.673007   0.374405   0.637874
 P Eigenvalues: 
                  0          1          2    
      0      26.625913  28.827092  35.486032
P(iso)  30.313012
 Nucleus: 33 H 
 Shielding tensor (ppm): 
                  0          1          2    
      0      29.937006  -1.565503  -3.885113
      1      -2.390159  30.514401   2.275432
      2      -3.266734   1.956216  30.487718
 P Tensor eigenvectors:
                   0          1          2    
      0      -0.738664   0.329683  -0.587950
      1      -0.009267   0.867184   0.497902
      2      -0.674010  -0.373231   0.637502
 P Eigenvalues: 
                  0          1          2    
      0      26.625923  28.827424  35.485777
P(iso)  30.313041
 Nucleus: 35 H 
 Shielding tensor (ppm): 
                  0          1          2    
      0      35.345591  -0.521319   0.018088
      1      -1.028902  25.514133  -0.000793
      2       0.001648   0.000655  23.927545
 P Tensor eigenvectors:
                   0          1          2    
      0      -0.001029  -0.073958   0.997261
      1      -0.000407  -0.997261  -0.073958
      2       0.999999  -0.000482   0.000996
 P Eigenvalues: 
                  0          1          2    
      0      23.927536  25.453572  35.406160
P(iso)  28.262423
 Nucleus: 36 H 
 Shielding tensor (ppm): 
                  0          1          2    
      0      29.187138   2.419638   0.011014
      1       3.789332  35.506316   0.023621
      2       0.013557   0.021392  25.557100
 P Tensor eigenvectors:
                   0          1          2    
      0      -0.001974   0.921493   0.388391
      1      -0.001642  -0.388394   0.921492
      2       0.999997   0.001181   0.002280
 P Eigenvalues: 
                  0          1          2    
      0      25.557038  27.918183  36.775333
P(iso)  30.083518
 Nucleus: 37 H 
 Shielding tensor (ppm): 
                  0          1          2    
      0      28.564140   2.008712   0.003022
      1       3.258936  36.136590   0.006835
      2       0.003539   0.005942  25.625733
 P Tensor eigenvectors:
                   0          1          2    
      0      -0.000737   0.951243   0.308442
      1      -0.000423  -0.308443   0.951243
      2       1.000000   0.000571   0.000630
 P Eigenvalues: 
                  0          1          2    
      0      25.625727  27.739012  36.961724
P(iso)  30.108821
 Nucleus: 44 H 
 Shielding tensor (ppm): 
                  0          1          2    
      0      24.313566   0.165322   0.007451
      1       0.163650  27.202954   0.006270
      2       0.007702   0.006308  21.275364
 P Tensor eigenvectors:
                   0          1          2    
      0      -0.002437   0.998392   0.056640
      1      -0.000993  -0.056642   0.998394
      2       0.999997   0.002377   0.001129
 P Eigenvalues: 
                  0          1          2    
      0      21.275340  24.304249  27.212295
P(iso)  24.263961
 Nucleus: 45 H 
 Shielding tensor (ppm): 
                  0          1          2    
      0      27.152451  -3.254569   0.012234
      1      -2.534314  24.900967  -0.001557
      2       0.014047  -0.003148  20.060792
 P Tensor eigenvectors:
                   0          1          2    
      0      -0.002176  -0.570280   0.821447
      1      -0.000823  -0.821448  -0.570283
      2       0.999997  -0.001918   0.001318
 P Eigenvalues: 
                  0          1          2    
      0      20.060765  22.921363  29.132082
P(iso)  24.038070
 Nucleus: 46 H 
 Shielding tensor (ppm): 
                  0          1          2    
      0      27.025491  -1.539613   0.013181
      1      -1.510727  24.682457  -0.000320
      2       0.013854  -0.000051  20.907422
 P Tensor eigenvectors:
                   0          1          2    
      0      -0.002436  -0.442309   0.896860
      1      -0.000934  -0.896861  -0.442312
      2       0.999997  -0.001915   0.001772
 P Eigenvalues: 
                  0          1          2    
      0      20.907390  23.930813  27.777168
P(iso)  24.205124
 Nucleus: 47 H 
 Shielding tensor (ppm): 
                  0          1          2    
      0      27.296416   1.126346   0.016494
      1       1.103366  24.363313   0.006256
      2       0.016787   0.005915  20.943321
 P Tensor eigenvectors:
                   0          1          2    
      0      -0.002444  -0.319516  -0.947578
      1      -0.000986   0.947581  -0.319514
      2       0.999997   0.000154  -0.002631
 P Eigenvalues: 
                  0          1          2    
      0      20.943274  23.987671  27.672104
P(iso)  24.201017
 Nucleus: 48 H 
 Shielding tensor (ppm): 
                  0          1          2    
      0      28.097433   2.569384   0.020958
      1       1.870698  24.163776   0.008729
      2       0.022858   0.010679  19.883318
 P Tensor eigenvectors:
                   0          1          2    
      0      -0.002363  -0.416494  -0.909136
      1      -0.001023   0.909139  -0.416492
      2       0.999997  -0.000054  -0.002574
 P Eigenvalues: 
                  0          1          2    
      0      19.883255  23.164896  29.096375
P(iso)  24.048176
# -----------------------------------------------------------
$ EPRNMR_ATensor
   description: Hyperfine A tensor
   geom. index: 1
   prop. index: 1
 Number of stored nuclei 25
 Source density: 1 SCF 
 Spin multiplicity: 2 
 Nucleus: 9 H  
 Isotope: 1 
 Nuclear Spin:  0.5 
 Prefactor (MHz): 533.551395 
 Raw A tensor (MHz): 
                  0          1          2    
      0     -14.498138  -6.094316  -0.004139
      1      -6.096994 -11.908052   0.003592
      2      -0.004139   0.003595 -15.899773
 A Tensor eigenvectors:
                   0          1          2    
      0      -0.629341   0.000170   0.777129
      1       0.777129  -0.000640   0.629341
      2       0.000604   1.000000   0.000271
 A Eigenvalues: 
                  0          1          2    
      0      -6.971387 -15.899776 -19.434801
A(iso)  -14.101988
 Nucleus: 10 H  
 Isotope: 1 
 Nuclear Spin:  0.5 
 Prefactor (MHz): 533.551395 
 Raw A tensor (MHz): 
                  0          1          2    
      0       7.808895   2.274427   0.003453
      1       2.275403   6.298735   0.002903
      2       0.003453   0.002903   4.068730
 A Tensor eigenvectors:
                   0          1          2    
      0      -0.000346  -0.585202  -0.810887
      1      -0.000948   0.810887  -0.585202
      2       0.999999   0.000566  -0.000836
 A Eigenvalues: 
                  0          1          2    
      0       4.068726   4.656862   9.450772
A(iso)  6.058786
 Nucleus: 12 H  
 Isotope: 1 
 Nuclear Spin:  0.5 
 Prefactor (MHz): 533.551395 
 Raw A tensor (MHz): 
                  0          1          2    
      0     -17.110157  -1.313649   0.006061
      1      -1.312129 -70.265569  -0.018552
      2       0.006062  -0.018563 -45.601633
 A Tensor eigenvectors:
                   0          1          2    
      0       0.999695   0.000247   0.024691
      1      -0.024691   0.000739   0.999695
      2       0.000228  -1.000000   0.000745
 A Eigenvalues: 
                  0          1          2    
      0     -17.077749 -45.601621 -70.297990
A(iso)  -44.325787
 Nucleus: 14 H  
 Isotope: 1 
 Nuclear Spin:  0.5 
 Prefactor (MHz): 533.551395 
 Raw A tensor (MHz): 
                  0          1          2    
      0      60.303572  -3.580077   1.883857
      1      -3.578951  62.075478  -1.934544
      2       1.882445  -1.934589  57.200176
 A Tensor eigenvectors:
                   0          1          2    
      0      -0.355432  -0.719894   0.596171
      1       0.091124  -0.661469  -0.744416
      2       0.930250  -0.210264   0.300707
 A Eigenvalues: 
                  0          1          2    
      0      56.291315  57.564574  65.723337
A(iso)  59.859742
 Nucleus: 15 H  
 Isotope: 1 
 Nuclear Spin:  0.5 
 Prefactor (MHz): 533.551395 
 Raw A tensor (MHz): 
                  0          1          2    
      0      60.064150  -3.580203  -1.880910
      1      -3.579070  61.800747   1.933829
      2      -1.879491   1.933879  56.931107
 A Tensor eigenvectors:
                   0          1          2    
      0       0.349769  -0.721359   0.597748
      1      -0.095272  -0.662130  -0.743308
      2       0.931979   0.203038  -0.300318
 A Eigenvalues: 
                  0          1          2    
      0      56.027944  57.307630  65.460431
A(iso)  59.598668
 Nucleus: 17 H  
 Isotope: 1 
 Nuclear Spin:  0.5 
 Prefactor (MHz): 533.551395 
 Raw A tensor (MHz): 
                  0          1          2    
      0      -2.163390   2.047609   0.648045
      1       2.047489   1.880990   1.350321
      2       0.647591   1.349297  -2.706087
 A Tensor eigenvectors:
                   0          1          2    
      0      -0.727137  -0.376485  -0.574048
      1       0.450813  -0.892504   0.014305
      2      -0.517725  -0.248387   0.818697
 A Eigenvalues: 
                  0          1          2    
      0      -2.971622   3.120371  -3.137236
A(iso)  -0.996162
 Nucleus: 18 H  
 Isotope: 1 
 Nuclear Spin:  0.5 
 Prefactor (MHz): 533.551395 
 Raw A tensor (MHz): 
                  0          1          2    
      0      -2.156435   2.055013  -0.637654
      1       2.054894   1.885270  -1.327830
      2      -0.637204  -1.326814  -2.715180
 A Tensor eigenvectors:
                   0          1          2    
      0      -0.726961  -0.377725   0.573456
      1       0.449440  -0.893118  -0.018534
      2       0.519165   0.244261   0.819027
 A Eigenvalues: 
                  0          1          2    
      0      -2.971706   3.117371  -3.132010
A(iso)  -0.995448
 Nucleus: 20 H  
 Isotope: 1 
 Nuclear Spin:  0.5 
 Prefactor (MHz): 533.551395 
 Raw A tensor (MHz): 
                  0          1          2    
      0       0.007990  -0.266781  -0.109150
      1      -0.267063   2.111219   0.375736
      2      -0.109272   0.375609   0.024662
 A Tensor eigenvectors:
                   0          1          2    
      0      -0.731979   0.669429  -0.126775
      1      -0.210494  -0.045226   0.976548
      2       0.647996   0.741498   0.174015
 A Eigenvalues: 
                  0          1          2    
      0       0.027045  -0.095996   2.212821
A(iso)  0.714624
 Nucleus: 21 H  
 Isotope: 1 
 Nuclear Spin:  0.5 
 Prefactor (MHz): 533.551395 
 Raw A tensor (MHz): 
                  0          1          2    
      0       0.006677  -0.264248   0.108654
      1      -0.264530   2.114538  -0.369924
      2       0.108774  -0.369798   0.023523
 A Tensor eigenvectors:
                   0          1          2    
      0       0.727666  -0.674361   0.125455
      1       0.208005   0.042654  -0.977197
      2       0.653633   0.737169   0.171308
 A Eigenvalues: 
                  0          1          2    
      0       0.027881  -0.096470   2.213328
A(iso)  0.714913
 Nucleus: 23 H  
 Isotope: 1 
 Nuclear Spin:  0.5 
 Prefactor (MHz): 533.551395 
 Raw A tensor (MHz): 
                  0          1          2    
      0      21.911454   1.518831  -0.882760
      1       1.518308  21.921045  -0.463250
      2      -0.882192  -0.463402  20.659876
 A Tensor eigenvectors:
                   0          1          2    
      0       0.627633  -0.355672  -0.692513
      1      -0.344994   0.670356  -0.656964
      2       0.697894   0.651245   0.298032
 A Eigenvalues: 
                  0          1          2    
      0      20.095399  20.665079  23.731896
A(iso)  21.497458
 Nucleus: 24 H  
 Isotope: 1 
 Nuclear Spin:  0.5 
 Prefactor (MHz): 533.551395 
 Raw A tensor (MHz): 
                  0          1          2    
      0      21.913016   1.517540   0.885441
      1       1.517018  21.923568   0.465980
      2       0.884874   0.466133  20.666031
 A Tensor eigenvectors:
                   0          1          2    
      0      -0.628383   0.354948   0.692204
      1       0.344400  -0.670933   0.656687
      2       0.697512   0.651046   0.299359
 A Eigenvalues: 
                  0          1          2    
      0      20.098834  20.668492  23.735289
A(iso)  21.500871
 Nucleus: 26 H  
 Isotope: 1 
 Nuclear Spin:  0.5 
 Prefactor (MHz): 533.551395 
 Raw A tensor (MHz): 
                  0          1          2    
      0      -0.759700  -0.346599  -0.088934
      1      -0.346237   0.791077   0.390104
      2      -0.088751   0.389830  -0.869791
 A Tensor eigenvectors:
                   0          1          2    
      0       0.974956   0.204388  -0.087672
      1       0.218260  -0.955023   0.200732
      2      -0.042702  -0.214840  -0.975715
 A Eigenvalues: 
                  0          1          2    
      0      -0.833329   0.952700  -0.957786
A(iso)  -0.279471
 Nucleus: 27 H  
 Isotope: 1 
 Nuclear Spin:  0.5 
 Prefactor (MHz): 533.551395 
 Raw A tensor (MHz): 
                  0          1          2    
      0      -0.760157  -0.346242   0.088856
      1      -0.345880   0.791736  -0.388669
      2       0.088674  -0.388394  -0.870808
 A Tensor eigenvectors:
                   0          1          2    
      0      -0.974784   0.204155  -0.090093
      1      -0.218490  -0.955265   0.199327
      2      -0.045369   0.213985   0.975783
 A Eigenvalues: 
                  0          1          2    
      0      -0.833561   0.952503  -0.958171
A(iso)  -0.279743
 Nucleus: 29 H  
 Isotope: 1 
 Nuclear Spin:  0.5 
 Prefactor (MHz): 533.551395 
 Raw A tensor (MHz): 
                  0          1          2    
      0      -0.035662   0.273395  -0.063292
      1       0.273514   0.673083  -0.119378
      2      -0.063302  -0.119306  -0.096942
 A Tensor eigenvectors:
                   0          1          2    
      0       0.531871  -0.783071   0.322356
      1      -0.309423   0.174632   0.934752
      2      -0.788271  -0.596912  -0.149418
 A Eigenvalues: 
                  0          1          2    
      0      -0.101031  -0.144964   0.786474
A(iso)  0.180160
 Nucleus: 30 H  
 Isotope: 1 
 Nuclear Spin:  0.5 
 Prefactor (MHz): 533.551395 
 Raw A tensor (MHz): 
                  0          1          2    
      0      -0.035698   0.273137   0.063663
      1       0.273256   0.672940   0.120436
      2       0.063674   0.120365  -0.096429
 A Tensor eigenvectors:
                   0          1          2    
      0      -0.531280   0.783558  -0.322147
      1       0.310253  -0.173889  -0.934615
      2      -0.788343  -0.596490  -0.150717
 A Eigenvalues: 
                  0          1          2    
      0      -0.100857  -0.144865   0.786534
A(iso)  0.180271
 Nucleus: 32 H  
 Isotope: 1 
 Nuclear Spin:  0.5 
 Prefactor (MHz): 533.551395 
 Raw A tensor (MHz): 
                  0          1          2    
      0      -0.097676   0.008504  -0.000213
      1       0.008588   0.364457  -0.063147
      2      -0.000219  -0.063119  -0.115740
 A Tensor eigenvectors:
                   0          1          2    
      0       0.999272  -0.033656  -0.017982
      1      -0.013508   0.128732  -0.991587
      2       0.035687   0.991108   0.128184
 A Eigenvalues: 
                  0          1          2    
      0      -0.097800  -0.123931   0.372772
A(iso)  0.050347
 Nucleus: 33 H  
 Isotope: 1 
 Nuclear Spin:  0.5 
 Prefactor (MHz): 533.551395 
 Raw A tensor (MHz): 
                  0          1          2    
      0      -0.097716   0.008404   0.000274
      1       0.008488   0.364283   0.063633
      2       0.000280   0.063605  -0.115644
 A Tensor eigenvectors:
                   0          1          2    
      0       0.999355  -0.031183   0.017787
      1      -0.013600   0.129701   0.991460
      2      -0.033223  -0.991063   0.129194
 A Eigenvalues: 
                  0          1          2    
      0      -0.097840  -0.123959   0.372723
A(iso)  0.050308
 Nucleus: 35 H  
 Isotope: 1 
 Nuclear Spin:  0.5 
 Prefactor (MHz): 533.551395 
 Raw A tensor (MHz): 
                  0          1          2    
      0       2.103144   0.166609  -0.002877
      1       0.166567   4.754748   0.001076
      2      -0.002876   0.001076   3.169943
 A Tensor eigenvectors:
                   0          1          2    
      0      -0.998043  -0.002757   0.062464
      1       0.062466  -0.000389   0.998047
      2      -0.002728   0.999996   0.000561
 A Eigenvalues: 
                  0          1          2    
      0       2.092711   3.169950   4.765174
A(iso)  3.342612
 Nucleus: 36 H  
 Isotope: 1 
 Nuclear Spin:  0.5 
 Prefactor (MHz): 533.551395 
 Raw A tensor (MHz): 
                  0          1          2    
      0      -0.758889   0.236006   0.000767
      1       0.235903   0.707971   0.002645
      2       0.000767   0.002645  -0.780284
 A Tensor eigenvectors:
                   0          1          2    
      0      -0.155032  -0.021698   0.987671
      1      -0.987908   0.005219  -0.154955
      2      -0.001792  -0.999751  -0.022245
 A Eigenvalues: 
                  0          1          2    
      0       0.744996  -0.780281  -0.795918
A(iso)  -0.277068
 Nucleus: 37 H  
 Isotope: 1 
 Nuclear Spin:  0.5 
 Prefactor (MHz): 533.551395 
 Raw A tensor (MHz): 
                  0          1          2    
      0      -0.113895   0.065223   0.000049
      1       0.065287   0.223220   0.000212
      2       0.000049   0.000212  -0.128133
 A Tensor eigenvectors:
                   0          1          2    
      0       0.983000   0.004332   0.183557
      1      -0.183557  -0.000201   0.983009
      2       0.004295  -0.999991   0.000598
 A Eigenvalues: 
                  0          1          2    
      0      -0.126085  -0.128133   0.235411
A(iso)  -0.006269
 Nucleus: 44 H  
 Isotope: 1 
 Nuclear Spin:  0.5 
 Prefactor (MHz): 533.551395 
 Raw A tensor (MHz): 
                  0          1          2    
      0      -0.511729  -0.228445   0.003350
      1      -0.228477  -3.021424  -0.001620
      2       0.003350  -0.001620  -1.964122
 A Tensor eigenvectors:
                   0          1          2    
      0      -0.995946  -0.002464   0.089916
      1       0.089918  -0.001000   0.995949
      2      -0.002364   0.999996   0.001218
 A Eigenvalues: 
                  0          1          2    
      0      -0.491093  -1.964129  -3.042053
A(iso)  -1.832425
 Nucleus: 45 H  
 Isotope: 1 
 Nuclear Spin:  0.5 
 Prefactor (MHz): 533.551395 
 Raw A tensor (MHz): 
                  0          1          2    
      0      -1.844668   0.238240   0.000685
      1       0.237682  -0.966140   0.002024
      2       0.000685   0.002026  -2.219647
 A Tensor eigenvectors:
                   0          1          2    
      0       0.245931   0.969287   0.000911
      1       0.969286  -0.245932   0.001441
      2       0.001621   0.000529  -0.999999
 A Eigenvalues: 
