-------------------------------------------------------------
----------------------- !PROPERTIES! ------------------------
-------------------------------------------------------------
# -----------------------------------------------------------
$ PAL_Flags
   description: The PAL Flags
   geom. index: 1
   prop. index: 1
        Diskflag:     2
# -----------------------------------------------------------
$ SCF_Energy
   description: The SCF energy
   geom. index: 1
   prop. index: 1
        SCF Energy:     -928.9017202916
# -----------------------------------------------------------
$ DFT_Energy
   description: The DFT energy
   geom. index: 1
   prop. index: 1
   Number of Alpha Electrons                 85.0001258573 
   Number of Beta  Electrons                 84.0001162342 
   Total number of  Electrons               169.0002420914 
   Exchange energy                         -105.6586900240 
   Correlation energy                        -6.5755995780 
   Correlation energy NL                      0.0000000000 
   Exchange-Correlation energy             -112.2342896020 
   Embedding correction                       0.0000000000 
   Total DFT Energy (No VdW correction)    -928.9017202916 
# -----------------------------------------------------------
$ Mayer_Pop
   description: The Mayer population analysis
   geom. index: 1
   prop. index: 1
     Number of atoms                     : 49
     Threshold for printing              : 0.1000000
     Number of bond orders printed       : 51
  NA   - Mulliken gross atomic population
  ZA   - Total nuclear charge
  QA   - Mulliken gross atomic charge
  VA   - Mayer's total valence
  BVA  - Mayer's bonded valence
  FA   - Mayer's free valence
  ATOM       NA         ZA         QA         VA         BVA        FA
  0   0     5.8534     6.0000     0.1466     2.6193     2.6134     0.0059
  1   0     5.7245     6.0000     0.2755     2.4762     2.4740     0.0022
  2   0     5.3737     6.0000     0.6263     2.8943     2.8939     0.0004
  3   0     6.1774     6.0000    -0.1774     3.7522     3.7180     0.0342
  4   0     5.9282     6.0000     0.0718     4.1379     4.1228     0.0151
  5   0     6.0108     6.0000    -0.0108     3.8598     3.8260     0.0338
  6   0     6.0229     6.0000    -0.0229     3.8135     3.8062     0.0073
  7   0     6.0762     6.0000    -0.0762     4.1292     4.0919     0.0373
  8   0     5.9928     6.0000     0.0072     3.9059     3.8979     0.0080
  9   0     1.0498     1.0000    -0.0498     1.0024     1.0023     0.0001
 10   0     1.0541     1.0000    -0.0541     1.0038     1.0038     0.0000
 11   0     6.1007     6.0000    -0.1007     3.9309     3.5691     0.3618
 12   0     1.0257     1.0000    -0.0257     1.0085     1.0073     0.0012
 13   0     5.9657     6.0000     0.0343     4.0096     4.0082     0.0014
 14   0     0.9703     1.0000     0.0297     0.9628     0.9617     0.0011
 15   0     0.9703     1.0000     0.0297     0.9628     0.9617     0.0011
 16   0     6.0396     6.0000    -0.0396     4.1318     4.1318     0.0000
 17   0     0.9876     1.0000     0.0124     0.9640     0.9640     0.0000
 18   0     0.9876     1.0000     0.0124     0.9640     0.9640     0.0000
 19   0     5.9940     6.0000     0.0060     4.0161     4.0161     0.0000
 20   0     0.9821     1.0000     0.0179     0.9776     0.9776     0.0000
 21   0     0.9821     1.0000     0.0179     0.9776     0.9776     0.0000
 22   0     5.9566     6.0000     0.0434     4.0290     4.0288     0.0002
 23   0     0.9680     1.0000     0.0320     0.9697     0.9696     0.0001
 24   0     0.9680     1.0000     0.0320     0.9697     0.9696     0.0001
 25   0     6.0361     6.0000    -0.0361     4.1150     4.1150     0.0000
 26   0     0.9834     1.0000     0.0166     0.9629     0.9629     0.0000
 27   0     0.9834     1.0000     0.0166     0.9629     0.9629     0.0000
 28   0     6.0242     6.0000    -0.0242     4.1171     4.1171     0.0000
 29   0     0.9938     1.0000     0.0062     0.9675     0.9675     0.0000
 30   0     0.9938     1.0000     0.0062     0.9675     0.9675     0.0000
 31   0     5.9970     6.0000     0.0030     4.0167     4.0167     0.0000
 32   0     0.9829     1.0000     0.0171     0.9773     0.9773     0.0000
 33   0     0.9829     1.0000     0.0171     0.9773     0.9773     0.0000
 34   0     6.6063     6.0000    -0.6063     3.3886     3.3871     0.0015
 35   0     1.0293     1.0000    -0.0293     1.0306     1.0306     0.0000
 36   0     0.9866     1.0000     0.0134     0.9733     0.9733     0.0000
 37   0     0.9872     1.0000     0.0128     0.9735     0.9735     0.0000
 38   0     5.9673     6.0000     0.0327     3.9984     3.9978     0.0006
 39   0     5.9601     6.0000     0.0399     3.9995     3.9994     0.0001
 40   0     5.9748     6.0000     0.0252     3.9946     3.9941     0.0005
 41   0     6.2576     6.0000    -0.2576     3.9298     3.9295     0.0003
 42   0     5.9697     6.0000     0.0303     3.9941     3.9936     0.0005
 43   0     5.9595     6.0000     0.0405     3.9995     3.9994     0.0001
 44   0     1.0273     1.0000    -0.0273     0.9689     0.9689     0.0000
 45   0     1.0407     1.0000    -0.0407     0.9839     0.9839     0.0000
 46   0     1.0276     1.0000    -0.0276     0.9686     0.9686     0.0000
 47   0     1.0272     1.0000    -0.0272     0.9685     0.9685     0.0000
 48   0     1.0389     1.0000    -0.0389     0.9812     0.9812     0.0000
      Bond orders larger than 0.1000000
           Atom A     A.N. of A          Atom B    A.N. of B              Bond order
                0             6               1            6                1.715548
                0             6              41            6                0.932526
                1             6               3            6                0.877716
                1             6              41            6               -0.181663
                2             6               6            6                0.902118
                2             6              34            6                2.122084
                3             6               4            6                1.277938
                3             6               8            6                1.402360
                4             6               5            6                1.285481
                4             6              11            6                1.382952
                5             6               6            6                1.443347
                5             6               9            1                0.917650
                6             6               7            6                1.336215
                7             6               8            6                1.421396
                7             6              22            6                1.092908
                8             6              10            1                0.921241
               11             6              12            1                0.899396
               11             6              13            6                1.084020
               13             6              14            1                0.911473
               13             6              15            1                0.911448
               13             6              16            6                1.071470
               16             6              17            1                0.943806
               16             6              18            1                0.943766
               16             6              19            6                1.106623
               19             6              20            1                0.965288
               19             6              21            1                0.965293
               19             6              36            1                0.960775
               22             6              23            1                0.896363
               22             6              24            1                0.896380
               22             6              25            6                1.104019
               25             6              26            1                0.929255
               25             6              27            1                0.929268
               25             6              28            6                1.074952
               28             6              29            1                0.941024
               28             6              30            1                0.941026
               28             6              31            6                1.106009
               31             6              32            1                0.966200
               31             6              33            1                0.966198
               31             6              37            1                0.961732
               34             6              35            1                1.118391
               38             6              39            6                1.442964
               38             6              43            6                1.442791
               38             6              44            1                0.943170
               39             6              40            6                1.471387
               39             6              46            1                0.937807
               40             6              41            6                1.436903
               40             6              48            1                0.940448
               41             6              42            6                1.439054
               42             6              43            6                1.472437
               42             6              45            1                0.939789
               43             6              47            1                0.937777
# -----------------------------------------------------------
$ Calculation_Info
   description: Details of the calculation
   geom. index: 1
   prop. index: 1
     Multiplicity:                          2
     Charge:                                0
     number of atoms:                       49
     number of electrons:                   0
     number of frozen core electrons:       1
     number of correlated electrons:        0
     number of basis functions:             461
     number of aux C basis functions:       3164
     number of aux J basis functions:       3164
     number of aux JK basis functions:      3164
     number of aux CABS basis functions:    0
     Total Energy                           -928.901720
# -----------------------------------------------------------
$ SCF_Electric_Properties
   description: The SCF Calculated Electric Properties
   geom. index: 1
   prop. index: 1
       Filename                          : cc-pVDZ_i.scfp 
       Do Dipole Moment Calculation      : true 
       Do Quadrupole Moment Calculation  : false 
       Do Polarizability Calculation     : false 
** Dipole moment part of electric properties **
        Magnitude of dipole moment (Debye) :        0.4001580508
        Electronic Contribution:
                  0    
      0      10.554646
      1       2.014690
      2       0.004028
        Nuclear Contribution:
                  0    
      0     -10.398179
      1      -1.997302
      2      -0.003357
        Total Dipole moment:
                  0    
      0       0.156466
      1       0.017388
      2       0.000671
# -----------------------------------------------------------
$ EPRNMR_GTensor
   description: Electronic g tensor
   geom. index: 1
   prop. index: 1
 Source density: 1 SCF 
 Spin multiplicity: 2 
 raw g tensor: 
                  0          1          2    
      0       2.002779   0.000063   0.000000
      1       0.000058   2.002765   0.000000
      2       0.000000   0.000000   2.002186
 g tensor: 
                  0          1          2    
      0      -0.000380  -0.664369  -0.747405
      1      -0.000686   0.747405  -0.664368
      2       1.000000   0.000261  -0.000740
 G eigenvalues: 
                  0          1          2    
      0       2.002186   2.002711   2.002833
# -----------------------------------------------------------
$ EPRNMR_OrbitalShielding
   description: Orbital contribution to the NMR Shielding tensor (ppm)
   geom. index: 1
   prop. index: 1
 Number of stored nuclei 25
 Source density: 1 SCF 
 Nucleus: 9 H 
 Shielding tensor (ppm): 
                  0          1          2    
      0      26.976097   5.391627   0.008950
      1       4.847511  26.658016   0.007986
      2       0.011371   0.010933  19.621914
 P Tensor eigenvectors:
                   0          1          2    
      0      -0.000879  -0.699675  -0.714461
      1      -0.000660   0.714461  -0.699675
      2       0.999999  -0.000143  -0.001090
 P Eigenvalues: 
                  0          1          2    
      0      19.621899  21.695281  31.938848
P(iso)  24.418676
 Nucleus: 10 H 
 Shielding tensor (ppm): 
                  0          1          2    
      0      28.266052   5.554173   0.010251
      1       5.437262  26.280709   0.006283
      2       0.008142   0.008718  18.912444
 P Tensor eigenvectors:
                   0          1          2    
      0      -0.000711  -0.642012  -0.766694
      1      -0.000478   0.766694  -0.642012
      2       1.000000  -0.000090  -0.000852
 P Eigenvalues: 
                  0          1          2    
      0      18.912434  21.688744  32.858027
P(iso)  24.486402
 Nucleus: 12 H 
 Shielding tensor (ppm): 
                  0          1          2    
      0      23.559540  -2.343071   0.004434
      1      -1.606978  32.539588   0.010298
      2       0.003243   0.006656  19.703621
 P Tensor eigenvectors:
                   0          1          2    
      0      -0.001472   0.979938  -0.199295
      1      -0.000908   0.199294   0.979939
      2       0.999999   0.001624   0.000597
 P Eigenvalues: 
                  0          1          2    
      0      19.703608  23.144790  32.954351
P(iso)  25.267583
 Nucleus: 14 H 
 Shielding tensor (ppm): 
                  0          1          2    
      0      28.807700   1.076699   3.177822
      1       0.573600  30.471637  -0.487713
      2       4.069746  -1.437769  27.644868
 P Tensor eigenvectors:
                   0          1          2    
      0      -0.630488  -0.125329   0.766014
      1       0.191731  -0.981444  -0.002766
      2       0.752147   0.145125   0.642818
 P Eigenvalues: 
                  0          1          2    
      0      24.296922  30.731387  31.895897
P(iso)  28.974735
 Nucleus: 15 H 
 Shielding tensor (ppm): 
                  0          1          2    
      0      28.841148   1.096323  -3.166916
      1       0.587074  30.476960   0.492628
      2      -4.065536   1.442463  27.602344
 P Tensor eigenvectors:
                   0          1          2    
      0       0.626589  -0.114941   0.770827
      1      -0.193435  -0.981052   0.010950
      2       0.754963  -0.155966  -0.636950
 P Eigenvalues: 
                  0          1          2    
      0      24.288325  30.741682  31.890445
P(iso)  28.973484
 Nucleus: 17 H 
 Shielding tensor (ppm): 
                  0          1          2    
      0      30.713133  -0.735239   4.384526
      1      -0.397281  30.046053  -0.432186
      2       4.257368   0.858280  28.162549
 P Tensor eigenvectors:
                   0          1          2    
      0      -0.599996   0.011525  -0.799920
      1      -0.087324   0.992978   0.079806
      2       0.795223   0.117736  -0.594776
 P Eigenvalues: 
                  0          1          2    
      0      24.882872  30.068613  33.970250
P(iso)  29.640578
 Nucleus: 18 H 
 Shielding tensor (ppm): 
                  0          1          2    
      0      30.756809  -0.723340  -4.378229
      1      -0.388370  30.046606   0.432934
      2      -4.248802  -0.853926  28.117902
 P Tensor eigenvectors:
                   0          1          2    
      0       0.596097   0.012336  -0.802818
      1       0.085364   0.993241   0.078645
      2       0.798362  -0.115412   0.591015
 P Eigenvalues: 
                  0          1          2    
      0      24.878770  30.067944  33.974603
P(iso)  29.640439
 Nucleus: 20 H 
 Shielding tensor (ppm): 
                  0          1          2    
      0      29.710340  -1.683589  -3.748348
      1      -2.367541  30.732304   2.581908
      2      -3.185373   2.220004  30.488040
 P Tensor eigenvectors:
                   0          1          2    
      0      -0.738519   0.380578  -0.556552
      1       0.030250   0.843332   0.536542
      2      -0.673553  -0.379411   0.634329
 P Eigenvalues: 
                  0          1          2    
      0      26.607705  28.713631  35.609347
P(iso)  30.310228
 Nucleus: 21 H 
 Shielding tensor (ppm): 
                  0          1          2    
      0      29.676163  -1.687949   3.734272
      1      -2.365116  30.746721  -2.595390
      2       3.171679  -2.225852  30.507456
 P Tensor eigenvectors:
                   0          1          2    
      0      -0.742009   0.378485   0.553328
      1       0.027731   0.842005  -0.538756
      2       0.669816   0.384418   0.635271
 P Eigenvalues: 
                  0          1          2    
      0      26.611470  28.710592  35.608278
P(iso)  30.310113
 Nucleus: 23 H 
 Shielding tensor (ppm): 
                  0          1          2    
      0      28.591576  -1.585371  -3.402692
      1      -1.171341  31.166418   0.070035
      2      -4.859753  -0.848485  26.503942
 P Tensor eigenvectors:
                   0          1          2    
      0       0.609212   0.407390  -0.680364
      1       0.134267   0.792577   0.594806
      2       0.781559  -0.453713   0.428148
 P Eigenvalues: 
                  0          1          2    
      0      23.121583  30.696323  32.444031
P(iso)  28.753979
 Nucleus: 24 H 
 Shielding tensor (ppm): 
                  0          1          2    
      0      28.583053  -1.588192   3.405777
      1      -1.176162  31.164560  -0.067032
      2       4.859160   0.850825  26.513881
 P Tensor eigenvectors:
                   0          1          2    
      0      -0.610081   0.406522  -0.680104
      1      -0.134976   0.792482   0.594772
      2       0.780758   0.454657  -0.428607
 P Eigenvalues: 
                  0          1          2    
      0      23.121720  30.696015  32.443759
P(iso)  28.753831
 Nucleus: 26 H 
 Shielding tensor (ppm): 
                  0          1          2    
      0      30.265425   0.789014  -3.696456
      1       0.739687  31.278918   0.258807
      2      -3.616580   1.449435  27.959931
 P Tensor eigenvectors:
                   0          1          2    
      0       0.584555  -0.045673   0.810067
      1      -0.172121  -0.982670   0.068800
      2       0.792887  -0.179647  -0.582286
 P Eigenvalues: 
                  0          1          2    
      0      25.069628  31.479859  32.954787
P(iso)  29.834758
 Nucleus: 27 H 
 Shielding tensor (ppm): 
                  0          1          2    
      0      30.256323   0.786671   3.702216
      1       0.736992  31.281254  -0.254838
      2       3.618897  -1.444425  27.967253
 P Tensor eigenvectors:
                   0          1          2    
      0      -0.585580  -0.045771   0.809322
      1       0.171294  -0.982846   0.068354
      2       0.792310   0.178659   0.583375
 P Eigenvalues: 
                  0          1          2    
      0      25.069261  31.480384  32.955186
P(iso)  29.834944
 Nucleus: 29 H 
 Shielding tensor (ppm): 
                  0          1          2    
      0      30.663517   0.024489  -4.551950
      1       0.118623  30.645925  -0.513366
      2      -4.350757  -1.168040  28.426446
 P Tensor eigenvectors:
                   0          1          2    
      0       0.607652  -0.190937  -0.770910
      1       0.102405   0.981404  -0.162354
      2       0.787574   0.019710   0.615905
 P Eigenvalues: 
                  0          1          2    
      0      24.888462  30.619867  34.227559
P(iso)  29.911962
 Nucleus: 30 H 
 Shielding tensor (ppm): 
                  0          1          2    
      0      30.652506   0.020843   4.555242
      1       0.114835  30.644042   0.515812
      2       4.353720   1.168958  28.439556
 P Tensor eigenvectors:
                   0          1          2    
      0      -0.608671  -0.190942  -0.770104
      1      -0.102946   0.981411  -0.161968
      2       0.786716  -0.019306  -0.617013
 P Eigenvalues: 
                  0          1          2    
      0      24.888761  30.619023  34.228320
P(iso)  29.912035
 Nucleus: 32 H 
 Shielding tensor (ppm): 
                  0          1          2    
      0      29.926882  -1.566020   3.882534
      1      -2.386712  30.515989  -2.278717
      2       3.266046  -1.955469  30.493171
 P Tensor eigenvectors:
                   0          1          2    
      0      -0.739514   0.329135   0.587188
      1      -0.009679   0.867020  -0.498179
      2       0.673072   0.374093   0.637988
 P Eigenvalues: 
                  0          1          2    
      0      26.624596  28.827841  35.483605
P(iso)  30.312014
 Nucleus: 33 H 
 Shielding tensor (ppm): 
                  0          1          2    
      0      29.938594  -1.565263  -3.884435
      1      -2.387718  30.512908   2.275545
      2      -3.268851   1.954018  30.485567
 P Tensor eigenvectors:
                   0          1          2    
      0      -0.738366   0.329976  -0.588160
      1      -0.008847   0.867309   0.497692
      2      -0.674343  -0.372682   0.637472
 P Eigenvalues: 
                  0          1          2    
      0      26.625077  28.827830  35.484162
P(iso)  30.312356
 Nucleus: 35 H 
 Shielding tensor (ppm): 
                  0          1          2    
      0      35.345520  -0.521636   0.018125
      1      -1.029456  25.509876  -0.000830
      2       0.002438   0.000681  23.923570
 P Tensor eigenvectors:
                   0          1          2    
      0      -0.001060  -0.073966   0.997260
      1      -0.000420  -0.997261  -0.073966
      2       0.999999  -0.000497   0.001026
 P Eigenvalues: 
                  0          1          2    
      0      23.923561  25.449273  35.406133
P(iso)  28.259655
 Nucleus: 36 H 
 Shielding tensor (ppm): 
                  0          1          2    
      0      29.186982   2.419414   0.009664
      1       3.786162  35.506249   0.025382
      2       0.015140   0.021406  25.555727
 P Tensor eigenvectors:
                   0          1          2    
      0      -0.001889   0.921556   0.388241
      1      -0.001767  -0.388244   0.921555
      2       0.999997   0.001055   0.002362
 P Eigenvalues: 
                  0          1          2    
      0      25.555662  27.919223  36.774072
P(iso)  30.082986
 Nucleus: 37 H 
 Shielding tensor (ppm): 
                  0          1          2    
      0      28.564413   2.008263   0.001989
      1       3.261098  36.136146   0.006748
      2       0.003952   0.004915  25.629637
 P Tensor eigenvectors:
                   0          1          2    
      0      -0.000651   0.951206   0.308555
      1      -0.000398  -0.308555   0.951206
      2       1.000000   0.000496   0.000579
 P Eigenvalues: 
                  0          1          2    
      0      25.629633  27.738734  36.961829
P(iso)  30.110065
 Nucleus: 44 H 
 Shielding tensor (ppm): 
                  0          1          2    
      0      24.313983   0.165665   0.007383
      1       0.164192  27.207899   0.005511
      2       0.007923   0.002471  21.302768
 P Tensor eigenvectors:
                   0          1          2    
      0      -0.002502   0.998388   0.056704
      1      -0.000637  -0.056706   0.998391
      2       0.999997   0.002462   0.000778
 P Eigenvalues: 
                  0          1          2    
      0      21.302746  24.304632  27.217271
P(iso)  24.274883
 Nucleus: 45 H 
 Shielding tensor (ppm): 
                  0          1          2    
      0      27.153637  -3.251438   0.012606
      1      -2.513886  24.902690  -0.002000
      2       0.011596  -0.001789  20.030080
 P Tensor eigenvectors:
                   0          1          2    
      0      -0.002041  -0.569883   0.821723
      1      -0.000790  -0.821724  -0.569885
      2       0.999998  -0.001812   0.001227
 P Eigenvalues: 
                  0          1          2    
      0      20.030057  22.933902  29.122447
P(iso)  24.028802
 Nucleus: 46 H 
 Shielding tensor (ppm): 
                  0          1          2    
      0      27.025986  -1.537793   0.013184
      1      -1.514517  24.688003  -0.000536
      2       0.016629  -0.001020  20.929310
 P Tensor eigenvectors:
                   0          1          2    
      0      -0.002628  -0.442866   0.896584
      1      -0.000878  -0.896586  -0.442870
      2       0.999996  -0.001951   0.001968
 P Eigenvalues: 
                  0          1          2    
      0      20.929271  23.934588  27.779439
P(iso)  24.214433
 Nucleus: 47 H 
 Shielding tensor (ppm): 
                  0          1          2    
      0      27.296569   1.125864   0.016082
      1       1.108285  24.368465   0.005832
      2       0.012345   0.005818  20.961019
 P Tensor eigenvectors:
                   0          1          2    
      0      -0.002100  -0.320310  -0.947310
      1      -0.001033   0.947313  -0.320308
      2       0.999997   0.000307  -0.002320
 P Eigenvalues: 
                  0          1          2    
      0      20.960984  23.990968  27.674101
P(iso)  24.208684
 Nucleus: 48 H 
 Shielding tensor (ppm): 
                  0          1          2    
      0      28.096015   2.566153   0.020318
      1       1.850620  24.167879   0.008382
      2       0.024590   0.009981  19.858835
 P Tensor eigenvectors:
                   0          1          2    
      0      -0.002448  -0.415768  -0.909467
      1      -0.000851   0.909471  -0.415767
      2       0.999997  -0.000244  -0.002580
 P Eigenvalues: 
                  0          1          2    
      0      19.858771  23.176800  29.087159
P(iso)  24.040910
# -----------------------------------------------------------
$ EPRNMR_ATensor
   description: Hyperfine A tensor
   geom. index: 1
   prop. index: 1
 Number of stored nuclei 25
 Source density: 1 SCF 
 Spin multiplicity: 2 
 Nucleus: 9 H  
 Isotope: 1 
 Nuclear Spin:  0.5 
 Prefactor (MHz): 533.551395 
 Raw A tensor (MHz): 
                  0          1          2    
      0     -14.514679  -6.095654  -0.004112
      1      -6.098332 -11.919582   0.003796
      2      -0.004112   0.003799 -15.915183
 A Tensor eigenvectors:
                   0          1          2    
      0      -0.629206   0.000213   0.777239
      1       0.777238  -0.000626   0.629206
      2       0.000620   1.000000   0.000229
 A Eigenvalues: 
                  0          1          2    
      0      -6.983592 -15.915186 -19.450665
A(iso)  -14.116481
 Nucleus: 10 H  
 Isotope: 1 
 Nuclear Spin:  0.5 
 Prefactor (MHz): 533.551395 
 Raw A tensor (MHz): 
                  0          1          2    
      0       7.819497   2.275865   0.003618
      1       2.276842   6.305709   0.002876
      2       0.003618   0.002876   4.078010
 A Tensor eigenvectors:
                   0          1          2    
      0      -0.000480  -0.584988  -0.811042
      1      -0.000801   0.811042  -0.584987
      2       1.000000   0.000369  -0.000858
 A Eigenvalues: 
                  0          1          2    
      0       4.078006   4.663713   9.461497
A(iso)  6.067739
 Nucleus: 12 H  
 Isotope: 1 
 Nuclear Spin:  0.5 
 Prefactor (MHz): 533.551395 
 Raw A tensor (MHz): 
                  0          1          2    
      0     -17.105860  -1.315405   0.006655
      1      -1.313885 -70.256877  -0.018533
      2       0.006656  -0.018544 -45.594940
 A Tensor eigenvectors:
                   0          1          2    
      0       0.999694   0.000268   0.024726
      1      -0.024726   0.000737   0.999694
      2       0.000249  -1.000000   0.000744
 A Eigenvalues: 
                  0          1          2    
      0     -17.073362 -45.594928 -70.289388
A(iso)  -44.319226
 Nucleus: 14 H  
 Isotope: 1 
 Nuclear Spin:  0.5 
 Prefactor (MHz): 533.551395 
 Raw A tensor (MHz): 
                  0          1          2    
      0      60.304679  -3.579610   1.884498
      1      -3.578483  62.077332  -1.934885
      2       1.883087  -1.934931  57.203062
 A Tensor eigenvectors:
                   0          1          2    
      0      -0.355773  -0.719769   0.596119
      1       0.090963  -0.661493  -0.744415
      2       0.930135  -0.210617   0.300814
 A Eigenvalues: 
                  0          1          2    
      0      56.293456  57.566631  65.724987
A(iso)  59.861691
 Nucleus: 15 H  
 Isotope: 1 
 Nuclear Spin:  0.5 
 Prefactor (MHz): 533.551395 
 Raw A tensor (MHz): 
                  0          1          2    
      0      60.058613  -3.579937  -1.880592
      1      -3.578804  61.793464   1.933350
      2      -1.879173   1.933399  56.923858
 A Tensor eigenvectors:
                   0          1          2    
      0       0.349518  -0.721412   0.597831
      1      -0.095402  -0.662161  -0.743264
      2       0.932060   0.202750  -0.300261
 A Eigenvalues: 
                  0          1          2    
      0      56.021178  57.301547  65.453210
A(iso)  59.591979
 Nucleus: 17 H  
 Isotope: 1 
 Nuclear Spin:  0.5 
 Prefactor (MHz): 533.551395 
 Raw A tensor (MHz): 
                  0          1          2    
      0      -2.163516   2.047087   0.648230
      1       2.046967   1.881238   1.350922
      2       0.647776   1.349898  -2.705582
 A Tensor eigenvectors:
                   0          1          2    
      0      -0.727271  -0.376404  -0.573931
      1       0.450810  -0.892509   0.014082
      2      -0.517539  -0.248492   0.818783
 A Eigenvalues: 
                  0          1          2    
      0      -2.971302   3.120533  -3.137090
A(iso)  -0.995953
 Nucleus: 18 H  
 Isotope: 1 
 Nuclear Spin:  0.5 
 Prefactor (MHz): 533.551395 
 Raw A tensor (MHz): 
                  0          1          2    
      0      -2.155987   2.055020  -0.637349
      1       2.054901   1.885425  -1.327235
      2      -0.636900  -1.326220  -2.715171
 A Tensor eigenvectors:
                   0          1          2    
      0      -0.727191  -0.377752   0.573147
      1       0.449408  -0.893136  -0.018456
      2       0.518870   0.244156   0.819245
 A Eigenvalues: 
                  0          1          2    
      0      -2.971392   3.117248  -3.131589
A(iso)  -0.995244
 Nucleus: 20 H  
 Isotope: 1 
 Nuclear Spin:  0.5 
 Prefactor (MHz): 533.551395 
 Raw A tensor (MHz): 
                  0          1          2    
      0       0.007985  -0.266920  -0.109173
      1      -0.267201   2.111043   0.375795
      2      -0.109295   0.375669   0.024565
 A Tensor eigenvectors:
                   0          1          2    
      0      -0.732195   0.669179  -0.126844
      1      -0.210551  -0.045274   0.976534
      2       0.647734   0.741720   0.174046
 A Eigenvalues: 
                  0          1          2    
      0       0.026958  -0.096070   2.212706
A(iso)  0.714531
 Nucleus: 21 H  
 Isotope: 1 
 Nuclear Spin:  0.5 
 Prefactor (MHz): 533.551395 
 Raw A tensor (MHz): 
                  0          1          2    
      0       0.006667  -0.264222   0.108657
      1      -0.264504   2.114562  -0.369850
      2       0.108777  -0.369724   0.023551
 A Tensor eigenvectors:
                   0          1          2    
      0       0.727505  -0.674537   0.125443
      1       0.207986   0.042589  -0.977204
      2       0.653818   0.737011   0.171279
 A Eigenvalues: 
                  0          1          2    
      0       0.027919  -0.096459   2.213319
A(iso)  0.714926
 Nucleus: 23 H  
 Isotope: 1 
 Nuclear Spin:  0.5 
 Prefactor (MHz): 533.551395 
 Raw A tensor (MHz): 
                  0          1          2    
      0      21.916795   1.518988  -0.882557
      1       1.518465  21.926423  -0.463305
      2      -0.881990  -0.463456  20.664569
 A Tensor eigenvectors:
                   0          1          2    
      0       0.627474  -0.355953  -0.692513
      1      -0.344794   0.670416  -0.657008
      2       0.698136   0.651029   0.297938
 A Eigenvalues: 
                  0          1          2    
      0      20.100565  20.669946  23.737277
A(iso)  21.502596
 Nucleus: 24 H  
 Isotope: 1 
 Nuclear Spin:  0.5 
 Prefactor (MHz): 533.551395 
 Raw A tensor (MHz): 
                  0          1          2    
      0      21.919137   1.517704   0.885411
      1       1.517182  21.930319   0.466184
      2       0.884844   0.466337  20.672329
 A Tensor eigenvectors:
                   0          1          2    
      0      -0.628419   0.355027   0.692131
      1       0.344330  -0.670892   0.656766
      2       0.697515   0.651045   0.299354
 A Eigenvalues: 
                  0          1          2    
      0      20.105169  20.674702  23.741915
A(iso)  21.507262
 Nucleus: 26 H  
 Isotope: 1 
 Nuclear Spin:  0.5 
 Prefactor (MHz): 533.551395 
 Raw A tensor (MHz): 
                  0          1          2    
      0      -0.759985  -0.346731  -0.088921
      1      -0.346369   0.791115   0.390081
      2      -0.088738   0.389807  -0.870037
 A Tensor eigenvectors:
                   0          1          2    
      0       0.974961   0.204420  -0.087543
      1       0.218262  -0.955030   0.200697
      2      -0.042579  -0.214779  -0.975734
 A Eigenvalues: 
                  0          1          2    
      0      -0.833655   0.952752  -0.958005
A(iso)  -0.279636
 Nucleus: 27 H  
 Isotope: 1 
 Nuclear Spin:  0.5 
 Prefactor (MHz): 533.551395 
 Raw A tensor (MHz): 
                  0          1          2    
      0      -0.760564  -0.346310   0.088900
      1      -0.345947   0.791698  -0.388846
      2       0.088717  -0.388571  -0.871054
 A Tensor eigenvectors:
                   0          1          2    
      0      -0.974775  -0.204148   0.090206
      1      -0.218507   0.955257  -0.199345
      2      -0.045474  -0.214028  -0.975769
 A Eigenvalues: 
                  0          1          2    
      0      -0.833978   0.952542  -0.958484
A(iso)  -0.279973
 Nucleus: 29 H  
 Isotope: 1 
 Nuclear Spin:  0.5 
 Prefactor (MHz): 533.551395 
 Raw A tensor (MHz): 
                  0          1          2    
      0      -0.035631   0.273454  -0.063308
      1       0.273573   0.673096  -0.119393
      2      -0.063318  -0.119321  -0.096917
 A Tensor eigenvectors:
                   0          1          2    
      0       0.531631  -0.783211   0.322410
      1      -0.309419   0.174754   0.934730
      2      -0.788434  -0.596692  -0.149436
 A Eigenvalues: 
                  0          1          2    
      0      -0.101019  -0.144964   0.786531
A(iso)  0.180183
 Nucleus: 30 H  
 Isotope: 1 
 Nuclear Spin:  0.5 
 Prefactor (MHz): 533.551395 
 Raw A tensor (MHz): 
                  0          1          2    
      0      -0.035701   0.273184   0.063664
      1       0.273303   0.672972   0.120417
      2       0.063675   0.120346  -0.096415
 A Tensor eigenvectors:
                   0          1          2    
      0      -0.530890   0.783810  -0.322176
      1       0.310164  -0.174080  -0.934609
      2      -0.788641  -0.596102  -0.150692
 A Eigenvalues: 
                  0          1          2    
      0      -0.100851  -0.144878   0.786586
A(iso)  0.180285
 Nucleus: 32 H  
 Isotope: 1 
 Nuclear Spin:  0.5 
 Prefactor (MHz): 533.551395 
 Raw A tensor (MHz): 
                  0          1          2    
      0      -0.097668   0.008519  -0.000216
      1       0.008603   0.364490  -0.063171
      2      -0.000221  -0.063143  -0.115723
 A Tensor eigenvectors:
                   0          1          2    
      0       0.999271  -0.033662  -0.018013
      1      -0.013537   0.128775  -0.991581
      2       0.035698   0.991102   0.128225
 A Eigenvalues: 
                  0          1          2    
      0      -0.097793  -0.123920   0.372811
A(iso)  0.050366
 Nucleus: 33 H  
 Isotope: 1 
 Nuclear Spin:  0.5 
 Prefactor (MHz): 533.551395 
 Raw A tensor (MHz): 
                  0          1          2    
      0      -0.097711   0.008410   0.000279
      1       0.008494   0.364321   0.063617
      2       0.000284   0.063589  -0.115642
 A Tensor eigenvectors:
                   0          1          2    
      0       0.999360  -0.031037   0.017800
      1      -0.013632   0.129659   0.991465
      2      -0.033080  -0.991073   0.129153
 A Eigenvalues: 
                  0          1          2    
      0      -0.097836  -0.123953   0.372757
A(iso)  0.050323
 Nucleus: 35 H  
 Isotope: 1 
 Nuclear Spin:  0.5 
 Prefactor (MHz): 533.551395 
 Raw A tensor (MHz): 
                  0          1          2    
      0       2.122213   0.166634  -0.002836
      1       0.166592   4.784051   0.001072
      2      -0.002835   0.001072   3.198487
 A Tensor eigenvectors:
                   0          1          2    
      0      -0.998058  -0.002696   0.062236
      1       0.062238  -0.000393   0.998061
      2      -0.002666   0.999996   0.000560
 A Eigenvalues: 
                  0          1          2    
      0       2.111817   3.198494   4.794440
A(iso)  3.368250
 Nucleus: 36 H  
 Isotope: 1 
 Nuclear Spin:  0.5 
 Prefactor (MHz): 533.551395 
 Raw A tensor (MHz): 
                  0          1          2    
      0      -0.758839   0.235981   0.000786
      1       0.235878   0.708024   0.002754
      2       0.000786   0.002754  -0.780239
 A Tensor eigenvectors:
                   0          1          2    
      0      -0.155017  -0.021810   0.987671
      1      -0.987910   0.005309  -0.154937
      2      -0.001864  -0.999748  -0.022369
 A Eigenvalues: 
                  0          1          2    
      0       0.745042  -0.780236  -0.795859
A(iso)  -0.277018
 Nucleus: 37 H  
 Isotope: 1 
 Nuclear Spin:  0.5 
 Prefactor (MHz): 533.551395 
 Raw A tensor (MHz): 
                  0          1          2    
      0      -0.113904   0.065240   0.000047
      1       0.065303   0.223225   0.000201
      2       0.000047   0.000201  -0.128139
 A Tensor eigenvectors:
                   0          1          2    
      0       0.982992   0.004546   0.183590
      1      -0.183591  -0.000271   0.983003
      2       0.004518  -0.999990   0.000568
 A Eigenvalues: 
                  0          1          2    
      0      -0.126100  -0.128139   0.235421
A(iso)  -0.006273
 Nucleus: 44 H  
 Isotope: 1 
 Nuclear Spin:  0.5 
 Prefactor (MHz): 533.551395 
 Raw A tensor (MHz): 
                  0          1          2    
      0      -0.517274  -0.228765   0.003319
      1      -0.228797  -3.031052  -0.001547
      2       0.003319  -0.001547  -1.972069
 A Tensor eigenvectors:
                   0          1          2    
      0      -0.995948  -0.002429   0.089896
      1       0.089899  -0.000936   0.995950
      2      -0.002335   0.999997   0.001151
 A Eigenvalues: 
                  0          1          2    
      0      -0.496614  -1.972076  -3.051706
A(iso)  -1.840132
 Nucleus: 45 H  
 Isotope: 1 
 Nuclear Spin:  0.5 
 Prefactor (MHz): 533.551395 
 Raw A tensor (MHz): 
                  0          1          2    
      0      -1.852716   0.239827   0.000709
      1       0.239268  -0.972333   0.001960
      2       0.000708   0.001961  -2.227346
 A Tensor eigenvectors:
                   0          1          2    
      0       0.246852   0.969053   0.001017
      1       0.969052  -0.246853   0.001367
      2       0.001576   0.000648  -0.999999
 A Eigenvalues: 
