-------------------------------------------------------------
----------------------- !PROPERTIES! ------------------------
-------------------------------------------------------------
# -----------------------------------------------------------
$ PAL_Flags
   description: The PAL Flags
   geom. index: 1
   prop. index: 1
        Diskflag:     2
# -----------------------------------------------------------
$ SCF_Energy
   description: The SCF energy
   geom. index: 1
   prop. index: 1
        SCF Energy:     -928.9017225866
# -----------------------------------------------------------
$ DFT_Energy
   description: The DFT energy
   geom. index: 1
   prop. index: 1
   Number of Alpha Electrons                 85.0001258000 
   Number of Beta  Electrons                 84.0001161755 
   Total number of  Electrons               169.0002419755 
   Exchange energy                         -105.6586235314 
   Correlation energy                        -6.5755951103 
   Correlation energy NL                      0.0000000000 
   Exchange-Correlation energy             -112.2342186417 
   Embedding correction                       0.0000000000 
   Total DFT Energy (No VdW correction)    -928.9017225866 
# -----------------------------------------------------------
$ Mayer_Pop
   description: The Mayer population analysis
   geom. index: 1
   prop. index: 1
     Number of atoms                     : 49
     Threshold for printing              : 0.1000000
     Number of bond orders printed       : 51
  NA   - Mulliken gross atomic population
  ZA   - Total nuclear charge
  QA   - Mulliken gross atomic charge
  VA   - Mayer's total valence
  BVA  - Mayer's bonded valence
  FA   - Mayer's free valence
  ATOM       NA         ZA         QA         VA         BVA        FA
  0   0     5.8534     6.0000     0.1466     2.6193     2.6134     0.0059
  1   0     5.7245     6.0000     0.2755     2.4761     2.4740     0.0021
  2   0     5.3737     6.0000     0.6263     2.8943     2.8939     0.0004
  3   0     6.1774     6.0000    -0.1774     3.7522     3.7181     0.0341
  4   0     5.9282     6.0000     0.0718     4.1378     4.1227     0.0151
  5   0     6.0107     6.0000    -0.0107     3.8598     3.8260     0.0338
  6   0     6.0230     6.0000    -0.0230     3.8135     3.8062     0.0073
  7   0     6.0761     6.0000    -0.0761     4.1292     4.0920     0.0372
  8   0     5.9928     6.0000     0.0072     3.9059     3.8979     0.0080
  9   0     1.0498     1.0000    -0.0498     1.0024     1.0023     0.0001
 10   0     1.0541     1.0000    -0.0541     1.0038     1.0038     0.0000
 11   0     6.1008     6.0000    -0.1008     3.9309     3.5690     0.3619
 12   0     1.0258     1.0000    -0.0258     1.0085     1.0073     0.0012
 13   0     5.9657     6.0000     0.0343     4.0096     4.0082     0.0014
 14   0     0.9703     1.0000     0.0297     0.9628     0.9617     0.0011
 15   0     0.9703     1.0000     0.0297     0.9628     0.9617     0.0011
 16   0     6.0396     6.0000    -0.0396     4.1318     4.1318     0.0000
 17   0     0.9876     1.0000     0.0124     0.9640     0.9640     0.0000
 18   0     0.9876     1.0000     0.0124     0.9640     0.9640     0.0000
 19   0     5.9939     6.0000     0.0061     4.0161     4.0161     0.0000
 20   0     0.9821     1.0000     0.0179     0.9776     0.9776     0.0000
 21   0     0.9821     1.0000     0.0179     0.9776     0.9776     0.0000
 22   0     5.9566     6.0000     0.0434     4.0290     4.0288     0.0002
 23   0     0.9681     1.0000     0.0319     0.9697     0.9696     0.0001
 24   0     0.9681     1.0000     0.0319     0.9697     0.9696     0.0001
 25   0     6.0360     6.0000    -0.0360     4.1150     4.1150     0.0000
 26   0     0.9834     1.0000     0.0166     0.9629     0.9629     0.0000
 27   0     0.9835     1.0000     0.0165     0.9629     0.9629     0.0000
 28   0     6.0242     6.0000    -0.0242     4.1171     4.1171     0.0000
 29   0     0.9938     1.0000     0.0062     0.9675     0.9675     0.0000
 30   0     0.9938     1.0000     0.0062     0.9675     0.9675     0.0000
 31   0     5.9970     6.0000     0.0030     4.0167     4.0167     0.0000
 32   0     0.9830     1.0000     0.0170     0.9773     0.9773     0.0000
 33   0     0.9830     1.0000     0.0170     0.9773     0.9773     0.0000
 34   0     6.6063     6.0000    -0.6063     3.3886     3.3871     0.0015
 35   0     1.0293     1.0000    -0.0293     1.0306     1.0306     0.0000
 36   0     0.9866     1.0000     0.0134     0.9733     0.9733     0.0000
 37   0     0.9872     1.0000     0.0128     0.9735     0.9735     0.0000
 38   0     5.9673     6.0000     0.0327     3.9984     3.9978     0.0006
 39   0     5.9601     6.0000     0.0399     3.9994     3.9993     0.0001
 40   0     5.9749     6.0000     0.0251     3.9946     3.9941     0.0005
 41   0     6.2576     6.0000    -0.2576     3.9298     3.9295     0.0003
 42   0     5.9697     6.0000     0.0303     3.9941     3.9936     0.0005
 43   0     5.9595     6.0000     0.0405     3.9994     3.9993     0.0001
 44   0     1.0273     1.0000    -0.0273     0.9689     0.9689     0.0000
 45   0     1.0407     1.0000    -0.0407     0.9839     0.9839     0.0000
 46   0     1.0276     1.0000    -0.0276     0.9686     0.9686     0.0000
 47   0     1.0272     1.0000    -0.0272     0.9685     0.9685     0.0000
 48   0     1.0389     1.0000    -0.0389     0.9812     0.9812     0.0000
      Bond orders larger than 0.1000000
           Atom A     A.N. of A          Atom B    A.N. of B              Bond order
                0             6               1            6                1.715542
                0             6              41            6                0.932543
                1             6               3            6                0.877727
                1             6              41            6               -0.181700
                2             6               6            6                0.902134
                2             6              34            6                2.122082
                3             6               4            6                1.277957
                3             6               8            6                1.402394
                4             6               5            6                1.285494
                4             6              11            6                1.382877
                5             6               6            6                1.443334
                5             6               9            1                0.917648
                6             6               7            6                1.336240
                7             6               8            6                1.421400
                7             6              22            6                1.092906
                8             6              10            1                0.921240
               11             6              12            1                0.899393
               11             6              13            6                1.084015
               13             6              14            1                0.911475
               13             6              15            1                0.911454
               13             6              16            6                1.071469
               16             6              17            1                0.943807
               16             6              18            1                0.943771
               16             6              19            6                1.106617
               19             6              20            1                0.965291
               19             6              21            1                0.965295
               19             6              36            1                0.960777
               22             6              23            1                0.896361
               22             6              24            1                0.896376
               22             6              25            6                1.104023
               25             6              26            1                0.929258
               25             6              27            1                0.929269
               25             6              28            6                1.074943
               28             6              29            1                0.941029
               28             6              30            1                0.941030
               28             6              31            6                1.106003
               31             6              32            1                0.966201
               31             6              33            1                0.966200
               31             6              37            1                0.961734
               34             6              35            1                1.118396
               38             6              39            6                1.442978
               38             6              43            6                1.442783
               38             6              44            1                0.943168
               39             6              40            6                1.471367
               39             6              46            1                0.937807
               40             6              41            6                1.436944
               40             6              48            1                0.940446
               41             6              42            6                1.439035
               42             6              43            6                1.472444
               42             6              45            1                0.939789
               43             6              47            1                0.937778
# -----------------------------------------------------------
$ Calculation_Info
   description: Details of the calculation
   geom. index: 1
   prop. index: 1
     Multiplicity:                          2
     Charge:                                0
     number of atoms:                       49
     number of electrons:                   0
     number of frozen core electrons:       1
     number of correlated electrons:        0
     number of basis functions:             461
     number of aux C basis functions:       3164
     number of aux J basis functions:       3164
     number of aux JK basis functions:      3164
     number of aux CABS basis functions:    0
     Total Energy                           -928.901723
# -----------------------------------------------------------
$ SCF_Electric_Properties
   description: The SCF Calculated Electric Properties
   geom. index: 1
   prop. index: 1
       Filename                          : cc-pVDZ_i.scfp 
       Do Dipole Moment Calculation      : true 
       Do Quadrupole Moment Calculation  : false 
       Do Polarizability Calculation     : false 
** Dipole moment part of electric properties **
        Magnitude of dipole moment (Debye) :        0.4009088765
        Electronic Contribution:
                  0    
      0      10.554165
      1       2.014065
      2       0.005118
        Nuclear Contribution:
                  0    
      0     -10.397410
      1      -1.996598
      2      -0.004443
        Total Dipole moment:
                  0    
      0       0.156755
      1       0.017468
      2       0.000675
# -----------------------------------------------------------
$ EPRNMR_GTensor
   description: Electronic g tensor
   geom. index: 1
   prop. index: 1
 Source density: 1 SCF 
 Spin multiplicity: 2 
 raw g tensor: 
                  0          1          2    
      0       2.002779   0.000063   0.000000
      1       0.000058   2.002765   0.000000
      2       0.000000   0.000000   2.002186
 g tensor: 
                  0          1          2    
      0      -0.000429  -0.665450  -0.746442
      1      -0.000668   0.746442  -0.665450
      2       1.000000   0.000213  -0.000765
 G eigenvalues: 
                  0          1          2    
      0       2.002186   2.002711   2.002833
# -----------------------------------------------------------
$ EPRNMR_OrbitalShielding
   description: Orbital contribution to the NMR Shielding tensor (ppm)
   geom. index: 1
   prop. index: 1
 Number of stored nuclei 25
 Source density: 1 SCF 
 Nucleus: 9 H 
 Shielding tensor (ppm): 
                  0          1          2    
      0      26.975955   5.390955   0.007890
      1       4.849023  26.661465   0.007792
      2       0.010993   0.009552  19.625201
 P Tensor eigenvectors:
                   0          1          2    
      0      -0.000831   0.699786   0.714352
      1      -0.000591  -0.714352   0.699786
      2       0.999999   0.000159   0.001007
 P Eigenvalues: 
                  0          1          2    
      0      19.625188  21.696569  31.940864
P(iso)  24.420874
 Nucleus: 10 H 
 Shielding tensor (ppm): 
                  0          1          2    
      0      28.266132   5.554526   0.009368
      1       5.430255  26.283350   0.006307
      2       0.008160   0.007825  18.920172
 P Tensor eigenvectors:
                   0          1          2    
      0      -0.000680  -0.642110  -0.766612
      1      -0.000446   0.766613  -0.642110
      2       1.000000  -0.000095  -0.000807
 P Eigenvalues: 
                  0          1          2    
      0      18.920163  21.693608  32.855883
P(iso)  24.489885
 Nucleus: 12 H 
 Shielding tensor (ppm): 
                  0          1          2    
      0      23.561389  -2.342269   0.003559
      1      -1.601788  32.539505   0.010422
      2       0.003852   0.006725  19.708146
 P Tensor eigenvectors:
                   0          1          2    
      0      -0.001423   0.979994  -0.199021
      1      -0.000911   0.199020   0.979995
      2       0.999999   0.001576   0.000610
 P Eigenvalues: 
                  0          1          2    
      0      19.708133  23.147767  32.953139
P(iso)  25.269680
 Nucleus: 14 H 
 Shielding tensor (ppm): 
                  0          1          2    
      0      28.808750   1.077517   3.176526
      1       0.576152  30.472983  -0.487405
      2       4.069415  -1.438550  27.645726
 P Tensor eigenvectors:
                   0          1          2    
      0      -0.630456  -0.124708   0.766142
      1       0.191923  -0.981408  -0.001815
      2       0.752124   0.145896   0.642669
 P Eigenvalues: 
                  0          1          2    
      0      24.298146  30.733242  31.896071
P(iso)  28.975819
 Nucleus: 15 H 
 Shielding tensor (ppm): 
                  0          1          2    
      0      28.840682   1.094862  -3.167689
      1       0.589107  30.478214   0.492744
      2      -4.064826   1.440625  27.606372
 P Tensor eigenvectors:
                   0          1          2    
      0       0.626835  -0.114732   0.770658
      1      -0.193430  -0.981049   0.011277
      2       0.754760  -0.156137  -0.637149
 P Eigenvalues: 
                  0          1          2    
      0      24.290597  30.742777  31.891894
P(iso)  28.975089
 Nucleus: 17 H 
 Shielding tensor (ppm): 
                  0          1          2    
      0      30.715957  -0.736103   4.383520
      1      -0.395517  30.046771  -0.431900
      2       4.258121   0.858782  28.163079
 P Tensor eigenvectors:
                   0          1          2    
      0      -0.599880   0.011428  -0.800008
      1      -0.087322   0.992990   0.079663
      2       0.795311   0.117646  -0.594677
 P Eigenvalues: 
                  0          1          2    
      0      24.884340  30.069432  33.972035
P(iso)  29.641936
 Nucleus: 18 H 
 Shielding tensor (ppm): 
                  0          1          2    
      0      30.754981  -0.722769  -4.378734
      1      -0.386300  30.047035   0.433102
      2      -4.249259  -0.852353  28.121953
 P Tensor eigenvectors:
                   0          1          2    
      0       0.596359   0.012299  -0.802623
      1       0.085128   0.993275   0.078471
      2       0.798191  -0.115123   0.591302
 P Eigenvalues: 
                  0          1          2    
      0      24.880536  30.068237  33.975197
P(iso)  29.641323
 Nucleus: 20 H 
 Shielding tensor (ppm): 
                  0          1          2    
      0      29.709499  -1.684414  -3.747246
      1      -2.366135  30.733700   2.582391
      2      -3.185641   2.218697  30.490081
 P Tensor eigenvectors:
                   0          1          2    
      0      -0.738743   0.380318  -0.556432
      1       0.029998   0.843318   0.536577
      2      -0.673319  -0.379701   0.634404
 P Eigenvalues: 
                  0          1          2    
      0      26.608608  28.715114  35.609558
P(iso)  30.311093
 Nucleus: 21 H 
 Shielding tensor (ppm): 
                  0          1          2    
      0      29.676850  -1.687374   3.735607
      1      -2.364193  30.747254  -2.595296
      2       3.171350  -2.226553  30.507880
 P Tensor eigenvectors:
                   0          1          2    
      0      -0.741906   0.378706   0.553315
      1       0.028029   0.842018  -0.538720
      2       0.669918   0.384171   0.635313
 P Eigenvalues: 
                  0          1          2    
      0      26.611492  28.711569  35.608924
P(iso)  30.310662
 Nucleus: 23 H 
 Shielding tensor (ppm): 
                  0          1          2    
      0      28.590978  -1.585110  -3.403003
      1      -1.172113  31.169002   0.070031
      2      -4.858870  -0.847726  26.505262
 P Tensor eigenvectors:
                   0          1          2    
      0       0.609304   0.407889  -0.679982
      1       0.134244   0.792107   0.595437
      2       0.781491  -0.454085   0.427877
 P Eigenvalues: 
                  0          1          2    
      0      23.122502  30.697578  32.445163
P(iso)  28.755081
 Nucleus: 24 H 
 Shielding tensor (ppm): 
                  0          1          2    
      0      28.583274  -1.588908   3.404869
      1      -1.177248  31.167481  -0.066357
      2       4.858525   0.850988  26.513440
 P Tensor eigenvectors:
                   0          1          2    
      0      -0.610039   0.407298  -0.679677
      1      -0.135040   0.791785   0.595684
      2       0.780779   0.455175  -0.428018
 P Eigenvalues: 
                  0          1          2    
      0      23.122087  30.697221  32.444887
P(iso)  28.754732
 Nucleus: 26 H 
 Shielding tensor (ppm): 
                  0          1          2    
      0      30.265007   0.789001  -3.696773
      1       0.738222  31.280265   0.258635
      2      -3.617496   1.447422  27.962553
 P Tensor eigenvectors:
                   0          1          2    
      0       0.584736  -0.045702   0.809935
      1      -0.171932  -0.982712   0.068675
      2       0.792794  -0.179410  -0.582485
 P Eigenvalues: 
                  0          1          2    
      0      25.071071  31.480764  32.955989
P(iso)  29.835941
 Nucleus: 27 H 
 Shielding tensor (ppm): 
                  0          1          2    
      0      30.258076   0.786715   3.701166
      1       0.734854  31.282495  -0.254429
      2       3.620470  -1.443897  27.968113
 P Tensor eigenvectors:
                   0          1          2    
      0      -0.585534  -0.045961   0.809344
      1       0.171130  -0.982900   0.067990
      2       0.792379   0.178313   0.583386
 P Eigenvalues: 
                  0          1          2    
      0      25.070551  31.481337  32.956796
P(iso)  29.836228
 Nucleus: 29 H 
 Shielding tensor (ppm): 
                  0          1          2    
      0      30.663943   0.024420  -4.551836
      1       0.117901  30.647643  -0.513288
      2      -4.350803  -1.166677  28.428052
 P Tensor eigenvectors:
                   0          1          2    
      0       0.607713  -0.190781  -0.770900
      1       0.102346   0.981435  -0.162203
      2       0.787534   0.019674   0.615957
 P Eigenvalues: 
                  0          1          2    
      0      24.889738  30.621706  34.228194
P(iso)  29.913213
 Nucleus: 30 H 
 Shielding tensor (ppm): 
                  0          1          2    
      0      30.653234   0.019804   4.555083
      1       0.114019  30.645625   0.515676
      2       4.353466   1.168872  28.440378
 P Tensor eigenvectors:
                   0          1          2    
      0      -0.608671  -0.190857  -0.770126
      1      -0.103013   0.981431  -0.161807
      2       0.786707  -0.019154  -0.617029
 P Eigenvalues: 
                  0          1          2    
      0      24.889651  30.620926  34.228659
P(iso)  29.913079
 Nucleus: 32 H 
 Shielding tensor (ppm): 
                  0          1          2    
      0      29.928536  -1.566022   3.882492
      1      -2.387962  30.516993  -2.278394
      2       3.267154  -1.954831  30.493507
 P Tensor eigenvectors:
                   0          1          2    
      0      -0.739489   0.329009   0.587290
      1      -0.009867   0.867035  -0.498150
      2       0.673097   0.374171   0.637916
 P Eigenvalues: 
                  0          1          2    
      0      26.625105  28.828906  35.485025
P(iso)  30.313012
 Nucleus: 33 H 
 Shielding tensor (ppm): 
                  0          1          2    
      0      29.938080  -1.565202  -3.884214
      1      -2.388132  30.513662   2.275432
      2      -3.270078   1.952215  30.487388
 P Tensor eigenvectors:
                   0          1          2    
      0      -0.738580   0.329521  -0.588146
      1      -0.009291   0.867347   0.497617
      2      -0.674102  -0.372995   0.637543
 P Eigenvalues: 
                  0          1          2    
      0      26.625127  28.829229  35.484774
P(iso)  30.313043
 Nucleus: 35 H 
 Shielding tensor (ppm): 
                  0          1          2    
      0      35.344839  -0.521729   0.018091
      1      -1.028137  25.510455  -0.000788
      2       0.001657   0.000655  23.923063
 P Tensor eigenvectors:
                   0          1          2    
      0      -0.001030  -0.073927   0.997263
      1      -0.000408  -0.997264  -0.073927
      2       0.999999  -0.000483   0.000997
 P Eigenvalues: 
                  0          1          2    
      0      23.923054  25.449939  35.405364
P(iso)  28.259452
 Nucleus: 36 H 
 Shielding tensor (ppm): 
                  0          1          2    
      0      29.187034   2.419794   0.011013
      1       3.787186  35.506375   0.023611
      2       0.013550   0.021388  25.557675
 P Tensor eigenvectors:
                   0          1          2    
      0      -0.001974   0.921533   0.388295
      1      -0.001641  -0.388298   0.921532
      2       0.999997   0.001182   0.002279
 P Eigenvalues: 
                  0          1          2    
      0      25.557613  27.918795  36.774675
P(iso)  30.083694
 Nucleus: 37 H 
 Shielding tensor (ppm): 
                  0          1          2    
      0      28.564720   2.008587   0.003018
      1       3.260318  36.136735   0.006840
      2       0.003535   0.005940  25.632629
 P Tensor eigenvectors:
                   0          1          2    
      0      -0.000737   0.951218   0.308519
      1      -0.000423  -0.308520   0.951218
      2       1.000000   0.000571   0.000630
 P Eigenvalues: 
                  0          1          2    
      0      25.632624  27.739196  36.962264
P(iso)  30.111361
 Nucleus: 44 H 
 Shielding tensor (ppm): 
                  0          1          2    
      0      24.314387   0.165495   0.007428
      1       0.163676  27.206681   0.006244
      2       0.007639   0.006287  21.298037
 P Tensor eigenvectors:
                   0          1          2    
      0      -0.002441   0.998393   0.056616
      1      -0.000992  -0.056618   0.998395
      2       0.999997   0.002381   0.001129
 P Eigenvalues: 
                  0          1          2    
      0      21.298012  24.305068  27.216024
P(iso)  24.273035
 Nucleus: 45 H 
 Shielding tensor (ppm): 
                  0          1          2    
      0      27.152933  -3.252274   0.012244
      1      -2.519989  24.902111  -0.001565
      2       0.014121  -0.003123  20.039441
 P Tensor eigenvectors:
                   0          1          2    
      0      -0.002170  -0.570016   0.821631
      1      -0.000814  -0.821631  -0.570019
      2       0.999997  -0.001906   0.001319
 P Eigenvalues: 
                  0          1          2    
      0      20.039414  22.930049  29.125022
P(iso)  24.031495
 Nucleus: 46 H 
 Shielding tensor (ppm): 
                  0          1          2    
      0      27.025578  -1.538247   0.013161
      1      -1.513443  24.686316  -0.000337
      2       0.013812  -0.000066  20.924858
 P Tensor eigenvectors:
                   0          1          2    
      0      -0.002439  -0.442718   0.896658
      1      -0.000935  -0.896659  -0.442721
      2       0.999997  -0.001918   0.001773
 P Eigenvalues: 
                  0          1          2    
      0      20.924825  23.933397  27.778529
P(iso)  24.212251
 Nucleus: 47 H 
 Shielding tensor (ppm): 
                  0          1          2    
      0      27.296698   1.125796   0.016481
      1       1.106638  24.366858   0.006246
      2       0.016757   0.005900  20.955945
 P Tensor eigenvectors:
                   0          1          2    
      0      -0.002445  -0.320013  -0.947410
      1      -0.000984   0.947413  -0.320012
      2       0.999997   0.000149  -0.002632
 P Eigenvalues: 
                  0          1          2    
      0      20.955899  23.990058  27.673544
P(iso)  24.206500
 Nucleus: 48 H 
 Shielding tensor (ppm): 
                  0          1          2    
      0      28.096337   2.566938   0.020955
      1       1.856547  24.166911   0.008788
      2       0.022925   0.010678  19.865518
 P Tensor eigenvectors:
                   0          1          2    
      0      -0.002360  -0.415993  -0.909365
      1      -0.001032   0.909368  -0.415992
      2       0.999997  -0.000044  -0.002575
 P Eigenvalues: 
                  0          1          2    
      0      19.865455  23.173535  29.089774
P(iso)  24.042922
# -----------------------------------------------------------
$ EPRNMR_ATensor
   description: Hyperfine A tensor
   geom. index: 1
   prop. index: 1
 Number of stored nuclei 25
 Source density: 1 SCF 
 Spin multiplicity: 2 
 Nucleus: 9 H  
 Isotope: 1 
 Nuclear Spin:  0.5 
 Prefactor (MHz): 533.551395 
 Raw A tensor (MHz): 
                  0          1          2    
      0     -14.482200  -6.092118  -0.004138
      1      -6.094797 -11.894928   0.003591
      2      -0.004138   0.003595 -15.883647
 A Tensor eigenvectors:
                   0          1          2    
      0      -0.629399   0.000171   0.777083
      1       0.777082  -0.000640   0.629399
      2       0.000605   1.000000   0.000270
 A Eigenvalues: 
                  0          1          2    
      0      -6.959298 -15.883650 -19.417828
A(iso)  -14.086925
 Nucleus: 10 H  
 Isotope: 1 
 Nuclear Spin:  0.5 
 Prefactor (MHz): 533.551395 
 Raw A tensor (MHz): 
                  0          1          2    
      0       7.799389   2.272825   0.003451
      1       2.273802   6.291219   0.002903
      2       0.003451   0.002903   4.059807
 A Tensor eigenvectors:
                   0          1          2    
      0      -0.000347  -0.585277  -0.810834
      1      -0.000947   0.810834  -0.585276
      2       0.999999   0.000565  -0.000836
 A Eigenvalues: 
                  0          1          2    
      0       4.059803   4.650185   9.440428
A(iso)  6.050139
 Nucleus: 12 H  
 Isotope: 1 
 Nuclear Spin:  0.5 
 Prefactor (MHz): 533.551395 
 Raw A tensor (MHz): 
                  0          1          2    
      0     -17.115021  -1.313695   0.006060
      1      -1.312174 -70.274210  -0.018552
      2       0.006061  -0.018563 -45.608442
 A Tensor eigenvectors:
                   0          1          2    
      0       0.999695   0.000247   0.024690
      1      -0.024690   0.000739   0.999695
      2       0.000228  -1.000000   0.000745
 A Eigenvalues: 
                  0          1          2    
      0     -17.082612 -45.608430 -70.306631
A(iso)  -44.332558
 Nucleus: 14 H  
 Isotope: 1 
 Nuclear Spin:  0.5 
 Prefactor (MHz): 533.551395 
 Raw A tensor (MHz): 
                  0          1          2    
      0      60.309138  -3.580337   1.883797
      1      -3.579210  62.081079  -1.934578
      2       1.882386  -1.934623  57.205475
 A Tensor eigenvectors:
                   0          1          2    
      0      -0.355386  -0.719913   0.596176
      1       0.091144  -0.661463  -0.744419
      2       0.930265  -0.210218   0.300691
 A Eigenvalues: 
                  0          1          2    
      0      56.296701  57.569869  65.729123
A(iso)  59.865231
 Nucleus: 15 H  
 Isotope: 1 
 Nuclear Spin:  0.5 
 Prefactor (MHz): 533.551395 
 Raw A tensor (MHz): 
                  0          1          2    
      0      60.069691  -3.580462  -1.880850
      1      -3.579329  61.806321   1.933863
      2      -1.879432   1.933913  56.936382
 A Tensor eigenvectors:
                   0          1          2    
      0       0.349723  -0.721378   0.597752
      1      -0.095292  -0.662124  -0.743311
      2       0.931994   0.202992  -0.300302
 A Eigenvalues: 
                  0          1          2    
      0      56.033303  57.312900  65.466190
A(iso)  59.604131
 Nucleus: 17 H  
 Isotope: 1 
 Nuclear Spin:  0.5 
 Prefactor (MHz): 533.551395 
 Raw A tensor (MHz): 
                  0          1          2    
      0      -2.163721   2.047711   0.648063
      1       2.047591   1.880910   1.350388
      2       0.647609   1.349364  -2.706394
 A Tensor eigenvectors:
                   0          1          2    
      0      -0.727081  -0.376478  -0.574123
      1       0.450808  -0.892506   0.014342
      2      -0.517808  -0.248392   0.818643
 A Eigenvalues: 
                  0          1          2    
      0      -2.971980   3.120343  -3.137568
A(iso)  -0.996402
 Nucleus: 18 H  
 Isotope: 1 
 Nuclear Spin:  0.5 
 Prefactor (MHz): 533.551395 
 Raw A tensor (MHz): 
                  0          1          2    
      0      -2.156776   2.055115  -0.637671
      1       2.054996   1.885180  -1.327896
      2      -0.637222  -1.326880  -2.715498
 A Tensor eigenvectors:
                   0          1          2    
      0      -0.726903  -0.377717   0.573535
      1       0.449435  -0.893120  -0.018571
      2       0.519250   0.244267   0.818971
 A Eigenvalues: 
                  0          1          2    
      0      -2.972074   3.117332  -3.132352
A(iso)  -0.995698
 Nucleus: 20 H  
 Isotope: 1 
 Nuclear Spin:  0.5 
 Prefactor (MHz): 533.551395 
 Raw A tensor (MHz): 
                  0          1          2    
      0       0.008044  -0.266787  -0.109150
      1      -0.267069   2.111338   0.375741
      2      -0.109271   0.375615   0.024715
 A Tensor eigenvectors:
                   0          1          2    
      0      -0.731972   0.669437  -0.126774
      1      -0.210492  -0.045222   0.976549
      2       0.648005   0.741491   0.174012
 A Eigenvalues: 
                  0          1          2    
      0       0.027098  -0.095942   2.212940
A(iso)  0.714699
 Nucleus: 21 H  
 Isotope: 1 
 Nuclear Spin:  0.5 
 Prefactor (MHz): 533.551395 
 Raw A tensor (MHz): 
                  0          1          2    
      0       0.006735  -0.264254   0.108654
      1      -0.264536   2.114661  -0.369930
      2       0.108774  -0.369803   0.023581
 A Tensor eigenvectors:
                   0          1          2    
      0       0.727657  -0.674371   0.125454
      1       0.208003   0.042650  -0.977198
      2       0.653643   0.737160   0.171306
 A Eigenvalues: 
                  0          1          2    
      0       0.027938  -0.096412   2.213451
A(iso)  0.714992
 Nucleus: 23 H  
 Isotope: 1 
 Nuclear Spin:  0.5 
 Prefactor (MHz): 533.551395 
 Raw A tensor (MHz): 
                  0          1          2    
      0      21.905586   1.518614  -0.882834
      1       1.518091  21.914426  -0.463028
      2      -0.882267  -0.463180  20.654067
 A Tensor eigenvectors:
                   0          1          2    
      0       0.627668  -0.355448  -0.692596
      1      -0.345182   0.670362  -0.656859
      2       0.697769   0.651361   0.298071
 A Eigenvalues: 
                  0          1          2    
      0      20.089393  20.659231  23.725456
A(iso)  21.491360
 Nucleus: 24 H  
 Isotope: 1 
 Nuclear Spin:  0.5 
 Prefactor (MHz): 533.551395 
 Raw A tensor (MHz): 
                  0          1          2    
      0      21.907148   1.517323   0.885515
      1       1.516800  21.916949   0.465757
      2       0.884948   0.465910  20.660222
 A Tensor eigenvectors:
                   0          1          2    
      0      -0.628418   0.354724   0.692287
      1       0.344587  -0.670940   0.656582
      2       0.697389   0.651161   0.299397
 A Eigenvalues: 
                  0          1          2    
      0      20.092827  20.662644  23.728849
A(iso)  21.494773
 Nucleus: 26 H  
 Isotope: 1 
 Nuclear Spin:  0.5 
 Prefactor (MHz): 533.551395 
 Raw A tensor (MHz): 
                  0          1          2    
      0      -0.759538  -0.346444  -0.088914
      1      -0.346082   0.791141   0.390065
      2      -0.088731   0.389792  -0.869628
 A Tensor eigenvectors:
                   0          1          2    
      0       0.974961   0.204321  -0.087776
      1       0.218216  -0.955035   0.200725
      2      -0.042817  -0.214853  -0.975707
 A Eigenvalues: 
                  0          1          2    
      0      -0.833106   0.952695  -0.957613
A(iso)  -0.279342
 Nucleus: 27 H  
 Isotope: 1 
 Nuclear Spin:  0.5 
 Prefactor (MHz): 533.551395 
 Raw A tensor (MHz): 
                  0          1          2    
      0      -0.759990  -0.346088   0.088837
      1      -0.345725   0.791804  -0.388631
      2       0.088654  -0.388356  -0.870640
 A Tensor eigenvectors:
                   0          1          2    
      0      -0.974789   0.204088  -0.090197
      1      -0.218446  -0.955277   0.199317
      2      -0.045484   0.213995   0.975775
 A Eigenvalues: 
                  0          1          2    
      0      -0.833333   0.952502  -0.957994
A(iso)  -0.279609
 Nucleus: 29 H  
 Isotope: 1 
 Nuclear Spin:  0.5 
 Prefactor (MHz): 533.551395 
 Raw A tensor (MHz): 
                  0          1          2    
      0      -0.035629   0.273361  -0.063284
      1       0.273480   0.673014  -0.119372
      2      -0.063295  -0.119300  -0.096931
 A Tensor eigenvectors:
                   0          1          2    
      0       0.532108  -0.782908   0.322359
      1      -0.309483   0.174537   0.934750
      2      -0.788087  -0.597153  -0.149424
 A Eigenvalues: 
                  0          1          2    
      0      -0.101013  -0.144927   0.786395
A(iso)  0.180151
 Nucleus: 30 H  
 Isotope: 1 
 Nuclear Spin:  0.5 
 Prefactor (MHz): 533.551395 
 Raw A tensor (MHz): 
                  0          1          2    
      0      -0.035668   0.273103   0.063656
      1       0.273222   0.672870   0.120430
      2       0.063666   0.120359  -0.096420
 A Tensor eigenvectors:
                   0          1          2    
      0      -0.531517   0.783396  -0.322150
      1       0.310313  -0.173794  -0.934613
      2      -0.788160  -0.596730  -0.150723
 A Eigenvalues: 
                  0          1          2    
      0      -0.100842  -0.144830   0.786453
A(iso)  0.180261
 Nucleus: 32 H  
 Isotope: 1 
 Nuclear Spin:  0.5 
 Prefactor (MHz): 533.551395 
 Raw A tensor (MHz): 
                  0          1          2    
      0      -0.097685   0.008506  -0.000212
      1       0.008591   0.364423  -0.063143
      2      -0.000217  -0.063115  -0.115748
 A Tensor eigenvectors:
                   0          1          2    
      0       0.999269  -0.033729  -0.017988
      1      -0.013504   0.128732  -0.991587
      2       0.035761   0.991106   0.128182
 A Eigenvalues: 
                  0          1          2    
      0      -0.097808  -0.123938   0.372738
A(iso)  0.050330
 Nucleus: 33 H  
 Isotope: 1 
 Nuclear Spin:  0.5 
 Prefactor (MHz): 533.551395 
 Raw A tensor (MHz): 
                  0          1          2    
      0      -0.097724   0.008407   0.000273
      1       0.008491   0.364249   0.063629
      2       0.000278   0.063601  -0.115651
 A Tensor eigenvectors:
                   0          1          2    
      0       0.999353  -0.031256   0.017793
      1      -0.013596   0.129701   0.991460
      2      -0.033297  -0.991060   0.129192
 A Eigenvalues: 
                  0          1          2    
      0      -0.097849  -0.123967   0.372689
A(iso)  0.050291
 Nucleus: 35 H  
 Isotope: 1 
 Nuclear Spin:  0.5 
 Prefactor (MHz): 533.551395 
 Raw A tensor (MHz): 
                  0          1          2    
      0       2.084217   0.166475  -0.002859
      1       0.166433   4.726305   0.001075
      2      -0.002858   0.001075   3.142209
 A Tensor eigenvectors:
                   0          1          2    
      0      -0.998033  -0.002763   0.062637
      1       0.062638  -0.000388   0.998036
      2      -0.002733   0.999996   0.000561
 A Eigenvalues: 
                  0          1          2    
      0       2.073763   3.142217   4.736751
A(iso)  3.317577
 Nucleus: 36 H  
 Isotope: 1 
 Nuclear Spin:  0.5 
 Prefactor (MHz): 533.551395 
 Raw A tensor (MHz): 
                  0          1          2    
      0      -0.758929   0.236017   0.000767
      1       0.235914   0.707975   0.002646
      2       0.000767   0.002645  -0.780320
 A Tensor eigenvectors:
                   0          1          2    
      0      -0.155035  -0.021692   0.987671
      1      -0.987907   0.005218  -0.154957
      2      -0.001792  -0.999751  -0.022238
 A Eigenvalues: 
                  0          1          2    
      0       0.745003  -0.780317  -0.795960
A(iso)  -0.277091
 Nucleus: 37 H  
 Isotope: 1 
 Nuclear Spin:  0.5 
 Prefactor (MHz): 533.551395 
 Raw A tensor (MHz): 
                  0          1          2    
      0      -0.113876   0.065218   0.000049
      1       0.065282   0.223219   0.000212
      2       0.000049   0.000212  -0.128119
 A Tensor eigenvectors:
                   0          1          2    
      0       0.983000   0.004322   0.183553
      1      -0.183554  -0.000199   0.983010
      2       0.004285  -0.999991   0.000598
 A Eigenvalues: 
                  0          1          2    
      0      -0.126065  -0.128119   0.235408
A(iso)  -0.006259
 Nucleus: 44 H  
 Isotope: 1 
 Nuclear Spin:  0.5 
 Prefactor (MHz): 533.551395 
 Raw A tensor (MHz): 
                  0          1          2    
      0      -0.506238  -0.228199   0.003344
      1      -0.228230  -3.012166  -0.001618
      2       0.003344  -0.001618  -1.956381
 A Tensor eigenvectors:
                   0          1          2    
      0      -0.995943  -0.002463   0.089953
      1       0.089955  -0.001000   0.995945
      2      -0.002364   0.999996   0.001218
 A Eigenvalues: 
                  0          1          2    
      0      -0.485616  -1.956388  -3.032781
A(iso)  -1.824928
 Nucleus: 45 H  
 Isotope: 1 
 Nuclear Spin:  0.5 
 Prefactor (MHz): 533.551395 
 Raw A tensor (MHz): 
                  0          1          2    
      0      -1.837056   0.236762   0.000684
      1       0.236204  -0.960143   0.002019
      2       0.000684   0.002021  -2.212264
 A Tensor eigenvectors:
                   0          1          2    
      0       0.245042   0.969512   0.000916
      1       0.969511  -0.245043   0.001439
      2       0.001620   0.000535  -0.999999
 A Eigenvalues: 
