-------------------------------------------------------------
----------------------- !PROPERTIES! ------------------------
-------------------------------------------------------------
# -----------------------------------------------------------
$ PAL_Flags
   description: The PAL Flags
   geom. index: 1
   prop. index: 1
        Diskflag:     2
# -----------------------------------------------------------
$ SCF_Energy
   description: The SCF energy
   geom. index: 1
   prop. index: 1
        SCF Energy:     -928.9017237546
# -----------------------------------------------------------
$ DFT_Energy
   description: The DFT energy
   geom. index: 1
   prop. index: 1
   Number of Alpha Electrons                 85.0001258577 
   Number of Beta  Electrons                 84.0001162355 
   Total number of  Electrons               169.0002420933 
   Exchange energy                         -105.6586720710 
   Correlation energy                        -6.5755981625 
   Correlation energy NL                      0.0000000000 
   Exchange-Correlation energy             -112.2342702335 
   Embedding correction                       0.0000000000 
   Total DFT Energy (No VdW correction)    -928.9017237546 
# -----------------------------------------------------------
$ Mayer_Pop
   description: The Mayer population analysis
   geom. index: 1
   prop. index: 1
     Number of atoms                     : 49
     Threshold for printing              : 0.1000000
     Number of bond orders printed       : 51
  NA   - Mulliken gross atomic population
  ZA   - Total nuclear charge
  QA   - Mulliken gross atomic charge
  VA   - Mayer's total valence
  BVA  - Mayer's bonded valence
  FA   - Mayer's free valence
  ATOM       NA         ZA         QA         VA         BVA        FA
  0   0     5.8541     6.0000     0.1459     2.6192     2.6133     0.0059
  1   0     5.7238     6.0000     0.2762     2.4762     2.4740     0.0022
  2   0     5.3736     6.0000     0.6264     2.8943     2.8939     0.0004
  3   0     6.1772     6.0000    -0.1772     3.7522     3.7180     0.0342
  4   0     5.9282     6.0000     0.0718     4.1379     4.1228     0.0151
  5   0     6.0108     6.0000    -0.0108     3.8598     3.8260     0.0338
  6   0     6.0229     6.0000    -0.0229     3.8135     3.8062     0.0073
  7   0     6.0763     6.0000    -0.0763     4.1292     4.0919     0.0373
  8   0     5.9928     6.0000     0.0072     3.9059     3.8978     0.0081
  9   0     1.0498     1.0000    -0.0498     1.0024     1.0023     0.0001
 10   0     1.0541     1.0000    -0.0541     1.0038     1.0038     0.0000
 11   0     6.1008     6.0000    -0.1008     3.9309     3.5692     0.3617
 12   0     1.0258     1.0000    -0.0258     1.0085     1.0073     0.0012
 13   0     5.9657     6.0000     0.0343     4.0096     4.0082     0.0014
 14   0     0.9703     1.0000     0.0297     0.9628     0.9617     0.0011
 15   0     0.9703     1.0000     0.0297     0.9628     0.9617     0.0011
 16   0     6.0396     6.0000    -0.0396     4.1318     4.1318     0.0000
 17   0     0.9876     1.0000     0.0124     0.9640     0.9640     0.0000
 18   0     0.9875     1.0000     0.0125     0.9640     0.9640     0.0000
 19   0     5.9940     6.0000     0.0060     4.0161     4.0161     0.0000
 20   0     0.9821     1.0000     0.0179     0.9776     0.9776     0.0000
 21   0     0.9821     1.0000     0.0179     0.9776     0.9776     0.0000
 22   0     5.9566     6.0000     0.0434     4.0290     4.0288     0.0002
 23   0     0.9680     1.0000     0.0320     0.9697     0.9696     0.0001
 24   0     0.9680     1.0000     0.0320     0.9697     0.9696     0.0001
 25   0     6.0361     6.0000    -0.0361     4.1150     4.1150     0.0000
 26   0     0.9834     1.0000     0.0166     0.9629     0.9629     0.0000
 27   0     0.9834     1.0000     0.0166     0.9629     0.9629     0.0000
 28   0     6.0242     6.0000    -0.0242     4.1171     4.1171     0.0000
 29   0     0.9938     1.0000     0.0062     0.9675     0.9675     0.0000
 30   0     0.9938     1.0000     0.0062     0.9675     0.9675     0.0000
 31   0     5.9970     6.0000     0.0030     4.0167     4.0167     0.0000
 32   0     0.9829     1.0000     0.0171     0.9773     0.9773     0.0000
 33   0     0.9829     1.0000     0.0171     0.9773     0.9773     0.0000
 34   0     6.6064     6.0000    -0.6064     3.3886     3.3871     0.0015
 35   0     1.0293     1.0000    -0.0293     1.0306     1.0306     0.0000
 36   0     0.9866     1.0000     0.0134     0.9733     0.9733     0.0000
 37   0     0.9872     1.0000     0.0128     0.9735     0.9735     0.0000
 38   0     5.9673     6.0000     0.0327     3.9984     3.9978     0.0006
 39   0     5.9601     6.0000     0.0399     3.9995     3.9994     0.0001
 40   0     5.9749     6.0000     0.0251     3.9946     3.9941     0.0005
 41   0     6.2578     6.0000    -0.2578     3.9297     3.9294     0.0003
 42   0     5.9697     6.0000     0.0303     3.9941     3.9936     0.0005
 43   0     5.9595     6.0000     0.0405     3.9995     3.9994     0.0001
 44   0     1.0273     1.0000    -0.0273     0.9689     0.9689     0.0000
 45   0     1.0407     1.0000    -0.0407     0.9839     0.9839     0.0000
 46   0     1.0276     1.0000    -0.0276     0.9686     0.9686     0.0000
 47   0     1.0272     1.0000    -0.0272     0.9685     0.9685     0.0000
 48   0     1.0389     1.0000    -0.0389     0.9812     0.9812     0.0000
      Bond orders larger than 0.1000000
           Atom A     A.N. of A          Atom B    A.N. of B              Bond order
                0             6               1            6                1.715492
                0             6              41            6                0.932515
                1             6               3            6                0.877758
                1             6              41            6               -0.181688
                2             6               6            6                0.902119
                2             6              34            6                2.122051
                3             6               4            6                1.277918
                3             6               8            6                1.402349
                4             6               5            6                1.285459
                4             6              11            6                1.382981
                5             6               6            6                1.443355
                5             6               9            1                0.917652
                6             6               7            6                1.336204
                7             6               8            6                1.421395
                7             6              22            6                1.092907
                8             6              10            1                0.921238
               11             6              12            1                0.899397
               11             6              13            6                1.084016
               13             6              14            1                0.911474
               13             6              15            1                0.911448
               13             6              16            6                1.071471
               16             6              17            1                0.943806
               16             6              18            1                0.943766
               16             6              19            6                1.106623
               19             6              20            1                0.965288
               19             6              21            1                0.965293
               19             6              36            1                0.960775
               22             6              23            1                0.896364
               22             6              24            1                0.896381
               22             6              25            6                1.104019
               25             6              26            1                0.929255
               25             6              27            1                0.929269
               25             6              28            6                1.074952
               28             6              29            1                0.941024
               28             6              30            1                0.941026
               28             6              31            6                1.106010
               31             6              32            1                0.966200
               31             6              33            1                0.966198
               31             6              37            1                0.961732
               34             6              35            1                1.118394
               38             6              39            6                1.442963
               38             6              43            6                1.442790
               38             6              44            1                0.943169
               39             6              40            6                1.471390
               39             6              46            1                0.937805
               40             6              41            6                1.436912
               40             6              48            1                0.940450
               41             6              42            6                1.439062
               42             6              43            6                1.472439
               42             6              45            1                0.939791
               43             6              47            1                0.937775
# -----------------------------------------------------------
$ Calculation_Info
   description: Details of the calculation
   geom. index: 1
   prop. index: 1
     Multiplicity:                          2
     Charge:                                0
     number of atoms:                       49
     number of electrons:                   0
     number of frozen core electrons:       1
     number of correlated electrons:        0
     number of basis functions:             461
     number of aux C basis functions:       3164
     number of aux J basis functions:       3164
     number of aux JK basis functions:      3164
     number of aux CABS basis functions:    0
     Total Energy                           -928.901724
# -----------------------------------------------------------
$ SCF_Electric_Properties
   description: The SCF Calculated Electric Properties
   geom. index: 1
   prop. index: 1
       Filename                          : cc-pVDZ.scfp 
       Do Dipole Moment Calculation      : true 
       Do Quadrupole Moment Calculation  : false 
       Do Polarizability Calculation     : false 
** Dipole moment part of electric properties **
        Magnitude of dipole moment (Debye) :        0.3990859502
        Electronic Contribution:
                  0    
      0      10.554224
      1       2.014664
      2       0.004025
        Nuclear Contribution:
                  0    
      0     -10.398179
      1      -1.997302
      2      -0.003357
        Total Dipole moment:
                  0    
      0       0.156045
      1       0.017363
      2       0.000668
# -----------------------------------------------------------
$ EPRNMR_GTensor
   description: Electronic g tensor
   geom. index: 1
   prop. index: 1
 Source density: 1 SCF 
 Spin multiplicity: 2 
 raw g tensor: 
                  0          1          2    
      0       2.002744   0.000064   0.000000
      1       0.000050   2.002807   0.000000
      2       0.000000   0.000001   2.002247
 g tensor: 
                  0          1          2    
      0      -0.000339  -0.862045  -0.506832
      1      -0.000871   0.506832  -0.862045
      2       1.000000   0.000149  -0.000923
 G eigenvalues: 
                  0          1          2    
      0       2.002247   2.002711   2.002841
# -----------------------------------------------------------
$ EPRNMR_OrbitalShielding
   description: Orbital contribution to the NMR Shielding tensor (ppm)
   geom. index: 1
   prop. index: 1
 Number of stored nuclei 25
 Source density: 1 SCF 
 Nucleus: 9 H 
 Shielding tensor (ppm): 
                  0          1          2    
      0      33.432353 -172.264814  -0.240931
      1      15.679953  29.395377   0.158059
      2       0.173029  -0.330194  34.646244
 P Tensor eigenvectors:
                   0          1          2    
      0       0.984831   0.008424  -0.173314
      1       0.173317   0.000338   0.984866
      2      -0.008356   0.999964   0.001127
 P Eigenvalues: 
                  0          1          2    
      0       6.584780  34.645081  56.244113
P(iso)  32.491325
 Nucleus: 10 H 
 Shielding tensor (ppm): 
                  0          1          2    
      0      45.030863 150.308120   0.163371
      1     -167.761068 136.521921  -0.226834
      2      -0.370985   0.299186 129.095001
 P Tensor eigenvectors:
                   0          1          2    
      0      -0.006420   0.813671  -0.581290
      1      -0.005528   0.581264   0.813696
      2       0.999964   0.008437   0.000766
 P Eigenvalues: 
                  0          1          2    
      0     129.092077  67.693149 113.862558
P(iso)  103.549262
 Nucleus: 12 H 
 Shielding tensor (ppm): 
                  0          1          2    
      0      68.267480 -158.974132  -0.019591
      1     266.475855 114.227131   0.030638
      2      -0.138818  -0.018578 126.930735
 P Tensor eigenvectors:
                   0          1          2    
      0       0.000344  -0.393658  -0.919257
      1      -0.000495   0.919257  -0.393658
      2       1.000000   0.000590   0.000121
 P Eigenvalues: 
                  0          1          2    
      0     126.930646  68.203076 114.291624
P(iso)  103.141782
 Nucleus: 14 H 
 Shielding tensor (ppm): 
                  0          1          2    
      0      41.695637 157.412584  85.329851
      1     -267.394366  46.962857 -331.119465
      2     -52.295261 241.660242  56.718191
 P Tensor eigenvectors:
                   0          1          2    
      0       0.764596   0.182137   0.618239
      1       0.249300  -0.968151  -0.023095
      2      -0.594342  -0.171786   0.785651
 P Eigenvalues: 
                  0          1          2    
      0      24.608709  50.557760  70.210216
P(iso)  48.458895
 Nucleus: 15 H 
 Shielding tensor (ppm): 
                  0          1          2    
      0      42.045629 158.646544 -85.157367
      1     -269.038741  46.895908 329.713258
      2      52.051229 -240.815012  56.851272
 P Tensor eigenvectors:
                   0          1          2    
      0       0.761538   0.181625  -0.622152
      1       0.248996  -0.968252   0.022119
      2       0.598382   0.171758   0.782584
 P Eigenvalues: 
                  0          1          2    
      0      24.874326  50.626062  70.292420
P(iso)  48.597603
 Nucleus: 17 H 
 Shielding tensor (ppm): 
                  0          1          2    
      0      44.000886 -267.574248  -3.976880
      1     373.488639  63.453977 407.137058
      2      10.867057 -296.904116  74.972698
 P Tensor eigenvectors:
                   0          1          2    
      0      -0.740962   0.027076  -0.671001
      1       0.020723  -0.997789  -0.063145
      2       0.671227   0.060693  -0.738763
 P Eigenvalues: 
                  0          1          2    
      0      54.443605  53.956488  74.027469
P(iso)  60.809187
 Nucleus: 18 H 
 Shielding tensor (ppm): 
                  0          1          2    
      0      43.818291 -269.025046   3.483640
      1     375.536687  63.599497 -405.186393
      2     -10.430254 295.403271  74.571960
 P Tensor eigenvectors:
                   0          1          2    
      0       0.737514   0.027841  -0.674758
      1      -0.021719  -0.997655  -0.064903
      2       0.674983  -0.062522   0.735180
 P Eigenvalues: 
                  0          1          2    
      0      54.284273  53.833011  73.872464
P(iso)  60.663249
 Nucleus: 20 H 
 Shielding tensor (ppm): 
                  0          1          2    
      0     -18.527340 228.014304 -50.865027
      1     -338.660026  36.439369 466.741965
      2      33.469894 -338.124855 -10.804644
 P Tensor eigenvectors:
                   0          1          2    
      0      -0.810644  -0.003211  -0.585530
      1      -0.104063   0.984856   0.138670
      2      -0.576218  -0.173344   0.798702
 P Eigenvalues: 
                  0          1          2    
      0     -25.114958  13.402029  18.820315
P(iso)  2.369129
 Nucleus: 21 H 
 Shielding tensor (ppm): 
                  0          1          2    
      0     -18.807095 226.167014  51.233801
      1     -336.208996  36.670439 -468.036052
      2     -34.040489 339.095093 -11.136971
 P Tensor eigenvectors:
                   0          1          2    
      0      -0.813399  -0.003786   0.581693
      1      -0.105050   0.984494  -0.140487
      2       0.572141   0.175379   0.801184
 P Eigenvalues: 
                  0          1          2    
      0     -25.338531  13.334998  18.729906
P(iso)  2.242124
 Nucleus: 23 H 
 Shielding tensor (ppm): 
                  0          1          2    
      0      70.715118 -79.618012 -285.585399
      1     169.611511  -7.717083 -211.320714
      2     194.105900 155.934452  28.377163
 P Tensor eigenvectors:
                   0          1          2    
      0      -0.521691   0.706887  -0.477650
      1       0.763036   0.637034   0.109374
      2      -0.381594   0.307405   0.871716
 P Eigenvalues: 
                  0          1          2    
      0     -19.023044  44.685869  65.712374
P(iso)  30.458400
 Nucleus: 24 H 
 Shielding tensor (ppm): 
                  0          1          2    
      0      70.470921 -79.674463 285.244377
      1     169.531086  -7.893030 211.417163
      2     -193.499971 -155.951449  28.523850
 P Tensor eigenvectors:
                   0          1          2    
      0      -0.522301   0.707285   0.476393
      1       0.762409   0.637559  -0.110684
      2       0.382014  -0.305396   0.872238
 P Eigenvalues: 
                  0          1          2    
      0     -19.133504  44.608141  65.627104
P(iso)  30.367247
 Nucleus: 26 H 
 Shielding tensor (ppm): 
                  0          1          2    
      0      58.242437 243.605820 208.067070
      1     -303.728908 113.765190 319.222305
      2     -157.781604 -232.398622 139.815308
 P Tensor eigenvectors:
                   0          1          2    
      0      -0.677225   0.464670  -0.570481
      1       0.396221   0.883638   0.249385
      2      -0.619980   0.057146   0.782534
 P Eigenvalues: 
                  0          1          2    
      0     114.231489  82.894952 114.696495
P(iso)  103.940979
 Nucleus: 27 H 
 Shielding tensor (ppm): 
                  0          1          2    
      0      58.436520 243.481851 -207.725363
      1     -303.467527 113.964354 -319.704149
      2     157.042801 232.799658 139.698752
 P Tensor eigenvectors:
                   0          1          2    
      0      -0.678344   0.464505   0.569285
      1       0.395000   0.883865  -0.250514
      2       0.619536  -0.054933   0.783044
 P Eigenvalues: 
                  0          1          2    
      0     114.396416  82.946080 114.757130
P(iso)  104.033209
 Nucleus: 29 H 
 Shielding tensor (ppm): 
                  0          1          2    
      0      39.682999 -195.630362 -257.517000
      1     320.567101 -17.373558 -395.438390
      2     175.756298 286.905305 -16.967559
 P Tensor eigenvectors:
                   0          1          2    
      0      -0.699654   0.428863  -0.571456
      1       0.456916   0.883457   0.103593
      2      -0.549284   0.188629   0.814068
 P Eigenvalues: 
                  0          1          2    
      0     -33.443222  15.770539  23.014564
P(iso)  1.780627
 Nucleus: 30 H 
 Shielding tensor (ppm): 
                  0          1          2    
      0      39.450297 -195.424259 257.162026
      1     320.159953 -17.566158 395.763060
      2     -175.060709 -287.030204 -16.785840
 P Tensor eigenvectors:
                   0          1          2    
      0      -0.700494   0.428991   0.570329
      1       0.456055   0.883780  -0.104623
      2       0.548928  -0.186814   0.814726
 P Eigenvalues: 
                  0          1          2    
      0     -33.551395  15.713699  22.935995
P(iso)  1.699433
 Nucleus: 32 H 
 Shielding tensor (ppm): 
                  0          1          2    
      0      -4.894814 369.454059 -183.110581
      1     -442.271369  86.903425 -454.183785
      2     134.140405 327.057449  54.262662
 P Tensor eigenvectors:
                   0          1          2    
      0      -0.681238  -0.393646   0.617218
      1       0.255877  -0.917981  -0.303048
      2       0.685888  -0.048516   0.726089
 P Eigenvalues: 
                  0          1          2    
      0      42.209069  39.691576  54.370629
P(iso)  45.423758
 Nucleus: 33 H 
 Shielding tensor (ppm): 
                  0          1          2    
      0      -5.059235 369.808646 183.480404
      1     -442.857156  86.716731 453.393377
      2     -134.843826 -326.285092  54.430648
 P Tensor eigenvectors:
                   0          1          2    
      0      -0.679980  -0.393855  -0.618470
      1       0.256812  -0.917986   0.302241
      2      -0.686786   0.046687   0.725359
 P Eigenvalues: 
                  0          1          2    
      0      42.104350  39.657008  54.326785
P(iso)  45.362715
 Nucleus: 35 H 
 Shielding tensor (ppm): 
                  0          1          2    
      0      50.755719 -33.516827   0.551854
      1      21.382958 -172.982997   0.010104
      2       0.026334  -0.045183 -154.856383
 P Tensor eigenvectors:
                   0          1          2    
      0      -0.983121   0.000559  -0.182953
      1      -0.182952   0.002302   0.983119
      2       0.000971   0.999997  -0.002161
 P Eigenvalues: 
                  0          1          2    
      0      41.083709 -154.856188 -163.311182
P(iso)  -92.361220
 Nucleus: 36 H 
 Shielding tensor (ppm): 
                  0          1          2    
      0     -108.366695 -298.676786  -0.325613
      1     388.082975  58.901359   1.543795
      2       0.357134  -0.929177 -94.760600
 P Tensor eigenvectors:
                   0          1          2    
      0      -0.003577  -0.482938  -0.875647
      1      -0.000940   0.875654  -0.482938
      2       0.999993  -0.000904  -0.003586
 P Eigenvalues: 
                  0          1          2    
      0     -94.761028 -17.919741 -31.545167
P(iso)  -48.075312
 Nucleus: 37 H 
 Shielding tensor (ppm): 
                  0          1          2    
      0     -110.776342  45.684557  -0.033161
      1     107.897236  16.865005  -0.019008
      2       0.164425   0.316236 -144.790873
 P Tensor eigenvectors:
                   0          1          2    
      0      -0.145627   0.003951   0.989332
      1      -0.989336  -0.003250  -0.145614
      2      -0.002640   0.999987  -0.004382
 P Eigenvalues: 
                  0          1          2    
      0      36.284884 -144.791054 -130.196040
P(iso)  -79.567404
 Nucleus: 44 H 
 Shielding tensor (ppm): 
                  0          1          2    
      0      41.759827 -36.447389   0.920783
      1       7.046221 -242.016863  -0.073102
      2      -0.038041  -0.108770 -173.988151
 P Tensor eigenvectors:
                   0          1          2    
      0       0.998469   0.001557  -0.055286
      1       0.055286   0.000066   0.998471
      2      -0.001558   0.999999   0.000020
 P Eigenvalues: 
                  0          1          2    
      0      39.267573 -173.986269 -239.526491
P(iso)  -124.748395
 Nucleus: 45 H 
 Shielding tensor (ppm): 
                  0          1          2    
      0       8.701558 -521.787367  -0.890228
      1     362.071968 163.802070   0.589949
      2       0.336963  -0.731192 111.291896
 P Tensor eigenvectors:
                   0          1          2    
      0      -0.001401   0.958530   0.284989
      1      -0.001406  -0.284991   0.958529
      2       0.999998   0.000942   0.001747
 P Eigenvalues: 
                  0          1          2    
      0     111.292458  64.928230 107.574836
P(iso)  94.598508
 Nucleus: 46 H 
 Shielding tensor (ppm): 
                  0          1          2    
      0      17.123193 548.884494   0.994801
      1     -306.299316 -103.503429  -0.438280
      2      -0.353492   0.873320 -86.766165
 P Tensor eigenvectors:
                   0          1          2    
      0      -0.001386   0.983773   0.179413
      1      -0.001506  -0.179415   0.983772
      2       0.999998   0.001094   0.001731
 P Eigenvalues: 
                  0          1          2    
      0     -86.767041 -29.576487 -56.802872
P(iso)  -57.715467
 Nucleus: 47 H 
 Shielding tensor (ppm): 
                  0          1          2    
      0      -2.989260 -587.220434  -0.137544
      1     330.027371 -69.622564   0.454377
      2       0.205483  -0.928957 -76.128365
 P Tensor eigenvectors:
                   0          1          2    
      0      -0.001396   0.996195  -0.087143
      1      -0.000435   0.087143   0.996196
      2       0.999999   0.001428   0.000311
 P Eigenvalues: 
                  0          1          2    
      0     -76.128266 -25.822580 -46.789343
P(iso)  -49.580063
 Nucleus: 48 H 
 Shielding tensor (ppm): 
                  0          1          2    
      0      19.203867 524.932771   0.152035
      1     -329.257478 138.604184  -0.420543
      2      -0.315423   0.812003  99.969200
 P Tensor eigenvectors:
                   0          1          2    
      0      -0.001300   0.983374  -0.181586
      1      -0.000523   0.181585   0.983375
      2       0.999999   0.001374   0.000278
 P Eigenvalues: 
                  0          1          2    
      0      99.969214  58.081961  99.726075
P(iso)  85.925750
# -----------------------------------------------------------
$ EPRNMR_ATensor
   description: Hyperfine A tensor
   geom. index: 1
   prop. index: 1
 Number of stored nuclei 25
 Source density: 1 SCF 
 Spin multiplicity: 2 
 Nucleus: 9 H  
 Isotope: 1 
 Nuclear Spin:  0.5 
 Prefactor (MHz): 533.551395 
 Raw A tensor (MHz): 
                  0          1          2    
      0     -14.524208  -6.097264  -0.004113
      1      -6.099943 -11.926905   0.003796
      2      -0.004113   0.003799 -15.924407
 A Tensor eigenvectors:
                   0          1          2    
      0      -0.629159   0.000212   0.777276
      1       0.777276  -0.000626   0.629159
      2       0.000620   1.000000   0.000229
 A Eigenvalues: 
                  0          1          2    
      0      -6.990213 -15.924411 -19.460896
A(iso)  -14.125173
 Nucleus: 10 H  
 Isotope: 1 
 Nuclear Spin:  0.5 
 Prefactor (MHz): 533.551395 
 Raw A tensor (MHz): 
                  0          1          2    
      0       7.826560   2.277305   0.003620
      1       2.278281   6.311006   0.002876
      2       0.003619   0.002876   4.084365
 A Tensor eigenvectors:
                   0          1          2    
      0      -0.000479  -0.584923  -0.811089
      1      -0.000802   0.811089  -0.584922
      2       1.000000   0.000370  -0.000858
 A Eigenvalues: 
                  0          1          2    
      0       4.084361   4.668249   9.469322
A(iso)  6.073977
 Nucleus: 12 H  
 Isotope: 1 
 Nuclear Spin:  0.5 
 Prefactor (MHz): 533.551395 
 Raw A tensor (MHz): 
                  0          1          2    
      0     -17.102676  -1.315432   0.006655
      1      -1.313913 -70.250765  -0.018533
      2       0.006656  -0.018544 -45.589986
 A Tensor eigenvectors:
                   0          1          2    
      0       0.999694   0.000268   0.024728
      1      -0.024728   0.000737   0.999694
      2       0.000249  -1.000000   0.000744
 A Eigenvalues: 
                  0          1          2    
      0     -17.070174 -45.589974 -70.283278
A(iso)  -44.314475
 Nucleus: 14 H  
 Isotope: 1 
 Nuclear Spin:  0.5 
 Prefactor (MHz): 533.551395 
 Raw A tensor (MHz): 
                  0          1          2    
      0      60.300853  -3.579380   1.884503
      1      -3.578254  62.073519  -1.934840
      2       1.883091  -1.934885  57.199449
 A Tensor eigenvectors:
                   0          1          2    
      0      -0.355799  -0.719761   0.596113
      1       0.090953  -0.661493  -0.744415
      2       0.930126  -0.210644   0.300824
 A Eigenvalues: 
                  0          1          2    
      0      56.289804  57.563053  65.720964
A(iso)  59.857940
 Nucleus: 15 H  
 Isotope: 1 
 Nuclear Spin:  0.5 
 Prefactor (MHz): 533.551395 
 Raw A tensor (MHz): 
                  0          1          2    
      0      60.054801  -3.579707  -1.880596
      1      -3.578574  61.789666   1.933303
      2      -1.879178   1.933353  56.920258
 A Tensor eigenvectors:
                   0          1          2    
      0       0.349545  -0.721404   0.597825
      1      -0.095392  -0.662161  -0.743265
      2       0.932051   0.202777  -0.300271
 A Eigenvalues: 
                  0          1          2    
      0      56.017540  57.297983  65.449201
A(iso)  59.588242
 Nucleus: 17 H  
 Isotope: 1 
 Nuclear Spin:  0.5 
 Prefactor (MHz): 533.551395 
 Raw A tensor (MHz): 
                  0          1          2    
      0      -2.163283   2.046992   0.648203
      1       2.046872   1.881278   1.350866
      2       0.647749   1.349841  -2.705366
 A Tensor eigenvectors:
                   0          1          2    
      0      -0.727337  -0.376407  -0.573845
      1       0.450812  -0.892509   0.014035
      2      -0.517445  -0.248488   0.818844
 A Eigenvalues: 
                  0          1          2    
      0      -2.971044   3.120517  -3.136843
A(iso)  -0.995790
 Nucleus: 18 H  
 Isotope: 1 
 Nuclear Spin:  0.5 
 Prefactor (MHz): 533.551395 
 Raw A tensor (MHz): 
                  0          1          2    
      0      -2.155753   2.054925  -0.637322
      1       2.054806   1.885468  -1.327180
      2      -0.636873  -1.326164  -2.714953
 A Tensor eigenvectors:
                   0          1          2    
      0      -0.727259  -0.377755   0.573057
      1       0.449411  -0.893136  -0.018408
      2       0.518771   0.244151   0.819309
 A Eigenvalues: 
                  0          1          2    
      0      -2.971133   3.117234  -3.131339
A(iso)  -0.995079
 Nucleus: 20 H  
 Isotope: 1 
 Nuclear Spin:  0.5 
 Prefactor (MHz): 533.551395 
 Raw A tensor (MHz): 
                  0          1          2    
      0       0.007961  -0.266914  -0.109173
      1      -0.267196   2.110959   0.375788
      2      -0.109295   0.375661   0.024541
 A Tensor eigenvectors:
                   0          1          2    
      0      -0.732199   0.669175  -0.126845
      1      -0.210552  -0.045276   0.976534
      2       0.647729   0.741724   0.174047
 A Eigenvalues: 
                  0          1          2    
      0       0.026935  -0.096095   2.212621
A(iso)  0.714487
 Nucleus: 21 H  
 Isotope: 1 
 Nuclear Spin:  0.5 
 Prefactor (MHz): 533.551395 
 Raw A tensor (MHz): 
                  0          1          2    
      0       0.006642  -0.264216   0.108657
      1      -0.264498   2.114477  -0.369843
      2       0.108777  -0.369716   0.023526
 A Tensor eigenvectors:
                   0          1          2    
      0       0.727509  -0.674533   0.125444
      1       0.207988   0.042591  -0.977204
      2       0.653813   0.737015   0.171280
 A Eigenvalues: 
                  0          1          2    
      0       0.027896  -0.096484   2.213233
A(iso)  0.714882
 Nucleus: 23 H  
 Isotope: 1 
 Nuclear Spin:  0.5 
 Prefactor (MHz): 533.551395 
 Raw A tensor (MHz): 
                  0          1          2    
      0      21.921545   1.519200  -0.882519
      1       1.518676  21.931821  -0.463506
      2      -0.881952  -0.463658  20.669322
 A Tensor eigenvectors:
                   0          1          2    
      0       0.627467  -0.356107  -0.692440
      1      -0.344666   0.670396  -0.657095
      2       0.698205   0.650966   0.297914
 A Eigenvalues: 
                  0          1          2    
      0      20.105432  20.674694  23.742562
A(iso)  21.507563
 Nucleus: 24 H  
 Isotope: 1 
 Nuclear Spin:  0.5 
 Prefactor (MHz): 533.551395 
 Raw A tensor (MHz): 
                  0          1          2    
      0      21.923886   1.517915   0.885373
      1       1.517393  21.935714   0.466386
      2       0.884806   0.466539  20.677082
 A Tensor eigenvectors:
                   0          1          2    
      0      -0.628412   0.355180   0.692059
      1       0.344202  -0.670871   0.656853
      2       0.697584   0.650983   0.299330
 A Eigenvalues: 
                  0          1          2    
      0      20.110035  20.679448  23.747199
A(iso)  21.512227
 Nucleus: 26 H  
 Isotope: 1 
 Nuclear Spin:  0.5 
 Prefactor (MHz): 533.551395 
 Raw A tensor (MHz): 
                  0          1          2    
      0      -0.760142  -0.346879  -0.088951
      1      -0.346517   0.791011   0.390107
      2      -0.088768   0.389833  -0.870195
 A Tensor eigenvectors:
                   0          1          2    
      0       0.974947  -0.204490   0.087532
      1       0.218328   0.955018  -0.200683
      2      -0.042556   0.214766   0.975738
 A Eigenvalues: 
                  0          1          2    
      0      -0.833871   0.952715  -0.958171
A(iso)  -0.279775
 Nucleus: 27 H  
 Isotope: 1 
 Nuclear Spin:  0.5 
 Prefactor (MHz): 533.551395 
 Raw A tensor (MHz): 
                  0          1          2    
      0      -0.760721  -0.346459   0.088930
      1      -0.346096   0.791595  -0.388872
      2       0.088747  -0.388597  -0.871212
 A Tensor eigenvectors:
                   0          1          2    
      0      -0.974761  -0.204218   0.090196
      1      -0.218574   0.955244  -0.199334
      2      -0.045452  -0.214018  -0.975772
 A Eigenvalues: 
                  0          1          2    
      0      -0.834194   0.952506  -0.958650
A(iso)  -0.280113
 Nucleus: 29 H  
 Isotope: 1 
 Nuclear Spin:  0.5 
 Prefactor (MHz): 533.551395 
 Raw A tensor (MHz): 
                  0          1          2    
      0      -0.035653   0.273485  -0.063314
      1       0.273605   0.673164  -0.119399
      2      -0.063324  -0.119327  -0.096918
 A Tensor eigenvectors:
                   0          1          2    
      0       0.531390  -0.783376   0.322407
      1      -0.309359   0.174851   0.934732
      2      -0.788620  -0.596447  -0.149431
 A Eigenvalues: 
                  0          1          2    
      0      -0.101027  -0.144988   0.786609
A(iso)  0.180198
 Nucleus: 30 H  
 Isotope: 1 
 Nuclear Spin:  0.5 
 Prefactor (MHz): 533.551395 
 Raw A tensor (MHz): 
                  0          1          2    
      0      -0.035723   0.273215   0.063670
      1       0.273334   0.673040   0.120423
      2       0.063681   0.120352  -0.096416
 A Tensor eigenvectors:
                   0          1          2    
      0      -0.530648   0.783975  -0.322173
      1       0.310104  -0.174177  -0.934611
      2      -0.788827  -0.595857  -0.150687
 A Eigenvalues: 
                  0          1          2    
      0      -0.100859  -0.144903   0.786663
A(iso)  0.180300
 Nucleus: 32 H  
 Isotope: 1 
 Nuclear Spin:  0.5 
 Prefactor (MHz): 533.551395 
 Raw A tensor (MHz): 
                  0          1          2    
      0      -0.097660   0.008517  -0.000217
      1       0.008602   0.364515  -0.063174
      2      -0.000222  -0.063146  -0.115716
 A Tensor eigenvectors:
                   0          1          2    
      0       0.999273  -0.033602  -0.018010
      1      -0.013541   0.128776  -0.991581
      2       0.035638   0.991104   0.128227
 A Eigenvalues: 
                  0          1          2    
      0      -0.097785  -0.123914   0.372837
A(iso)  0.050380
 Nucleus: 33 H  
 Isotope: 1 
 Nuclear Spin:  0.5 
 Prefactor (MHz): 533.551395 
 Raw A tensor (MHz): 
                  0          1          2    
      0      -0.097703   0.008408   0.000280
      1       0.008493   0.364347   0.063620
      2       0.000286   0.063592  -0.115635
 A Tensor eigenvectors:
                   0          1          2    
      0       0.999362  -0.030976   0.017796
      1      -0.013636   0.129659   0.991465
      2      -0.033019  -0.991075   0.129154
 A Eigenvalues: 
                  0          1          2    
      0      -0.097828  -0.123946   0.372783
A(iso)  0.050336
 Nucleus: 35 H  
 Isotope: 1 
 Nuclear Spin:  0.5 
 Prefactor (MHz): 533.551395 
 Raw A tensor (MHz): 
                  0          1          2    
      0       2.134497   0.166745  -0.002850
      1       0.166703   4.804134   0.001073
      2      -0.002850   0.001073   3.217874
 A Tensor eigenvectors:
                   0          1          2    
      0      -0.998066  -0.002692   0.062097
      1       0.062099  -0.000393   0.998070
      2      -0.002662   0.999996   0.000560
 A Eigenvalues: 
                  0          1          2    
      0       2.124118   3.217881   4.814506
A(iso)  3.385502
 Nucleus: 36 H  
 Isotope: 1 
 Nuclear Spin:  0.5 
 Prefactor (MHz): 533.551395 
 Raw A tensor (MHz): 
                  0          1          2    
      0      -0.758785   0.235971   0.000786
      1       0.235868   0.708036   0.002754
      2       0.000785   0.002754  -0.780191
 A Tensor eigenvectors:
                   0          1          2    
      0      -0.155015  -0.021821   0.987671
      1      -0.987910   0.005311  -0.154935
      2      -0.001864  -0.999748  -0.022380
 A Eigenvalues: 
                  0          1          2    
      0       0.745052  -0.780189  -0.795804
A(iso)  -0.276980
 Nucleus: 37 H  
 Isotope: 1 
 Nuclear Spin:  0.5 
 Prefactor (MHz): 533.551395 
 Raw A tensor (MHz): 
                  0          1          2    
      0      -0.113909   0.065245   0.000047
      1       0.065309   0.223236   0.000201
      2       0.000047   0.000201  -0.128139
 A Tensor eigenvectors:
                   0          1          2    
      0       0.982991   0.004555   0.183596
      1      -0.183597  -0.000273   0.983002
      2       0.004528  -0.999990   0.000568
 A Eigenvalues: 
                  0          1          2    
      0      -0.126106  -0.128139   0.235434
A(iso)  -0.006271
 Nucleus: 44 H  
 Isotope: 1 
 Nuclear Spin:  0.5 
 Prefactor (MHz): 533.551395 
 Raw A tensor (MHz): 
                  0          1          2    
      0      -0.520820  -0.228983   0.003324
      1      -0.229015  -3.037907  -0.001549
      2       0.003323  -0.001549  -1.977464
 A Tensor eigenvectors:
                   0          1          2    
      0      -0.995951  -0.002429   0.089864
      1       0.089867  -0.000936   0.995953
      2      -0.002335   0.999997   0.001151
 A Eigenvalues: 
                  0          1          2    
      0      -0.500147  -1.977471  -3.058573
A(iso)  -1.845397
 Nucleus: 45 H  
 Isotope: 1 
 Nuclear Spin:  0.5 
 Prefactor (MHz): 533.551395 
 Raw A tensor (MHz): 
                  0          1          2    
      0      -1.858427   0.241152   0.000709
      1       0.240593  -0.976536   0.001964
      2       0.000709   0.001966  -2.232718
 A Tensor eigenvectors:
                   0          1          2    
      0       0.247626   0.968855   0.001013
      1       0.968854  -0.247627   0.001369
