-------------------------------------------------------------
----------------------- !PROPERTIES! ------------------------
-------------------------------------------------------------
# -----------------------------------------------------------
$ PAL_Flags
   description: The PAL Flags
   geom. index: 1
   prop. index: 1
        Diskflag:     2
# -----------------------------------------------------------
$ SCF_Energy
   description: The SCF energy
   geom. index: 1
   prop. index: 1
        SCF Energy:     -928.9017207556
# -----------------------------------------------------------
$ DFT_Energy
   description: The DFT energy
   geom. index: 1
   prop. index: 1
   Number of Alpha Electrons                 85.0001258077 
   Number of Beta  Electrons                 84.0001161813 
   Total number of  Electrons               169.0002419890 
   Exchange energy                         -105.6586851406 
   Correlation energy                        -6.5755978197 
   Correlation energy NL                      0.0000000000 
   Exchange-Correlation energy             -112.2342829603 
   Embedding correction                       0.0000000000 
   Total DFT Energy (No VdW correction)    -928.9017207556 
# -----------------------------------------------------------
$ Mayer_Pop
   description: The Mayer population analysis
   geom. index: 1
   prop. index: 1
     Number of atoms                     : 49
     Threshold for printing              : 0.1000000
     Number of bond orders printed       : 51
  NA   - Mulliken gross atomic population
  ZA   - Total nuclear charge
  QA   - Mulliken gross atomic charge
  VA   - Mayer's total valence
  BVA  - Mayer's bonded valence
  FA   - Mayer's free valence
  ATOM       NA         ZA         QA         VA         BVA        FA
  0   0     5.8534     6.0000     0.1466     2.6193     2.6134     0.0059
  1   0     5.7245     6.0000     0.2755     2.4762     2.4740     0.0022
  2   0     5.3737     6.0000     0.6263     2.8943     2.8939     0.0004
  3   0     6.1774     6.0000    -0.1774     3.7522     3.7180     0.0342
  4   0     5.9282     6.0000     0.0718     4.1378     4.1227     0.0151
  5   0     6.0108     6.0000    -0.0108     3.8597     3.8259     0.0338
  6   0     6.0229     6.0000    -0.0229     3.8135     3.8062     0.0073
  7   0     6.0762     6.0000    -0.0762     4.1292     4.0919     0.0373
  8   0     5.9928     6.0000     0.0072     3.9059     3.8979     0.0080
  9   0     1.0498     1.0000    -0.0498     1.0024     1.0023     0.0001
 10   0     1.0541     1.0000    -0.0541     1.0038     1.0038     0.0000
 11   0     6.1008     6.0000    -0.1008     3.9309     3.5691     0.3618
 12   0     1.0257     1.0000    -0.0257     1.0085     1.0073     0.0012
 13   0     5.9657     6.0000     0.0343     4.0096     4.0082     0.0014
 14   0     0.9703     1.0000     0.0297     0.9628     0.9617     0.0011
 15   0     0.9703     1.0000     0.0297     0.9628     0.9617     0.0011
 16   0     6.0396     6.0000    -0.0396     4.1318     4.1318     0.0000
 17   0     0.9876     1.0000     0.0124     0.9640     0.9640     0.0000
 18   0     0.9876     1.0000     0.0124     0.9640     0.9640     0.0000
 19   0     5.9940     6.0000     0.0060     4.0161     4.0161     0.0000
 20   0     0.9821     1.0000     0.0179     0.9776     0.9776     0.0000
 21   0     0.9821     1.0000     0.0179     0.9776     0.9776     0.0000
 22   0     5.9566     6.0000     0.0434     4.0290     4.0288     0.0002
 23   0     0.9680     1.0000     0.0320     0.9697     0.9696     0.0001
 24   0     0.9680     1.0000     0.0320     0.9697     0.9696     0.0001
 25   0     6.0361     6.0000    -0.0361     4.1150     4.1150     0.0000
 26   0     0.9834     1.0000     0.0166     0.9629     0.9629     0.0000
 27   0     0.9834     1.0000     0.0166     0.9629     0.9629     0.0000
 28   0     6.0242     6.0000    -0.0242     4.1171     4.1171     0.0000
 29   0     0.9938     1.0000     0.0062     0.9675     0.9675     0.0000
 30   0     0.9938     1.0000     0.0062     0.9675     0.9675     0.0000
 31   0     5.9970     6.0000     0.0030     4.0167     4.0167     0.0000
 32   0     0.9829     1.0000     0.0171     0.9773     0.9773     0.0000
 33   0     0.9829     1.0000     0.0171     0.9773     0.9773     0.0000
 34   0     6.6063     6.0000    -0.6063     3.3887     3.3872     0.0015
 35   0     1.0293     1.0000    -0.0293     1.0306     1.0306     0.0000
 36   0     0.9866     1.0000     0.0134     0.9733     0.9733     0.0000
 37   0     0.9872     1.0000     0.0128     0.9735     0.9735     0.0000
 38   0     5.9673     6.0000     0.0327     3.9984     3.9978     0.0006
 39   0     5.9601     6.0000     0.0399     3.9994     3.9993     0.0001
 40   0     5.9749     6.0000     0.0251     3.9946     3.9941     0.0005
 41   0     6.2576     6.0000    -0.2576     3.9298     3.9295     0.0003
 42   0     5.9697     6.0000     0.0303     3.9941     3.9936     0.0005
 43   0     5.9595     6.0000     0.0405     3.9994     3.9993     0.0001
 44   0     1.0273     1.0000    -0.0273     0.9689     0.9689     0.0000
 45   0     1.0407     1.0000    -0.0407     0.9839     0.9839     0.0000
 46   0     1.0276     1.0000    -0.0276     0.9686     0.9686     0.0000
 47   0     1.0272     1.0000    -0.0272     0.9685     0.9685     0.0000
 48   0     1.0389     1.0000    -0.0389     0.9812     0.9812     0.0000
      Bond orders larger than 0.1000000
           Atom A     A.N. of A          Atom B    A.N. of B              Bond order
                0             6               1            6                1.715568
                0             6              41            6                0.932542
                1             6               3            6                0.877733
                1             6              41            6               -0.181665
                2             6               6            6                0.902126
                2             6              34            6                2.122091
                3             6               4            6                1.277921
                3             6               8            6                1.402386
                4             6               5            6                1.285443
                4             6              11            6                1.382969
                5             6               6            6                1.443359
                5             6               9            1                0.917654
                6             6               7            6                1.336209
                7             6               8            6                1.421389
                7             6              22            6                1.092911
                8             6              10            1                0.921243
               11             6              12            1                0.899395
               11             6              13            6                1.084014
               13             6              14            1                0.911475
               13             6              15            1                0.911454
               13             6              16            6                1.071468
               16             6              17            1                0.943807
               16             6              18            1                0.943771
               16             6              19            6                1.106617
               19             6              20            1                0.965291
               19             6              21            1                0.965295
               19             6              36            1                0.960777
               22             6              23            1                0.896360
               22             6              24            1                0.896375
               22             6              25            6                1.104021
               25             6              26            1                0.929259
               25             6              27            1                0.929269
               25             6              28            6                1.074942
               28             6              29            1                0.941028
               28             6              30            1                0.941030
               28             6              31            6                1.106005
               31             6              32            1                0.966201
               31             6              33            1                0.966200
               31             6              37            1                0.961734
               34             6              35            1                1.118390
               38             6              39            6                1.442976
               38             6              43            6                1.442781
               38             6              44            1                0.943169
               39             6              40            6                1.471366
               39             6              46            1                0.937808
               40             6              41            6                1.436937
               40             6              48            1                0.940446
               41             6              42            6                1.439027
               42             6              43            6                1.472442
               42             6              45            1                0.939789
               43             6              47            1                0.937778
# -----------------------------------------------------------
$ Calculation_Info
   description: Details of the calculation
   geom. index: 1
   prop. index: 1
     Multiplicity:                          2
     Charge:                                0
     number of atoms:                       49
     number of electrons:                   0
     number of frozen core electrons:       1
     number of correlated electrons:        0
     number of basis functions:             461
     number of aux C basis functions:       3164
     number of aux J basis functions:       3164
     number of aux JK basis functions:      3164
     number of aux CABS basis functions:    0
     Total Energy                           -928.901721
# -----------------------------------------------------------
$ SCF_Electric_Properties
   description: The SCF Calculated Electric Properties
   geom. index: 1
   prop. index: 1
       Filename                          : cc-pVDZ.scfp 
       Do Dipole Moment Calculation      : true 
       Do Quadrupole Moment Calculation  : false 
       Do Polarizability Calculation     : false 
** Dipole moment part of electric properties **
        Magnitude of dipole moment (Debye) :        0.4002152592
        Electronic Contribution:
                  0    
      0      10.553892
      1       2.014052
      2       0.005118
        Nuclear Contribution:
                  0    
      0     -10.397410
      1      -1.996598
      2      -0.004443
        Total Dipole moment:
                  0    
      0       0.156482
      1       0.017454
      2       0.000675
# -----------------------------------------------------------
$ EPRNMR_GTensor
   description: Electronic g tensor
   geom. index: 1
   prop. index: 1
 Source density: 1 SCF 
 Spin multiplicity: 2 
 raw g tensor: 
                  0          1          2    
      0       2.002744   0.000064   0.000000
      1       0.000050   2.002807   0.000000
      2       0.000000   0.000001   2.002247
 g tensor: 
                  0          1          2    
      0      -0.000343  -0.861765  -0.507308
      1      -0.000873   0.507308  -0.861764
      2       1.000000   0.000147  -0.000926
 G eigenvalues: 
                  0          1          2    
      0       2.002247   2.002711   2.002841
# -----------------------------------------------------------
$ EPRNMR_OrbitalShielding
   description: Orbital contribution to the NMR Shielding tensor (ppm)
   geom. index: 1
   prop. index: 1
 Number of stored nuclei 25
 Source density: 1 SCF 
 Nucleus: 9 H 
 Shielding tensor (ppm): 
                  0          1          2    
      0      33.431436 -172.260366  -0.250922
      1      15.673563  29.388807   0.165877
      2       0.181864  -0.327977  34.640758
 P Tensor eigenvectors:
                   0          1          2    
      0       0.984824   0.009004  -0.173323
      1       0.173326   0.000374   0.984864
      2      -0.008932   0.999959   0.001192
 P Eigenvalues: 
                  0          1          2    
      0       6.582216  34.639450  56.239335
P(iso)  32.487000
 Nucleus: 10 H 
 Shielding tensor (ppm): 
                  0          1          2    
      0      45.038216 150.296577   0.173252
      1     -167.747495 136.528160  -0.220842
      2      -0.376925   0.296287 129.104179
 P Tensor eigenvectors:
                   0          1          2    
      0      -0.006411   0.813696  -0.581255
      1      -0.005601   0.581229   0.813721
      2       0.999964   0.008473   0.000831
 P Eigenvalues: 
                  0          1          2    
      0     129.101213  67.697666 113.871676
P(iso)  103.556852
 Nucleus: 12 H 
 Shielding tensor (ppm): 
                  0          1          2    
      0      68.267704 -158.996709  -0.013461
      1     266.501984 114.224843   0.014309
      2      -0.144615  -0.003247 126.930370
 P Tensor eigenvectors:
                   0          1          2    
      0       0.000436  -0.393622  -0.919272
      1      -0.000535   0.919272  -0.393622
      2       1.000000   0.000664   0.000190
 P Eigenvalues: 
                  0          1          2    
      0     126.930255  68.204064 114.288597
P(iso)  103.140972
 Nucleus: 14 H 
 Shielding tensor (ppm): 
                  0          1          2    
      0      41.698783 157.461098  85.323038
      1     -267.463775  46.954688 -331.076124
      2     -52.285916 241.630848  56.711962
 P Tensor eigenvectors:
                   0          1          2    
      0       0.764483   0.182105   0.618388
      1       0.249281  -0.968156  -0.023068
      2      -0.594496  -0.171787   0.785534
 P Eigenvalues: 
                  0          1          2    
      0      24.608805  50.552742  70.203886
P(iso)  48.455144
 Nucleus: 15 H 
 Shielding tensor (ppm): 
                  0          1          2    
      0      42.037018 158.608729 -85.176241
      1     -268.983753  46.897217 329.791322
      2      52.067609 -240.865920  56.848235
 P Tensor eigenvectors:
                   0          1          2    
      0       0.761665   0.181668  -0.621983
      1       0.249013  -0.968247   0.022131
      2       0.598213   0.171738   0.782718
 P Eigenvalues: 
                  0          1          2    
      0      24.865504  50.625245  70.291721
P(iso)  48.594157
 Nucleus: 17 H 
 Shielding tensor (ppm): 
                  0          1          2    
      0      44.002920 -267.640904  -3.961944
      1     373.582445  63.458441 407.069867
      2      10.851096 -296.850209  74.966850
 P Tensor eigenvectors:
                   0          1          2    
      0      -0.740823   0.027092  -0.671153
      1       0.020755  -0.997786  -0.063187
      2       0.671379   0.060740  -0.738621
 P Eigenvalues: 
                  0          1          2    
      0      54.448727  53.954174  74.025309
P(iso)  60.809404
 Nucleus: 18 H 
 Shielding tensor (ppm): 
                  0          1          2    
      0      43.820099 -268.987753   3.499105
      1     375.479251  63.592612 -405.266291
      2     -10.445797 295.464499  74.581042
 P Tensor eigenvectors:
                   0          1          2    
      0       0.737631   0.027816  -0.674631
      1      -0.021684  -0.997660  -0.064843
      2       0.674856  -0.062459   0.735302
 P Eigenvalues: 
                  0          1          2    
      0      54.284326  53.834990  73.874438
P(iso)  60.664585
 Nucleus: 20 H 
 Shielding tensor (ppm): 
                  0          1          2    
      0     -18.534234 227.938309 -50.878497
      1     -338.555438  36.446406 466.829584
      2      33.487857 -338.187118 -10.811925
 P Tensor eigenvectors:
                   0          1          2    
      0      -0.810781  -0.003248  -0.585341
      1      -0.104089   0.984847   0.138713
      2      -0.576021  -0.173394   0.798833
 P Eigenvalues: 
                  0          1          2    
      0     -25.120460  13.401265  18.819442
P(iso)  2.366749
 Nucleus: 21 H 
 Shielding tensor (ppm): 
                  0          1          2    
      0     -18.805582 226.224269  51.221458
      1     -336.289058  36.663810 -467.995580
      2     -34.024866 339.062981 -11.135603
 P Tensor eigenvectors:
                   0          1          2    
      0      -0.813311  -0.003755   0.581817
      1      -0.105021   0.984502  -0.140452
      2       0.572272   0.175334   0.801101
 P Eigenvalues: 
                  0          1          2    
      0     -25.338037  13.333221  18.727440
P(iso)  2.240875
 Nucleus: 23 H 
 Shielding tensor (ppm): 
                  0          1          2    
      0      70.706724 -79.582961 -285.597926
      1     169.579688  -7.707775 -211.342955
      2     194.114250 155.946607  28.381373
 P Tensor eigenvectors:
                   0          1          2    
      0      -0.521747   0.706900  -0.477569
      1       0.763051   0.637030   0.109297
      2      -0.381487   0.307385   0.871769
 P Eigenvalues: 
                  0          1          2    
      0     -19.022440  44.687647  65.715115
P(iso)  30.460107
 Nucleus: 24 H 
 Shielding tensor (ppm): 
                  0          1          2    
      0      70.473895 -79.691072 285.214573
      1     169.556566  -7.896432 211.396181
      2     -193.477167 -155.938451  28.515619
 P Tensor eigenvectors:
                   0          1          2    
      0      -0.522278   0.707239   0.476486
      1       0.762383   0.637586  -0.110707
      2       0.382098  -0.305445   0.872184
 P Eigenvalues: 
                  0          1          2    
      0     -19.137289  44.605602  65.624768
P(iso)  30.364361
 Nucleus: 26 H 
 Shielding tensor (ppm): 
                  0          1          2    
      0      58.245652 243.572849 208.073499
      1     -303.691654 113.758616 319.241725
      2     -157.784764 -232.414638 139.816299
 P Tensor eigenvectors:
                   0          1          2    
      0      -0.677280   0.464653  -0.570429
      1       0.396236   0.883646   0.249332
      2      -0.619910   0.057157   0.782588
 P Eigenvalues: 
                  0          1          2    
      0     114.228141  82.895148 114.697279
P(iso)  103.940189
 Nucleus: 27 H 
 Shielding tensor (ppm): 
                  0          1          2    
      0      58.433976 243.509567 -207.685787
      1     -303.501572 113.971373 -319.675034
      2     157.012833 232.775152 139.698754
 P Tensor eigenvectors:
                   0          1          2    
      0      -0.678304   0.464474   0.569356
      1       0.394925   0.883884  -0.250568
      2       0.619627  -0.054892   0.782975
 P Eigenvalues: 
                  0          1          2    
      0     114.399815  82.946398 114.757889
P(iso)  104.034701
 Nucleus: 29 H 
 Shielding tensor (ppm): 
                  0          1          2    
      0      39.681610 -195.603137 -257.522432
      1     320.534124 -17.361897 -395.458565
      2     175.762453 286.918865 -16.960783
 P Tensor eigenvectors:
                   0          1          2    
      0      -0.699692   0.428862  -0.571409
      1       0.456931   0.883454   0.103551
      2      -0.549222   0.188640   0.814107
 P Eigenvalues: 
                  0          1          2    
      0     -33.436464  15.774749  23.020645
P(iso)  1.786310
 Nucleus: 30 H 
 Shielding tensor (ppm): 
                  0          1          2    
      0      39.458271 -195.462922 257.131711
      1     320.201362 -17.568378 395.735014
      2     -175.035844 -287.010948 -16.780056
 P Tensor eigenvectors:
                   0          1          2    
      0      -0.700454   0.428961   0.570401
      1       0.456007   0.883800  -0.104670
      2       0.549019  -0.186790   0.814670
 P Eigenvalues: 
                  0          1          2    
      0     -33.545606  15.716038  22.939406
P(iso)  1.703279
 Nucleus: 32 H 
 Shielding tensor (ppm): 
                  0          1          2    
      0      -4.892225 369.467204 -183.077635
      1     -442.292894  86.908794 -454.162531
      2     134.110866 327.041175  54.263456
 P Tensor eigenvectors:
                   0          1          2    
      0      -0.681218  -0.393621   0.617256
      1       0.255826  -0.917990  -0.303063
      2       0.685927  -0.048542   0.726050
 P Eigenvalues: 
                  0          1          2    
      0      42.213415  39.693312  54.373298
P(iso)  45.426675
 Nucleus: 33 H 
 Shielding tensor (ppm): 
                  0          1          2    
      0      -5.051397 369.758893 183.495930
      1     -442.802220  86.707189 453.435218
      2     -134.857147 -326.313840  54.437531
 P Tensor eigenvectors:
                   0          1          2    
      0      -0.680051  -0.393826  -0.618411
      1       0.256839  -0.918000   0.302176
      2      -0.686706   0.046663   0.725436
 P Eigenvalues: 
                  0          1          2    
      0      42.105770  39.658475  54.329078
P(iso)  45.364441
 Nucleus: 35 H 
 Shielding tensor (ppm): 
                  0          1          2    
      0      50.754928 -33.530406   0.576978
      1      21.397636 -172.985582   0.008620
      2      -0.005465  -0.043601 -154.859613
 P Tensor eigenvectors:
                   0          1          2    
      0      -0.983104   0.000779  -0.183046
      1      -0.183043   0.002589   0.983101
      2       0.001240   0.999996  -0.002403
 P Eigenvalues: 
                  0          1          2    
      0      41.074220 -154.859279 -163.305208
P(iso)  -92.363422
 Nucleus: 36 H 
 Shielding tensor (ppm): 
                  0          1          2    
      0     -108.367974 -298.677998  -0.309318
      1     388.083513  58.899808   1.454656
      2       0.338947  -0.873160 -94.765252
 P Tensor eigenvectors:
                   0          1          2    
      0      -0.003368  -0.482938  -0.875648
      1      -0.000894   0.875654  -0.482938
      2       0.999994  -0.000844  -0.003381
 P Eigenvalues: 
                  0          1          2    
      0     -94.765634 -17.920820 -31.546965
P(iso)  -48.077806
 Nucleus: 37 H 
 Shielding tensor (ppm): 
                  0          1          2    
      0     -110.773935  45.667013  -0.035264
      1     107.908428  16.867999  -0.021539
      2       0.169094   0.325948 -144.788563
 P Tensor eigenvectors:
                   0          1          2    
      0      -0.145497   0.004078   0.989350
      1      -0.989355  -0.003355  -0.145484
      2      -0.002726   0.999986  -0.004523
 P Eigenvalues: 
                  0          1          2    
      0      36.272483 -144.788754 -130.178227
P(iso)  -79.564833
 Nucleus: 44 H 
 Shielding tensor (ppm): 
                  0          1          2    
      0      41.761501 -36.427250   0.955330
      1       7.022674 -242.016108  -0.080862
      2      -0.056594  -0.115490 -173.986921
 P Tensor eigenvectors:
                   0          1          2    
      0       0.998475   0.001724  -0.055178
      1       0.055178   0.000023   0.998477
      2      -0.001723   0.999999   0.000072
 P Eigenvalues: 
                  0          1          2    
      0      39.275349 -173.984736 -239.532141
P(iso)  -124.747176
 Nucleus: 45 H 
 Shielding tensor (ppm): 
                  0          1          2    
      0       8.695708 -521.772541  -0.961833
      1     362.063923 163.803618   0.601233
      2       0.385942  -0.732426 111.291034
 P Tensor eigenvectors:
                   0          1          2    
      0      -0.001414   0.958523   0.285010
      1      -0.001540  -0.285012   0.958523
      2       0.999998   0.000917   0.001879
 P Eigenvalues: 
                  0          1          2    
      0     111.291622  64.926022 107.572715
P(iso)  94.596786
 Nucleus: 46 H 
 Shielding tensor (ppm): 
                  0          1          2    
      0      17.127982 548.888112   1.089807
      1     -306.308521 -103.503953  -0.439372
      2      -0.411283   0.880236 -86.762295
 P Tensor eigenvectors:
                   0          1          2    
      0      -0.001386   0.983770   0.179429
      1      -0.001676  -0.179432   0.983769
      2       0.999998   0.001063   0.001898
 P Eigenvalues: 
                  0          1          2    
      0     -86.763258 -29.575324 -56.799684
P(iso)  -57.712755
 Nucleus: 47 H 
 Shielding tensor (ppm): 
                  0          1          2    
      0      -2.995117 -587.218089  -0.188650
      1     330.022912 -69.617439   0.458085
      2       0.235779  -0.938583 -76.128537
 P Tensor eigenvectors:
                   0          1          2    
      0      -0.001405   0.996197  -0.087122
      1      -0.000524   0.087121   0.996198
      2       0.999999   0.001445   0.000399
 P Eigenvalues: 
                  0          1          2    
      0     -76.128395 -25.822807 -46.789892
P(iso)  -49.580365
 Nucleus: 48 H 
 Shielding tensor (ppm): 
                  0          1          2    
      0      19.210974 524.915189   0.217073
      1     -329.240979 138.607702  -0.413087
      2      -0.362283   0.820557  99.976874
 P Tensor eigenvectors:
                   0          1          2    
      0      -0.001286   0.983377  -0.181571
      1      -0.000648   0.181571   0.983378
      2       0.999999   0.001382   0.000403
 P Eigenvalues: 
                  0          1          2    
      0      99.976842  58.085386  99.733321
P(iso)  85.931850
# -----------------------------------------------------------
$ EPRNMR_ATensor
   description: Hyperfine A tensor
   geom. index: 1
   prop. index: 1
 Number of stored nuclei 25
 Source density: 1 SCF 
 Spin multiplicity: 2 
 Nucleus: 9 H  
 Isotope: 1 
 Nuclear Spin:  0.5 
 Prefactor (MHz): 533.551395 
 Raw A tensor (MHz): 
                  0          1          2    
      0     -14.513623  -6.096532  -0.004140
      1      -6.099210 -11.920628   0.003592
      2      -0.004140   0.003595 -15.915188
 A Tensor eigenvectors:
                   0          1          2    
      0      -0.629281   0.000170   0.777178
      1       0.777177  -0.000640   0.629281
      2       0.000604   1.000000   0.000271
 A Eigenvalues: 
                  0          1          2    
      0      -6.982947 -15.915191 -19.451301
A(iso)  -14.116480
 Nucleus: 10 H  
 Isotope: 1 
 Nuclear Spin:  0.5 
 Prefactor (MHz): 533.551395 
 Raw A tensor (MHz): 
                  0          1          2    
      0       7.819073   2.276101   0.003455
      1       2.277079   6.306280   0.002903
      2       0.003454   0.002902   4.078027
 A Tensor eigenvectors:
                   0          1          2    
      0      -0.000346  -0.585080  -0.810975
      1      -0.000950   0.810975  -0.585080
      2       0.999999   0.000568  -0.000836
 A Eigenvalues: 
                  0          1          2    
      0       4.078023   4.663719   9.461638
A(iso)  6.067793
 Nucleus: 12 H  
 Isotope: 1 
 Nuclear Spin:  0.5 
 Prefactor (MHz): 533.551395 
 Raw A tensor (MHz): 
                  0          1          2    
      0     -17.105269  -1.313495   0.006061
      1      -1.311975 -70.256599  -0.018551
      2       0.006061  -0.018562 -45.594315
 A Tensor eigenvectors:
                   0          1          2    
      0       0.999695   0.000247   0.024690
      1      -0.024690   0.000739   0.999695
      2       0.000228  -1.000000   0.000745
 A Eigenvalues: 
                  0          1          2    
      0     -17.072865 -45.594303 -70.289015
A(iso)  -44.318728
 Nucleus: 14 H  
 Isotope: 1 
 Nuclear Spin:  0.5 
 Prefactor (MHz): 533.551395 
 Raw A tensor (MHz): 
                  0          1          2    
      0      60.297761  -3.579729   1.883900
      1      -3.578603  62.069619  -1.934485
      2       1.882489  -1.934531  57.194662
 A Tensor eigenvectors:
                   0          1          2    
      0      -0.355477  -0.719877   0.596165
      1       0.091108  -0.661474  -0.744413
      2       0.930234  -0.210306   0.300725
 A Eigenvalues: 
                  0          1          2    
      0      56.285719  57.559116  65.717207
A(iso)  59.854014
 Nucleus: 15 H  
 Isotope: 1 
 Nuclear Spin:  0.5 
 Prefactor (MHz): 533.551395 
 Raw A tensor (MHz): 
                  0          1          2    
      0      60.058364  -3.579854  -1.880954
      1      -3.578722  61.794915   1.933770
      2      -1.879535   1.933820  56.925618
 A Tensor eigenvectors:
                   0          1          2    
      0       0.349814  -0.721342   0.597742
      1      -0.095255  -0.662136  -0.743305
      2       0.931964   0.203081  -0.300336
 A Eigenvalues: 
                  0          1          2    
      0      56.022373  57.302197  65.454326
A(iso)  59.592965
 Nucleus: 17 H  
 Isotope: 1 
 Nuclear Spin:  0.5 
 Prefactor (MHz): 533.551395 
 Raw A tensor (MHz): 
                  0          1          2    
      0      -2.163056   2.047473   0.648008
      1       2.047353   1.881047   1.350241
      2       0.647554   1.349217  -2.705771
 A Tensor eigenvectors:
                   0          1          2    
      0      -0.727224  -0.376489  -0.573934
      1       0.450815  -0.892504   0.014242
      2      -0.517601  -0.248381   0.818777
 A Eigenvalues: 
                  0          1          2    
      0      -2.971250   3.120349  -3.136879
A(iso)  -0.995927
 Nucleus: 18 H  
 Isotope: 1 
 Nuclear Spin:  0.5 
 Prefactor (MHz): 533.551395 
 Raw A tensor (MHz): 
                  0          1          2    
      0      -2.156095   2.054877  -0.637617
      1       2.054758   1.885332  -1.327752
      2      -0.637168  -1.326736  -2.714858
 A Tensor eigenvectors:
                   0          1          2    
      0      -0.727051  -0.377731   0.573337
      1       0.449443  -0.893118  -0.018471
      2       0.519035   0.244253   0.819111
 A Eigenvalues: 
                  0          1          2    
      0      -2.971328   3.117355  -3.131648
A(iso)  -0.995207
 Nucleus: 20 H  
 Isotope: 1 
 Nuclear Spin:  0.5 
 Prefactor (MHz): 533.551395 
 Raw A tensor (MHz): 
                  0          1          2    
      0       0.007942  -0.266771  -0.109148
      1      -0.267053   2.111090   0.375726
      2      -0.109270   0.375599   0.024614
 A Tensor eigenvectors:
                   0          1          2    
      0      -0.731986   0.669421  -0.126775
      1      -0.210495  -0.045229   0.976548
      2       0.647988   0.741505   0.174017
 A Eigenvalues: 
                  0          1          2    
      0       0.026998  -0.096042   2.212690
A(iso)  0.714549
 Nucleus: 21 H  
 Isotope: 1 
 Nuclear Spin:  0.5 
 Prefactor (MHz): 533.551395 
 Raw A tensor (MHz): 
                  0          1          2    
      0       0.006626  -0.264239   0.108653
      1      -0.264520   2.114406  -0.369915
      2       0.108773  -0.369788   0.023473
 A Tensor eigenvectors:
                   0          1          2    
      0       0.727674  -0.674353   0.125455
      1       0.208006   0.042658  -0.977197
      2       0.653624   0.737176   0.171310
 A Eigenvalues: 
                  0          1          2    
      0       0.027831  -0.096519   2.213194
A(iso)  0.714835
 Nucleus: 23 H  
 Isotope: 1 
 Nuclear Spin:  0.5 
 Prefactor (MHz): 533.551395 
 Raw A tensor (MHz): 
                  0          1          2    
      0      21.917663   1.519059  -0.882659
      1       1.518536  21.928058  -0.463486
      2      -0.882091  -0.463638  20.666032
 A Tensor eigenvectors:
                   0          1          2    
      0       0.627598  -0.355906  -0.692424
      1      -0.344803   0.670343  -0.657078
      2       0.698020   0.651131   0.297988
 A Eigenvalues: 
                  0          1          2    
      0      20.101781  20.671266  23.738707
A(iso)  21.503918
 Nucleus: 24 H  
 Isotope: 1 
 Nuclear Spin:  0.5 
 Prefactor (MHz): 533.551395 
 Raw A tensor (MHz): 
                  0          1          2    
      0      21.919222   1.517769   0.885340
      1       1.517247  21.930577   0.466217
      2       0.884773   0.466371  20.672184
 A Tensor eigenvectors:
                   0          1          2    
      0      -0.628349   0.355182   0.692115
      1       0.344209  -0.670920   0.656801
      2       0.697637   0.650932   0.299315
 A Eigenvalues: 
                  0          1          2    
      0      20.105213  20.674674  23.742097
A(iso)  21.507328
 Nucleus: 26 H  
 Isotope: 1 
 Nuclear Spin:  0.5 
 Prefactor (MHz): 533.551395 
 Raw A tensor (MHz): 
                  0          1          2    
      0      -0.759926  -0.346766  -0.088962
      1      -0.346404   0.790975   0.390144
      2      -0.088779   0.389870  -0.870012
 A Tensor eigenvectors:
                   0          1          2    
      0       0.974945  -0.204460   0.087620
      1       0.218319   0.955012  -0.200720
      2      -0.042639   0.214820   0.975722
 A Eigenvalues: 
                  0          1          2    
      0      -0.833618   0.952671  -0.958016
A(iso)  -0.279654
 Nucleus: 27 H  
 Isotope: 1 
 Nuclear Spin:  0.5 
 Prefactor (MHz): 533.551395 
 Raw A tensor (MHz): 
                  0          1          2    
      0      -0.760384  -0.346410   0.088884
      1      -0.346047   0.791632  -0.388709
      2       0.088701  -0.388434  -0.871030
 A Tensor eigenvectors:
                   0          1          2    
      0      -0.974774  -0.204227   0.090043
      1      -0.218549   0.955253  -0.199318
      2      -0.045307  -0.213968  -0.975789
 A Eigenvalues: 
                  0          1          2    
      0      -0.833852   0.952472  -0.958403
A(iso)  -0.279928
 Nucleus: 29 H  
 Isotope: 1 
 Nuclear Spin:  0.5 
 Prefactor (MHz): 533.551395 
 Raw A tensor (MHz): 
                  0          1          2    
      0      -0.035675   0.273434  -0.063300
      1       0.273554   0.673175  -0.119384
      2      -0.063311  -0.119312  -0.096932
 A Tensor eigenvectors:
                   0          1          2    
      0       0.531598  -0.783257   0.322355
      1      -0.309356   0.174744   0.934753
      2      -0.788481  -0.596635  -0.149412
 A Eigenvalues: 
                  0          1          2    
      0      -0.101028  -0.144983   0.786580
A(iso)  0.180190
 Nucleus: 30 H  
 Isotope: 1 
 Nuclear Spin:  0.5 
 Prefactor (MHz): 533.551395 
 Raw A tensor (MHz): 
                  0          1          2    
      0      -0.035710   0.273176   0.063672
      1       0.273296   0.673034   0.120442
      2       0.063682   0.120371  -0.096418
 A Tensor eigenvectors:
                   0          1          2    
      0      -0.531007   0.783743  -0.322147
      1       0.310186  -0.174001  -0.934616
      2      -0.788553  -0.596213  -0.150711
 A Eigenvalues: 
                  0          1          2    
      0      -0.100853  -0.144883   0.786642
A(iso)  0.180302
 Nucleus: 32 H  
 Isotope: 1 
 Nuclear Spin:  0.5 
 Prefactor (MHz): 533.551395 
 Raw A tensor (MHz): 
                  0          1          2    
      0      -0.097667   0.008502  -0.000215
      1       0.008586   0.364493  -0.063152
      2      -0.000221  -0.063124  -0.115731
 A Tensor eigenvectors:
                   0          1          2    
      0       0.999275  -0.033574  -0.017978
      1      -0.013515   0.128733  -0.991587
      2       0.035606   0.991111   0.128186
 A Eigenvalues: 
                  0          1          2    
      0      -0.097791  -0.123923   0.372809
A(iso)  0.050365
 Nucleus: 33 H  
 Isotope: 1 
 Nuclear Spin:  0.5 
 Prefactor (MHz): 533.551395 
 Raw A tensor (MHz): 
                  0          1          2    
      0      -0.097707   0.008402   0.000276
      1       0.008487   0.364319   0.063638
      2       0.000282   0.063610  -0.115636
 A Tensor eigenvectors:
                   0          1          2    
      0       0.999358  -0.031100   0.017783
      1      -0.013606   0.129702   0.991460
      2      -0.033141  -0.991065   0.129196
 A Eigenvalues: 
                  0          1          2    
      0      -0.097832  -0.123952   0.372760
A(iso)  0.050326
 Nucleus: 35 H  
 Isotope: 1 
 Nuclear Spin:  0.5 
 Prefactor (MHz): 533.551395 
 Raw A tensor (MHz): 
                  0          1          2    
      0       2.122215   0.166756  -0.002896
      1       0.166714   4.784063   0.001077
      2      -0.002895   0.001077   3.198484
 A Tensor eigenvectors:
                   0          1          2    
      0      -0.998055  -0.002751   0.062281
      1       0.062282  -0.000390   0.998059
      2      -0.002722   0.999996   0.000560
 A Eigenvalues: 
                  0          1          2    
      0       2.111803   3.198492   4.794467
A(iso)  3.368254
 Nucleus: 36 H  
 Isotope: 1 
 Nuclear Spin:  0.5 
 Prefactor (MHz): 533.551395 
 Raw A tensor (MHz): 
                  0          1          2    
      0      -0.758839   0.235992   0.000767
      1       0.235889   0.707964   0.002645
      2       0.000767   0.002645  -0.780238
 A Tensor eigenvectors:
                   0          1          2    
      0      -0.155029  -0.021708   0.987671
      1      -0.987908   0.005220  -0.154952
      2      -0.001792  -0.999751  -0.022255
 A Eigenvalues: 
                  0          1          2    
      0       0.744986  -0.780235  -0.795864
A(iso)  -0.277038
 Nucleus: 37 H  
 Isotope: 1 
 Nuclear Spin:  0.5 
 Prefactor (MHz): 533.551395 
 Raw A tensor (MHz): 
                  0          1          2    
      0      -0.113908   0.065230   0.000049
      1       0.065294   0.223228   0.000212
      2       0.000049   0.000212  -0.128140
 A Tensor eigenvectors:
                   0          1          2    
      0       0.982998   0.004342   0.183563
      1      -0.183564  -0.000203   0.983008
      2       0.004306  -0.999991   0.000598
 A Eigenvalues: 
                  0          1          2    
      0      -0.126100  -0.128140   0.235421
A(iso)  -0.006273
 Nucleus: 44 H  
 Isotope: 1 
 Nuclear Spin:  0.5 
 Prefactor (MHz): 533.551395 
 Raw A tensor (MHz): 
                  0          1          2    
      0      -0.517244  -0.228715   0.003356
      1      -0.228746  -3.031078  -0.001623
      2       0.003355  -0.001623  -1.972056
 A Tensor eigenvectors:
                   0          1          2    
      0      -0.995950  -0.002464   0.089875
      1       0.089877  -0.001000   0.995952
      2      -0.002364   0.999996   0.001217
 A Eigenvalues: 
                  0          1          2    
      0      -0.496593  -1.972062  -3.051722
A(iso)  -1.840126
 Nucleus: 45 H  
 Isotope: 1 
 Nuclear Spin:  0.5 
 Prefactor (MHz): 533.551395 
 Raw A tensor (MHz): 
                  0          1          2    
      0      -1.852654   0.239859   0.000686
      1       0.239300  -0.972373   0.002029
      2       0.000685   0.002031  -2.227361
 A Tensor eigenvectors:
                   0          1          2    
      0       0.246902   0.969040   0.000906
      1       0.969039  -0.246904   0.001444
