-------------------------------------------------------------
----------------------- !PROPERTIES! ------------------------
-------------------------------------------------------------
# -----------------------------------------------------------
$ PAL_Flags
   description: The PAL Flags
   geom. index: 1
   prop. index: 1
        Diskflag:     2
# -----------------------------------------------------------
$ SCF_Energy
   description: The SCF energy
   geom. index: 1
   prop. index: 1
        SCF Energy:     -928.9721103740
# -----------------------------------------------------------
$ DFT_Energy
   description: The DFT energy
   geom. index: 1
   prop. index: 1
   Number of Alpha Electrons                 85.0001230201 
   Number of Beta  Electrons                 84.0001109609 
   Total number of  Electrons               169.0002339810 
   Exchange energy                         -105.5493172371 
   Correlation energy                        -6.5769771183 
   Correlation energy NL                      0.0000000000 
   Exchange-Correlation energy             -112.1262943554 
   Embedding correction                       0.0000000000 
   Total DFT Energy (No VdW correction)    -928.9721103740 
# -----------------------------------------------------------
$ Mayer_Pop
   description: The Mayer population analysis
   geom. index: 1
   prop. index: 1
     Number of atoms                     : 49
     Threshold for printing              : 0.1000000
     Number of bond orders printed       : 58
  NA   - Mulliken gross atomic population
  ZA   - Total nuclear charge
  QA   - Mulliken gross atomic charge
  VA   - Mayer's total valence
  BVA  - Mayer's bonded valence
  FA   - Mayer's free valence
  ATOM       NA         ZA         QA         VA         BVA        FA
  0   0     6.3110     6.0000    -0.3110     3.9449     3.9390     0.0059
  1   0     6.3916     6.0000    -0.3916     3.7738     3.7718     0.0020
  2   0     5.9994     6.0000     0.0006     3.8144     3.8140     0.0004
  3   0     5.5040     6.0000     0.4960     3.8602     3.8264     0.0338
  4   0     5.6189     6.0000     0.3811     3.9621     3.9476     0.0145
  5   0     6.4421     6.0000    -0.4421     4.2452     4.2107     0.0345
  6   0     5.5831     6.0000     0.4169     3.9617     3.9546     0.0071
  7   0     5.6988     6.0000     0.3012     3.8268     3.7896     0.0372
  8   0     6.4036     6.0000    -0.4036     4.3325     4.3245     0.0080
  9   0     0.8696     1.0000     0.1304     0.9657     0.9655     0.0002
 10   0     0.8690     1.0000     0.1310     0.9669     0.9669     0.0000
 11   0     6.2618     6.0000    -0.2618     3.9885     3.6178     0.3707
 12   0     0.8743     1.0000     0.1257     0.9834     0.9818     0.0016
 13   0     6.2678     6.0000    -0.2678     3.9658     3.9644     0.0014
 14   0     0.8495     1.0000     0.1505     0.9645     0.9635     0.0010
 15   0     0.8497     1.0000     0.1503     0.9645     0.9635     0.0010
 16   0     6.2825     6.0000    -0.2825     3.9031     3.9031     0.0000
 17   0     0.8475     1.0000     0.1525     0.9642     0.9642     0.0000
 18   0     0.8476     1.0000     0.1524     0.9642     0.9642     0.0000
 19   0     6.5075     6.0000    -0.5075     3.9063     3.9063     0.0000
 20   0     0.8423     1.0000     0.1577     0.9658     0.9658     0.0000
 21   0     0.8424     1.0000     0.1576     0.9658     0.9658     0.0000
 22   0     6.3851     6.0000    -0.3851     4.0593     4.0591     0.0002
 23   0     0.8470     1.0000     0.1530     0.9627     0.9626     0.0001
 24   0     0.8470     1.0000     0.1530     0.9627     0.9626     0.0001
 25   0     6.2653     6.0000    -0.2653     4.0205     4.0205     0.0000
 26   0     0.8605     1.0000     0.1395     0.9667     0.9667     0.0000
 27   0     0.8605     1.0000     0.1395     0.9667     0.9667     0.0000
 28   0     6.2547     6.0000    -0.2547     3.8881     3.8881     0.0000
 29   0     0.8576     1.0000     0.1424     0.9675     0.9675     0.0000
 30   0     0.8576     1.0000     0.1424     0.9675     0.9675     0.0000
 31   0     6.5087     6.0000    -0.5087     3.9006     3.9006     0.0000
 32   0     0.8423     1.0000     0.1577     0.9658     0.9658     0.0000
 33   0     0.8423     1.0000     0.1577     0.9658     0.9658     0.0000
 34   0     6.5469     6.0000    -0.5469     3.8842     3.8827     0.0015
 35   0     0.8172     1.0000     0.1828     0.9775     0.9775     0.0000
 36   0     0.8553     1.0000     0.1447     0.9674     0.9674     0.0000
 37   0     0.8568     1.0000     0.1432     0.9671     0.9671     0.0000
 38   0     6.1231     6.0000    -0.1231     4.0787     4.0781     0.0006
 39   0     6.0986     6.0000    -0.0986     4.1018     4.1017     0.0001
 40   0     6.2835     6.0000    -0.2835     4.1997     4.1992     0.0005
 41   0     5.3983     6.0000     0.6017     3.9307     3.9304     0.0003
 42   0     6.2774     6.0000    -0.2774     4.2020     4.2015     0.0005
 43   0     6.0996     6.0000    -0.0996     4.0983     4.0982     0.0001
 44   0     0.8943     1.0000     0.1057     0.9585     0.9585     0.0000
 45   0     0.8816     1.0000     0.1184     0.9609     0.9609     0.0000
 46   0     0.8953     1.0000     0.1047     0.9617     0.9617     0.0000
 47   0     0.8950     1.0000     0.1050     0.9618     0.9618     0.0000
 48   0     0.8843     1.0000     0.1157     0.9613     0.9613     0.0000
      Bond orders larger than 0.1000000
           Atom A     A.N. of A          Atom B    A.N. of B              Bond order
                0             6               1            6                2.471248
                0             6               3            6                0.102959
                0             6              41            6                1.021467
                1             6               3            6                0.815609
                1             6               4            6                0.104447
                2             6               6            6                0.905496
                2             6              34            6                2.707819
                3             6               4            6                1.259027
                3             6               7            6                0.103971
                3             6               8            6                1.449593
                4             6               5            6                1.239406
                4             6               6            6                0.108245
                4             6              11            6                1.301537
                5             6               6            6                1.480037
                5             6               9            1                0.976182
                5             6              34            6                0.102749
                6             6               7            6                1.314051
                6             6               8            6                0.103777
                7             6               8            6                1.422985
                7             6              22            6                0.942573
                8             6              10            1                0.972735
               11             6              12            1                0.981276
               11             6              13            6                1.001245
               13             6              14            1                0.955144
               13             6              15            1                0.955033
               13             6              16            6                0.982468
               16             6              17            1                0.972096
               16             6              18            1                0.972017
               16             6              19            6                0.961476
               19             6              20            1                0.972716
               19             6              21            1                0.972731
               19             6              36            1                0.967246
               22             6              23            1                0.959467
               22             6              24            1                0.959502
               22             6              25            6                1.020897
               25             6              26            1                0.960569
               25             6              27            1                0.960596
               25             6              28            6                0.987530
               28             6              29            1                0.970994
               28             6              30            1                0.970998
               28             6              31            6                0.953835
               31             6              32            1                0.973000
               31             6              33            1                0.972996
               31             6              37            1                0.967465
               34             6              35            1                0.984253
               38             6              39            6                1.453177
               38             6              40            6                0.103510
               38             6              42            6                0.100522
               38             6              43            6                1.451490
               38             6              44            1                0.965767
               39             6              40            6                1.478110
               39             6              46            1                0.976999
               40             6              41            6                1.383871
               40             6              48            1                0.981559
               41             6              42            6                1.380115
               42             6              43            6                1.477877
               42             6              45            1                0.982836
               43             6              47            1                0.976312
# -----------------------------------------------------------
$ Calculation_Info
   description: Details of the calculation
   geom. index: 1
   prop. index: 1
     Multiplicity:                          2
     Charge:                                0
     number of atoms:                       49
     number of electrons:                   0
     number of frozen core electrons:       1
     number of correlated electrons:        0
     number of basis functions:             583
     number of aux C basis functions:       4070
     number of aux J basis functions:       4070
     number of aux JK basis functions:      4070
     number of aux CABS basis functions:    0
     Total Energy                           -928.972110
# -----------------------------------------------------------
$ SCF_Electric_Properties
   description: The SCF Calculated Electric Properties
   geom. index: 1
   prop. index: 1
       Filename                          : EPRII.scfp 
       Do Dipole Moment Calculation      : true 
       Do Quadrupole Moment Calculation  : false 
       Do Polarizability Calculation     : false 
** Dipole moment part of electric properties **
        Magnitude of dipole moment (Debye) :        0.4962671639
        Electronic Contribution:
                  0    
      0      10.591224
      1       2.020158
      2       0.005188
        Nuclear Contribution:
                  0    
      0     -10.397410
      1      -1.996598
      2      -0.004443
        Total Dipole moment:
                  0    
      0       0.193814
      1       0.023560
      2       0.000745
# -----------------------------------------------------------
$ EPRNMR_GTensor
   description: Electronic g tensor
   geom. index: 1
   prop. index: 1
 Source density: 1 SCF 
 Spin multiplicity: 2 
 raw g tensor: 
                  0          1          2    
      0       2.002783   0.000108   0.000000
      1       0.000057   2.002786   0.000000
      2       0.000000   0.000001   2.002188
 g tensor: 
                  0          1          2    
      0      -0.000299  -0.713569  -0.700585
      1      -0.001192   0.700584  -0.713568
      2       0.999999   0.000621  -0.001060
 G eigenvalues: 
                  0          1          2    
      0       2.002188   2.002701   2.002867
# -----------------------------------------------------------
$ EPRNMR_OrbitalShielding
   description: Orbital contribution to the NMR Shielding tensor (ppm)
   geom. index: 1
   prop. index: 1
 Number of stored nuclei 25
 Source density: 1 SCF 
 Nucleus: 9 H 
 Shielding tensor (ppm): 
                  0          1          2    
      0      27.092029   5.871257   0.007518
      1       5.128836  26.294176   0.007519
      2       0.010881   0.009288  19.731164
 P Tensor eigenvectors:
                   0          1          2    
      0      -0.000750  -0.686125  -0.727484
      1      -0.000608   0.727484  -0.686124
      2       1.000000  -0.000072  -0.000963
 P Eigenvalues: 
                  0          1          2    
      0      19.731151  21.179141  32.207077
P(iso)  24.372456
 Nucleus: 10 H 
 Shielding tensor (ppm): 
                  0          1          2    
      0      28.419461   5.965642   0.009104
      1       5.781962  26.092877   0.007839
      2       0.008158   0.007850  19.080787
 P Tensor eigenvectors:
                   0          1          2    
      0      -0.000475  -0.636016  -0.771676
      1      -0.000728   0.771676  -0.636016
      2       1.000000   0.000260  -0.000829
 P Eigenvalues: 
                  0          1          2    
      0      19.080777  21.268316  33.244032
P(iso)  24.531042
 Nucleus: 12 H 
 Shielding tensor (ppm): 
                  0          1          2    
      0      23.337345  -2.690693   0.002437
      1      -1.756641  32.738782   0.009136
      2       0.004489   0.007415  19.708358
 P Tensor eigenvectors:
                   0          1          2    
      0      -0.001487   0.977485  -0.211002
      1      -0.000894   0.211000   0.977486
      2       0.999998   0.001642   0.000560
 P Eigenvalues: 
                  0          1          2    
      0      19.708345  22.838654  33.237486
P(iso)  25.261495
 Nucleus: 14 H 
 Shielding tensor (ppm): 
                  0          1          2    
      0      29.022316   1.283153   3.257809
      1       0.532510  30.580871  -0.368969
      2       4.089290  -1.334084  27.883131
 P Tensor eigenvectors:
                   0          1          2    
      0      -0.636101  -0.049138   0.770039
      1       0.188173  -0.977718   0.093053
      2       0.748309   0.204092   0.631174
 P Eigenvalues: 
                  0          1          2    
      0      24.485239  30.818121  32.182959
P(iso)  29.162106
 Nucleus: 15 H 
 Shielding tensor (ppm): 
                  0          1          2    
      0      29.055310   1.301095  -3.248769
      1       0.546323  30.586240   0.374575
      2      -4.085392   1.337608  27.842802
 P Tensor eigenvectors:
                   0          1          2    
      0       0.632444  -0.039905   0.773577
      1      -0.189785  -0.976216   0.104802
      2       0.750997  -0.213094  -0.624976
 P Eigenvalues: 
                  0          1          2    
      0      24.477367  30.825006  32.181980
P(iso)  29.161451
 Nucleus: 17 H 
 Shielding tensor (ppm): 
                  0          1          2    
      0      30.965331  -0.968632   4.484726
      1      -0.518613  30.301449  -0.526312
      2       4.327885   0.772336  28.294280
 P Tensor eigenvectors:
                   0          1          2    
      0      -0.598895   0.049169  -0.799317
      1      -0.089971   0.987663   0.128166
      2       0.795758   0.148673  -0.587083
 P Eigenvalues: 
                  0          1          2    
      0      24.970944  30.287011  34.303105
P(iso)  29.853686
 Nucleus: 18 H 
 Shielding tensor (ppm): 
                  0          1          2    
      0      31.004864  -0.955677  -4.480746
      1      -0.509140  30.301770   0.527336
      2      -4.319049  -0.766421  28.252841
 P Tensor eigenvectors:
                   0          1          2    
      0       0.595396   0.050152  -0.801865
      1       0.087727   0.988024   0.126934
      2       0.798628  -0.145921   0.583866
 P Eigenvalues: 
                  0          1          2    
      0      24.966626  30.286196  34.306654
P(iso)  29.853159
 Nucleus: 20 H 
 Shielding tensor (ppm): 
                  0          1          2    
      0      30.099768  -1.687641  -3.906359
      1      -2.426892  31.087235   2.626540
      2      -3.209225   2.188466  30.980039
 P Tensor eigenvectors:
                   0          1          2    
      0      -0.747554   0.360436  -0.557897
      1       0.016127   0.849554   0.527255
      2      -0.664005  -0.385154   0.640900
 P Eigenvalues: 
                  0          1          2    
      0      26.954150  29.095432  36.117460
P(iso)  30.722347
 Nucleus: 21 H 
 Shielding tensor (ppm): 
                  0          1          2    
      0      30.066952  -1.690954   3.894593
      1      -2.424852  31.100677  -2.639985
      2       3.194277  -2.196751  30.998210
 P Tensor eigenvectors:
                   0          1          2    
      0      -0.750613   0.358852   0.554803
      1       0.014245   0.848259  -0.529390
      2       0.660589   0.389464   0.641825
 P Eigenvalues: 
                  0          1          2    
      0      26.957046  29.092013  36.116780
P(iso)  30.721946
 Nucleus: 23 H 
 Shielding tensor (ppm): 
                  0          1          2    
      0      28.680146  -1.790329  -3.469860
      1      -1.224933  31.362163   0.153982
      2      -4.864909  -0.800464  26.648883
 P Tensor eigenvectors:
                   0          1          2    
      0       0.614799   0.426530  -0.663396
      1       0.135540   0.771489   0.621638
      2       0.776950  -0.472099   0.416498
 P Eigenvalues: 
                  0          1          2    
      0      23.202650  30.745321  32.743221
P(iso)  28.897064
 Nucleus: 24 H 
 Shielding tensor (ppm): 
                  0          1          2    
      0      28.672297  -1.794055   3.471054
      1      -1.229954  31.360769  -0.149811
      2       4.864338   0.804230  26.657028
 P Tensor eigenvectors:
                   0          1          2    
      0      -0.615522   0.425961  -0.663091
      1      -0.136380   0.771098   0.621939
      2       0.776230   0.473250  -0.416535
 P Eigenvalues: 
                  0          1          2    
      0      23.202367  30.745342  32.742386
P(iso)  28.896698
 Nucleus: 26 H 
 Shielding tensor (ppm): 
                  0          1          2    
      0      30.465223   0.950096  -3.773156
      1       0.805500  31.450309   0.160468
      2      -3.645647   1.368282  28.189466
 P Tensor eigenvectors:
                   0          1          2    
      0       0.590617   0.019304   0.806721
      1      -0.171109  -0.973985   0.148579
      2       0.788602  -0.225791  -0.571949
 P Eigenvalues: 
                  0          1          2    
      0      25.239686  31.619225  33.246087
P(iso)  30.034999
 Nucleus: 27 H 
 Shielding tensor (ppm): 
                  0          1          2    
      0      30.458209   0.947780   3.777646
      1       0.802032  31.452415  -0.155729
      2       3.648077  -1.364231  28.195488
 P Tensor eigenvectors:
                   0          1          2    
      0      -0.591421   0.019195   0.806134
      1       0.170273  -0.974201   0.148118
      2       0.788180   0.224863   0.572895
 P Eigenvalues: 
                  0          1          2    
      0      25.239695  31.619662  33.246755
P(iso)  30.035371
 Nucleus: 29 H 
 Shielding tensor (ppm): 
                  0          1          2    
      0      30.854523  -0.163948  -4.708708
      1       0.050339  30.948209  -0.446540
      2      -4.394198  -1.118588  28.633117
 P Tensor eigenvectors:
                   0          1          2    
      0       0.612352  -0.163043  -0.773590
      1       0.103015   0.986616  -0.126397
      2       0.783845  -0.002292   0.620953
 P Eigenvalues: 
                  0          1          2    
      0      24.987814  30.964119  34.483915
P(iso)  30.145283
 Nucleus: 30 H 
 Shielding tensor (ppm): 
                  0          1          2    
      0      30.843752  -0.168685   4.711752
      1       0.046504  30.946340   0.449137
      2       4.396686   1.120873  28.645536
 P Tensor eigenvectors:
                   0          1          2    
      0      -0.613291  -0.163202  -0.772812
      1      -0.103711   0.986588  -0.126044
      2       0.783019   0.002847  -0.621992
 P Eigenvalues: 
                  0          1          2    
      0      24.987783  30.963439  34.484406
P(iso)  30.145209
 Nucleus: 32 H 
 Shielding tensor (ppm): 
                  0          1          2    
      0      30.316082  -1.575964   4.014010
      1      -2.444787  30.861862  -2.332741
      2       3.311883  -1.964848  30.931409
 P Tensor eigenvectors:
                   0          1          2    
      0      -0.742507   0.320665   0.588097
      1      -0.013670   0.870531  -0.491923
      2       0.669699   0.373295   0.641992
 P Eigenvalues: 
                  0          1          2    
      0      26.947844  29.173407  35.988102
P(iso)  30.703118
 Nucleus: 33 H 
 Shielding tensor (ppm): 
                  0          1          2    
      0      30.325852  -1.575015  -4.015643
      1      -2.445044  30.858433   2.329811
      2      -3.315065   1.962266  30.925091
 P Tensor eigenvectors:
                   0          1          2    
      0      -0.741592   0.321209  -0.588954
      1      -0.013061   0.870840   0.491392
      2      -0.670724  -0.372105   0.641613
 P Eigenvalues: 
                  0          1          2    
      0      26.947865  29.173586  35.987926
P(iso)  30.703125
 Nucleus: 35 H 
 Shielding tensor (ppm): 
                  0          1          2    
      0      35.684481  -0.611870   0.018900
      1      -1.001301  25.725756  -0.000764
      2       0.002397   0.000498  24.117962
 P Tensor eigenvectors:
                   0          1          2    
      0      -0.001086  -0.077048   0.997027
      1      -0.000403  -0.997027  -0.077048
      2       0.999999  -0.000486   0.001052
 P Eigenvalues: 
                  0          1          2    
      0      24.117952  25.660953  35.749293
P(iso)  28.509399
 Nucleus: 36 H 
 Shielding tensor (ppm): 
                  0          1          2    
      0      29.613012   2.396715   0.011558
      1       3.773826  35.943809   0.023919
      2       0.013973   0.021491  25.791486
 P Tensor eigenvectors:
                   0          1          2    
      0      -0.002031   0.922304   0.386461
      1      -0.001616  -0.386464   0.922303
      2       0.999997   0.001249   0.002275
 P Eigenvalues: 
                  0          1          2    
      0      25.791423  28.359136  37.197748
P(iso)  30.449436
 Nucleus: 37 H 
 Shielding tensor (ppm): 
                  0          1          2    
      0      28.995295   1.965889   0.003235
      1       3.229290  36.575643   0.007015
      2       0.003578   0.006012  25.866839
 P Tensor eigenvectors:
                   0          1          2    
      0      -0.000733   0.952320   0.305102
      1      -0.000431  -0.305102   0.952320
      2       1.000000   0.000566   0.000634
 P Eigenvalues: 
                  0          1          2    
      0      25.866834  28.191446  37.379497
P(iso)  30.479259
 Nucleus: 44 H 
 Shielding tensor (ppm): 
                  0          1          2    
      0      24.148177   0.185179   0.006486
      1       0.183908  27.365190   0.006220
      2       0.006864   0.006421  21.468540
 P Tensor eigenvectors:
                   0          1          2    
      0      -0.002418   0.998367   0.057074
      1      -0.000994  -0.057076   0.998369
      2       0.999997   0.002358   0.001130
 P Eigenvalues: 
                  0          1          2    
      0      21.468518  24.137640  27.375749
P(iso)  24.327302
 Nucleus: 45 H 
 Shielding tensor (ppm): 
                  0          1          2    
      0      27.331749  -3.476664   0.012321
      1      -2.546897  24.670432  -0.002545
      2       0.014438  -0.004081  20.166914
 P Tensor eigenvectors:
                   0          1          2    
      0      -0.002152  -0.553298   0.832981
      1      -0.000709  -0.832982  -0.553300
      2       0.999997  -0.001782   0.001400
 P Eigenvalues: 
                  0          1          2    
      0      20.166888  22.708986  29.293222
P(iso)  24.056365
 Nucleus: 46 H 
 Shielding tensor (ppm): 
                  0          1          2    
      0      27.000607  -1.711329   0.012363
      1      -1.692834  24.751539  -0.001042
      2       0.013078  -0.000706  21.147680
 P Tensor eigenvectors:
                   0          1          2    
      0      -0.002430  -0.473840   0.880608
      1      -0.000904  -0.880609  -0.473843
      2       0.999997  -0.001948   0.001712
 P Eigenvalues: 
                  0          1          2    
      0      21.147650  23.836069  27.916107
P(iso)  24.299942
 Nucleus: 47 H 
 Shielding tensor (ppm): 
                  0          1          2    
      0      27.313854   1.292287   0.015961
      1       1.293631  24.373190   0.006268
      2       0.016498   0.006123  21.188914
 P Tensor eigenvectors:
                   0          1          2    
      0      -0.002443  -0.352869  -0.935670
      1      -0.000953   0.935673  -0.352868
      2       0.999997   0.000029  -0.002622
 P Eigenvalues: 
                  0          1          2    
      0      21.188869  23.885559  27.801531
P(iso)  24.291986
 Nucleus: 48 H 
 Shielding tensor (ppm): 
                  0          1          2    
      0      28.308980   2.719411   0.021688
      1       1.824652  23.926814   0.008416
      2       0.023885   0.010486  19.933061
 P Tensor eigenvectors:
                   0          1          2    
      0      -0.002427  -0.398912  -0.916986
      1      -0.000967   0.916989  -0.398911
      2       0.999997  -0.000081  -0.002611
 P Eigenvalues: 
                  0          1          2    
      0      19.932996  22.961943  29.273917
P(iso)  24.056285
# -----------------------------------------------------------
$ EPRNMR_ATensor
   description: Hyperfine A tensor
   geom. index: 1
   prop. index: 1
 Number of stored nuclei 25
 Source density: 1 SCF 
 Spin multiplicity: 2 
 Nucleus: 9 H  
 Isotope: 1 
 Nuclear Spin:  0.5 
 Prefactor (MHz): 533.551395 
 Raw A tensor (MHz): 
                  0          1          2    
      0     -15.654539  -6.169782  -0.004141
      1      -6.172569 -12.970692   0.003642
      2      -0.004142   0.003645 -17.095345
 A Tensor eigenvectors:
                   0          1          2    
      0      -0.627483   0.000168   0.778630
      1       0.778630  -0.000632   0.627483
      2       0.000597   1.000000   0.000266
 A Eigenvalues: 
                  0          1          2    
      0      -7.997220 -17.095348 -20.628007
A(iso)  -15.240192
 Nucleus: 10 H  
 Isotope: 1 
 Nuclear Spin:  0.5 
 Prefactor (MHz): 533.551395 
 Raw A tensor (MHz): 
                  0          1          2    
      0       8.362625   2.290094   0.003449
      1       2.291212   6.833165   0.002858
      2       0.003451   0.002858   4.606077
 A Tensor eigenvectors:
                   0          1          2    
      0      -0.000363  -0.584493  -0.811399
      1      -0.000910   0.811399  -0.584492
      2       1.000000   0.000526  -0.000827
 A Eigenvalues: 
                  0          1          2    
      0       4.606073   5.182962  10.012832
A(iso)  6.600622
 Nucleus: 12 H  
 Isotope: 1 
 Nuclear Spin:  0.5 
 Prefactor (MHz): 533.551395 
 Raw A tensor (MHz): 
                  0          1          2    
      0     -20.057025  -1.272060   0.006448
      1      -1.270246 -73.238757  -0.018590
      2       0.006452  -0.018599 -48.434030
 A Tensor eigenvectors:
                   0          1          2    
      0       0.999714   0.000260   0.023899
      1      -0.023899   0.000736   0.999714
      2       0.000243  -1.000000   0.000742
 A Eigenvalues: 
                  0          1          2    
      0     -20.026657 -48.434018 -73.269136
A(iso)  -47.243271
 Nucleus: 14 H  
 Isotope: 1 
 Nuclear Spin:  0.5 
 Prefactor (MHz): 533.551395 
 Raw A tensor (MHz): 
                  0          1          2    
      0      72.223998  -3.521893   1.975330
      1      -3.520870  73.889036  -1.905579
      2       1.973843  -1.905778  68.994725
 A Tensor eigenvectors:
                   0          1          2    
      0      -0.371467  -0.706940   0.601870
      1       0.077764  -0.669667  -0.738579
      2       0.925184  -0.227554   0.303734
 A Eigenvalues: 
                  0          1          2    
      0      68.041920  69.523825  77.542015
A(iso)  71.702586
 Nucleus: 15 H  
 Isotope: 1 
 Nuclear Spin:  0.5 
 Prefactor (MHz): 533.551395 
 Raw A tensor (MHz): 
                  0          1          2    
      0      71.933891  -3.521277  -1.971732
      1      -3.520248  73.563352   1.904848
      2      -1.970241   1.905048  68.673415
 A Tensor eigenvectors:
                   0          1          2    
      0       0.366118  -0.708380   0.603453
      1      -0.081649  -0.670430  -0.737466
      2       0.926980   0.220728  -0.303295
 A Eigenvalues: 
                  0          1          2    
      0      67.727348  69.215851  77.227459
A(iso)  71.390219
 Nucleus: 17 H  
 Isotope: 1 
 Nuclear Spin:  0.5 
 Prefactor (MHz): 533.551395 
 Raw A tensor (MHz): 
                  0          1          2    
      0      -2.350155   2.035566   0.641827
      1       2.035299   1.709004   1.336494
      2       0.641234   1.335373  -2.874014
 A Tensor eigenvectors:
                   0          1          2    
      0      -0.374520   0.700326  -0.607683
      1      -0.893670  -0.447339   0.035239
      2      -0.247161   0.556266   0.793397
 A Eigenvalues: 
                  0          1          2    
      0       2.931114  -3.140327  -3.305953
A(iso)  -1.171722
 Nucleus: 18 H  
 Isotope: 1 
 Nuclear Spin:  0.5 
 Prefactor (MHz): 533.551395 
 Raw A tensor (MHz): 
                  0          1          2    
      0      -2.343493   2.043050  -0.631587
      1       2.042783   1.712840  -1.314179
      2      -0.631001  -1.313066  -2.883259
 A Tensor eigenvectors:
                   0          1          2    
      0       0.375750  -0.699242   0.608172
      1       0.894273   0.445727  -0.040040
      2      -0.243081   0.558917   0.792795
 A Eigenvalues: 
                  0          1          2    
      0       2.927926  -3.140732  -3.301107
A(iso)  -1.171304
 Nucleus: 20 H  
 Isotope: 1 
 Nuclear Spin:  0.5 
 Prefactor (MHz): 533.551395 
 Raw A tensor (MHz): 
                  0          1          2    
      0       0.083557  -0.272304  -0.104073
      1      -0.272676   2.195461   0.379958
      2      -0.104227   0.379767   0.108774
 A Tensor eigenvectors:
                   0          1          2    
      0      -0.678836   0.723015   0.128185
      1       0.042572   0.213029  -0.976118
      2      -0.733055  -0.657167  -0.175392
 A Eigenvalues: 
                  0          1          2    
      0      -0.010679   0.098963   2.299509
A(iso)  0.795931
 Nucleus: 21 H  
 Isotope: 1 
 Nuclear Spin:  0.5 
 Prefactor (MHz): 533.551395 
 Raw A tensor (MHz): 
                  0          1          2    
      0       0.082387  -0.269760   0.103519
      1      -0.270133   2.198812  -0.374214
      2       0.103671  -0.374024   0.107654
 A Tensor eigenvectors:
                   0          1          2    
      0       0.683888  -0.718470  -0.126878
      1      -0.039983  -0.210549   0.976765
      2      -0.728491  -0.662925  -0.172719
 A Eigenvalues: 
                  0          1          2    
      0      -0.011076   0.099888   2.300040
A(iso)  0.796284
 Nucleus: 23 H  
 Isotope: 1 
 Nuclear Spin:  0.5 
 Prefactor (MHz): 533.551395 
 Raw A tensor (MHz): 
                  0          1          2    
      0      26.240969   1.509234  -0.916793
      1       1.508747  26.230206  -0.462568
      2      -0.916184  -0.462741  24.932834
 A Tensor eigenvectors:
                   0          1          2    
      0       0.607882   0.382924   0.695593
      1      -0.311012  -0.691208   0.652305
      2       0.730583  -0.612863  -0.301079
 A Eigenvalues: 
                  0          1          2    
      0      24.367343  24.983878  28.052788
A(iso)  25.801336
 Nucleus: 24 H  
 Isotope: 1 
 Nuclear Spin:  0.5 
 Prefactor (MHz): 533.551395 
 Raw A tensor (MHz): 
                  0          1          2    
      0      26.242862   1.507921   0.919540
      1       1.507434  26.233148   0.465335
      2       0.918931   0.465510  24.939372
 A Tensor eigenvectors:
                   0          1          2    
      0      -0.608637   0.382293   0.695279
      1       0.310335  -0.691774   0.652028
      2       0.730242   0.612618   0.302400
 A Eigenvalues: 
                  0          1          2    
      0      24.371127  24.987654  28.056601
A(iso)  25.805127
 Nucleus: 26 H  
 Isotope: 1 
 Nuclear Spin:  0.5 
 Prefactor (MHz): 533.551395 
 Raw A tensor (MHz): 
                  0          1          2    
      0      -0.823529  -0.349834  -0.086357
      1      -0.349342   0.736398   0.392121
      2      -0.086115   0.391868  -0.939122
 A Tensor eigenvectors:
                   0          1          2    
      0       0.977236  -0.202773   0.062394
      1       0.211383   0.955692  -0.204867
      2      -0.018088   0.213392   0.976799
 A Eigenvalues: 
                  0          1          2    
      0      -0.898243   0.898801  -1.026811
A(iso)  -0.342084
 Nucleus: 27 H  
 Isotope: 1 
 Nuclear Spin:  0.5 
 Prefactor (MHz): 533.551395 
 Raw A tensor (MHz): 
                  0          1          2    
      0      -0.823987  -0.349477   0.086290
      1      -0.348985   0.737064  -0.390699
      2       0.086048  -0.390445  -0.940134
 A Tensor eigenvectors:
                   0          1          2    
      0       0.978498  -0.195805  -0.064828
      1       0.205058   0.957357   0.203517
      2       0.022214  -0.212434   0.976923
 A Eigenvalues: 
                  0          1          2    
      0      -0.898362   0.898489  -1.027184
A(iso)  -0.342352
 Nucleus: 29 H  
 Isotope: 1 
 Nuclear Spin:  0.5 
 Prefactor (MHz): 533.551395 
 Raw A tensor (MHz): 
                  0          1          2    
      0      -0.027748   0.276392  -0.061115
      1       0.276565   0.696176  -0.123084
      2      -0.061128  -0.122994  -0.085218
 A Tensor eigenvectors:
                   0          1          2    
      0       0.481623  -0.816062   0.319502
      1      -0.297013   0.191003   0.935575
      2      -0.824514  -0.545491  -0.150390
 A Eigenvalues: 
                  0          1          2    
      0      -0.093774  -0.133406   0.810390
A(iso)  0.194403
 Nucleus: 30 H  
 Isotope: 1 
 Nuclear Spin:  0.5 
 Prefactor (MHz): 533.551395 
 Raw A tensor (MHz): 
                  0          1          2    
      0      -0.027741   0.276128   0.061488
      1       0.276301   0.696077   0.124145
      2       0.061502   0.124056  -0.084669
 A Tensor eigenvectors:
                   0          1          2    
      0      -0.481243   0.816370  -0.319288
      1       0.297930  -0.190230  -0.935441
      2      -0.824404  -0.545300  -0.151674
 A Eigenvalues: 
                  0          1          2    
      0      -0.093556  -0.133271   0.810494
A(iso)  0.194556
 Nucleus: 32 H  
 Isotope: 1 
 Nuclear Spin:  0.5 
 Prefactor (MHz): 533.551395 
 Raw A tensor (MHz): 
                  0          1          2    
      0      -0.093302   0.008106  -0.000161
      1       0.008227   0.370916  -0.063501
      2      -0.000170  -0.063471  -0.111545
 A Tensor eigenvectors:
                   0          1          2    
      0       0.999296  -0.033428  -0.017053
      1      -0.012613   0.128806  -0.991590
      2       0.035343   0.991106   0.128294
 A Eigenvalues: 
                  0          1          2    
      0      -0.093412  -0.119788   0.379270
A(iso)  0.055356
 Nucleus: 33 H  
 Isotope: 1 
 Nuclear Spin:  0.5 
 Prefactor (MHz): 533.551395 
 Raw A tensor (MHz): 
                  0          1          2    
      0      -0.093360   0.008006   0.000222
      1       0.008127   0.370726   0.063984
      2       0.000232   0.063955  -0.111470
 A Tensor eigenvectors:
                   0          1          2    
      0       0.999379  -0.030948   0.016857
      1      -0.012705   0.129767   0.991463
      2      -0.032871  -0.991061   0.129293
 A Eigenvalues: 
                  0          1          2    
      0      -0.093471  -0.119837   0.379204
A(iso)  0.055299
 Nucleus: 35 H  
 Isotope: 1 
 Nuclear Spin:  0.5 
 Prefactor (MHz): 533.551395 
 Raw A tensor (MHz): 
                  0          1          2    
      0       2.653966   0.165027  -0.002797
      1       0.164978   5.257609   0.001075
      2      -0.002797   0.001075   3.677071
 A Tensor eigenvectors:
                   0          1          2    
      0      -0.998009  -0.002797   0.063004
      1       0.063006  -0.000388   0.998013
      2      -0.002767   0.999996   0.000563
 A Eigenvalues: 
                  0          1          2    
      0       2.643543   3.677078   5.268024
A(iso)  3.862882
 Nucleus: 36 H  
 Isotope: 1 
 Nuclear Spin:  0.5 
 Prefactor (MHz): 533.551395 
 Raw A tensor (MHz): 
                  0          1          2    
      0      -0.800900   0.229727   0.000743
      1       0.229553   0.666250   0.002630
      2       0.000742   0.002629  -0.825291
 A Tensor eigenvectors:
                   0          1          2    
      0      -0.151162  -0.030778   0.988030
      1      -0.988507   0.006503  -0.151032
      2      -0.001776  -0.999505  -0.031407
 A Eigenvalues: 
                  0          1          2    
      0       0.701359  -0.825286  -0.836014
A(iso)  -0.319981
 Nucleus: 37 H  
 Isotope: 1 
 Nuclear Spin:  0.5 
 Prefactor (MHz): 533.551395 
 Raw A tensor (MHz): 
                  0          1          2    
      0      -0.116607   0.065110   0.000048
      1       0.065196   0.221877   0.000210
      2       0.000049   0.000211  -0.130959
 A Tensor eigenvectors:
                   0          1          2    
      0       0.983179   0.004152   0.182600
      1      -0.182601  -0.000170   0.983187
      2       0.004113  -0.999991   0.000591
 A Eigenvalues: 
                  0          1          2    
      0      -0.128715  -0.130959   0.233985
A(iso)  -0.008563
 Nucleus: 44 H  
 Isotope: 1 
 Nuclear Spin:  0.5 
 Prefactor (MHz): 533.551395 
 Raw A tensor (MHz): 
                  0          1          2    
      0      -0.657493  -0.226457   0.003382
      1      -0.226443  -3.153122  -0.001621
      2       0.003382  -0.001621  -2.100343
 A Tensor eigenvectors:
                   0          1          2    
      0      -0.995971  -0.002501   0.089642
      1       0.089645  -0.001002   0.995973
      2      -0.002401   0.999996   0.001222
 A Eigenvalues: 
                  0          1          2    
