-------------------------------------------------------------
----------------------- !PROPERTIES! ------------------------
-------------------------------------------------------------
# -----------------------------------------------------------
$ PAL_Flags
   description: The PAL Flags
   geom. index: 1
   prop. index: 1
        Diskflag:     2
# -----------------------------------------------------------
$ SCF_Energy
   description: The SCF energy
   geom. index: 1
   prop. index: 1
        SCF Energy:     -928.9721079849
# -----------------------------------------------------------
$ DFT_Energy
   description: The DFT energy
   geom. index: 1
   prop. index: 1
   Number of Alpha Electrons                 85.0001230394 
   Number of Beta  Electrons                 84.0001109808 
   Total number of  Electrons               169.0002340202 
   Exchange energy                         -105.5493049788 
   Correlation energy                        -6.5769764807 
   Correlation energy NL                      0.0000000000 
   Exchange-Correlation energy             -112.1262814595 
   Embedding correction                       0.0000000000 
   Total DFT Energy (No VdW correction)    -928.9721079849 
# -----------------------------------------------------------
$ Mayer_Pop
   description: The Mayer population analysis
   geom. index: 1
   prop. index: 1
     Number of atoms                     : 49
     Threshold for printing              : 0.1000000
     Number of bond orders printed       : 58
  NA   - Mulliken gross atomic population
  ZA   - Total nuclear charge
  QA   - Mulliken gross atomic charge
  VA   - Mayer's total valence
  BVA  - Mayer's bonded valence
  FA   - Mayer's free valence
  ATOM       NA         ZA         QA         VA         BVA        FA
  0   0     6.3109     6.0000    -0.3109     3.9451     3.9392     0.0059
  1   0     6.3915     6.0000    -0.3915     3.7740     3.7720     0.0020
  2   0     5.9993     6.0000     0.0007     3.8144     3.8140     0.0004
  3   0     5.5040     6.0000     0.4960     3.8603     3.8265     0.0338
  4   0     5.6189     6.0000     0.3811     3.9621     3.9476     0.0145
  5   0     6.4420     6.0000    -0.4420     4.2451     4.2106     0.0345
  6   0     5.5832     6.0000     0.4168     3.9617     3.9546     0.0071
  7   0     5.6989     6.0000     0.3011     3.8269     3.7896     0.0373
  8   0     6.4035     6.0000    -0.4035     4.3325     4.3245     0.0080
  9   0     0.8696     1.0000     0.1304     0.9657     0.9655     0.0002
 10   0     0.8690     1.0000     0.1310     0.9669     0.9669     0.0000
 11   0     6.2618     6.0000    -0.2618     3.9885     3.6179     0.3706
 12   0     0.8743     1.0000     0.1257     0.9834     0.9818     0.0016
 13   0     6.2678     6.0000    -0.2678     3.9658     3.9644     0.0014
 14   0     0.8495     1.0000     0.1505     0.9645     0.9635     0.0010
 15   0     0.8497     1.0000     0.1503     0.9645     0.9635     0.0010
 16   0     6.2826     6.0000    -0.2826     3.9031     3.9031     0.0000
 17   0     0.8475     1.0000     0.1525     0.9642     0.9642     0.0000
 18   0     0.8476     1.0000     0.1524     0.9642     0.9642     0.0000
 19   0     6.5075     6.0000    -0.5075     3.9063     3.9063     0.0000
 20   0     0.8423     1.0000     0.1577     0.9658     0.9658     0.0000
 21   0     0.8423     1.0000     0.1577     0.9658     0.9658     0.0000
 22   0     6.3851     6.0000    -0.3851     4.0593     4.0591     0.0002
 23   0     0.8470     1.0000     0.1530     0.9627     0.9626     0.0001
 24   0     0.8470     1.0000     0.1530     0.9627     0.9626     0.0001
 25   0     6.2653     6.0000    -0.2653     4.0205     4.0205     0.0000
 26   0     0.8605     1.0000     0.1395     0.9667     0.9667     0.0000
 27   0     0.8605     1.0000     0.1395     0.9667     0.9667     0.0000
 28   0     6.2547     6.0000    -0.2547     3.8881     3.8881     0.0000
 29   0     0.8576     1.0000     0.1424     0.9675     0.9675     0.0000
 30   0     0.8576     1.0000     0.1424     0.9675     0.9675     0.0000
 31   0     6.5087     6.0000    -0.5087     3.9006     3.9006     0.0000
 32   0     0.8423     1.0000     0.1577     0.9658     0.9658     0.0000
 33   0     0.8423     1.0000     0.1577     0.9658     0.9658     0.0000
 34   0     6.5470     6.0000    -0.5470     3.8842     3.8827     0.0015
 35   0     0.8172     1.0000     0.1828     0.9775     0.9775     0.0000
 36   0     0.8553     1.0000     0.1447     0.9674     0.9674     0.0000
 37   0     0.8568     1.0000     0.1432     0.9671     0.9671     0.0000
 38   0     6.1232     6.0000    -0.1232     4.0787     4.0781     0.0006
 39   0     6.0986     6.0000    -0.0986     4.1018     4.1017     0.0001
 40   0     6.2834     6.0000    -0.2834     4.1997     4.1992     0.0005
 41   0     5.3982     6.0000     0.6018     3.9306     3.9303     0.0003
 42   0     6.2773     6.0000    -0.2773     4.2020     4.2015     0.0005
 43   0     6.0997     6.0000    -0.0997     4.0983     4.0982     0.0001
 44   0     0.8943     1.0000     0.1057     0.9585     0.9585     0.0000
 45   0     0.8816     1.0000     0.1184     0.9610     0.9610     0.0000
 46   0     0.8953     1.0000     0.1047     0.9617     0.9617     0.0000
 47   0     0.8950     1.0000     0.1050     0.9618     0.9618     0.0000
 48   0     0.8843     1.0000     0.1157     0.9613     0.9613     0.0000
      Bond orders larger than 0.1000000
           Atom A     A.N. of A          Atom B    A.N. of B              Bond order
                0             6               1            6                2.471419
                0             6               3            6                0.102936
                0             6              41            6                1.021427
                1             6               3            6                0.815714
                1             6               4            6                0.104435
                2             6               6            6                0.905533
                2             6              34            6                2.707797
                3             6               4            6                1.259001
                3             6               7            6                0.103981
                3             6               8            6                1.449574
                4             6               5            6                1.239353
                4             6               6            6                0.108235
                4             6              11            6                1.301556
                5             6               6            6                1.480055
                5             6               9            1                0.976184
                5             6              34            6                0.102740
                6             6               7            6                1.314017
                6             6               8            6                0.103780
                7             6               8            6                1.423004
                7             6              22            6                0.942584
                8             6              10            1                0.972743
               11             6              12            1                0.981281
               11             6              13            6                1.001232
               13             6              14            1                0.955145
               13             6              15            1                0.955035
               13             6              16            6                0.982472
               16             6              17            1                0.972098
               16             6              18            1                0.972020
               16             6              19            6                0.961464
               19             6              20            1                0.972714
               19             6              21            1                0.972729
               19             6              36            1                0.967245
               22             6              23            1                0.959463
               22             6              24            1                0.959497
               22             6              25            6                1.020892
               25             6              26            1                0.960568
               25             6              27            1                0.960595
               25             6              28            6                0.987526
               28             6              29            1                0.970996
               28             6              30            1                0.971000
               28             6              31            6                0.953830
               31             6              32            1                0.972996
               31             6              33            1                0.972992
               31             6              37            1                0.967462
               34             6              35            1                0.984257
               38             6              39            6                1.453190
               38             6              40            6                0.103509
               38             6              42            6                0.100522
               38             6              43            6                1.451496
               38             6              44            1                0.965763
               39             6              40            6                1.478100
               39             6              46            1                0.976999
               40             6              41            6                1.383843
               40             6              48            1                0.981569
               41             6              42            6                1.380084
               42             6              43            6                1.477868
               42             6              45            1                0.982841
               43             6              47            1                0.976311
# -----------------------------------------------------------
$ Calculation_Info
   description: Details of the calculation
   geom. index: 1
   prop. index: 1
     Multiplicity:                          2
     Charge:                                0
     number of atoms:                       49
     number of electrons:                   0
     number of frozen core electrons:       1
     number of correlated electrons:        0
     number of basis functions:             583
     number of aux C basis functions:       4070
     number of aux J basis functions:       4070
     number of aux JK basis functions:      4070
     number of aux CABS basis functions:    0
     Total Energy                           -928.972108
# -----------------------------------------------------------
$ SCF_Electric_Properties
   description: The SCF Calculated Electric Properties
   geom. index: 1
   prop. index: 1
       Filename                          : EPRII_i.scfp 
       Do Dipole Moment Calculation      : true 
       Do Quadrupole Moment Calculation  : false 
       Do Polarizability Calculation     : false 
** Dipole moment part of electric properties **
        Magnitude of dipole moment (Debye) :        0.4968260302
        Electronic Contribution:
                  0    
      0      10.591386
      1       2.020647
      2       0.005187
        Nuclear Contribution:
                  0    
      0     -10.397410
      1      -1.996598
      2      -0.004443
        Total Dipole moment:
                  0    
      0       0.193976
      1       0.024049
      2       0.000744
# -----------------------------------------------------------
$ EPRNMR_GTensor
   description: Electronic g tensor
   geom. index: 1
   prop. index: 1
 Source density: 1 SCF 
 Spin multiplicity: 2 
 raw g tensor: 
                  0          1          2    
      0       2.002782   0.000109   0.000000
      1       0.000058   2.002787   0.000000
      2       0.000000   0.000001   2.002188
 g tensor: 
                  0          1          2    
      0      -0.000299  -0.717805  -0.696244
      1      -0.001189   0.696244  -0.717804
      2       0.999999   0.000613  -0.001061
 G eigenvalues: 
                  0          1          2    
      0       2.002188   2.002701   2.002869
# -----------------------------------------------------------
$ EPRNMR_OrbitalShielding
   description: Orbital contribution to the NMR Shielding tensor (ppm)
   geom. index: 1
   prop. index: 1
 Number of stored nuclei 25
 Source density: 1 SCF 
 Nucleus: 9 H 
 Shielding tensor (ppm): 
                  0          1          2    
      0      27.091954   5.874541   0.007492
      1       5.127360  26.294886   0.007534
      2       0.010876   0.009317  19.732026
 P Tensor eigenvectors:
                   0          1          2    
      0      -0.000737  -0.686187  -0.727425
      1      -0.000621   0.727425  -0.686187
      2       1.000000  -0.000054  -0.000963
 P Eigenvalues: 
                  0          1          2    
      0      19.732014  21.178592  32.208260
P(iso)  24.372955
 Nucleus: 10 H 
 Shielding tensor (ppm): 
                  0          1          2    
      0      28.423265   5.960884   0.009074
      1       5.780558  26.094757   0.007786
      2       0.008141   0.007865  19.074254
 P Tensor eigenvectors:
                   0          1          2    
      0      -0.000473  -0.635893  -0.771777
      1      -0.000725   0.771777  -0.635892
      2       1.000000   0.000259  -0.000826
 P Eigenvalues: 
                  0          1          2    
      0      19.074244  21.273992  33.244040
P(iso)  24.530759
 Nucleus: 12 H 
 Shielding tensor (ppm): 
                  0          1          2    
      0      23.339680  -2.689933   0.002436
      1      -1.752825  32.735089   0.009231
      2       0.004492   0.007418  19.696028
 P Tensor eigenvectors:
                   0          1          2    
      0      -0.001482   0.977506  -0.210901
      1      -0.000897   0.210900   0.977507
      2       0.999998   0.001638   0.000564
 P Eigenvalues: 
                  0          1          2    
      0      19.696016  22.841683  33.233100
P(iso)  25.256933
 Nucleus: 14 H 
 Shielding tensor (ppm): 
                  0          1          2    
      0      29.025894   1.284148   3.254872
      1       0.532872  30.579262  -0.369093
      2       4.094037  -1.331022  27.884170
 P Tensor eigenvectors:
                   0          1          2    
      0      -0.635971  -0.048481   0.770189
      1       0.188181  -0.977640   0.093848
      2       0.748417   0.204620   0.630874
 P Eigenvalues: 
                  0          1          2    
      0      24.486618  30.816087  32.186621
P(iso)  29.163109
 Nucleus: 15 H 
 Shielding tensor (ppm): 
                  0          1          2    
      0      29.058866   1.302082  -3.245826
      1       0.546684  30.584618   0.374734
      2      -4.090077   1.334532  27.843846
 P Tensor eigenvectors:
                   0          1          2    
      0       0.632315  -0.039288   0.773714
      1      -0.189794  -0.976135   0.105543
      2       0.751103  -0.213583  -0.624681
 P Eigenvalues: 
                  0          1          2    
      0      24.478763  30.822936  32.185631
P(iso)  29.162443
 Nucleus: 17 H 
 Shielding tensor (ppm): 
                  0          1          2    
      0      30.968496  -0.970156   4.483662
      1      -0.519793  30.300782  -0.526097
      2       4.327233   0.768673  28.300694
 P Tensor eigenvectors:
                   0          1          2    
      0      -0.599022   0.049400  -0.799207
      1      -0.090038   0.987610   0.128531
      2       0.795654   0.148952  -0.587152
 P Eigenvalues: 
                  0          1          2    
      0      24.977051  30.285862  34.307060
P(iso)  29.856657
 Nucleus: 18 H 
 Shielding tensor (ppm): 
                  0          1          2    
      0      31.008025  -0.957223  -4.479667
      1      -0.510319  30.301121   0.527179
      2      -4.318381  -0.762777  28.259283
 P Tensor eigenvectors:
                   0          1          2    
      0       0.595523   0.050395  -0.801756
      1       0.087787   0.987971   0.127305
      2       0.798527  -0.146197   0.583936
 P Eigenvalues: 
                  0          1          2    
      0      24.972781  30.285058  34.310591
P(iso)  29.856143
 Nucleus: 20 H 
 Shielding tensor (ppm): 
                  0          1          2    
      0      30.103218  -1.686878  -3.906074
      1      -2.428081  31.086678   2.626511
      2      -3.207249   2.188019  30.984286
 P Tensor eigenvectors:
                   0          1          2    
      0      -0.747660   0.360134  -0.557949
      1       0.015950   0.849678   0.527060
      2      -0.663890  -0.385163   0.641015
 P Eigenvalues: 
                  0          1          2    
      0      26.959091  29.095834  36.119258
P(iso)  30.724728
 Nucleus: 21 H 
 Shielding tensor (ppm): 
                  0          1          2    
      0      30.070417  -1.690195   3.894307
      1      -2.426041  31.100124  -2.639930
      2       3.192294  -2.196328  31.002447
 P Tensor eigenvectors:
                   0          1          2    
      0      -0.750720   0.358546   0.554855
      1       0.014063   0.848383  -0.529196
      2       0.660471   0.389475   0.641940
 P Eigenvalues: 
                  0          1          2    
      0      26.961989  29.092429  36.118570
P(iso)  30.724329
 Nucleus: 23 H 
 Shielding tensor (ppm): 
                  0          1          2    
      0      28.678886  -1.789489  -3.471957
      1      -1.224477  31.362128   0.156317
      2      -4.855345  -0.795475  26.653381
 P Tensor eigenvectors:
                   0          1          2    
      0       0.615086   0.426923  -0.662877
      1       0.135321   0.771089   0.622181
      2       0.776761  -0.472396   0.416515
 P Eigenvalues: 
                  0          1          2    
      0      23.209295  30.742335  32.742765
P(iso)  28.898132
 Nucleus: 24 H 
 Shielding tensor (ppm): 
                  0          1          2    
      0      28.671036  -1.793189   3.473156
      1      -1.229461  31.360746  -0.152197
      2       4.854771   0.799256  26.661513
 P Tensor eigenvectors:
                   0          1          2    
      0      -0.615810   0.426353  -0.662571
      1      -0.136158   0.770700   0.622481
      2       0.776040   0.473544  -0.416554
 P Eigenvalues: 
                  0          1          2    
      0      23.209012  30.742364  32.741919
P(iso)  28.897765
 Nucleus: 26 H 
 Shielding tensor (ppm): 
                  0          1          2    
      0      30.466912   0.946526  -3.773783
      1       0.805008  31.451369   0.160242
      2      -3.641541   1.372375  28.189382
 P Tensor eigenvectors:
                   0          1          2    
      0       0.590459   0.018215   0.806862
      1      -0.171167  -0.974176   0.147252
      2       0.788708  -0.225054  -0.572093
 P Eigenvalues: 
                  0          1          2    
      0      25.241754  31.621157  33.244752
P(iso)  30.035888
 Nucleus: 27 H 
 Shielding tensor (ppm): 
                  0          1          2    
      0      30.459913   0.944212   3.778236
      1       0.801543  31.453479  -0.155531
      2       3.643961  -1.368309  28.195405
 P Tensor eigenvectors:
                   0          1          2    
      0      -0.591262   0.018107   0.806276
      1       0.170332  -0.974392   0.146791
      2       0.788287   0.224126   0.573037
 P Eigenvalues: 
                  0          1          2    
      0      25.241791  31.621599  33.245407
P(iso)  30.036266
 Nucleus: 29 H 
 Shielding tensor (ppm): 
                  0          1          2    
      0      30.852005  -0.161051  -4.709808
      1       0.052062  30.947562  -0.446455
      2      -4.394782  -1.122016  28.629096
 P Tensor eigenvectors:
                   0          1          2    
      0       0.612295  -0.163645  -0.773508
      1       0.102923   0.986518  -0.127238
      2       0.783902  -0.001704   0.620883
 P Eigenvalues: 
                  0          1          2    
      0      24.983609  30.962690  34.482365
P(iso)  30.142888
 Nucleus: 30 H 
 Shielding tensor (ppm): 
                  0          1          2    
      0      30.841222  -0.165798   4.712863
      1       0.048226  30.945691   0.449037
      2       4.397269   1.124317  28.641531
 P Tensor eigenvectors:
                   0          1          2    
      0      -0.613235  -0.163802  -0.772730
      1      -0.103617   0.986491  -0.126884
      2       0.783075   0.002258  -0.621923
 P Eigenvalues: 
                  0          1          2    
      0      24.983580  30.962009  34.482855
P(iso)  30.142815
 Nucleus: 32 H 
 Shielding tensor (ppm): 
                  0          1          2    
      0      30.312708  -1.577661   4.013624
      1      -2.443916  30.862045  -2.332508
      2       3.306157  -1.967120  30.929650
 P Tensor eigenvectors:
                   0          1          2    
      0      -0.742643   0.320844   0.587827
      1      -0.013697   0.870303  -0.492327
      2       0.669547   0.373674   0.641930
 P Eigenvalues: 
                  0          1          2    
      0      26.948256  29.171281  35.984865
P(iso)  30.701468
 Nucleus: 33 H 
 Shielding tensor (ppm): 
                  0          1          2    
      0      30.322462  -1.576713  -4.015274
      1      -2.444181  30.858615   2.329556
      2      -3.309346   1.964550  30.923339
 P Tensor eigenvectors:
                   0          1          2    
      0      -0.741729   0.321387  -0.588684
      1      -0.013090   0.870612   0.491796
      2      -0.670572  -0.372485   0.641551
 P Eigenvalues: 
                  0          1          2    
      0      26.948262  29.171465  35.984689
P(iso)  30.701472
 Nucleus: 35 H 
 Shielding tensor (ppm): 
                  0          1          2    
      0      35.686677  -0.609152   0.018902
      1      -1.001305  25.726415  -0.000766
      2       0.002393   0.000501  24.118783
 P Tensor eigenvectors:
                   0          1          2    
      0      -0.001086  -0.076881   0.997040
      1      -0.000403  -0.997040  -0.076882
      2       0.999999  -0.000485   0.001051
 P Eigenvalues: 
                  0          1          2    
      0      24.118773  25.661840  35.751262
P(iso)  28.510625
 Nucleus: 36 H 
 Shielding tensor (ppm): 
                  0          1          2    
      0      29.615619   2.395392   0.011560
      1       3.772770  35.943219   0.023935
      2       0.013971   0.021495  25.791351
 P Tensor eigenvectors:
                   0          1          2    
      0      -0.002029   0.922291   0.386490
      1      -0.001618  -0.386493   0.922291
      2       0.999997   0.001246   0.002276
 P Eigenvalues: 
                  0          1          2    
      0      25.791288  28.362120  37.196782
P(iso)  30.450063
 Nucleus: 37 H 
 Shielding tensor (ppm): 
                  0          1          2    
      0      28.991688   1.965697   0.003242
      1       3.230684  36.574252   0.007014
      2       0.003587   0.006017  25.855686
 P Tensor eigenvectors:
                   0          1          2    
      0      -0.000734   0.952320   0.305100
      1      -0.000431  -0.305101   0.952320
      2       1.000000   0.000568   0.000634
 P Eigenvalues: 
                  0          1          2    
      0      25.855680  28.187696  37.378249
P(iso)  30.473875
 Nucleus: 44 H 
 Shielding tensor (ppm): 
                  0          1          2    
      0      24.145576   0.184818   0.006521
      1       0.184086  27.370682   0.006241
      2       0.006906   0.006427  21.449474
 P Tensor eigenvectors:
                   0          1          2    
      0      -0.002418   0.998376   0.056909
      1      -0.000992  -0.056912   0.998379
      2       0.999997   0.002357   0.001128
 P Eigenvalues: 
                  0          1          2    
      0      21.449452  24.135076  27.381204
P(iso)  24.321911
 Nucleus: 45 H 
 Shielding tensor (ppm): 
                  0          1          2    
      0      27.333191  -3.474429   0.012317
      1      -2.539968  24.673774  -0.002613
      2       0.014406  -0.004073  20.175250
 P Tensor eigenvectors:
                   0          1          2    
      0      -0.002146  -0.553210   0.833039
      1      -0.000696  -0.833040  -0.553213
      2       0.999997  -0.001767   0.001403
 P Eigenvalues: 
                  0          1          2    
      0      20.175224  22.715957  29.291035
P(iso)  24.060739
 Nucleus: 46 H 
 Shielding tensor (ppm): 
                  0          1          2    
      0      27.002231  -1.712255   0.012351
      1      -1.694119  24.751924  -0.001065
      2       0.013042  -0.000741  21.167552
 P Tensor eigenvectors:
                   0          1          2    
      0      -0.002434  -0.473857   0.880598
      1      -0.000904  -0.880600  -0.473860
      2       0.999997  -0.001949   0.001715
 P Eigenvalues: 
                  0          1          2    
      0      21.167522  23.835810  27.918375
P(iso)  24.307236
 Nucleus: 47 H 
 Shielding tensor (ppm): 
                  0          1          2    
      0      27.315752   1.292166   0.015964
      1       1.295853  24.372898   0.006263
      2       0.016466   0.006100  21.198738
 P Tensor eigenvectors:
                   0          1          2    
      0      -0.002445  -0.352864  -0.935672
      1      -0.000951   0.935675  -0.352862
      2       0.999997   0.000027  -0.002623
 P Eigenvalues: 
                  0          1          2    
      0      21.198692  23.884846  27.803850
P(iso)  24.295796
 Nucleus: 48 H 
 Shielding tensor (ppm): 
                  0          1          2    
      0      28.308843   2.714109   0.021686
      1       1.816640  23.932840   0.008478
      2       0.023887   0.010458  19.936484
 P Tensor eigenvectors:
                   0          1          2    
      0      -0.002426  -0.398585  -0.917128
      1      -0.000976   0.917131  -0.398584
      2       0.999997  -0.000072  -0.002614
 P Eigenvalues: 
                  0          1          2    
      0      19.936419  22.971818  29.269929
P(iso)  24.059389
# -----------------------------------------------------------
$ EPRNMR_ATensor
   description: Hyperfine A tensor
   geom. index: 1
   prop. index: 1
 Number of stored nuclei 25
 Source density: 1 SCF 
 Spin multiplicity: 2 
 Nucleus: 9 H  
 Isotope: 1 
 Nuclear Spin:  0.5 
 Prefactor (MHz): 533.551395 
 Raw A tensor (MHz): 
                  0          1          2    
      0     -15.677239  -6.171976  -0.004142
      1      -6.174765 -12.990085   0.003642
      2      -0.004143   0.003646 -17.118359
 A Tensor eigenvectors:
                   0          1          2    
      0      -0.627412   0.000167   0.778687
      1       0.778687  -0.000632   0.627412
      2       0.000597   1.000000   0.000266
 A Eigenvalues: 
                  0          1          2    
      0      -8.015771 -17.118362 -20.651550
A(iso)  -15.261894
 Nucleus: 10 H  
 Isotope: 1 
 Nuclear Spin:  0.5 
 Prefactor (MHz): 533.551395 
 Raw A tensor (MHz): 
                  0          1          2    
      0       8.375494   2.291943   0.003450
      1       2.293060   6.843781   0.002859
      2       0.003452   0.002858   4.618471
 A Tensor eigenvectors:
                   0          1          2    
      0      -0.000362  -0.584412  -0.811457
      1      -0.000912   0.811457  -0.584411
      2       1.000000   0.000528  -0.000827
 A Eigenvalues: 
                  0          1          2    
      0       4.618467   5.192594  10.026685
A(iso)  6.612582
 Nucleus: 12 H  
 Isotope: 1 
 Nuclear Spin:  0.5 
 Prefactor (MHz): 533.551395 
 Raw A tensor (MHz): 
                  0          1          2    
      0     -20.062640  -1.272190   0.006448
      1      -1.270375 -73.242884  -0.018590
      2       0.006452  -0.018598 -48.439569
 A Tensor eigenvectors:
                   0          1          2    
      0       0.999714   0.000260   0.023902
      1      -0.023902   0.000736   0.999714
      2       0.000243  -1.000000   0.000742
 A Eigenvalues: 
                  0          1          2    
      0     -20.032266 -48.439557 -73.273271
A(iso)  -47.248364
 Nucleus: 14 H  
 Isotope: 1 
 Nuclear Spin:  0.5 
 Prefactor (MHz): 533.551395 
 Raw A tensor (MHz): 
                  0          1          2    
      0      72.218961  -3.521664   1.975033
      1      -3.520642  73.884205  -1.905500
      2       1.973546  -1.905699  68.989745
 A Tensor eigenvectors:
                   0          1          2    
      0      -0.371393  -0.706993   0.601854
      1       0.077819  -0.669639  -0.738598
      2       0.925209  -0.227475   0.303717
 A Eigenvalues: 
                  0          1          2    
      0      68.037135  69.519028  77.536748
A(iso)  71.697637
 Nucleus: 15 H  
 Isotope: 1 
 Nuclear Spin:  0.5 
 Prefactor (MHz): 533.551395 
 Raw A tensor (MHz): 
                  0          1          2    
      0      71.928882  -3.521049  -1.971436
      1      -3.520020  73.558553   1.904769
      2      -1.969944   1.904968  68.668469
 A Tensor eigenvectors:
                   0          1          2    
      0       0.366045  -0.708431   0.603437
      1      -0.081703  -0.670402  -0.737486
      2       0.927004   0.220651  -0.303278
 A Eigenvalues: 
                  0          1          2    
      0      67.722594  69.211086  77.222223
A(iso)  71.385301
 Nucleus: 17 H  
 Isotope: 1 
 Nuclear Spin:  0.5 
 Prefactor (MHz): 533.551395 
 Raw A tensor (MHz): 
                  0          1          2    
      0      -2.350062   2.035470   0.641816
      1       2.035202   1.708918   1.336431
      2       0.641223   1.335310  -2.873905
 A Tensor eigenvectors:
                   0          1          2    
      0      -0.374520   0.700324  -0.607685
      1      -0.893670  -0.447339   0.035240
      2      -0.247161   0.556268   0.793396
 A Eigenvalues: 
                  0          1          2    
      0       2.930972  -3.140181  -3.305839
A(iso)  -1.171683
 Nucleus: 18 H  
 Isotope: 1 
 Nuclear Spin:  0.5 
 Prefactor (MHz): 533.551395 
 Raw A tensor (MHz): 
                  0          1          2    
      0      -2.343397   2.042954  -0.631575
      1       2.042686   1.712758  -1.314118
      2      -0.630990  -1.313005  -2.883146
 A Tensor eigenvectors:
                   0          1          2    
      0       0.375750  -0.699243   0.608171
      1       0.894273   0.445728  -0.040039
      2      -0.243081   0.558915   0.792796
 A Eigenvalues: 
                  0          1          2    
      0       2.927787  -3.140584  -3.300988
A(iso)  -1.171262
 Nucleus: 20 H  
 Isotope: 1 
 Nuclear Spin:  0.5 
 Prefactor (MHz): 533.551395 
 Raw A tensor (MHz): 
                  0          1          2    
      0       0.083497  -0.272299  -0.104073
      1      -0.272672   2.195327   0.379939
      2      -0.104227   0.379748   0.108713
 A Tensor eigenvectors:
                   0          1          2    
      0      -0.678835   0.723015   0.128188
      1       0.042569   0.213029  -0.976118
      2      -0.733056  -0.657166  -0.175390
 A Eigenvalues: 
                  0          1          2    
      0      -0.010739   0.098906   2.299371
A(iso)  0.795846
 Nucleus: 21 H  
 Isotope: 1 
 Nuclear Spin:  0.5 
 Prefactor (MHz): 533.551395 
 Raw A tensor (MHz): 
                  0          1          2    
      0       0.082327  -0.269756   0.103520
      1      -0.270129   2.198678  -0.374195
      2       0.103672  -0.374005   0.107592
 A Tensor eigenvectors:
                   0          1          2    
      0       0.683887  -0.718471  -0.126880
      1      -0.039980  -0.210550   0.976765
      2      -0.728492  -0.662924  -0.172716
 A Eigenvalues: 
                  0          1          2    
      0      -0.011136   0.099831   2.299902
A(iso)  0.796199
 Nucleus: 23 H  
 Isotope: 1 
 Nuclear Spin:  0.5 
 Prefactor (MHz): 533.551395 
 Raw A tensor (MHz): 
                  0          1          2    
      0      26.248806   1.509478  -0.916701
      1       1.508990  26.238833  -0.462812
      2      -0.916092  -0.462986  24.940572
 A Tensor eigenvectors:
                   0          1          2    
      0       0.607826   0.383171   0.695505
      1      -0.310807  -0.691192   0.652420
      2       0.730716  -0.612726  -0.301033
 A Eigenvalues: 
                  0          1          2    
      0      24.375304  24.991676  28.061231
A(iso)  25.809404
 Nucleus: 24 H  
 Isotope: 1 
 Nuclear Spin:  0.5 
 Prefactor (MHz): 533.551395 
 Raw A tensor (MHz): 
                  0          1          2    
      0      26.250693   1.508165   0.919446
      1       1.507678  26.241773   0.465580
      2       0.918837   0.465756  24.947106
 A Tensor eigenvectors:
                   0          1          2    
      0      -0.608582   0.382541   0.695191
      1       0.310130  -0.691757   0.652144
      2       0.730375   0.612482   0.302354
 A Eigenvalues: 
                  0          1          2    
      0      24.379085  24.995447  28.065040
A(iso)  25.813191
 Nucleus: 26 H  
 Isotope: 1 
 Nuclear Spin:  0.5 
 Prefactor (MHz): 533.551395 
 Raw A tensor (MHz): 
                  0          1          2    
      0      -0.823711  -0.349998  -0.086377
      1      -0.349507   0.736329   0.392166
      2      -0.086134   0.391913  -0.939311
 A Tensor eigenvectors:
                   0          1          2    
      0       0.977529  -0.201395   0.062265
      1       0.210008   0.955989  -0.204897
      2      -0.018259   0.213369   0.976801
 A Eigenvalues: 
                  0          1          2    
      0      -0.898475   0.898793  -1.027011
A(iso)  -0.342231
 Nucleus: 27 H  
 Isotope: 1 
 Nuclear Spin:  0.5 
 Prefactor (MHz): 533.551395 
 Raw A tensor (MHz): 
                  0          1          2    
      0      -0.824169  -0.349641   0.086309
      1      -0.349149   0.736995  -0.390743
      2       0.086068  -0.390490  -0.940322
 A Tensor eigenvectors:
                   0          1          2    
      0      -0.214834   0.974505   0.064702
      1       0.953180   0.223647  -0.203546
      2      -0.212827   0.017944  -0.976925
 A Eigenvalues: 
                  0          1          2    
      0       0.898426  -0.898540  -1.027383
A(iso)  -0.342499
 Nucleus: 29 H  
 Isotope: 1 
 Nuclear Spin:  0.5 
 Prefactor (MHz): 533.551395 
 Raw A tensor (MHz): 
                  0          1          2    
      0      -0.027777   0.276426  -0.061126
      1       0.276599   0.696254  -0.123090
      2      -0.061139  -0.123000  -0.085221
 A Tensor eigenvectors:
                   0          1          2    
      0       0.481368  -0.816214   0.319498
      1      -0.296947   0.191095   0.935577
      2      -0.824686  -0.545232  -0.150386
 A Eigenvalues: 
                  0          1          2    
      0      -0.093780  -0.133443   0.810479
A(iso)  0.194419
 Nucleus: 30 H  
 Isotope: 1 
 Nuclear Spin:  0.5 
 Prefactor (MHz): 533.551395 
 Raw A tensor (MHz): 
                  0          1          2    
      0      -0.027770   0.276162   0.061499
      1       0.276335   0.696155   0.124152
      2       0.061513   0.124062  -0.084672
 A Tensor eigenvectors:
                   0          1          2    
      0      -0.480987   0.816523  -0.319284
      1       0.297864  -0.190323  -0.935443
      2      -0.824578  -0.545039  -0.151670
 A Eigenvalues: 
                  0          1          2    
      0      -0.093562  -0.133308   0.810583
A(iso)  0.194571
 Nucleus: 32 H  
 Isotope: 1 
 Nuclear Spin:  0.5 
 Prefactor (MHz): 533.551395 
 Raw A tensor (MHz): 
                  0          1          2    
      0      -0.093290   0.008106  -0.000164
      1       0.008227   0.370955  -0.063506
      2      -0.000173  -0.063476  -0.111533
 A Tensor eigenvectors:
                   0          1          2    
      0       0.999300  -0.033312  -0.017052
      1      -0.012626   0.128808  -0.991589
      2       0.035228   0.991110   0.128297
 A Eigenvalues: 
                  0          1          2    
      0      -0.093400  -0.119777   0.379309
A(iso)  0.055377
 Nucleus: 33 H  
 Isotope: 1 
 Nuclear Spin:  0.5 
 Prefactor (MHz): 533.551395 
 Raw A tensor (MHz): 
                  0          1          2    
      0      -0.093348   0.008005   0.000225
      1       0.008126   0.370764   0.063989
      2       0.000235   0.063960  -0.111458
 A Tensor eigenvectors:
                   0          1          2    
      0       0.999382  -0.030831   0.016856
      1      -0.012719   0.129768   0.991463
      2      -0.032755  -0.991065   0.129296
 A Eigenvalues: 
                  0          1          2    
      0      -0.093459  -0.119826   0.379243
A(iso)  0.055320
 Nucleus: 35 H  
 Isotope: 1 
 Nuclear Spin:  0.5 
 Prefactor (MHz): 533.551395 
 Raw A tensor (MHz): 
                  0          1          2    
      0       2.679414   0.165177  -0.002816
      1       0.165129   5.293020   0.001075
      2      -0.002816   0.001075   3.711868
 A Tensor eigenvectors:
                   0          1          2    
      0      -0.998021  -0.002790   0.062823
      1       0.062825  -0.000389   0.998025
      2      -0.002760   0.999996   0.000563
 A Eigenvalues: 
                  0          1          2    
      0       2.669011   3.711875   5.303415
A(iso)  3.894767
 Nucleus: 36 H  
 Isotope: 1 
 Nuclear Spin:  0.5 
 Prefactor (MHz): 533.551395 
 Raw A tensor (MHz): 
                  0          1          2    
      0      -0.800892   0.229699   0.000743
      1       0.229525   0.666207   0.002629
      2       0.000742   0.002629  -0.825266
 A Tensor eigenvectors:
                   0          1          2    
      0      -0.151150  -0.030751   0.988032
      1      -0.988509   0.006498  -0.151020
      2      -0.001776  -0.999506  -0.031380
 A Eigenvalues: 
                  0          1          2    
      0       0.701308  -0.825261  -0.835999
A(iso)  -0.319984
 Nucleus: 37 H  
 Isotope: 1 
 Nuclear Spin:  0.5 
 Prefactor (MHz): 533.551395 
 Raw A tensor (MHz): 
                  0          1          2    
      0      -0.116616   0.065114   0.000048
      1       0.065200   0.221889   0.000211
      2       0.000049   0.000211  -0.130963
 A Tensor eigenvectors:
                   0          1          2    
      0       0.983179   0.004138   0.182600
      1      -0.182601  -0.000167   0.983187
      2       0.004099  -0.999991   0.000592
 A Eigenvalues: 
                  0          1          2    
      0      -0.128724  -0.130963   0.233998
A(iso)  -0.008563
 Nucleus: 44 H  
 Isotope: 1 
 Nuclear Spin:  0.5 
 Prefactor (MHz): 533.551395 
 Raw A tensor (MHz): 
                  0          1          2    
      0      -0.663770  -0.226693   0.003388
      1      -0.226679  -3.163118  -0.001623
      2       0.003388  -0.001623  -2.108853
 A Tensor eigenvectors:
                   0          1          2    
      0      -0.995974  -0.002501   0.089603
      1       0.089606  -0.001002   0.995977
      2      -0.002402   0.999996   0.001222
 A Eigenvalues: 
                  0          1          2    
