-------------------------------------------------------------
----------------------- !PROPERTIES! ------------------------
-------------------------------------------------------------
# -----------------------------------------------------------
$ PAL_Flags
   description: The PAL Flags
   geom. index: 1
   prop. index: 1
        Diskflag:     2
# -----------------------------------------------------------
$ SCF_Energy
   description: The SCF energy
   geom. index: 1
   prop. index: 1
        SCF Energy:     -928.9732675348
# -----------------------------------------------------------
$ DFT_Energy
   description: The DFT energy
   geom. index: 1
   prop. index: 1
   Number of Alpha Electrons                 85.0001186968 
   Number of Beta  Electrons                 84.0001076176 
   Total number of  Electrons               169.0002263144 
   Exchange energy                         -105.5537929441 
   Correlation energy                        -6.5762063510 
   Correlation energy NL                      0.0000000000 
   Exchange-Correlation energy             -112.1299992951 
   Embedding correction                       0.0000000000 
   Total DFT Energy (No VdW correction)    -928.9732675348 
# -----------------------------------------------------------
$ Mayer_Pop
   description: The Mayer population analysis
   geom. index: 1
   prop. index: 1
     Number of atoms                     : 49
     Threshold for printing              : 0.1000000
     Number of bond orders printed       : 55
  NA   - Mulliken gross atomic population
  ZA   - Total nuclear charge
  QA   - Mulliken gross atomic charge
  VA   - Mayer's total valence
  BVA  - Mayer's bonded valence
  FA   - Mayer's free valence
  ATOM       NA         ZA         QA         VA         BVA        FA
  0   0     6.3108     6.0000    -0.3108     3.9390     3.9330     0.0060
  1   0     6.3881     6.0000    -0.3881     3.7670     3.7650     0.0020
  2   0     6.0054     6.0000    -0.0054     3.8126     3.8122     0.0004
  3   0     5.5098     6.0000     0.4902     3.8484     3.8144     0.0340
  4   0     5.6221     6.0000     0.3779     3.9560     3.9412     0.0148
  5   0     6.4383     6.0000    -0.4383     4.2362     4.2012     0.0350
  6   0     5.5849     6.0000     0.4151     3.9464     3.9391     0.0073
  7   0     5.7081     6.0000     0.2919     3.8261     3.7885     0.0376
  8   0     6.3976     6.0000    -0.3976     4.3210     4.3128     0.0082
  9   0     0.8676     1.0000     0.1324     0.9649     0.9647     0.0002
 10   0     0.8672     1.0000     0.1328     0.9663     0.9663     0.0000
 11   0     6.2653     6.0000    -0.2653     3.9831     3.6078     0.3753
 12   0     0.8728     1.0000     0.1272     0.9832     0.9816     0.0016
 13   0     6.2717     6.0000    -0.2717     3.9612     3.9599     0.0013
 14   0     0.8469     1.0000     0.1531     0.9638     0.9629     0.0009
 15   0     0.8472     1.0000     0.1528     0.9639     0.9630     0.0009
 16   0     6.2902     6.0000    -0.2902     3.9022     3.9022     0.0000
 17   0     0.8447     1.0000     0.1553     0.9635     0.9635     0.0000
 18   0     0.8449     1.0000     0.1551     0.9636     0.9636     0.0000
 19   0     6.5104     6.0000    -0.5104     3.9055     3.9055     0.0000
 20   0     0.8402     1.0000     0.1598     0.9652     0.9652     0.0000
 21   0     0.8402     1.0000     0.1598     0.9652     0.9652     0.0000
 22   0     6.3874     6.0000    -0.3874     4.0546     4.0544     0.0002
 23   0     0.8444     1.0000     0.1556     0.9620     0.9619     0.0001
 24   0     0.8444     1.0000     0.1556     0.9619     0.9618     0.0001
 25   0     6.2709     6.0000    -0.2709     4.0159     4.0159     0.0000
 26   0     0.8577     1.0000     0.1423     0.9661     0.9661     0.0000
 27   0     0.8576     1.0000     0.1424     0.9661     0.9661     0.0000
 28   0     6.2633     6.0000    -0.2633     3.8874     3.8874     0.0000
 29   0     0.8547     1.0000     0.1453     0.9668     0.9668     0.0000
 30   0     0.8547     1.0000     0.1453     0.9668     0.9668     0.0000
 31   0     6.5116     6.0000    -0.5116     3.9000     3.9000     0.0000
 32   0     0.8402     1.0000     0.1598     0.9652     0.9652     0.0000
 33   0     0.8402     1.0000     0.1598     0.9652     0.9652     0.0000
 34   0     6.5417     6.0000    -0.5417     3.8865     3.8849     0.0016
 35   0     0.8159     1.0000     0.1841     0.9774     0.9774     0.0000
 36   0     0.8537     1.0000     0.1463     0.9670     0.9670     0.0000
 37   0     0.8551     1.0000     0.1449     0.9667     0.9667     0.0000
 38   0     6.1249     6.0000    -0.1249     4.0769     4.0763     0.0006
 39   0     6.1003     6.0000    -0.1003     4.0992     4.0991     0.0001
 40   0     6.2817     6.0000    -0.2817     4.1940     4.1935     0.0005
 41   0     5.4054     6.0000     0.5946     3.9214     3.9211     0.0003
 42   0     6.2770     6.0000    -0.2770     4.1980     4.1975     0.0005
 43   0     6.1006     6.0000    -0.1006     4.0954     4.0953     0.0001
 44   0     0.8925     1.0000     0.1075     0.9581     0.9581     0.0000
 45   0     0.8799     1.0000     0.1201     0.9605     0.9605     0.0000
 46   0     0.8937     1.0000     0.1063     0.9614     0.9614     0.0000
 47   0     0.8934     1.0000     0.1066     0.9615     0.9615     0.0000
 48   0     0.8827     1.0000     0.1173     0.9609     0.9609     0.0000
      Bond orders larger than 0.1000000
           Atom A     A.N. of A          Atom B    A.N. of B              Bond order
                0             6               1            6                2.473116
                0             6              41            6                1.018955
                1             6               3            6                0.818491
                1             6               4            6                0.100511
                2             6               6            6                0.902271
                2             6              34            6                2.713488
                3             6               4            6                1.256510
                3             6               8            6                1.447507
                4             6               5            6                1.242375
                4             6               6            6                0.104012
                4             6              11            6                1.297907
                5             6               6            6                1.477999
                5             6               9            1                0.975213
                5             6              34            6                0.101334
                6             6               7            6                1.312273
                6             6               8            6                0.101937
                7             6               8            6                1.423002
                7             6              22            6                0.942265
                8             6              10            1                0.971357
               11             6              12            1                0.980794
               11             6              13            6                0.999001
               13             6              14            1                0.956184
               13             6              15            1                0.956039
               13             6              16            6                0.981946
               16             6              17            1                0.972412
               16             6              18            1                0.972247
               16             6              19            6                0.961670
               19             6              20            1                0.972721
               19             6              21            1                0.972754
               19             6              36            1                0.967410
               22             6              23            1                0.959722
               22             6              24            1                0.959749
               22             6              25            6                1.019469
               25             6              26            1                0.961401
               25             6              27            1                0.961451
               25             6              28            6                0.985733
               28             6              29            1                0.971600
               28             6              30            1                0.971604
               28             6              31            6                0.954122
               31             6              32            1                0.973021
               31             6              33            1                0.973022
               31             6              37            1                0.967633
               34             6              35            1                0.983264
               38             6              39            6                1.453408
               38             6              40            6                0.101018
               38             6              43            6                1.451652
               38             6              44            1                0.965323
               39             6              40            6                1.478444
               39             6              46            1                0.976472
               40             6              41            6                1.382686
               40             6              48            1                0.980725
               41             6              42            6                1.380360
               42             6              43            6                1.478125
               42             6              45            1                0.981987
               43             6              47            1                0.975728
# -----------------------------------------------------------
$ Calculation_Info
   description: Details of the calculation
   geom. index: 1
   prop. index: 1
     Multiplicity:                          2
     Charge:                                0
     number of atoms:                       49
     number of electrons:                   0
     number of frozen core electrons:       1
     number of correlated electrons:        0
     number of basis functions:             583
     number of aux C basis functions:       4070
     number of aux J basis functions:       4070
     number of aux JK basis functions:      4070
     number of aux CABS basis functions:    0
     Total Energy                           -928.973268
# -----------------------------------------------------------
$ SCF_Electric_Properties
   description: The SCF Calculated Electric Properties
   geom. index: 1
   prop. index: 1
       Filename                          : EPRII_i.scfp 
       Do Dipole Moment Calculation      : true 
       Do Quadrupole Moment Calculation  : false 
       Do Polarizability Calculation     : false 
** Dipole moment part of electric properties **
        Magnitude of dipole moment (Debye) :        0.5294758984
        Electronic Contribution:
                  0    
      0      10.557885
      1       2.037795
      2      -0.009996
        Nuclear Contribution:
                  0    
      0     -10.350956
      1      -2.013889
      2       0.010927
        Total Dipole moment:
                  0    
      0       0.206929
      1       0.023906
      2       0.000931
# -----------------------------------------------------------
$ EPRNMR_GTensor
   description: Electronic g tensor
   geom. index: 1
   prop. index: 1
 Source density: 1 SCF 
 Spin multiplicity: 2 
 raw g tensor: 
                  0          1          2    
      0       2.002782   0.000109   0.000001
      1       0.000060   2.002788   0.000000
      2       0.000000   0.000001   2.002188
 g tensor: 
                  0          1          2    
      0      -0.000713  -0.720017  -0.693956
      1      -0.000914   0.693956  -0.720017
      2       0.999999   0.000121  -0.001153
 G eigenvalues: 
                  0          1          2    
      0       2.002188   2.002701   2.002870
# -----------------------------------------------------------
$ EPRNMR_OrbitalShielding
   description: Orbital contribution to the NMR Shielding tensor (ppm)
   geom. index: 1
   prop. index: 1
 Number of stored nuclei 25
 Source density: 1 SCF 
 Nucleus: 9 H 
 Shielding tensor (ppm): 
                  0          1          2    
      0      27.154590   5.947822   0.010076
      1       5.199295  26.198757   0.010368
      2       0.017875   0.013003  19.888687
 P Tensor eigenvectors:
                   0          1          2    
      0      -0.001487   0.681377   0.731931
      1      -0.000452  -0.731932   0.681377
      2       0.999999   0.000682   0.001396
 P Eigenvalues: 
                  0          1          2    
      0      19.888659  21.083213  32.270160
P(iso)  24.414011
 Nucleus: 10 H 
 Shielding tensor (ppm): 
                  0          1          2    
      0      28.490712   6.033934   0.009305
      1       5.874004  26.024158   0.006761
      2       0.010475   0.006976  19.232155
 P Tensor eigenvectors:
                   0          1          2    
      0      -0.000945   0.632472   0.774582
      1      -0.000172  -0.774583   0.632473
      2       1.000000   0.000464   0.000841
 P Eigenvalues: 
                  0          1          2    
      0      19.232144  21.177107  33.337774
P(iso)  24.582342
 Nucleus: 12 H 
 Shielding tensor (ppm): 
                  0          1          2    
      0      23.273440  -2.668158  -0.000269
      1      -1.749632  32.858971   0.012049
      2       0.004519   0.011839  19.830685
 P Tensor eigenvectors:
                   0          1          2    
      0      -0.001308   0.978496  -0.206260
      1      -0.001136   0.206259   0.978497
      2       0.999998   0.001514   0.000842
 P Eigenvalues: 
                  0          1          2    
      0      19.830669  22.789626  33.342801
P(iso)  25.321032
 Nucleus: 14 H 
 Shielding tensor (ppm): 
                  0          1          2    
      0      29.225287   1.311209   3.313767
      1       0.535522  30.811931  -0.387695
      2       4.098678  -1.333726  28.078107
 P Tensor eigenvectors:
                   0          1          2    
      0      -0.636605  -0.045989   0.769818
      1       0.188717  -0.977161   0.097685
      2       0.747743   0.207464   0.630745
 P Eigenvalues: 
                  0          1          2    
      0      24.647156  31.052151  32.416017
P(iso)  29.371775
 Nucleus: 15 H 
 Shielding tensor (ppm): 
                  0          1          2    
      0      29.295170   1.343663  -3.299546
      1       0.557454  30.824371   0.395714
      2      -4.093502   1.337728  27.989833
 P Tensor eigenvectors:
                   0          1          2    
      0       0.628954  -0.026878   0.776978
      1      -0.190855  -0.974157   0.120796
      2       0.753652  -0.224266  -0.617830
 P Eigenvalues: 
                  0          1          2    
      0      24.627513  31.064621  32.417240
P(iso)  29.369791
 Nucleus: 17 H 
 Shielding tensor (ppm): 
                  0          1          2    
      0      31.172138  -0.975702   4.537785
      1      -0.523644  30.513159  -0.543107
      2       4.331046   0.739998  28.512313
 P Tensor eigenvectors:
                   0          1          2    
      0      -0.600541   0.053616  -0.797794
      1      -0.086975   0.987449   0.131832
      2       0.794850   0.148558  -0.588340
 P Eigenvalues: 
                  0          1          2    
      0      25.161342  30.491039  34.545228
P(iso)  30.065870
 Nucleus: 18 H 
 Shielding tensor (ppm): 
                  0          1          2    
      0      31.259143  -0.957234  -4.530476
      1      -0.512171  30.514393   0.543069
      2      -4.315517  -0.729876  28.420630
 P Tensor eigenvectors:
                   0          1          2    
      0       0.592940  -0.056063   0.803293
      1       0.083404  -0.987932  -0.130513
      2       0.800916   0.144384  -0.581108
 P Eigenvalues: 
                  0          1          2    
      0      25.147090  30.489952  34.557125
P(iso)  30.064722
 Nucleus: 20 H 
 Shielding tensor (ppm): 
                  0          1          2    
      0      30.350146  -1.713863  -3.957038
      1      -2.431008  31.333954   2.624942
      2      -3.257298   2.196599  31.215284
 P Tensor eigenvectors:
                   0          1          2    
      0      -0.746809   0.358924  -0.559866
      1       0.014690   0.850553   0.525684
      2      -0.664876  -0.384361   0.640473
 P Eigenvalues: 
                  0          1          2    
      0      27.149006  29.343329  36.407049
P(iso)  30.966461
 Nucleus: 21 H 
 Shielding tensor (ppm): 
                  0          1          2    
      0      30.279787  -1.713243   3.933835
      1      -2.420440  31.353964  -2.653037
      2       3.228828  -2.214091  31.263467
 P Tensor eigenvectors:
                   0          1          2    
      0      -0.753303   0.355552   0.553279
      1       0.011899   0.848497  -0.529066
      2       0.657566   0.391963   0.643407
 P Eigenvalues: 
                  0          1          2    
      0      27.156247  29.336700  36.404271
P(iso)  30.965739
 Nucleus: 23 H 
 Shielding tensor (ppm): 
                  0          1          2    
      0      28.895413  -1.796351  -3.511149
      1      -1.233278  31.558991   0.158974
      2      -4.859833  -0.785937  26.812071
 P Tensor eigenvectors:
                   0          1          2    
      0       0.613409   0.426107  -0.664952
      1       0.134538   0.773276   0.619632
      2       0.778221  -0.469549   0.417007
 P Eigenvalues: 
                  0          1          2    
      0      23.370184  30.933025  32.963265
P(iso)  29.088825
 Nucleus: 24 H 
 Shielding tensor (ppm): 
                  0          1          2    
      0      28.876638  -1.794826   3.515785
      1      -1.232322  31.554745  -0.160044
      2       4.862579   0.784725  26.834510
 P Tensor eigenvectors:
                   0          1          2    
      0      -0.615269   0.423928  -0.664627
      1      -0.134747   0.774133   0.618515
      2       0.776716   0.470110  -0.419177
 P Eigenvalues: 
                  0          1          2    
      0      23.372998  30.933908  32.958987
P(iso)  29.088631
 Nucleus: 26 H 
 Shielding tensor (ppm): 
                  0          1          2    
      0      30.675100   0.954590  -3.826449
      1       0.805452  31.675099   0.153576
      2      -3.643986   1.358373  28.318584
 P Tensor eigenvectors:
                   0          1          2    
      0       0.588291   0.028610   0.808143
      1      -0.167795  -0.973304   0.156604
      2       0.791049  -0.227731  -0.567785
 P Eigenvalues: 
                  0          1          2    
      0      25.377726  31.834995  33.456062
P(iso)  30.222928
 Nucleus: 27 H 
 Shielding tensor (ppm): 
                  0          1          2    
      0      30.658383   0.957569   3.831387
      1       0.806075  31.675977  -0.151043
      2       3.647530  -1.357810  28.337316
 P Tensor eigenvectors:
                   0          1          2    
      0      -0.590125   0.028006   0.806826
      1       0.167879  -0.973294   0.156573
      2       0.789664   0.227847   0.569664
 P Eigenvalues: 
                  0          1          2    
      0      25.379789  31.836111  33.455776
P(iso)  30.223892
 Nucleus: 29 H 
 Shielding tensor (ppm): 
                  0          1          2    
      0      31.092379  -0.152970  -4.765940
      1       0.058097  31.167337  -0.460603
      2      -4.397788  -1.107299  28.814103
 P Tensor eigenvectors:
                   0          1          2    
      0       0.611096  -0.162881  -0.774617
      1       0.101842   0.986645  -0.127122
      2       0.784978  -0.001205   0.619523
 P Eigenvalues: 
                  0          1          2    
      0      25.162247  31.180657  34.730915
P(iso)  30.357939
 Nucleus: 30 H 
 Shielding tensor (ppm): 
                  0          1          2    
      0      31.070450  -0.153130   4.771549
      1       0.058901  31.167056   0.461026
      2       4.402502   1.106824  28.835843
 P Tensor eigenvectors:
                   0          1          2    
      0      -0.612968  -0.163135  -0.773082
      1      -0.101652   0.986604  -0.127594
      2       0.783541   0.000375  -0.621340
 P Eigenvalues: 
                  0          1          2    
      0      25.162626  31.179669  34.731054
P(iso)  30.357783
 Nucleus: 32 H 
 Shielding tensor (ppm): 
                  0          1          2    
      0      30.562946  -1.597193   4.071390
      1      -2.443164  31.088047  -2.313627
      2       3.363295  -1.956441  31.189709
 P Tensor eigenvectors:
                   0          1          2    
      0      -0.744033   0.313012   0.590287
      1      -0.019482   0.872934  -0.487448
      2       0.667859   0.374178   0.643394
 P Eigenvalues: 
                  0          1          2    
      0      27.145335  29.422873  36.272495
P(iso)  30.946901
 Nucleus: 33 H 
 Shielding tensor (ppm): 
                  0          1          2    
      0      30.581853  -1.603225  -4.072326
      1      -2.450113  31.089609   2.307944
      2      -3.364599   1.951961  31.169249
 P Tensor eigenvectors:
                   0          1          2    
      0      -0.742304   0.314017  -0.591928
      1      -0.019632   0.872819   0.487649
      2      -0.669776  -0.373604   0.641732
 P Eigenvalues: 
                  0          1          2    
      0      27.145030  29.423096  36.272585
P(iso)  30.946904
 Nucleus: 35 H 
 Shielding tensor (ppm): 
                  0          1          2    
      0      35.856294  -0.567204   0.019560
      1      -1.043359  25.847949  -0.001381
      2       0.009185  -0.000243  24.247774
 P Tensor eigenvectors:
                   0          1          2    
      0      -0.001333  -0.075846   0.997119
      1      -0.000129  -0.997120  -0.075846
      2       0.999999  -0.000230   0.001320
 P Eigenvalues: 
                  0          1          2    
      0      24.247756  25.783720  35.920540
P(iso)  28.650672
 Nucleus: 36 H 
 Shielding tensor (ppm): 
                  0          1          2    
      0      29.859516   2.482796   0.021974
      1       3.834261  36.219705   0.041785
      2       0.025480   0.036937  25.983676
 P Tensor eigenvectors:
                   0          1          2    
      0      -0.003991   0.920576   0.390544
      1      -0.002609  -0.390555   0.920576
      2       0.999989   0.002655   0.003961
 P Eigenvalues: 
                  0          1          2    
      0      25.983479  28.558457  37.520961
P(iso)  30.687632
 Nucleus: 37 H 
 Shielding tensor (ppm): 
                  0          1          2    
      0      29.199551   2.010444   0.003776
      1       3.250193  36.892642   0.002572
      2       0.003433   0.000884  26.056593
 P Tensor eigenvectors:
                   0          1          2    
      0      -0.001273   0.952556   0.304361
      1       0.000149  -0.304361   0.952557
      2       0.999999   0.001258   0.000246
 P Eigenvalues: 
                  0          1          2    
      0      26.056589  28.387040  37.705158
P(iso)  30.716262
 Nucleus: 44 H 
 Shielding tensor (ppm): 
                  0          1          2    
      0      23.953677   0.181702   0.004816
      1       0.180718  27.448852   0.000742
      2       0.005265   0.000767  21.591951
 P Tensor eigenvectors:
                   0          1          2    
      0      -0.002124   0.998664   0.051629
      1      -0.000063  -0.051629   0.998666
      2       0.999998   0.002118   0.000172
 P Eigenvalues: 
                  0          1          2    
      0      21.591940  23.944318  27.458222
P(iso)  24.331493
 Nucleus: 45 H 
 Shielding tensor (ppm): 
                  0          1          2    
      0      27.372472  -3.558518   0.014052
      1      -2.640414  24.565296  -0.005644
      2       0.015049  -0.007135  20.305944
 P Tensor eigenvectors:
                   0          1          2    
      0      -0.002047  -0.549381   0.835570
      1       0.000006  -0.835571  -0.549382
      2       0.999998  -0.001119   0.001714
 P Eigenvalues: 
                  0          1          2    
      0      20.305914  22.566956  29.370842
P(iso)  24.081237
 Nucleus: 46 H 
 Shielding tensor (ppm): 
                  0          1          2    
      0      27.022810  -1.824846   0.011917
      1      -1.803535  24.641949  -0.003608
      2       0.012127  -0.003492  21.284680
 P Tensor eigenvectors:
                   0          1          2    
      0      -0.002121  -0.475250   0.879848
      1      -0.000088  -0.879850  -0.475251
      2       0.999998  -0.001086   0.001824
 P Eigenvalues: 
                  0          1          2    
      0      21.284655  23.662495  28.002289
P(iso)  24.316480
 Nucleus: 47 H 
 Shielding tensor (ppm): 
                  0          1          2    
      0      27.322877   1.416081   0.012827
      1       1.414847  24.273576   0.003372
      2       0.013072   0.003334  21.325866
 P Tensor eigenvectors:
                   0          1          2    
      0      -0.002130  -0.365481  -0.930817
      1      -0.000114   0.930819  -0.365481
      2       0.999998  -0.000672  -0.002024
 P Eigenvalues: 
                  0          1          2    
      0      21.325838  23.717820  27.878661
P(iso)  24.307440
 Nucleus: 48 H 
 Shielding tensor (ppm): 
                  0          1          2    
      0      28.321597   2.813066   0.015667
      1       1.932983  23.851559   0.005906
      2       0.016916   0.006849  20.061961
 P Tensor eigenvectors:
                   0          1          2    
      0      -0.001797  -0.404198  -0.914670
      1      -0.000552   0.914671  -0.404198
      2       0.999998  -0.000221  -0.001867
 P Eigenvalues: 
                  0          1          2    
      0      20.061928  22.827202  29.345987
P(iso)  24.078372
# -----------------------------------------------------------
$ EPRNMR_ATensor
   description: Hyperfine A tensor
   geom. index: 1
   prop. index: 1
 Number of stored nuclei 25
 Source density: 1 SCF 
 Spin multiplicity: 2 
 Nucleus: 9 H  
 Isotope: 1 
 Nuclear Spin:  0.5 
 Prefactor (MHz): 533.551395 
 Raw A tensor (MHz): 
                  0          1          2    
      0     -15.863591  -6.257331  -0.002611
      1      -6.260186 -12.945635   0.004080
      2      -0.002610   0.004087 -17.136027
 A Tensor eigenvectors:
                   0          1          2    
      0      -0.621662   0.000431   0.783285
      1       0.783285  -0.000330   0.621662
      2       0.000526   1.000000  -0.000133
 A Eigenvalues: 
                  0          1          2    
      0      -7.978051 -17.136030 -20.831173
A(iso)  -15.315084
 Nucleus: 10 H  
 Isotope: 1 
 Nuclear Spin:  0.5 
 Prefactor (MHz): 533.551395 
 Raw A tensor (MHz): 
                  0          1          2    
      0       8.518342   2.360069   0.004270
      1       2.361174   6.850296   0.003330
      2       0.004271   0.003330   4.672975
 A Tensor eigenvectors:
                   0          1          2    
      0      -0.000513  -0.577410  -0.816454
      1      -0.000974   0.816454  -0.577410
      2       0.999999   0.000499  -0.000981
 A Eigenvalues: 
                  0          1          2    
      0       4.672969   5.180696  10.187948
A(iso)  6.680538
 Nucleus: 12 H  
 Isotope: 1 
 Nuclear Spin:  0.5 
 Prefactor (MHz): 533.551395 
 Raw A tensor (MHz): 
                  0          1          2    
      0     -19.775577  -1.411140   0.022353
      1      -1.409260 -73.693184  -0.020963
      2       0.022360  -0.020976 -48.263420
 A Tensor eigenvectors:
                   0          1          2    
      0       0.999658   0.000823   0.026145
      1      -0.026146   0.000779   0.999658
      2       0.000803  -0.999999   0.000800
 A Eigenvalues: 
                  0          1          2    
      0     -19.738700 -48.263422 -73.730058
A(iso)  -47.244060
 Nucleus: 14 H  
 Isotope: 1 
 Nuclear Spin:  0.5 
 Prefactor (MHz): 533.551395 
 Raw A tensor (MHz): 
                  0          1          2    
      0      70.149269  -3.572574   2.003201
      1      -3.571553  71.907431  -1.934731
      2       2.001711  -1.934929  66.961828
 A Tensor eigenvectors:
                   0          1          2    
      0      -0.382887  -0.703642   0.598570
      1       0.069916  -0.668161  -0.740725
      2       0.921146  -0.241764   0.305026
 A Eigenvalues: 
                  0          1          2    
      0      65.982809  67.445298  75.590422
A(iso)  69.672843
 Nucleus: 15 H  
 Isotope: 1 
 Nuclear Spin:  0.5 
 Prefactor (MHz): 533.551395 
 Raw A tensor (MHz): 
                  0          1          2    
      0      69.595366  -3.575088  -1.989173
      1      -3.574053  71.284474   1.924156
      2      -1.987671   1.924355  66.333674
 A Tensor eigenvectors:
                   0          1          2    
      0       0.371266  -0.707011   0.601911
      1      -0.076705  -0.669381  -0.738949
      2       0.925353   0.228177  -0.302749
 A Eigenvalues: 
                  0          1          2    
      0      65.376565  66.852735  74.984215
A(iso)  69.071171
 Nucleus: 17 H  
 Isotope: 1 
 Nuclear Spin:  0.5 
 Prefactor (MHz): 533.551395 
 Raw A tensor (MHz): 
                  0          1          2    
      0      -2.280134   2.033601   0.640487
      1       2.033323   1.790285   1.338045
      2       0.639890   1.336923  -2.791933
 A Tensor eigenvectors:
                   0          1          2    
      0      -0.373772   0.686215  -0.624022
      1      -0.893885  -0.446040   0.044918
      2      -0.247515   0.574593   0.780115
 A Eigenvalues: 
                  0          1          2    
      0       3.009988  -3.064819  -3.226951
A(iso)  -1.093927
 Nucleus: 18 H  
 Isotope: 1 
 Nuclear Spin:  0.5 
 Prefactor (MHz): 533.551395 
 Raw A tensor (MHz): 
                  0          1          2    
      0      -2.266694   2.048592  -0.622812
      1       2.048316   1.794177  -1.298020
      2      -0.622228  -1.296913  -2.808414
 A Tensor eigenvectors:
                   0          1          2    
      0      -0.376358   0.682996   0.625996
      1      -0.894781  -0.443176  -0.054426
      2       0.240254  -0.580613   0.777925
 A Eigenvalues: 
                  0          1          2    
      0       3.003393  -3.065805  -3.218518
A(iso)  -1.093643
 Nucleus: 20 H  
 Isotope: 1 
 Nuclear Spin:  0.5 
 Prefactor (MHz): 533.551395 
 Raw A tensor (MHz): 
                  0          1          2    
      0       0.037761  -0.270190  -0.099123
      1      -0.270564   2.143182   0.377252
      2      -0.099278   0.377061   0.062516
 A Tensor eigenvectors:
                   0          1          2    
      0       0.447657   0.885097   0.127308
      1       0.213550   0.032432  -0.976394
      2      -0.868331   0.464276  -0.174494
 A Eigenvalues: 
                  0          1          2    
      0       0.037994  -0.040382   2.245847
A(iso)  0.747819
 Nucleus: 21 H  
 Isotope: 1 
 Nuclear Spin:  0.5 
 Prefactor (MHz): 533.551395 
 Raw A tensor (MHz): 
                  0          1          2    
      0       0.035019  -0.264863   0.098307
      1      -0.265237   2.148446  -0.368910
      2       0.098460  -0.368719   0.060961
 A Tensor eigenvectors:
                   0          1          2    
      0       0.431764   0.893334  -0.124639
      1       0.208227   0.035732   0.977428
      2       0.877623  -0.447971  -0.170588
 A Eigenvalues: 
                  0          1          2    
      0       0.038739  -0.040935   2.246622
A(iso)  0.748142
 Nucleus: 23 H  
 Isotope: 1 
 Nuclear Spin:  0.5 
 Prefactor (MHz): 533.551395 
 Raw A tensor (MHz): 
                  0          1          2    
      0      25.505595   1.525217  -0.919887
      1       1.524735  25.500075  -0.464868
      2      -0.919282  -0.465046  24.198843
 A Tensor eigenvectors:
                   0          1          2    
      0       0.612403   0.376735   0.695006
      1      -0.318789  -0.686812   0.653194
      2       0.723420  -0.621579  -0.300506
 A Eigenvalues: 
                  0          1          2    
      0      23.625388  24.242642  27.336482
A(iso)  25.068171
 Nucleus: 24 H  
 Isotope: 1 
 Nuclear Spin:  0.5 
 Prefactor (MHz): 533.551395 
 Raw A tensor (MHz): 
                  0          1          2    
      0      25.523531   1.524011   0.923288
      1       1.523531  25.523551   0.468402
      2       0.922684   0.468582  24.226487
 A Tensor eigenvectors:
                   0          1          2    
      0      -0.614284   0.375184   0.694184
      1       0.318824  -0.686718   0.653276
      2       0.721808   0.622620   0.302222
 A Eigenvalues: 
                  0          1          2    
      0      23.648041  24.266141  27.359386
A(iso)  25.091190
 Nucleus: 26 H  
 Isotope: 1 
 Nuclear Spin:  0.5 
 Prefactor (MHz): 533.551395 
 Raw A tensor (MHz): 
                  0          1          2    
      0      -0.816022  -0.348862  -0.085331
      1      -0.348373   0.746240   0.387594
      2      -0.085091   0.387340  -0.926069
 A Tensor eigenvectors:
                   0          1          2    
      0       0.976820  -0.203988   0.064901
      1       0.213059   0.955815  -0.202541
      2      -0.020718   0.211674   0.977121
 A Eigenvalues: 
                  0          1          2    
      0      -0.890232   0.906391  -1.012010
A(iso)  -0.331950
 Nucleus: 27 H  
 Isotope: 1 
 Nuclear Spin:  0.5 
 Prefactor (MHz): 533.551395 
 Raw A tensor (MHz): 
                  0          1          2    
      0      -0.817638  -0.348024   0.085820
      1      -0.347534   0.745862  -0.388132
      2       0.085580  -0.387878  -0.927074
 A Tensor eigenvectors:
                   0          1          2    
      0       0.976610  -0.203463  -0.069541
      1       0.213512   0.955868   0.201813
      2       0.025411  -0.211940   0.976952
 A Eigenvalues: 
                  0          1          2    
      0      -0.891426   0.905866  -1.013291
A(iso)  -0.332950
 Nucleus: 29 H  
 Isotope: 1 
 Nuclear Spin:  0.5 
 Prefactor (MHz): 533.551395 
 Raw A tensor (MHz): 
                  0          1          2    
      0      -0.034589   0.275354  -0.058933
      1       0.275525   0.680676  -0.121351
      2      -0.058948  -0.121263  -0.091458
 A Tensor eigenvectors:
                   0          1          2    
      0      -0.452494   0.831932   0.321153
      1       0.290143  -0.203192   0.935163
      2       0.843247   0.516336  -0.149436
 A Eigenvalues: 
                  0          1          2    
      0      -0.101516  -0.138524   0.794669
A(iso)  0.184876
 Nucleus: 30 H  
 Isotope: 1 
 Nuclear Spin:  0.5 
 Prefactor (MHz): 533.551395 
 Raw A tensor (MHz): 
                  0          1          2    
      0      -0.034863   0.274943   0.059109
      1       0.275114   0.680786   0.121884
      2       0.059124   0.121796  -0.091110
 A Tensor eigenvectors:
                   0          1          2    
      0      -0.451498   0.832654  -0.320682
      1       0.290235  -0.202807  -0.935218
      2      -0.843750  -0.515322  -0.150098
 A Eigenvalues: 
                  0          1          2    
      0      -0.101335  -0.138516   0.794664
A(iso)  0.184938
 Nucleus: 32 H  
 Isotope: 1 
 Nuclear Spin:  0.5 
 Prefactor (MHz): 533.551395 
 Raw A tensor (MHz): 
                  0          1          2    
      0      -0.097903   0.009296  -0.000502
      1       0.009416   0.364089  -0.062825
      2      -0.000511  -0.062796  -0.115699
 A Tensor eigenvectors:
                   0          1          2    
      0       0.999446  -0.026804  -0.019739
      1      -0.016147   0.128169  -0.991621
      2       0.029109   0.991390   0.127665
 A Eigenvalues: 
                  0          1          2    
      0      -0.098070  -0.123805   0.372361
A(iso)  0.050162
 Nucleus: 33 H  
 Isotope: 1 
 Nuclear Spin:  0.5 
 Prefactor (MHz): 533.551395 
 Raw A tensor (MHz): 
                  0          1          2    
      0      -0.098022   0.009122   0.000580
      1       0.009241   0.363933   0.062832
      2       0.000590   0.062803  -0.115820
 A Tensor eigenvectors:
                   0          1          2    
      0       0.999549  -0.022933   0.019393
      1      -0.016300   0.128125   0.991624
      2      -0.025226  -0.991493   0.127693
 A Eigenvalues: 
                  0          1          2    
      0      -0.098188  -0.123922   0.372201
A(iso)  0.050030
 Nucleus: 35 H  
 Isotope: 1 
 Nuclear Spin:  0.5 
 Prefactor (MHz): 533.551395 
 Raw A tensor (MHz): 
                  0          1          2    
      0       2.750155   0.148439  -0.002486
      1       0.148374   5.488210   0.000749
      2      -0.002486   0.000749   3.853890
 A Tensor eigenvectors:
                   0          1          2    
      0      -0.998540  -0.002286   0.053976
      1       0.053977  -0.000251   0.998542
      2      -0.002269   0.999997   0.000374
 A Eigenvalues: 
                  0          1          2    
      0       2.742129   3.853896   5.496231
A(iso)  4.030752
 Nucleus: 36 H  
 Isotope: 1 
 Nuclear Spin:  0.5 
 Prefactor (MHz): 533.551395 
 Raw A tensor (MHz): 
                  0          1          2    
      0      -0.799657   0.227011   0.001275
      1       0.226838   0.667378   0.004280
      2       0.001274   0.004280  -0.821047
 A Tensor eigenvectors:
                   0          1          2    
      0      -0.149505  -0.046979   0.987644
      1      -0.988757   0.010038  -0.149196
      2      -0.002905  -0.998845  -0.047952
 A Eigenvalues: 
                  0          1          2    
      0       0.701690  -0.821030  -0.833986
A(iso)  -0.317776
 Nucleus: 37 H  
 Isotope: 1 
 Nuclear Spin:  0.5 
 Prefactor (MHz): 533.551395 
 Raw A tensor (MHz): 
                  0          1          2    
      0      -0.116144   0.065030   0.000023
      1       0.065115   0.219812   0.000067
      2       0.000023   0.000067  -0.130136
 A Tensor eigenvectors:
                   0          1          2    
      0      -0.982978  -0.005722   0.183635
      1       0.183633   0.000873   0.982994
      2      -0.005785   0.999983   0.000193
 A Eigenvalues: 
                  0          1          2    
      0      -0.128307  -0.130136   0.231976
A(iso)  -0.008823
 Nucleus: 44 H  
 Isotope: 1 
 Nuclear Spin:  0.5 
 Prefactor (MHz): 533.551395 
 Raw A tensor (MHz): 
                  0          1          2    
      0      -0.670785  -0.216620   0.003176
      1      -0.216606  -3.224383  -0.000491
      2       0.003176  -0.000491  -2.132586
 A Tensor eigenvectors:
                   0          1          2    
      0      -0.996469  -0.002175   0.083930
      1       0.083930  -0.000018   0.996472
      2      -0.002166   0.999998   0.000200
 A Eigenvalues: 
                  0          1          2    
      0      -0.652534  -2.132593  -3.242627
A(iso)  -2.009251
 Nucleus: 45 H  
 Isotope: 1 
 Nuclear Spin:  0.5 
 Prefactor (MHz): 533.551395 
 Raw A tensor (MHz): 
                  0          1          2    
      0      -2.035763   0.256566   0.000367
