-------------------------------------------------------------
----------------------- !PROPERTIES! ------------------------
-------------------------------------------------------------
# -----------------------------------------------------------
$ PAL_Flags
   description: The PAL Flags
   geom. index: 1
   prop. index: 1
        Diskflag:     2
# -----------------------------------------------------------
$ SCF_Energy
   description: The SCF energy
   geom. index: 1
   prop. index: 1
        SCF Energy:     -928.9721104666
# -----------------------------------------------------------
$ DFT_Energy
   description: The DFT energy
   geom. index: 1
   prop. index: 1
   Number of Alpha Electrons                 85.0001230420 
   Number of Beta  Electrons                 84.0001109813 
   Total number of  Electrons               169.0002340233 
   Exchange energy                         -105.5492776173 
   Correlation energy                        -6.5769746910 
   Correlation energy NL                      0.0000000000 
   Exchange-Correlation energy             -112.1262523082 
   Embedding correction                       0.0000000000 
   Total DFT Energy (No VdW correction)    -928.9721104666 
# -----------------------------------------------------------
$ Mayer_Pop
   description: The Mayer population analysis
   geom. index: 1
   prop. index: 1
     Number of atoms                     : 49
     Threshold for printing              : 0.1000000
     Number of bond orders printed       : 58
  NA   - Mulliken gross atomic population
  ZA   - Total nuclear charge
  QA   - Mulliken gross atomic charge
  VA   - Mayer's total valence
  BVA  - Mayer's bonded valence
  FA   - Mayer's free valence
  ATOM       NA         ZA         QA         VA         BVA        FA
  0   0     6.3110     6.0000    -0.3110     3.9452     3.9393     0.0059
  1   0     6.3914     6.0000    -0.3914     3.7741     3.7721     0.0020
  2   0     5.9994     6.0000     0.0006     3.8144     3.8140     0.0004
  3   0     5.5040     6.0000     0.4960     3.8603     3.8264     0.0339
  4   0     5.6189     6.0000     0.3811     3.9621     3.9476     0.0145
  5   0     6.4421     6.0000    -0.4421     4.2451     4.2105     0.0346
  6   0     5.5831     6.0000     0.4169     3.9617     3.9545     0.0072
  7   0     5.6989     6.0000     0.3011     3.8269     3.7896     0.0373
  8   0     6.4035     6.0000    -0.4035     4.3325     4.3245     0.0080
  9   0     0.8696     1.0000     0.1304     0.9657     0.9655     0.0002
 10   0     0.8691     1.0000     0.1309     0.9669     0.9669     0.0000
 11   0     6.2618     6.0000    -0.2618     3.9885     3.6179     0.3706
 12   0     0.8743     1.0000     0.1257     0.9834     0.9818     0.0016
 13   0     6.2678     6.0000    -0.2678     3.9658     3.9644     0.0014
 14   0     0.8495     1.0000     0.1505     0.9645     0.9635     0.0010
 15   0     0.8497     1.0000     0.1503     0.9645     0.9635     0.0010
 16   0     6.2826     6.0000    -0.2826     3.9031     3.9031     0.0000
 17   0     0.8475     1.0000     0.1525     0.9642     0.9642     0.0000
 18   0     0.8476     1.0000     0.1524     0.9642     0.9642     0.0000
 19   0     6.5075     6.0000    -0.5075     3.9063     3.9063     0.0000
 20   0     0.8423     1.0000     0.1577     0.9658     0.9658     0.0000
 21   0     0.8423     1.0000     0.1577     0.9658     0.9658     0.0000
 22   0     6.3851     6.0000    -0.3851     4.0593     4.0591     0.0002
 23   0     0.8470     1.0000     0.1530     0.9627     0.9626     0.0001
 24   0     0.8470     1.0000     0.1530     0.9627     0.9626     0.0001
 25   0     6.2653     6.0000    -0.2653     4.0205     4.0205     0.0000
 26   0     0.8605     1.0000     0.1395     0.9667     0.9667     0.0000
 27   0     0.8605     1.0000     0.1395     0.9667     0.9667     0.0000
 28   0     6.2547     6.0000    -0.2547     3.8881     3.8881     0.0000
 29   0     0.8576     1.0000     0.1424     0.9675     0.9675     0.0000
 30   0     0.8576     1.0000     0.1424     0.9675     0.9675     0.0000
 31   0     6.5087     6.0000    -0.5087     3.9006     3.9006     0.0000
 32   0     0.8423     1.0000     0.1577     0.9658     0.9658     0.0000
 33   0     0.8423     1.0000     0.1577     0.9658     0.9658     0.0000
 34   0     6.5469     6.0000    -0.5469     3.8843     3.8828     0.0015
 35   0     0.8172     1.0000     0.1828     0.9775     0.9775     0.0000
 36   0     0.8553     1.0000     0.1447     0.9674     0.9674     0.0000
 37   0     0.8568     1.0000     0.1432     0.9671     0.9671     0.0000
 38   0     6.1232     6.0000    -0.1232     4.0788     4.0782     0.0006
 39   0     6.0986     6.0000    -0.0986     4.1018     4.1017     0.0001
 40   0     6.2835     6.0000    -0.2835     4.1997     4.1992     0.0005
 41   0     5.3982     6.0000     0.6018     3.9306     3.9303     0.0003
 42   0     6.2774     6.0000    -0.2774     4.2020     4.2015     0.0005
 43   0     6.0996     6.0000    -0.0996     4.0983     4.0982     0.0001
 44   0     0.8943     1.0000     0.1057     0.9585     0.9585     0.0000
 45   0     0.8816     1.0000     0.1184     0.9609     0.9609     0.0000
 46   0     0.8953     1.0000     0.1047     0.9617     0.9617     0.0000
 47   0     0.8950     1.0000     0.1050     0.9618     0.9618     0.0000
 48   0     0.8843     1.0000     0.1157     0.9613     0.9613     0.0000
      Bond orders larger than 0.1000000
           Atom A     A.N. of A          Atom B    A.N. of B              Bond order
                0             6               1            6                2.471490
                0             6               3            6                0.102933
                0             6              41            6                1.021406
                1             6               3            6                0.815751
                1             6               4            6                0.104431
                2             6               6            6                0.905516
                2             6              34            6                2.707802
                3             6               4            6                1.258986
                3             6               7            6                0.103975
                3             6               8            6                1.449555
                4             6               5            6                1.239319
                4             6               6            6                0.108226
                4             6              11            6                1.301595
                5             6               6            6                1.480069
                5             6               9            1                0.976178
                5             6              34            6                0.102740
                6             6               7            6                1.313983
                6             6               8            6                0.103796
                7             6               8            6                1.423008
                7             6              22            6                0.942577
                8             6              10            1                0.972749
               11             6              12            1                0.981283
               11             6              13            6                1.001228
               13             6              14            1                0.955144
               13             6              15            1                0.955033
               13             6              16            6                0.982471
               16             6              17            1                0.972101
               16             6              18            1                0.972023
               16             6              19            6                0.961459
               19             6              20            1                0.972715
               19             6              21            1                0.972731
               19             6              36            1                0.967247
               22             6              23            1                0.959466
               22             6              24            1                0.959499
               22             6              25            6                1.020891
               25             6              26            1                0.960569
               25             6              27            1                0.960595
               25             6              28            6                0.987524
               28             6              29            1                0.970997
               28             6              30            1                0.971001
               28             6              31            6                0.953827
               31             6              32            1                0.972998
               31             6              33            1                0.972994
               31             6              37            1                0.967464
               34             6              35            1                0.984260
               38             6              39            6                1.453187
               38             6              40            6                0.103513
               38             6              42            6                0.100529
               38             6              43            6                1.451489
               38             6              44            1                0.965770
               39             6              40            6                1.478101
               39             6              46            1                0.977000
               40             6              41            6                1.383846
               40             6              48            1                0.981564
               41             6              42            6                1.380087
               42             6              43            6                1.477866
               42             6              45            1                0.982837
               43             6              47            1                0.976315
# -----------------------------------------------------------
$ Calculation_Info
   description: Details of the calculation
   geom. index: 1
   prop. index: 1
     Multiplicity:                          2
     Charge:                                0
     number of atoms:                       49
     number of electrons:                   0
     number of frozen core electrons:       1
     number of correlated electrons:        0
     number of basis functions:             583
     number of aux C basis functions:       4070
     number of aux J basis functions:       4070
     number of aux JK basis functions:      4070
     number of aux CABS basis functions:    0
     Total Energy                           -928.972110
# -----------------------------------------------------------
$ SCF_Electric_Properties
   description: The SCF Calculated Electric Properties
   geom. index: 1
   prop. index: 1
       Filename                          : EPRII.scfp 
       Do Dipole Moment Calculation      : true 
       Do Quadrupole Moment Calculation  : false 
       Do Polarizability Calculation     : false 
** Dipole moment part of electric properties **
        Magnitude of dipole moment (Debye) :        0.4966150875
        Electronic Contribution:
                  0    
      0      10.591332
      1       2.020404
      2       0.005187
        Nuclear Contribution:
                  0    
      0     -10.397410
      1      -1.996598
      2      -0.004443
        Total Dipole moment:
                  0    
      0       0.193922
      1       0.023806
      2       0.000744
# -----------------------------------------------------------
$ EPRNMR_GTensor
   description: Electronic g tensor
   geom. index: 1
   prop. index: 1
 Source density: 1 SCF 
 Spin multiplicity: 2 
 raw g tensor: 
                  0          1          2    
      0       2.002744   0.000159   0.000000
      1       0.000046   2.002885   0.000001
      2      -0.000000   0.000001   2.002249
 g tensor: 
                  0          1          2    
      0      -0.000082  -0.884328  -0.466866
      1      -0.001104   0.466865  -0.884328
      2       0.999999   0.000443  -0.001015
 G eigenvalues: 
                  0          1          2    
      0       2.002249   2.002690   2.002939
# -----------------------------------------------------------
$ EPRNMR_OrbitalShielding
   description: Orbital contribution to the NMR Shielding tensor (ppm)
   geom. index: 1
   prop. index: 1
 Number of stored nuclei 25
 Source density: 1 SCF 
 Nucleus: 9 H 
 Shielding tensor (ppm): 
                  0          1          2    
      0      29.648353 -170.281798  -0.249170
      1      16.761562  27.355751   0.166390
      2       0.180206  -0.326631  33.181088
 P Tensor eigenvectors:
                   0          1          2    
      0       0.987896   0.010600  -0.154754
      1       0.154758   0.000437   0.987952
      2      -0.010540   0.999944   0.001209
 P Eigenvalues: 
                  0          1          2    
      0       6.123920  33.179179  50.882093
P(iso)  30.061731
 Nucleus: 10 H 
 Shielding tensor (ppm): 
                  0          1          2    
      0      41.003440 151.368161   0.172700
      1     -166.936641 131.666084  -0.221636
      2      -0.376230   0.293649 126.686287
 P Tensor eigenvectors:
                   0          1          2    
      0      -0.005805   0.812747  -0.582588
      1      -0.005195   0.582565   0.812767
      2       0.999970   0.007745   0.000841
 P Eigenvalues: 
                  0          1          2    
      0     126.683872  64.405594 108.266346
P(iso)  99.785270
 Nucleus: 12 H 
 Shielding tensor (ppm): 
                  0          1          2    
      0      64.797462 -158.632056  -0.017638
      1     265.508363 110.173491   0.010293
      2      -0.147502  -0.006995 124.488440
 P Tensor eigenvectors:
                   0          1          2    
      0       0.000455  -0.386083  -0.922464
      1      -0.000537   0.922464  -0.386084
      2       1.000000   0.000671   0.000213
 P Eigenvalues: 
                  0          1          2    
      0     124.488321  65.346008 109.625064
P(iso)  99.819798
 Nucleus: 14 H 
 Shielding tensor (ppm): 
                  0          1          2    
      0      39.884054 159.384093  84.155306
      1     -265.645838  45.445639 -330.377710
      2     -52.311327 241.577532  54.740538
 P Tensor eigenvectors:
                   0          1          2    
      0       0.766040   0.180834   0.616833
      1       0.245890  -0.969064  -0.021272
      2      -0.593904  -0.167969   0.786807
 P Eigenvalues: 
                  0          1          2    
      0      23.925295  48.725876  67.419061
P(iso)  46.690077
 Nucleus: 15 H 
 Shielding tensor (ppm): 
                  0          1          2    
      0      40.223377 160.525176 -84.001127
      1     -267.158345  45.386971 329.098030
      2      52.092983 -240.800503  54.877706
 P Tensor eigenvectors:
                   0          1          2    
      0       0.763229   0.180398  -0.620434
      1       0.245595  -0.969159   0.020327
      2       0.597632   0.167889   0.783995
 P Eigenvalues: 
                  0          1          2    
      0      24.186590  48.796118  67.505347
P(iso)  46.829352
 Nucleus: 17 H 
 Shielding tensor (ppm): 
                  0          1          2    
      0      42.703402 -270.754438  -4.397744
      1     372.559904  61.562907 406.169964
      2      10.556352 -296.825181  71.685649
 P Tensor eigenvectors:
                   0          1          2    
      0      -0.740616   0.030185  -0.671250
      1       0.017238  -0.997808  -0.063888
      2       0.671708   0.058888  -0.738472
 P Eigenvalues: 
                  0          1          2    
      0      52.688139  52.100605  71.163215
P(iso)  58.650653
 Nucleus: 18 H 
 Shielding tensor (ppm): 
                  0          1          2    
      0      42.511494 -272.103732   3.931122
      1     374.450509  61.696138 -404.369871
      2     -10.142331 295.426965  71.304527
 P Tensor eigenvectors:
                   0          1          2    
      0       0.737424   0.030895  -0.674723
      1      -0.018185  -0.997683  -0.065558
      2       0.675185  -0.060614   0.735154
 P Eigenvalues: 
                  0          1          2    
      0      52.516466  51.981981  71.013711
P(iso)  58.504053
 Nucleus: 20 H 
 Shielding tensor (ppm): 
                  0          1          2    
      0     -15.082667 230.941532 -50.373383
      1     -337.044496  36.048186 465.986427
      2      34.919538 -338.508924  -8.577387
 P Tensor eigenvectors:
                   0          1          2    
      0      -0.811195  -0.005706  -0.584747
      1      -0.104441   0.985288   0.135273
      2      -0.575373  -0.170805   0.799857
 P Eigenvalues: 
                  0          1          2    
      0     -20.913077  13.872548  19.428662
P(iso)  4.129377
 Nucleus: 21 H 
 Shielding tensor (ppm): 
                  0          1          2    
      0     -15.341379 229.229329  50.729769
      1     -334.779241  36.264013 -467.151699
      2     -35.444949 339.391416  -8.907296
 P Tensor eigenvectors:
                   0          1          2    
      0      -0.813725  -0.006198   0.581217
      1      -0.105367   0.984949  -0.137014
      2       0.571620   0.172733   0.802131
 P Eigenvalues: 
                  0          1          2    
      0     -21.130550  13.806044  19.339844
P(iso)  4.005113
 Nucleus: 23 H 
 Shielding tensor (ppm): 
                  0          1          2    
      0      67.692723 -81.113939 -284.380231
      1     168.340903  -6.371367 -211.101737
      2     193.729456 155.492483  26.972792
 P Tensor eigenvectors:
                   0          1          2    
      0      -0.524448   0.708044  -0.472892
      1       0.762044   0.638072   0.110238
      2      -0.379793   0.302550   0.874197
 P Eigenvalues: 
                  0          1          2    
      0     -18.012784  43.064443  63.242490
P(iso)  29.431383
 Nucleus: 24 H 
 Shielding tensor (ppm): 
                  0          1          2    
      0      67.460886 -81.221878 283.992094
      1     168.316865  -6.559353 211.157079
      2     -193.097485 -155.483643  27.107094
 P Tensor eigenvectors:
                   0          1          2    
      0      -0.524980   0.708376   0.471805
      1       0.761377   0.638623  -0.111651
      2       0.380396  -0.300607   0.874605
 P Eigenvalues: 
                  0          1          2    
      0     -18.127310  42.983160  63.152777
P(iso)  29.336209
 Nucleus: 26 H 
 Shielding tensor (ppm): 
                  0          1          2    
      0      55.872778 245.180210 208.685744
      1     -303.875729 110.448448 318.227487
      2     -156.517963 -232.079331 137.427374
 P Tensor eigenvectors:
                   0          1          2    
      0      -0.677087   0.464760  -0.570571
      1       0.395776   0.883634   0.250105
      2      -0.620415   0.056476   0.782238
 P Eigenvalues: 
                  0          1          2    
      0     112.303009  80.309483 111.136109
P(iso)  101.249534
 Nucleus: 27 H 
 Shielding tensor (ppm): 
                  0          1          2    
      0      56.063720 245.117987 -208.297370
      1     -303.685253 110.659895 -318.660979
      2     155.746125 232.439704 137.308342
 P Tensor eigenvectors:
                   0          1          2    
      0      -0.678107   0.464586   0.569500
      1       0.394472   0.883867  -0.251340
      2       0.620131  -0.054216   0.782622
 P Eigenvalues: 
                  0          1          2    
      0     112.476171  80.359953 111.195833
P(iso)  101.343986
 Nucleus: 29 H 
 Shielding tensor (ppm): 
                  0          1          2    
      0      38.189995 -198.835090 -256.807866
      1     318.652775 -15.968996 -394.414503
      2     174.572900 286.573652 -18.436627
 P Tensor eigenvectors:
                   0          1          2    
      0      -0.702545   0.427032  -0.569275
      1       0.453525   0.885124   0.104263
      2      -0.548403   0.184931   0.815509
 P Eigenvalues: 
                  0          1          2    
      0     -33.018136  14.964676  21.837833
P(iso)  1.261458
 Nucleus: 30 H 
 Shielding tensor (ppm): 
                  0          1          2    
      0      37.965045 -198.695299 256.413265
      1     318.319878 -16.174230 394.692457
      2     -173.849029 -286.667891 -18.255924
 P Tensor eigenvectors:
                   0          1          2    
      0      -0.703306   0.427124   0.568266
      1       0.452602   0.885464  -0.105381
      2       0.548189  -0.183083   0.816069
 P Eigenvalues: 
                  0          1          2    
      0     -33.129092  14.906483  21.757501
P(iso)  1.178297
 Nucleus: 32 H 
 Shielding tensor (ppm): 
                  0          1          2    
      0      -2.206834 373.094693 -182.950903
      1     -443.259906  84.264953 -453.328623
      2     133.428136 326.949020  54.845095
 P Tensor eigenvectors:
                   0          1          2    
      0      -0.680715  -0.391843   0.618940
      1       0.256483  -0.918919  -0.299674
      2       0.686181  -0.045245   0.726023
 P Eigenvalues: 
                  0          1          2    
      0      43.484150  39.530882  53.888182
P(iso)  45.634405
 Nucleus: 33 H 
 Shielding tensor (ppm): 
                  0          1          2    
      0      -2.365958 373.385902 183.376310
      1     -443.769179  84.064868 452.596673
      2     -134.171861 -326.220180  55.018968
 P Tensor eigenvectors:
                   0          1          2    
      0      -0.679549  -0.392042  -0.620094
      1       0.257494  -0.918924   0.298789
      2      -0.686957   0.043371   0.725402
 P Eigenvalues: 
                  0          1          2    
      0      43.376126  39.496648  53.845104
P(iso)  45.572626
 Nucleus: 35 H 
 Shielding tensor (ppm): 
                  0          1          2    
      0      49.685613 -33.631003   0.582885
      1      21.926290 -176.528349   0.010451
      2       0.007059  -0.041945 -161.655624
 P Tensor eigenvectors:
                   0          1          2    
      0      -0.983741   0.000527  -0.179590
      1      -0.179587   0.002855   0.983738
      2       0.001032   0.999996  -0.002714
 P Eigenvalues: 
                  0          1          2    
      0      40.321182 -161.655482 -167.164059
P(iso)  -96.166120
 Nucleus: 36 H 
 Shielding tensor (ppm): 
                  0          1          2    
      0     -103.452758 -301.039720  -0.313650
      1     387.663174  58.007404   1.447203
      2       0.339287  -0.887724 -89.913285
 P Tensor eigenvectors:
                   0          1          2    
      0      -0.003364  -0.484892  -0.874568
      1      -0.000905   0.874574  -0.484892
      2       0.999994  -0.000840  -0.003381
 P Eigenvalues: 
                  0          1          2    
      0     -89.913646 -16.690312 -28.754680
P(iso)  -45.119546
 Nucleus: 37 H 
 Shielding tensor (ppm): 
                  0          1          2    
      0     -105.528110  42.921261  -0.035945
      1     104.659218  17.571422  -0.026746
      2       0.167849   0.321803 -139.794365
 P Tensor eigenvectors:
                   0          1          2    
      0      -0.131412   0.005129   0.991315
      1      -0.991324  -0.003496  -0.131395
      2      -0.002792   0.999981  -0.005544
 P Eigenvalues: 
                  0          1          2    
      0      34.670778 -139.794541 -122.627289
P(iso)  -75.917018
 Nucleus: 44 H 
 Shielding tensor (ppm): 
                  0          1          2    
      0      40.740221 -36.586072   0.946581
      1       6.951339 -244.173221  -0.086276
      2      -0.065561  -0.120916 -171.177417
 P Tensor eigenvectors:
                   0          1          2    
      0       0.998562   0.001788  -0.053570
      1       0.053571  -0.000045   0.998564
      2      -0.001783   0.999998   0.000141
 P Eigenvalues: 
                  0          1          2    
      0      38.335086 -171.175153 -241.770349
P(iso)  -124.870139
 Nucleus: 45 H 
 Shielding tensor (ppm): 
                  0          1          2    
      0       6.942402 -520.302556  -0.959188
      1     361.367836 162.614254   0.598696
      2       0.388125  -0.727302 108.141692
 P Tensor eigenvectors:
                   0          1          2    
      0      -0.001400   0.957520   0.288362
      1      -0.001543  -0.288364   0.957520
      2       0.999998   0.000896   0.001881
 P Eigenvalues: 
                  0          1          2    
      0     108.142278  63.770869 105.785201
P(iso)  92.566116
 Nucleus: 46 H 
 Shielding tensor (ppm): 
                  0          1          2    
      0      15.641067 547.594462   1.081303
      1     -304.435981 -104.560280  -0.435849
      2      -0.417664   0.875620 -85.107021
 P Tensor eigenvectors:
                   0          1          2    
      0      -0.001372   0.984277   0.176626
      1      -0.001673  -0.176629   0.984276
      2       0.999998   0.001055   0.001889
 P Eigenvalues: 
                  0          1          2    
      0     -85.107974 -30.381887 -58.536373
P(iso)  -58.008745
 Nucleus: 47 H 
 Shielding tensor (ppm): 
                  0          1          2    
      0      -4.560157 -586.197970  -0.194903
      1     328.290487 -70.647047   0.449370
      2       0.225764  -0.939677 -74.598108
 P Tensor eigenvectors:
                   0          1          2    
      0      -0.001393   0.996440  -0.084295
      1      -0.000528   0.084295   0.996441
      2       0.999999   0.001433   0.000409
 P Eigenvalues: 
                  0          1          2    
      0     -74.597944 -26.692740 -48.514627
P(iso)  -49.935104
 Nucleus: 48 H 
 Shielding tensor (ppm): 
                  0          1          2    
      0      17.288408 522.740230   0.216183
      1     -328.274398 137.691897  -0.405882
      2      -0.358467   0.818435  96.714239
 P Tensor eigenvectors:
                   0          1          2    
      0      -0.001273   0.982543  -0.186032
      1      -0.000644   0.186031   0.982544
      2       0.999999   0.001370   0.000396
 P Eigenvalues: 
                  0          1          2    
      0      96.714202  57.000561  97.979782
P(iso)  83.898182
# -----------------------------------------------------------
$ EPRNMR_ATensor
   description: Hyperfine A tensor
   geom. index: 1
   prop. index: 1
 Number of stored nuclei 25
 Source density: 1 SCF 
 Spin multiplicity: 2 
 Nucleus: 9 H  
 Isotope: 1 
 Nuclear Spin:  0.5 
 Prefactor (MHz): 533.551395 
 Raw A tensor (MHz): 
                  0          1          2    
      0     -15.698843  -6.174495  -0.004144
      1      -6.177282 -13.008398   0.003642
      2      -0.004144   0.003646 -17.140224
 A Tensor eigenvectors:
                   0          1          2    
      0      -0.627346   0.000167   0.778741
      1       0.778740  -0.000632   0.627346
      2       0.000597   1.000000   0.000267
 A Eigenvalues: 
                  0          1          2    
      0      -8.032919 -17.140227 -20.674319
A(iso)  -15.282488
 Nucleus: 10 H  
 Isotope: 1 
 Nuclear Spin:  0.5 
 Prefactor (MHz): 533.551395 
 Raw A tensor (MHz): 
                  0          1          2    
      0       8.388939   2.293821   0.003452
      1       2.294939   6.854390   0.002859
      2       0.003453   0.002858   4.631107
 A Tensor eigenvectors:
                   0          1          2    
      0      -0.000361  -0.584286  -0.811548
      1      -0.000914   0.811548  -0.584286
      2       1.000000   0.000531  -0.000827
 A Eigenvalues: 
                  0          1          2    
      0       4.631103   5.202390  10.040943
A(iso)  6.624812
 Nucleus: 12 H  
 Isotope: 1 
 Nuclear Spin:  0.5 
 Prefactor (MHz): 533.551395 
 Raw A tensor (MHz): 
                  0          1          2    
      0     -20.066739  -1.272273   0.006449
      1      -1.270458 -73.245510  -0.018590
      2       0.006452  -0.018598 -48.443642
 A Tensor eigenvectors:
                   0          1          2    
      0       0.999714   0.000260   0.023904
      1      -0.023904   0.000736   0.999714
      2       0.000243  -1.000000   0.000742
 A Eigenvalues: 
                  0          1          2    
      0     -20.036359 -48.443630 -73.275902
A(iso)  -47.251964
 Nucleus: 14 H  
 Isotope: 1 
 Nuclear Spin:  0.5 
 Prefactor (MHz): 533.551395 
 Raw A tensor (MHz): 
                  0          1          2    
      0      72.214482  -3.521367   1.974819
      1      -3.520344  73.879842  -1.905428
      2       1.973332  -1.905627  68.985362
 A Tensor eigenvectors:
                   0          1          2    
      0      -0.371341  -0.707031   0.601841
      1       0.077865  -0.669619  -0.738612
      2       0.925226  -0.227414   0.303710
 A Eigenvalues: 
                  0          1          2    
      0      68.032879  69.514840  77.531966
A(iso)  71.693228
 Nucleus: 15 H  
 Isotope: 1 
 Nuclear Spin:  0.5 
 Prefactor (MHz): 533.551395 
 Raw A tensor (MHz): 
                  0          1          2    
      0      71.924428  -3.520752  -1.971223
      1      -3.519723  73.554219   1.904697
      2      -1.969731   1.904896  68.664115
 A Tensor eigenvectors:
                   0          1          2    
      0       0.365993  -0.708469   0.603424
      1      -0.081748  -0.670381  -0.737500
      2       0.927020   0.220591  -0.303271
 A Eigenvalues: 
                  0          1          2    
      0      67.718365  69.206928  77.217469
A(iso)  71.380921
 Nucleus: 17 H  
 Isotope: 1 
 Nuclear Spin:  0.5 
 Prefactor (MHz): 533.551395 
 Raw A tensor (MHz): 
                  0          1          2    
      0      -2.349953   2.035362   0.641802
      1       2.035094   1.708804   1.336367
      2       0.641210   1.335246  -2.873792
 A Tensor eigenvectors:
                   0          1          2    
      0      -0.374521   0.700356  -0.607647
      1      -0.893669  -0.447342   0.035216
      2      -0.247163   0.556225   0.793426
 A Eigenvalues: 
                  0          1          2    
      0       2.930799  -3.140027  -3.305713
A(iso)  -1.171647
 Nucleus: 18 H  
 Isotope: 1 
 Nuclear Spin:  0.5 
 Prefactor (MHz): 533.551395 
 Raw A tensor (MHz): 
                  0          1          2    
      0      -2.343284   2.042846  -0.631561
      1       2.042578   1.712646  -1.314057
      2      -0.630976  -1.312943  -2.883029
 A Tensor eigenvectors:
                   0          1          2    
      0       0.375751  -0.699278   0.608129
      1       0.894272   0.445732  -0.040012
      2      -0.243083   0.558868   0.792829
 A Eigenvalues: 
                  0          1          2    
      0       2.927618  -3.140427  -3.300858
A(iso)  -1.171222
 Nucleus: 20 H  
 Isotope: 1 
 Nuclear Spin:  0.5 
 Prefactor (MHz): 533.551395 
 Raw A tensor (MHz): 
                  0          1          2    
      0       0.083459  -0.272292  -0.104073
      1      -0.272665   2.195210   0.379922
      2      -0.104226   0.379731   0.108673
 A Tensor eigenvectors:
                   0          1          2    
      0      -0.678834   0.723016   0.128189
      1       0.042567   0.213030  -0.976118
      2      -0.733057  -0.657165  -0.175389
 A Eigenvalues: 
                  0          1          2    
      0      -0.010777   0.098870   2.299250
A(iso)  0.795781
 Nucleus: 21 H  
 Isotope: 1 
 Nuclear Spin:  0.5 
 Prefactor (MHz): 533.551395 
 Raw A tensor (MHz): 
                  0          1          2    
      0       0.082289  -0.269749   0.103519
      1      -0.270122   2.198560  -0.374179
      2       0.103671  -0.373988   0.107552
 A Tensor eigenvectors:
                   0          1          2    
      0       0.683885  -0.718472  -0.126882
      1      -0.039979  -0.210550   0.976765
      2      -0.728493  -0.662923  -0.172715
 A Eigenvalues: 
                  0          1          2    
      0      -0.011174   0.099795   2.299781
A(iso)  0.796134
 Nucleus: 23 H  
 Isotope: 1 
 Nuclear Spin:  0.5 
 Prefactor (MHz): 533.551395 
 Raw A tensor (MHz): 
                  0          1          2    
      0      26.256785   1.509740  -0.916569
      1       1.509252  26.247689  -0.463072
      2      -0.915960  -0.463246  24.948458
 A Tensor eigenvectors:
                   0          1          2    
      0       0.607769   0.383439   0.695408
      1      -0.310591  -0.691167   0.652550
      2       0.730856  -0.612587  -0.300977
 A Eigenvalues: 
                  0          1          2    
      0      24.383455  24.999618  28.069860
A(iso)  25.817644
 Nucleus: 24 H  
 Isotope: 1 
 Nuclear Spin:  0.5 
 Prefactor (MHz): 533.551395 
 Raw A tensor (MHz): 
                  0          1          2    
      0      26.258670   1.508427   0.919313
      1       1.507940  26.250627   0.465842
      2       0.918704   0.466018  24.954991
 A Tensor eigenvectors:
                   0          1          2    
      0      -0.608524   0.382809   0.695094
      1       0.309914  -0.691731   0.652274
      2       0.730514   0.612344   0.302297
 A Eigenvalues: 
                  0          1          2    
      0      24.387235  25.003386  28.073666
A(iso)  25.821429
 Nucleus: 26 H  
 Isotope: 1 
 Nuclear Spin:  0.5 
 Prefactor (MHz): 533.551395 
 Raw A tensor (MHz): 
                  0          1          2    
      0      -0.823967  -0.350172  -0.086405
      1      -0.349680   0.736226   0.392214
      2      -0.086162   0.391961  -0.939562
 A Tensor eigenvectors:
                   0          1          2    
      0      -0.247989   0.966764  -0.062194
      1       0.944832   0.255545   0.204913
      2       0.213996  -0.007947  -0.976802
 A Eigenvalues: 
                  0          1          2    
      0       0.895226  -0.895255  -1.027274
A(iso)  -0.342434
 Nucleus: 27 H  
 Isotope: 1 
 Nuclear Spin:  0.5 
 Prefactor (MHz): 533.551395 
 Raw A tensor (MHz): 
                  0          1          2    
      0      -0.824424  -0.349815   0.086337
      1      -0.349323   0.736893  -0.390791
      2       0.086095  -0.390537  -0.940572
 A Tensor eigenvectors:
                   0          1          2    
      0      -0.207099   0.976183   0.064634
      1       0.954923   0.216066  -0.203561
      2      -0.212678   0.019563  -0.976926
 A Eigenvalues: 
                  0          1          2    
      0       0.898593  -0.899051  -1.027645
A(iso)  -0.342701
 Nucleus: 29 H  
 Isotope: 1 
 Nuclear Spin:  0.5 
 Prefactor (MHz): 533.551395 
 Raw A tensor (MHz): 
                  0          1          2    
      0      -0.027788   0.276468  -0.061138
      1       0.276641   0.696357  -0.123096
      2      -0.061151  -0.123006  -0.085207
 A Tensor eigenvectors:
                   0          1          2    
      0       0.481081  -0.816384   0.319498
      1      -0.296874   0.191203   0.935578
      2      -0.824880  -0.544940  -0.150379
 A Eigenvalues: 
                  0          1          2    
      0      -0.093769  -0.133464   0.810596
A(iso)  0.194454
 Nucleus: 30 H  
 Isotope: 1 
 Nuclear Spin:  0.5 
 Prefactor (MHz): 533.551395 
 Raw A tensor (MHz): 
                  0          1          2    
      0      -0.027782   0.276204   0.061511
      1       0.276377   0.696258   0.124158
      2       0.061525   0.124069  -0.084658
 A Tensor eigenvectors:
                   0          1          2    
      0      -0.480697   0.816693  -0.319284
      1       0.297791  -0.190433  -0.935444
      2      -0.824773  -0.544745  -0.151663
 A Eigenvalues: 
                  0          1          2    
      0      -0.093552  -0.133330   0.810700
A(iso)  0.194606
 Nucleus: 32 H  
 Isotope: 1 
 Nuclear Spin:  0.5 
 Prefactor (MHz): 533.551395 
 Raw A tensor (MHz): 
                  0          1          2    
      0      -0.093278   0.008105  -0.000166
      1       0.008226   0.370999  -0.063512
      2      -0.000176  -0.063482  -0.111521
 A Tensor eigenvectors:
                   0          1          2    
      0       0.999303  -0.033202  -0.017050
      1      -0.012639   0.128810  -0.991589
      2       0.035119   0.991113   0.128301
 A Eigenvalues: 
                  0          1          2    
      0      -0.093388  -0.119766   0.379354
A(iso)  0.055400
 Nucleus: 33 H  
 Isotope: 1 
 Nuclear Spin:  0.5 
 Prefactor (MHz): 533.551395 
 Raw A tensor (MHz): 
                  0          1          2    
      0      -0.093335   0.008004   0.000228
      1       0.008125   0.370808   0.063995
      2       0.000238   0.063966  -0.111446
 A Tensor eigenvectors:
                   0          1          2    
      0       0.999386  -0.030720   0.016854
      1      -0.012731   0.129771   0.991462
      2      -0.032644  -0.991068   0.129300
 A Eigenvalues: 
                  0          1          2    
      0      -0.093447  -0.119815   0.379288
A(iso)  0.055342
 Nucleus: 35 H  
 Isotope: 1 
 Nuclear Spin:  0.5 
 Prefactor (MHz): 533.551395 
 Raw A tensor (MHz): 
                  0          1          2    
      0       2.704794   0.165334  -0.002837
      1       0.165286   5.329139   0.001076
      2      -0.002836   0.001076   3.747287
 A Tensor eigenvectors:
                   0          1          2    
      0      -0.998033  -0.002783   0.062628
      1       0.062630  -0.000390   0.998037
      2      -0.002753   0.999996   0.000563
 A Eigenvalues: 
                  0          1          2    
      0       2.694414   3.747294   5.339512
A(iso)  3.927073
 Nucleus: 36 H  
 Isotope: 1 
 Nuclear Spin:  0.5 
 Prefactor (MHz): 533.551395 
 Raw A tensor (MHz): 
                  0          1          2    
      0      -0.800870   0.229676   0.000743
      1       0.229502   0.666176   0.002629
      2       0.000742   0.002629  -0.825235
 A Tensor eigenvectors:
                   0          1          2    
      0      -0.151141  -0.030740   0.988034
      1      -0.988511   0.006496  -0.151012
      2      -0.001776  -0.999506  -0.031369
 A Eigenvalues: 
                  0          1          2    
      0       0.701272  -0.825229  -0.835971
A(iso)  -0.319976
 Nucleus: 37 H  
 Isotope: 1 
 Nuclear Spin:  0.5 
 Prefactor (MHz): 533.551395 
 Raw A tensor (MHz): 
                  0          1          2    
      0      -0.116619   0.065121   0.000048
      1       0.065207   0.221909   0.000211
      2       0.000049   0.000211  -0.130961
 A Tensor eigenvectors:
                   0          1          2    
      0       0.983178   0.004133   0.182606
      1      -0.182607  -0.000166   0.983186
      2       0.004093  -0.999991   0.000592
 A Eigenvalues: 
                  0          1          2    
      0      -0.128729  -0.130961   0.234020
A(iso)  -0.008557
 Nucleus: 44 H  
 Isotope: 1 
 Nuclear Spin:  0.5 
 Prefactor (MHz): 533.551395 
 Raw A tensor (MHz): 
                  0          1          2    
      0      -0.670172  -0.226955   0.003393
      1      -0.226941  -3.173542  -0.001625
      2       0.003393  -0.001626  -2.117644
 A Tensor eigenvectors:
                   0          1          2    
      0      -0.995978  -0.002501   0.089564
      1       0.089566  -0.001002   0.995980
      2      -0.002401   0.999996   0.001222
 A Eigenvalues: 
