-------------------------------------------------------------
----------------------- !PROPERTIES! ------------------------
-------------------------------------------------------------
# -----------------------------------------------------------
$ PAL_Flags
   description: The PAL Flags
   geom. index: 1
   prop. index: 1
        Diskflag:     2
# -----------------------------------------------------------
$ SCF_Energy
   description: The SCF energy
   geom. index: 1
   prop. index: 1
        SCF Energy:     -928.9732674365
# -----------------------------------------------------------
$ DFT_Energy
   description: The DFT energy
   geom. index: 1
   prop. index: 1
   Number of Alpha Electrons                 85.0001186951 
   Number of Beta  Electrons                 84.0001076163 
   Total number of  Electrons               169.0002263114 
   Exchange energy                         -105.5537920192 
   Correlation energy                        -6.5762061442 
   Correlation energy NL                      0.0000000000 
   Exchange-Correlation energy             -112.1299981635 
   Embedding correction                       0.0000000000 
   Total DFT Energy (No VdW correction)    -928.9732674365 
# -----------------------------------------------------------
$ Mayer_Pop
   description: The Mayer population analysis
   geom. index: 1
   prop. index: 1
     Number of atoms                     : 49
     Threshold for printing              : 0.1000000
     Number of bond orders printed       : 55
  NA   - Mulliken gross atomic population
  ZA   - Total nuclear charge
  QA   - Mulliken gross atomic charge
  VA   - Mayer's total valence
  BVA  - Mayer's bonded valence
  FA   - Mayer's free valence
  ATOM       NA         ZA         QA         VA         BVA        FA
  0   0     6.3109     6.0000    -0.3109     3.9391     3.9331     0.0060
  1   0     6.3879     6.0000    -0.3879     3.7672     3.7652     0.0020
  2   0     6.0054     6.0000    -0.0054     3.8126     3.8122     0.0004
  3   0     5.5098     6.0000     0.4902     3.8485     3.8145     0.0340
  4   0     5.6221     6.0000     0.3779     3.9560     3.9412     0.0148
  5   0     6.4383     6.0000    -0.4383     4.2363     4.2013     0.0350
  6   0     5.5849     6.0000     0.4151     3.9464     3.9391     0.0073
  7   0     5.7081     6.0000     0.2919     3.8261     3.7885     0.0376
  8   0     6.3976     6.0000    -0.3976     4.3210     4.3128     0.0082
  9   0     0.8676     1.0000     0.1324     0.9650     0.9648     0.0002
 10   0     0.8672     1.0000     0.1328     0.9663     0.9663     0.0000
 11   0     6.2653     6.0000    -0.2653     3.9831     3.6078     0.3753
 12   0     0.8728     1.0000     0.1272     0.9832     0.9816     0.0016
 13   0     6.2717     6.0000    -0.2717     3.9612     3.9599     0.0013
 14   0     0.8469     1.0000     0.1531     0.9638     0.9629     0.0009
 15   0     0.8472     1.0000     0.1528     0.9639     0.9630     0.0009
 16   0     6.2902     6.0000    -0.2902     3.9022     3.9022     0.0000
 17   0     0.8447     1.0000     0.1553     0.9635     0.9635     0.0000
 18   0     0.8449     1.0000     0.1551     0.9636     0.9636     0.0000
 19   0     6.5104     6.0000    -0.5104     3.9055     3.9055     0.0000
 20   0     0.8402     1.0000     0.1598     0.9652     0.9652     0.0000
 21   0     0.8402     1.0000     0.1598     0.9652     0.9652     0.0000
 22   0     6.3874     6.0000    -0.3874     4.0546     4.0544     0.0002
 23   0     0.8444     1.0000     0.1556     0.9620     0.9619     0.0001
 24   0     0.8444     1.0000     0.1556     0.9619     0.9618     0.0001
 25   0     6.2709     6.0000    -0.2709     4.0159     4.0159     0.0000
 26   0     0.8577     1.0000     0.1423     0.9661     0.9661     0.0000
 27   0     0.8576     1.0000     0.1424     0.9661     0.9661     0.0000
 28   0     6.2633     6.0000    -0.2633     3.8874     3.8874     0.0000
 29   0     0.8547     1.0000     0.1453     0.9668     0.9668     0.0000
 30   0     0.8547     1.0000     0.1453     0.9668     0.9668     0.0000
 31   0     6.5116     6.0000    -0.5116     3.9000     3.9000     0.0000
 32   0     0.8402     1.0000     0.1598     0.9652     0.9652     0.0000
 33   0     0.8402     1.0000     0.1598     0.9652     0.9652     0.0000
 34   0     6.5418     6.0000    -0.5418     3.8865     3.8849     0.0016
 35   0     0.8159     1.0000     0.1841     0.9774     0.9774     0.0000
 36   0     0.8537     1.0000     0.1463     0.9670     0.9670     0.0000
 37   0     0.8551     1.0000     0.1449     0.9667     0.9667     0.0000
 38   0     6.1249     6.0000    -0.1249     4.0769     4.0763     0.0006
 39   0     6.1003     6.0000    -0.1003     4.0992     4.0991     0.0001
 40   0     6.2817     6.0000    -0.2817     4.1940     4.1935     0.0005
 41   0     5.4054     6.0000     0.5946     3.9214     3.9211     0.0003
 42   0     6.2770     6.0000    -0.2770     4.1980     4.1975     0.0005
 43   0     6.1006     6.0000    -0.1006     4.0954     4.0953     0.0001
 44   0     0.8925     1.0000     0.1075     0.9581     0.9581     0.0000
 45   0     0.8799     1.0000     0.1201     0.9605     0.9605     0.0000
 46   0     0.8937     1.0000     0.1063     0.9614     0.9614     0.0000
 47   0     0.8934     1.0000     0.1066     0.9615     0.9615     0.0000
 48   0     0.8827     1.0000     0.1173     0.9609     0.9609     0.0000
      Bond orders larger than 0.1000000
           Atom A     A.N. of A          Atom B    A.N. of B              Bond order
                0             6               1            6                2.473210
                0             6              41            6                1.018918
                1             6               3            6                0.818611
                1             6               4            6                0.100478
                2             6               6            6                0.902266
                2             6              34            6                2.713489
                3             6               4            6                1.256522
                3             6               8            6                1.447488
                4             6               5            6                1.242367
                4             6               6            6                0.104002
                4             6              11            6                1.297893
                5             6               6            6                1.478002
                5             6               9            1                0.975221
                5             6              34            6                0.101335
                6             6               7            6                1.312236
                6             6               8            6                0.101939
                7             6               8            6                1.422989
                7             6              22            6                0.942260
                8             6              10            1                0.971346
               11             6              12            1                0.980796
               11             6              13            6                0.999003
               13             6              14            1                0.956184
               13             6              15            1                0.956039
               13             6              16            6                0.981944
               16             6              17            1                0.972412
               16             6              18            1                0.972247
               16             6              19            6                0.961669
               19             6              20            1                0.972721
               19             6              21            1                0.972754
               19             6              36            1                0.967410
               22             6              23            1                0.959724
               22             6              24            1                0.959751
               22             6              25            6                1.019471
               25             6              26            1                0.961401
               25             6              27            1                0.961451
               25             6              28            6                0.985734
               28             6              29            1                0.971600
               28             6              30            1                0.971604
               28             6              31            6                0.954121
               31             6              32            1                0.973022
               31             6              33            1                0.973022
               31             6              37            1                0.967633
               34             6              35            1                0.983261
               38             6              39            6                1.453406
               38             6              40            6                0.101013
               38             6              43            6                1.451655
               38             6              44            1                0.965324
               39             6              40            6                1.478443
               39             6              46            1                0.976472
               40             6              41            6                1.382693
               40             6              48            1                0.980725
               41             6              42            6                1.380360
               42             6              43            6                1.478126
               42             6              45            1                0.981984
               43             6              47            1                0.975727
# -----------------------------------------------------------
$ Calculation_Info
   description: Details of the calculation
   geom. index: 1
   prop. index: 1
     Multiplicity:                          2
     Charge:                                0
     number of atoms:                       49
     number of electrons:                   0
     number of frozen core electrons:       1
     number of correlated electrons:        0
     number of basis functions:             583
     number of aux C basis functions:       4070
     number of aux J basis functions:       4070
     number of aux JK basis functions:      4070
     number of aux CABS basis functions:    0
     Total Energy                           -928.973267
# -----------------------------------------------------------
$ SCF_Electric_Properties
   description: The SCF Calculated Electric Properties
   geom. index: 1
   prop. index: 1
       Filename                          : EPRII.scfp 
       Do Dipole Moment Calculation      : true 
       Do Quadrupole Moment Calculation  : false 
       Do Polarizability Calculation     : false 
** Dipole moment part of electric properties **
        Magnitude of dipole moment (Debye) :        0.5293625623
        Electronic Contribution:
                  0    
      0      10.557845
      1       2.037757
      2      -0.009996
        Nuclear Contribution:
                  0    
      0     -10.350956
      1      -2.013889
      2       0.010927
        Total Dipole moment:
                  0    
      0       0.206889
      1       0.023868
      2       0.000931
# -----------------------------------------------------------
$ EPRNMR_GTensor
   description: Electronic g tensor
   geom. index: 1
   prop. index: 1
 Source density: 1 SCF 
 Spin multiplicity: 2 
 raw g tensor: 
                  0          1          2    
      0       2.002747   0.000159   0.000001
      1       0.000048   2.002884   0.000001
      2      -0.000000   0.000001   2.002247
 g tensor: 
                  0          1          2    
      0      -0.000333  -0.880622  -0.473820
      1      -0.001061   0.473820  -0.880621
      2       0.999999   0.000209  -0.001092
 G eigenvalues: 
                  0          1          2    
      0       2.002247   2.002691   2.002939
# -----------------------------------------------------------
$ EPRNMR_OrbitalShielding
   description: Orbital contribution to the NMR Shielding tensor (ppm)
   geom. index: 1
   prop. index: 1
 Number of stored nuclei 25
 Source density: 1 SCF 
 Nucleus: 9 H 
 Shielding tensor (ppm): 
                  0          1          2    
      0      28.861957 -172.493830  -0.160088
      1      18.359699  27.311775   0.113816
      2       0.116861  -0.363535  32.659896
 P Tensor eigenvectors:
                   0          1          2    
      0       0.989019   0.007190  -0.147611
      1       0.147611   0.000453   0.989045
      2      -0.007178   0.999974   0.000613
 P Eigenvalues: 
                  0          1          2    
      0       6.326830  32.658773  49.848026
P(iso)  29.611209
 Nucleus: 10 H 
 Shielding tensor (ppm): 
                  0          1          2    
      0      40.126600 153.757626   0.115331
      1     -168.613937 131.454005  -0.275767
      2      -0.350450   0.339875 126.395528
 P Tensor eigenvectors:
                   0          1          2    
      0      -0.005908   0.813000  -0.582234
      1      -0.004768   0.582214   0.813021
      2       0.999971   0.007579   0.000437
 P Eigenvalues: 
                  0          1          2    
      0     126.393297  64.055883 107.526953
P(iso)  99.325378
 Nucleus: 12 H 
 Shielding tensor (ppm): 
                  0          1          2    
      0      64.711046 -159.010487  -0.051981
      1     265.880458 110.412429   0.152512
      2      -0.144200  -0.149615 124.896620
 P Tensor eigenvectors:
                   0          1          2    
      0      -0.000318   0.387136   0.922022
      1      -0.000016  -0.922023   0.387136
      2       1.000000   0.000109   0.000300
 P Eigenvalues: 
                  0          1          2    
      0     124.896677  65.415900 109.707518
P(iso)  100.006698
 Nucleus: 14 H 
 Shielding tensor (ppm): 
                  0          1          2    
      0      39.268838 159.771778  84.241773
      1     -265.360914  46.119096 -334.730418
      2     -52.174503 244.569366  54.569234
 P Tensor eigenvectors:
                   0          1          2    
      0       0.770790   0.178198   0.611661
      1       0.243099  -0.969709  -0.023833
      2      -0.588886  -0.167064   0.790761
 P Eigenvalues: 
                  0          1          2    
      0      23.546211  48.822160  67.588797
P(iso)  46.652389
 Nucleus: 15 H 
 Shielding tensor (ppm): 
                  0          1          2    
      0      39.817827 162.069485 -83.800990
      1     -268.522744  45.967811 331.850441
      2      51.702481 -242.704496  54.694070
 P Tensor eigenvectors:
                   0          1          2    
      0       0.764831   0.176903  -0.619467
      1       0.242515  -0.969888   0.022449
      2       0.596842   0.167399   0.784702
 P Eigenvalues: 
                  0          1          2    
      0      23.984329  48.860616  67.634763
P(iso)  46.826569
 Nucleus: 17 H 
 Shielding tensor (ppm): 
                  0          1          2    
      0      43.111366 -271.230943  -3.059929
      1     372.429937  61.444502 411.135943
      2       9.710253 -300.486134  71.920124
 P Tensor eigenvectors:
                   0          1          2    
      0      -0.744720   0.026419  -0.666854
      1       0.019239  -0.997951  -0.061022
      2       0.667099   0.058274  -0.742686
 P Eigenvalues: 
                  0          1          2    
      0      52.604943  52.374572  71.496477
P(iso)  58.825331
 Nucleus: 18 H 
 Shielding tensor (ppm): 
                  0          1          2    
      0      42.881546 -274.072577   2.220606
      1     376.464111  61.714411 -407.246969
      2      -8.897716 297.442964  71.315946
 P Tensor eigenvectors:
                   0          1          2    
      0       0.737952   0.027745  -0.674282
      1      -0.021041  -0.997723  -0.064082
      2       0.674525  -0.061477   0.735688
 P Eigenvalues: 
                  0          1          2    
      0      52.471985  52.178122  71.261795
P(iso)  58.637301
 Nucleus: 20 H 
 Shielding tensor (ppm): 
                  0          1          2    
      0     -14.468380 234.951080 -49.391699
      1     -341.303797  36.538479 470.473500
      2      34.404983 -342.064841  -7.635184
 P Tensor eigenvectors:
                   0          1          2    
      0      -0.810368  -0.003927  -0.585909
      1      -0.102039   0.985643   0.134523
      2      -0.576968  -0.168799   0.799134
 P Eigenvalues: 
                  0          1          2    
      0     -19.904087  14.316727  20.022275
P(iso)  4.811638
 Nucleus: 21 H 
 Shielding tensor (ppm): 
                  0          1          2    
      0     -14.845965 231.398629  50.067061
      1     -336.517916  36.921855 -473.340556
      2     -35.329826 344.215494  -8.094987
 P Tensor eigenvectors:
                   0          1          2    
      0      -0.815874  -0.005265   0.578206
      1      -0.103625   0.985101  -0.137249
      2       0.568869   0.171894   0.804264
 P Eigenvalues: 
                  0          1          2    
      0     -20.220804  14.257006  19.944700
P(iso)  4.660301
 Nucleus: 23 H 
 Shielding tensor (ppm): 
                  0          1          2    
      0      67.503502 -82.410412 -287.782566
      1     169.743309  -6.404491 -213.450736
      2     195.714306 157.153456  26.149178
 P Tensor eigenvectors:
                   0          1          2    
      0      -0.525921   0.708267  -0.470919
      1       0.761348   0.638847   0.110560
      2      -0.379151   0.300387   0.875221
 P Eigenvalues: 
                  0          1          2    
      0     -18.358802  42.732689  62.874301
P(iso)  29.082730
 Nucleus: 24 H 
 Shielding tensor (ppm): 
                  0          1          2    
      0      67.164274 -82.055426 287.692831
      1     169.242351  -6.505048 213.830502
      2     -195.308814 -157.321042  26.355867
 P Tensor eigenvectors:
                   0          1          2    
      0      -0.527061   0.709016   0.468512
      1       0.761045   0.639122  -0.111055
      2       0.378176  -0.298026   0.876450
 P Eigenvalues: 
                  0          1          2    
      0     -18.462936  42.671179  62.806850
P(iso)  29.005031
 Nucleus: 26 H 
 Shielding tensor (ppm): 
                  0          1          2    
      0      55.722594 247.317234 211.053894
      1     -305.692872 110.568584 321.418438
      2     -157.910666 -234.334691 138.021706
 P Tensor eigenvectors:
                   0          1          2    
      0      -0.678197   0.465339  -0.568778
      1       0.396340   0.883373   0.250135
      2      -0.618841   0.055789   0.783533
 P Eigenvalues: 
                  0          1          2    
      0     112.491688  80.452651 111.368544
P(iso)  101.437628
 Nucleus: 27 H 
 Shielding tensor (ppm): 
                  0          1          2    
      0      55.985210 246.730170 -211.048653
      1     -304.923566 110.673843 -322.212309
      2     157.431499 235.023335 137.938930
 P Tensor eigenvectors:
                   0          1          2    
      0      -0.679948   0.465221   0.566781
      1       0.395814   0.883540  -0.250376
      2       0.617254  -0.054097   0.784902
 P Eigenvalues: 
                  0          1          2    
      0     112.640830  80.514219 111.442935
P(iso)  101.532661
 Nucleus: 29 H 
 Shielding tensor (ppm): 
                  0          1          2    
      0      38.161919 -200.629900 -260.099392
      1     320.527450 -15.934386 -398.982650
      2     176.313144 289.777538 -19.454455
 P Tensor eigenvectors:
                   0          1          2    
      0      -0.704514   0.426993  -0.566866
      1       0.453170   0.885372   0.103699
      2      -0.546166   0.183829   0.817257
 P Eigenvalues: 
                  0          1          2    
      0     -33.623772  14.786075  21.610775
P(iso)  0.924359
 Nucleus: 30 H 
 Shielding tensor (ppm): 
                  0          1          2    
      0      37.830890 -199.841952 260.029949
      1     319.504944 -16.010897 399.656660
      2     -175.888874 -290.145973 -19.297408
 P Tensor eigenvectors:
                   0          1          2    
      0      -0.705950   0.427306   0.564839
      1       0.452877   0.885501  -0.103873
      2       0.544551  -0.182473   0.818637
 P Eigenvalues: 
                  0          1          2    
      0     -33.748940  14.733405  21.538119
P(iso)  0.840862
 Nucleus: 32 H 
 Shielding tensor (ppm): 
                  0          1          2    
      0      -1.173912 375.935327 -185.492388
      1     -446.806636  84.551094 -459.407820
      2     134.854475 331.421943  56.536021
 P Tensor eigenvectors:
                   0          1          2    
      0      -0.682975  -0.389504   0.617926
      1       0.256944  -0.920005  -0.295924
      2       0.683758  -0.043336   0.728421
 P Eigenvalues: 
                  0          1          2    
      0      45.065300  40.139036  54.708867
P(iso)  46.637734
 Nucleus: 33 H 
 Shielding tensor (ppm): 
                  0          1          2    
      0      -1.399430 376.836742 185.416795
      1     -448.024978  84.499374 458.091084
      2     -135.133060 -330.268432  56.620961
 P Tensor eigenvectors:
                   0          1          2    
      0      -0.680996  -0.389767  -0.619941
      1       0.257144  -0.919950   0.295920
      2      -0.685655   0.042107   0.726708
 P Eigenvalues: 
                  0          1          2    
      0      44.965388  40.098002  54.657515
P(iso)  46.573635
 Nucleus: 35 H 
 Shielding tensor (ppm): 
                  0          1          2    
      0      49.784486 -31.597540   0.467028
      1      21.064766 -178.964723   0.020299
      2       0.214070  -0.051666 -164.148730
 P Tensor eigenvectors:
                   0          1          2    
      0       0.985493  -0.000702   0.169717
      1       0.169717   0.001012  -0.985492
      2       0.000520   0.999999   0.001117
 P Eigenvalues: 
                  0          1          2    
      0      41.434228 -164.149142 -170.614053
P(iso)  -97.776322
 Nucleus: 36 H 
 Shielding tensor (ppm): 
                  0          1          2    
      0     -103.157044 -304.056664  -0.518442
      1     392.301606  58.199238   2.680867
      2       0.587522  -1.690797 -90.401642
 P Tensor eigenvectors:
                   0          1          2    
      0      -0.006215  -0.481988  -0.876156
      1      -0.001479   0.876176  -0.481989
      2       0.999980  -0.001700  -0.006159
 P Eigenvalues: 
                  0          1          2    
      0     -90.402892 -16.554091 -28.402465
P(iso)  -45.119816
 Nucleus: 37 H 
 Shielding tensor (ppm): 
                  0          1          2    
      0     -105.999460  42.979317  -0.039701
      1     105.314267  17.764257  -0.067135
      2       0.136858   0.261163 -141.619412
 P Tensor eigenvectors:
                   0          1          2    
      0       0.129768   0.006081   0.991526
      1       0.991542  -0.003141  -0.129750
      2       0.002326   0.999977  -0.006437
 P Eigenvalues: 
                  0          1          2    
      0      34.760659 -141.619373 -122.995901
P(iso)  -76.618205
 Nucleus: 44 H 
 Shielding tensor (ppm): 
                  0          1          2    
      0      40.719991 -34.050620   0.849249
      1       6.742564 -246.563568  -0.015419
      2      -0.038801  -0.047422 -173.228079
 P Tensor eigenvectors:
                   0          1          2    
      0      -0.998727   0.001384   0.050414
      1      -0.050413   0.000661  -0.998728
      2       0.001416   0.999999   0.000591
 P Eigenvalues: 
                  0          1          2    
      0      38.613380 -173.226645 -244.458390
P(iso)  -126.357219
 Nucleus: 45 H 
 Shielding tensor (ppm): 
                  0          1          2    
      0       6.689898 -524.651434  -0.404870
      1     363.458008 162.467542   0.483884
      2       0.016593  -0.709657 108.118685
 P Tensor eigenvectors:
                   0          1          2    
      0      -0.001219   0.958229   0.285999
      1      -0.000506  -0.286000   0.958229
      2       0.999999   0.001024   0.000833
 P Eigenvalues: 
                  0          1          2    
      0     108.119037  63.607322 105.549767
P(iso)  92.425375
 Nucleus: 46 H 
 Shielding tensor (ppm): 
                  0          1          2    
      0      14.568557 551.702768   0.446284
      1     -305.845761 -104.412968  -0.392053
      2      -0.069677   0.808639 -85.885722
 P Tensor eigenvectors:
                   0          1          2    
      0      -0.001283   0.985043   0.172302
      1      -0.000541  -0.172303   0.985044
      2       0.999999   0.001170   0.000753
 P Eigenvalues: 
                  0          1          2    
      0     -85.886100 -30.691966 -59.152067
P(iso)  -58.576711
 Nucleus: 47 H 
 Shielding tensor (ppm): 
                  0          1          2    
      0      -4.220447 -588.467253   0.312241
      1     329.179887 -73.188698   0.401630
      2      -0.067570  -0.853699 -76.295555
 P Tensor eigenvectors:
                   0          1          2    
      0      -0.001253  -0.996138   0.087794
      1       0.000350  -0.087795  -0.996139
      2       0.999999  -0.001217   0.000458
 P Eigenvalues: 
                  0          1          2    
      0     -76.295792 -27.428023 -49.980884
P(iso)  -51.234900
 Nucleus: 48 H 
 Shielding tensor (ppm): 
                  0          1          2    
      0      16.600001 523.936742  -0.308573
      1     -329.450279 139.451099  -0.444624
      2       0.006423   0.712317  97.757068
 P Tensor eigenvectors:
                   0          1          2    
      0      -0.001291  -0.981765   0.190095
      1       0.000373  -0.190096  -0.981766
      2       0.999999  -0.001196   0.000611
 P Eigenvalues: 
                  0          1          2    
      0      97.757335  57.336052  98.714782
P(iso)  84.602723
# -----------------------------------------------------------
$ EPRNMR_ATensor
   description: Hyperfine A tensor
   geom. index: 1
   prop. index: 1
 Number of stored nuclei 25
 Source density: 1 SCF 
 Spin multiplicity: 2 
 Nucleus: 9 H  
 Isotope: 1 
 Nuclear Spin:  0.5 
 Prefactor (MHz): 533.551395 
 Raw A tensor (MHz): 
                  0          1          2    
      0     -15.865075  -6.257651  -0.002611
      1      -6.260507 -12.946739   0.004080
      2      -0.002610   0.004087 -17.137388
 A Tensor eigenvectors:
                   0          1          2    
      0      -0.621655   0.000431   0.783291
      1       0.783291  -0.000330   0.621655
      2       0.000526   1.000000  -0.000133
 A Eigenvalues: 
                  0          1          2    
      0      -7.978989 -17.137391 -20.832823
A(iso)  -15.316401
 Nucleus: 10 H  
 Isotope: 1 
 Nuclear Spin:  0.5 
 Prefactor (MHz): 533.551395 
 Raw A tensor (MHz): 
                  0          1          2    
      0       8.520050   2.360421   0.004271
      1       2.361525   6.851575   0.003330
      2       0.004272   0.003330   4.674525
 A Tensor eigenvectors:
                   0          1          2    
      0      -0.000513  -0.577396  -0.816464
      1      -0.000974   0.816464  -0.577396
      2       0.999999   0.000499  -0.000981
 A Eigenvalues: 
                  0          1          2    
      0       4.674520   5.181787  10.189843
A(iso)  6.682050
 Nucleus: 12 H  
 Isotope: 1 
 Nuclear Spin:  0.5 
 Prefactor (MHz): 533.551395 
 Raw A tensor (MHz): 
                  0          1          2    
      0     -19.775055  -1.411192   0.022351
      1      -1.409312 -73.692457  -0.020963
      2       0.022358  -0.020976 -48.262746
 A Tensor eigenvectors:
                   0          1          2    
      0       0.999658   0.000823   0.026146
      1      -0.026147   0.000779   0.999658
      2       0.000803  -0.999999   0.000800
 A Eigenvalues: 
                  0          1          2    
      0     -19.738176 -48.262748 -73.729335
A(iso)  -47.243420
 Nucleus: 14 H  
 Isotope: 1 
 Nuclear Spin:  0.5 
 Prefactor (MHz): 533.551395 
 Raw A tensor (MHz): 
                  0          1          2    
      0      70.149012  -3.572540   2.003177
      1      -3.571519  71.907199  -1.934724
      2       2.001687  -1.934923  66.961581
 A Tensor eigenvectors:
                   0          1          2    
      0      -0.382881  -0.703647   0.598568
      1       0.069922  -0.668158  -0.740727
      2       0.921148  -0.241757   0.305025
 A Eigenvalues: 
                  0          1          2    
      0      65.982578  67.445078  75.590137
A(iso)  69.672597
 Nucleus: 15 H  
 Isotope: 1 
 Nuclear Spin:  0.5 
 Prefactor (MHz): 533.551395 
 Raw A tensor (MHz): 
                  0          1          2    
      0      69.595136  -3.575054  -1.989149
      1      -3.574019  71.284271   1.924150
      2      -1.987647   1.924349  66.333455
 A Tensor eigenvectors:
                   0          1          2    
      0       0.371260  -0.707016   0.601909
      1      -0.076710  -0.669378  -0.738951
      2       0.925355   0.228170  -0.302748
 A Eigenvalues: 
                  0          1          2    
      0      65.376361  66.852544  74.983958
A(iso)  69.070954
 Nucleus: 17 H  
 Isotope: 1 
 Nuclear Spin:  0.5 
 Prefactor (MHz): 533.551395 
 Raw A tensor (MHz): 
                  0          1          2    
      0      -2.280134   2.033589   0.640486
      1       2.033312   1.790262   1.338040
      2       0.639889   1.336918  -2.791935
 A Tensor eigenvectors:
                   0          1          2    
      0      -0.373772   0.686227  -0.624009
      1      -0.893885  -0.446041   0.044909
      2      -0.247516   0.574578   0.780126
 A Eigenvalues: 
                  0          1          2    
      0       3.009960  -3.064815  -3.226951
A(iso)  -1.093935
 Nucleus: 18 H  
 Isotope: 1 
 Nuclear Spin:  0.5 
 Prefactor (MHz): 533.551395 
 Raw A tensor (MHz): 
                  0          1          2    
      0      -2.266693   2.048580  -0.622811
      1       2.048304   1.794155  -1.298015
      2      -0.622227  -1.296908  -2.808416
 A Tensor eigenvectors:
                   0          1          2    
      0      -0.376358   0.683009   0.625981
      1      -0.894781  -0.443178  -0.054416
      2       0.240254  -0.580596   0.777937
 A Eigenvalues: 
                  0          1          2    
      0       3.003365  -3.065800  -3.218518
A(iso)  -1.093651
 Nucleus: 20 H  
 Isotope: 1 
 Nuclear Spin:  0.5 
 Prefactor (MHz): 533.551395 
 Raw A tensor (MHz): 
                  0          1          2    
      0       0.037762  -0.270190  -0.099124
      1      -0.270563   2.143177   0.377252
      2      -0.099279   0.377060   0.062516
 A Tensor eigenvectors:
                   0          1          2    
      0       0.447606   0.885123   0.127308
      1       0.213548   0.032444  -0.976394
      2      -0.868358   0.464226  -0.174494
 A Eigenvalues: 
                  0          1          2    
      0       0.037991  -0.040379   2.245842
A(iso)  0.747818
 Nucleus: 21 H  
 Isotope: 1 
 Nuclear Spin:  0.5 
 Prefactor (MHz): 533.551395 
 Raw A tensor (MHz): 
                  0          1          2    
      0       0.035020  -0.264862   0.098308
      1      -0.265237   2.148442  -0.368910
      2       0.098461  -0.368719   0.060962
 A Tensor eigenvectors:
                   0          1          2    
      0       0.431511   0.893456  -0.124639
      1       0.208217   0.035791   0.977428
      2       0.877749  -0.447723  -0.170588
 A Eigenvalues: 
                  0          1          2    
      0       0.038721  -0.040915   2.246618
A(iso)  0.748141
 Nucleus: 23 H  
 Isotope: 1 
 Nuclear Spin:  0.5 
 Prefactor (MHz): 533.551395 
 Raw A tensor (MHz): 
                  0          1          2    
      0      25.506625   1.525250  -0.919868
      1       1.524768  25.501233  -0.464899
      2      -0.919263  -0.465077  24.199882
 A Tensor eigenvectors:
                   0          1          2    
      0       0.612401   0.376764   0.694992
      1      -0.318768  -0.686804   0.653213
      2       0.723431  -0.621569  -0.300499
 A Eigenvalues: 
                  0          1          2    
      0      23.626454  24.243684  27.337602
A(iso)  25.069247
 Nucleus: 24 H  
 Isotope: 1 
 Nuclear Spin:  0.5 
 Prefactor (MHz): 533.551395 
 Raw A tensor (MHz): 
                  0          1          2    
      0      25.524561   1.524044   0.923269
      1       1.523564  25.524708   0.468433
      2       0.922665   0.468613  24.227525
 A Tensor eigenvectors:
                   0          1          2    
      0      -0.614282   0.375213   0.694170
      1       0.318803  -0.686711   0.653294
      2       0.721819   0.622611   0.302215
 A Eigenvalues: 
                  0          1          2    
      0      23.649107  24.267182  27.360505
A(iso)  25.092265
 Nucleus: 26 H  
 Isotope: 1 
 Nuclear Spin:  0.5 
 Prefactor (MHz): 533.551395 
 Raw A tensor (MHz): 
                  0          1          2    
      0      -0.816068  -0.348891  -0.085337
      1      -0.348401   0.746187   0.387594
      2      -0.085097   0.387340  -0.926114
 A Tensor eigenvectors:
                   0          1          2    
      0       0.976816  -0.204003   0.064903
      1       0.213074   0.955812  -0.202541
      2      -0.020716   0.211674   0.977121
 A Eigenvalues: 
                  0          1          2    
      0      -0.890291   0.906350  -1.012055
A(iso)  -0.331998
 Nucleus: 27 H  
 Isotope: 1 
 Nuclear Spin:  0.5 
 Prefactor (MHz): 533.551395 
 Raw A tensor (MHz): 
                  0          1          2    
      0      -0.817684  -0.348053   0.085826
      1      -0.347563   0.745808  -0.388132
      2       0.085586  -0.387878  -0.927119
 A Tensor eigenvectors:
                   0          1          2    
      0       0.976607  -0.203478  -0.069544
      1       0.213527   0.955865   0.201812
      2       0.025411  -0.211941   0.976952
 A Eigenvalues: 
                  0          1          2    
      0      -0.891484   0.905825  -1.013337
A(iso)  -0.332999
 Nucleus: 29 H  
 Isotope: 1 
 Nuclear Spin:  0.5 
 Prefactor (MHz): 533.551395 
 Raw A tensor (MHz): 
                  0          1          2    
      0      -0.034591   0.275358  -0.058934
      1       0.275529   0.680688  -0.121351
      2      -0.058948  -0.121262  -0.091454
 A Tensor eigenvectors:
                   0          1          2    
      0      -0.452437   0.831963   0.321152
      1       0.290128  -0.203213   0.935163
      2       0.843283   0.516278  -0.149434
 A Eigenvalues: 
                  0          1          2    
      0      -0.101514  -0.138525   0.794682
A(iso)  0.184881
 Nucleus: 30 H  
 Isotope: 1 
 Nuclear Spin:  0.5 
 Prefactor (MHz): 533.551395 
 Raw A tensor (MHz): 
                  0          1          2    
      0      -0.034865   0.274947   0.059109
      1       0.275118   0.680798   0.121884
      2       0.059124   0.121796  -0.091107
 A Tensor eigenvectors:
                   0          1          2    
      0      -0.451441   0.832685  -0.320682
      1       0.290219  -0.202827  -0.935219
      2      -0.843786  -0.515264  -0.150097
 A Eigenvalues: 
                  0          1          2    
      0      -0.101333  -0.138518   0.794677
A(iso)  0.184942
 Nucleus: 32 H  
 Isotope: 1 
 Nuclear Spin:  0.5 
 Prefactor (MHz): 533.551395 
 Raw A tensor (MHz): 
                  0          1          2    
      0      -0.097900   0.009296  -0.000502
      1       0.009416   0.364092  -0.062826
      2      -0.000512  -0.062797  -0.115697
 A Tensor eigenvectors:
                   0          1          2    
      0       0.999446  -0.026794  -0.019739
      1      -0.016148   0.128170  -0.991621
      2       0.029100   0.991390   0.127666
 A Eigenvalues: 
                  0          1          2    
      0      -0.098067  -0.123802   0.372364
A(iso)  0.050165
 Nucleus: 33 H  
 Isotope: 1 
 Nuclear Spin:  0.5 
 Prefactor (MHz): 533.551395 
 Raw A tensor (MHz): 
                  0          1          2    
      0      -0.098019   0.009121   0.000580
      1       0.009241   0.363936   0.062833
      2       0.000590   0.062804  -0.115817
 A Tensor eigenvectors:
                   0          1          2    
      0       0.999549  -0.022924   0.019393
      1      -0.016301   0.128125   0.991624
      2      -0.025216  -0.991493   0.127693
 A Eigenvalues: 
                  0          1          2    
      0      -0.098185  -0.123919   0.372204
A(iso)  0.050033
 Nucleus: 35 H  
 Isotope: 1 
 Nuclear Spin:  0.5 
 Prefactor (MHz): 533.551395 
 Raw A tensor (MHz): 
                  0          1          2    
      0       2.752833   0.148453  -0.002488
      1       0.148387   5.492443   0.000749
      2      -0.002488   0.000749   3.857940
 A Tensor eigenvectors:
                   0          1          2    
      0      -0.998541  -0.002285   0.053950
      1       0.053951  -0.000251   0.998544
      2      -0.002268   0.999997   0.000374
 A Eigenvalues: 
                  0          1          2    
      0       2.744810   3.857945   5.500461
A(iso)  4.034405
 Nucleus: 36 H  
 Isotope: 1 
 Nuclear Spin:  0.5 
 Prefactor (MHz): 533.551395 
 Raw A tensor (MHz): 
                  0          1          2    
      0      -0.799647   0.227010   0.001275
      1       0.226837   0.667384   0.004280
      2       0.001274   0.004280  -0.821038
 A Tensor eigenvectors:
                   0          1          2    
      0      -0.149504  -0.046982   0.987644
      1      -0.988757   0.010039  -0.149195
      2      -0.002905  -0.998845  -0.047955
 A Eigenvalues: 
                  0          1          2    
      0       0.701696  -0.821021  -0.833975
A(iso)  -0.317767
 Nucleus: 37 H  
 Isotope: 1 
 Nuclear Spin:  0.5 
 Prefactor (MHz): 533.551395 
 Raw A tensor (MHz): 
                  0          1          2    
      0      -0.116141   0.065030   0.000023
      1       0.065115   0.219815   0.000067
      2       0.000023   0.000067  -0.130132
 A Tensor eigenvectors:
                   0          1          2    
      0      -0.982978  -0.005721   0.183636
      1       0.183634   0.000872   0.982994
      2      -0.005784   0.999983   0.000193
 A Eigenvalues: 
                  0          1          2    
      0      -0.128304  -0.130132   0.231978
A(iso)  -0.008819
 Nucleus: 44 H  
 Isotope: 1 
 Nuclear Spin:  0.5 
 Prefactor (MHz): 533.551395 
 Raw A tensor (MHz): 
                  0          1          2    
      0      -0.671601  -0.216669   0.003177
      1      -0.216655  -3.226000  -0.000491
      2       0.003177  -0.000491  -2.133824
 A Tensor eigenvectors:
                   0          1          2    
      0      -0.996470  -0.002175   0.083923
      1       0.083923  -0.000018   0.996472
      2      -0.002166   0.999998   0.000200
 A Eigenvalues: 
                  0          1          2    
      0      -0.653347  -2.133831  -3.244247
A(iso)  -2.010475
 Nucleus: 45 H  
 Isotope: 1 
 Nuclear Spin:  0.5 
 Prefactor (MHz): 533.551395 
 Raw A tensor (MHz): 
                  0          1          2    
