-------------------------------------------------------------
----------------------- !PROPERTIES! ------------------------
-------------------------------------------------------------
# -----------------------------------------------------------
$ PAL_Flags
   description: The PAL Flags
   geom. index: 1
   prop. index: 1
        Diskflag:     2
# -----------------------------------------------------------
$ SCF_Energy
   description: The SCF energy
   geom. index: 1
   prop. index: 1
        SCF Energy:     -852.7516664775
# -----------------------------------------------------------
$ DFT_Energy
   description: The DFT energy
   geom. index: 1
   prop. index: 1
   Number of Alpha Electrons                 79.0001913448 
   Number of Beta  Electrons                 78.0001889246 
   Total number of  Electrons               157.0003802695 
   Exchange energy                          -97.4438808457 
   Correlation energy                        -6.0882784171 
   Correlation energy NL                      0.0000000000 
   Exchange-Correlation energy             -103.5321592629 
   Embedding correction                       0.0000000000 
   Total DFT Energy (No VdW correction)    -852.7516664775 
# -----------------------------------------------------------
$ Mayer_Pop
   description: The Mayer population analysis
   geom. index: 1
   prop. index: 1
     Number of atoms                     : 47
     Threshold for printing              : 0.1000000
     Number of bond orders printed       : 50
  NA   - Mulliken gross atomic population
  ZA   - Total nuclear charge
  QA   - Mulliken gross atomic charge
  VA   - Mayer's total valence
  BVA  - Mayer's bonded valence
  FA   - Mayer's free valence
  ATOM       NA         ZA         QA         VA         BVA        FA
  0   0     5.7669     6.0000     0.2331     2.5959     2.5958     0.0001
  1   0     6.1353     6.0000    -0.1353     3.8500     3.1051     0.7449
  2   0     6.0154     6.0000    -0.0154     4.0410     4.0363     0.0047
  3   0     5.9757     6.0000     0.0243     3.9650     3.9634     0.0016
  4   0     6.1653     6.0000    -0.1653     3.8533     3.8524     0.0009
  5   0     6.1004     6.0000    -0.1004     4.2332     4.2312     0.0020
  6   0     5.9417     6.0000     0.0583     3.9620     3.9563     0.0057
  7   0     1.0500     1.0000    -0.0500     1.0013     1.0011     0.0002
  8   0     1.0216     1.0000    -0.0216     0.9967     0.9963     0.0004
  9   0     5.9529     6.0000     0.0471     4.0308     4.0306     0.0002
 10   0     0.9741     1.0000     0.0259     0.9693     0.9693     0.0000
 11   0     0.9740     1.0000     0.0260     0.9692     0.9692     0.0000
 12   0     6.0425     6.0000    -0.0425     4.1158     4.1158     0.0000
 13   0     0.9834     1.0000     0.0166     0.9636     0.9636     0.0000
 14   0     0.9834     1.0000     0.0166     0.9636     0.9636     0.0000
 15   0     6.0263     6.0000    -0.0263     4.1176     4.1176     0.0000
 16   0     0.9936     1.0000     0.0064     0.9671     0.9671     0.0000
 17   0     0.9936     1.0000     0.0064     0.9671     0.9671     0.0000
 18   0     5.9998     6.0000     0.0002     4.0189     4.0189     0.0000
 19   0     0.9826     1.0000     0.0174     0.9774     0.9774     0.0000
 20   0     0.9826     1.0000     0.0174     0.9774     0.9774     0.0000
 21   0     5.9605     6.0000     0.0395     4.0254     4.0254     0.0000
 22   0     0.9671     1.0000     0.0329     0.9696     0.9696     0.0000
 23   0     0.9671     1.0000     0.0329     0.9695     0.9695     0.0000
 24   0     6.0352     6.0000    -0.0352     4.1117     4.1117     0.0000
 25   0     0.9848     1.0000     0.0152     0.9635     0.9635     0.0000
 26   0     0.9848     1.0000     0.0152     0.9635     0.9635     0.0000
 27   0     6.0261     6.0000    -0.0261     4.1193     4.1193     0.0000
 28   0     0.9941     1.0000     0.0059     0.9676     0.9676     0.0000
 29   0     0.9941     1.0000     0.0059     0.9676     0.9676     0.0000
 30   0     5.9971     6.0000     0.0029     4.0168     4.0168     0.0000
 31   0     0.9828     1.0000     0.0172     0.9773     0.9773     0.0000
 32   0     0.9828     1.0000     0.0172     0.9773     0.9773     0.0000
 33   0     5.8441     6.0000     0.1559     2.6618     2.6616     0.0002
 34   0     0.9869     1.0000     0.0131     0.9737     0.9737     0.0000
 35   0     0.9871     1.0000     0.0129     0.9735     0.9735     0.0000
 36   0     6.2466     6.0000    -0.2466     3.9283     3.9283     0.0000
 37   0     5.9704     6.0000     0.0296     3.9950     3.9950     0.0000
 38   0     5.9600     6.0000     0.0400     3.9992     3.9992     0.0000
 39   0     5.9681     6.0000     0.0319     3.9990     3.9990     0.0000
 40   0     5.9602     6.0000     0.0398     3.9988     3.9988     0.0000
 41   0     5.9730     6.0000     0.0270     3.9942     3.9942     0.0000
 42   0     1.0282     1.0000    -0.0282     0.9688     0.9688     0.0000
 43   0     1.0280     1.0000    -0.0280     0.9684     0.9684     0.0000
 44   0     1.0413     1.0000    -0.0413     0.9835     0.9835     0.0000
 45   0     1.0407     1.0000    -0.0407     0.9831     0.9831     0.0000
 46   0     1.0280     1.0000    -0.0280     0.9683     0.9683     0.0000
      Bond orders larger than 0.1000000
           Atom A     A.N. of A          Atom B    A.N. of B              Bond order
                0             6               4            6                0.904108
                0             6              33            6                1.783682
                0             6              36            6               -0.163034
                1             6               2            6                1.394061
                1             6               6            6                1.444653
                2             6               3            6                1.432834
                2             6               9            6                1.044936
                3             6               4            6                1.417114
                3             6               7            1                0.922138
                4             6               5            6                1.413647
                4             6              33            6               -0.101586
                5             6               6            6                1.454996
                5             6              21            6                1.088413
                6             6               8            1                0.909945
                9             6              10            1                0.917093
                9             6              11            1                0.917003
                9             6              12            6                1.102395
               12             6              13            1                0.931001
               12             6              14            1                0.930911
               12             6              15            6                1.075416
               15             6              16            1                0.941549
               15             6              17            1                0.941547
               15             6              18            6                1.105628
               18             6              19            1                0.966589
               18             6              20            1                0.966585
               18             6              34            1                0.962238
               21             6              22            1                0.898367
               21             6              23            1                0.898401
               21             6              24            6                1.101035
               24             6              25            1                0.929778
               24             6              26            1                0.929815
               24             6              27            6                1.075769
               27             6              28            1                0.941188
               27             6              29            1                0.941187
               27             6              30            6                1.106154
               30             6              31            1                0.966240
               30             6              32            1                0.966244
               30             6              35            1                0.961734
               33             6              36            6                0.922900
               36             6              37            6                1.442611
               36             6              41            6                1.439788
               37             6              38            6                1.470032
               37             6              44            1                0.939769
               38             6              39            6                1.444956
               38             6              46            1                0.937731
               39             6              40            6                1.444195
               39             6              42            1                0.943064
               40             6              41            6                1.470249
               40             6              43            1                0.937760
               41             6              45            1                0.940128
# -----------------------------------------------------------
$ Calculation_Info
   description: Details of the calculation
   geom. index: 1
   prop. index: 1
     Multiplicity:                          2
     Charge:                                0
     number of atoms:                       47
     number of electrons:                   0
     number of frozen core electrons:       1
     number of correlated electrons:        0
     number of basis functions:             433
     number of aux C basis functions:       2942
     number of aux J basis functions:       2942
     number of aux JK basis functions:      2942
     number of aux CABS basis functions:    0
     Total Energy                           -852.751666
# -----------------------------------------------------------
$ SCF_Electric_Properties
   description: The SCF Calculated Electric Properties
   geom. index: 1
   prop. index: 1
       Filename                          : cc-pVDZ.scfp 
       Do Dipole Moment Calculation      : true 
       Do Quadrupole Moment Calculation  : false 
       Do Polarizability Calculation     : false 
** Dipole moment part of electric properties **
        Magnitude of dipole moment (Debye) :        0.5081706374
        Electronic Contribution:
                  0    
      0      15.824340
      1      -0.236405
      2       0.015059
        Nuclear Contribution:
                  0    
      0     -15.624508
      1       0.230284
      2      -0.014892
        Total Dipole moment:
                  0    
      0       0.199832
      1      -0.006121
      2       0.000167
# -----------------------------------------------------------
$ EPRNMR_GTensor
   description: Electronic g tensor
   geom. index: 1
   prop. index: 1
 Source density: 1 SCF 
 Spin multiplicity: 2 
 raw g tensor: 
                  0          1          2    
      0       2.002162   0.000001  -0.000001
      1      -0.000010   2.001818  -0.000002
      2      -0.000001  -0.000002   2.003155
 g tensor: 
                  0          1          2    
      0       0.012326   0.999923   0.001080
      1       0.999923  -0.012327   0.001670
      2       0.001683   0.001059  -0.999998
 G eigenvalues: 
                  0          1          2    
      0       2.001818   2.002162   2.003155
# -----------------------------------------------------------
$ EPRNMR_OrbitalShielding
   description: Orbital contribution to the NMR Shielding tensor (ppm)
   geom. index: 1
   prop. index: 1
 Number of stored nuclei 25
 Source density: 1 SCF 
 Nucleus: 7 H 
 Shielding tensor (ppm): 
                  0          1          2    
      0      39.884691 183.859193   0.126655
      1     -192.001517 131.163167  -0.177605
      2      -0.283907   0.133348 120.371347
 P Tensor eigenvectors:
                   0          1          2    
      0      -0.000841   0.815995  -0.578058
      1      -0.000850   0.578057   0.815996
      2       0.999999   0.001178   0.000208
 P Eigenvalues: 
                  0          1          2    
      0     120.371462  66.544667 104.503076
P(iso)  97.139735
 Nucleus: 8 H 
 Shielding tensor (ppm): 
                  0          1          2    
      0      37.491506 -129.416150  -0.017813
      1     -12.935896 -13.928634  -0.178005
      2      -0.170012  -0.021326  -0.981121
 P Tensor eigenvectors:
                   0          1          2    
      0      -0.011020   0.962872  -0.269733
      1      -0.003323   0.269712   0.962935
      2       0.999934   0.011508   0.000227
 P Eigenvalues: 
                  0          1          2    
      0      -0.979072  -3.225464  26.786287
P(iso)  7.527250
 Nucleus: 10 H 
 Shielding tensor (ppm): 
                  0          1          2    
      0      70.959093 -165.756689 297.903392
      1     225.803957 -40.945668 215.552543
      2     -204.401494 -160.979323   0.155525
 P Tensor eigenvectors:
                   0          1          2    
      0      -0.476721   0.710448   0.517688
      1       0.689136   0.667655  -0.281653
      2       0.545737  -0.222488   0.807880
 P Eigenvalues: 
                  0          1          2    
      0     -26.801404  23.167631  33.802724
P(iso)  10.056317
 Nucleus: 11 H 
 Shielding tensor (ppm): 
                  0          1          2    
      0      70.911475 -163.729719 -299.494925
      1     224.206553 -40.450271 -216.209214
      2     206.103119 161.141731   0.017815
 P Tensor eigenvectors:
                   0          1          2    
      0      -0.477502   0.710975  -0.516243
      1       0.692904   0.665989   0.276301
      2      -0.540255   0.225773   0.810649
 P Eigenvalues: 
                  0          1          2    
      0     -26.735108  23.268888  33.945239
P(iso)  10.159673
 Nucleus: 13 H 
 Shielding tensor (ppm): 
                  0          1          2    
      0      55.596803 242.360622 246.632368
      1     -306.132856 110.927610 324.748896
      2     -186.007884 -236.431871 138.217062
 P Tensor eigenvectors:
                   0          1          2    
      0      -0.654603   0.515263  -0.553171
      1       0.466216   0.851172   0.241140
      2      -0.595095   0.100046   0.797404
 P Eigenvalues: 
                  0          1          2    
      0     115.458120  79.187531 110.095825
P(iso)  101.580492
 Nucleus: 14 H 
 Shielding tensor (ppm): 
                  0          1          2    
      0      55.511595 243.967875 -245.191728
      1     -307.337756 111.448597 -324.884893
      2     184.137312 236.261992 137.612214
 P Tensor eigenvectors:
                   0          1          2    
      0      -0.654505   0.515374   0.553184
      1       0.462533   0.851718  -0.246252
      2       0.598068  -0.094693   0.795831
 P Eigenvalues: 
                  0          1          2    
      0     115.412439  79.136546 110.023423
P(iso)  101.524136
 Nucleus: 16 H 
 Shielding tensor (ppm): 
                  0          1          2    
      0      40.290187 -218.745691 -293.553322
      1     336.289726 -33.648536 -399.574433
      2     202.390925 289.984836 -32.090304
 P Tensor eigenvectors:
                   0          1          2    
      0      -0.673621   0.476518  -0.564948
      1       0.487290   0.861073   0.145266
      2      -0.555683   0.177440   0.812239
 P Eigenvalues: 
                  0          1          2    
      0     -42.649592   6.967896  10.233044
P(iso)  -8.482884
 Nucleus: 17 H 
 Shielding tensor (ppm): 
                  0          1          2    
      0      40.268784 -220.166277 292.547855
      1     337.034221 -34.226380 400.052499
      2     -200.612940 -290.331623 -31.320582
 P Tensor eigenvectors:
                   0          1          2    
      0      -0.674167   0.476829   0.564033
      1       0.484328   0.861966  -0.149800
      2       0.557607  -0.172187   0.812051
 P Eigenvalues: 
                  0          1          2    
      0     -42.552700   6.998437  10.276084
P(iso)  -8.426060
 Nucleus: 19 H 
 Shielding tensor (ppm): 
                  0          1          2    
      0      -7.881942 386.152474 -219.938246
      1     -456.378120  90.133339 -458.503704
      2     160.400799 330.058298  55.742955
 P Tensor eigenvectors:
                   0          1          2    
      0      -0.661797  -0.440695   0.606475
      1       0.302152  -0.897156  -0.322205
      2       0.686097  -0.029986   0.726892
 P Eigenvalues: 
                  0          1          2    
      0      45.465022  39.059097  53.470234
P(iso)  45.998117
 Nucleus: 20 H 
 Shielding tensor (ppm): 
                  0          1          2    
      0      -7.834859 385.328924 221.941476
      1     -456.128415  89.469606 458.154435
      2     -162.950231 -329.453211  56.647649
 P Tensor eigenvectors:
                   0          1          2    
      0      -0.660977  -0.440537  -0.607483
      1       0.305841  -0.897403   0.318009
      2      -0.685252   0.024403   0.727897
 P Eigenvalues: 
                  0          1          2    
      0      45.604638  39.123369  53.554388
P(iso)  46.094132
 Nucleus: 22 H 
 Shielding tensor (ppm): 
                  0          1          2    
      0      69.420283 -131.409077 -50.428749
      1     189.506432 102.375726 225.041089
      2      45.401109 -165.130154 125.288177
 P Tensor eigenvectors:
                   0          1          2    
      0       0.793885   0.162470   0.585961
      1       0.069736  -0.981612   0.177691
      2      -0.604056   0.100203   0.790617
 P Eigenvalues: 
                  0          1          2    
      0      93.069541  86.495640 117.519005
P(iso)  99.028062
 Nucleus: 23 H 
 Shielding tensor (ppm): 
                  0          1          2    
      0      69.407688 -131.774812  49.789084
      1     189.874684 102.629252 -225.101349
      2     -44.606897 165.021890 125.002550
 P Tensor eigenvectors:
                   0          1          2    
      0       0.793518   0.162484  -0.586454
      1       0.067089  -0.981179  -0.181071
      2       0.604837  -0.104338   0.789484
 P Eigenvalues: 
                  0          1          2    
      0      93.037711  86.494650 117.507129
P(iso)  99.013163
 Nucleus: 25 H 
 Shielding tensor (ppm): 
                  0          1          2    
      0      55.756112 170.370978 124.658489
      1     -269.646977  29.828568 -330.973446
      2     -81.509439 241.414117  48.108326
 P Tensor eigenvectors:
                   0          1          2    
      0       0.740844   0.283000   0.609148
      1       0.310498  -0.948482   0.063023
      2      -0.595601  -0.142449   0.790549
 P Eigenvalues: 
                  0          1          2    
      0      25.230019  45.083903  63.379084
P(iso)  44.564335
 Nucleus: 26 H 
 Shielding tensor (ppm): 
                  0          1          2    
      0      55.855900 171.386938 -123.807934
      1     -270.589616  29.396448 330.407511
      2      80.223044 -241.185398  48.497580
 P Tensor eigenvectors:
                   0          1          2    
      0       0.739804   0.282829  -0.610490
      1       0.307647  -0.949145  -0.066910
      2       0.598367   0.138315   0.789193
 P Eigenvalues: 
                  0          1          2    
      0      25.269249  45.090760  63.389919
P(iso)  44.583309
 Nucleus: 28 H 
 Shielding tensor (ppm): 
                  0          1          2    
      0      37.947201 -279.160047 -50.341288
      1     382.729155  69.181861 407.243184
      2      44.942732 -295.054922  70.831299
 P Tensor eigenvectors:
                   0          1          2    
      0      -0.727998   0.133475  -0.672460
      1      -0.075748  -0.990519  -0.114601
      2       0.681381   0.032492  -0.731207
 P Eigenvalues: 
                  0          1          2    
      0      55.992642  51.300276  70.667442
P(iso)  59.320120
 Nucleus: 29 H 
 Shielding tensor (ppm): 
                  0          1          2    
      0      37.950027 -280.001357  48.896299
      1     383.776668  69.740184 -406.456386
      2     -43.081563 294.479142  70.300144
 P Tensor eigenvectors:
                   0          1          2    
      0       0.726605   0.133540  -0.673952
      1       0.072339  -0.990346  -0.118242
      2       0.683236  -0.037162   0.729251
 P Eigenvalues: 
                  0          1          2    
      0      56.024682  51.299621  70.666052
P(iso)  59.330118
 Nucleus: 31 H 
 Shielding tensor (ppm): 
                  0          1          2    
      0      -7.301016 226.979219 -99.554304
      1     -343.397302  20.676608 464.133935
      2      68.737287 -336.190567 -16.658293
 P Tensor eigenvectors:
                   0          1          2    
      0       0.798880   0.103366  -0.592542
      1       0.180853  -0.980817   0.072731
      2       0.573658   0.165266   0.802249
 P Eigenvalues: 
                  0          1          2    
      0     -27.134414   9.895334  13.956379
P(iso)  -1.094233
 Nucleus: 32 H 
 Shielding tensor (ppm): 
                  0          1          2    
      0      -7.383403 225.652345 100.724990
      1     -341.911006  21.318746 -464.800301
      2     -70.420456 336.962102 -17.232305
 P Tensor eigenvectors:
                   0          1          2    
      0       0.800297   0.103764   0.590557
      1       0.183702  -0.979981  -0.076757
      2      -0.570770  -0.169915   0.803337
 P Eigenvalues: 
                  0          1          2    
      0     -27.153908   9.897622  13.959323
P(iso)  -1.098988
 Nucleus: 34 H 
 Shielding tensor (ppm): 
                  0          1          2    
      0     -111.419521  74.926296   0.392029
      1      90.681222   5.718538   0.834584
      2       0.150551   0.238135 -156.185286
 P Tensor eigenvectors:
                   0          1          2    
      0       0.392736  -0.919434   0.020010
      1       0.919651   0.392643  -0.008519
      2      -0.000024   0.021748   0.999763
 P Eigenvalues: 
                  0          1          2    
      0      47.465088 -153.169233 -156.182124
P(iso)  -87.295423
 Nucleus: 35 H 
 Shielding tensor (ppm): 
                  0          1          2    
      0     -114.727597 -325.118802  -0.838296
      1     382.867449  63.532159   0.895588
      2       0.952719  -0.006296 -97.795766
 P Tensor eigenvectors:
                   0          1          2    
      0      -0.001272  -0.558571  -0.829456
      1      -0.002512   0.829456  -0.558567
      2       0.999996   0.001373  -0.002459
 P Eigenvalues: 
                  0          1          2    
      0     -97.796971 -18.840034 -32.354199
P(iso)  -49.663735
 Nucleus: 42 H 
 Shielding tensor (ppm): 
                  0          1          2    
      0      42.099753 -18.483363   0.127448
      1       4.708786 -224.421738  -0.209662
      2       0.099889  -0.222210 -160.194579
 P Tensor eigenvectors:
                   0          1          2    
      0       0.999299   0.000239  -0.037436
      1       0.037435   0.003224   0.999294
      2       0.000360  -0.999995   0.003212
 P Eigenvalues: 
                  0          1          2    
      0      41.211013 -160.193908 -223.533670
P(iso)  -114.172188
 Nucleus: 43 H 
 Shielding tensor (ppm): 
                  0          1          2    
      0      12.196565 512.767324   1.799650
      1     -281.072469 -84.920630  -0.184818
      2      -0.916007   0.287511 -76.426846
 P Tensor eigenvectors:
                   0          1          2    
      0      -0.000565  -0.988352  -0.152184
      1      -0.003403   0.152185  -0.988346
      2       0.999994  -0.000040  -0.003450
 P Eigenvalues: 
                  0          1          2    
      0     -76.427319 -24.902412 -47.821181
P(iso)  -49.716971
 Nucleus: 44 H 
 Shielding tensor (ppm): 
                  0          1          2    
      0       9.306034 -484.477882  -1.715790
      1     333.369510 149.754927   0.382029
      2       1.098426  -0.145735 101.194281
 P Tensor eigenvectors:
                   0          1          2    
      0      -0.000668  -0.961501  -0.274799
      1      -0.003416   0.274800  -0.961495
      2       0.999994   0.000297  -0.003468
 P Eigenvalues: 
                  0          1          2    
      0     101.194067  59.838197  99.222979
P(iso)  86.751747
 Nucleus: 45 H 
 Shielding tensor (ppm): 
                  0          1          2    
      0      16.820087 466.961703   1.506564
      1     -297.945525 138.544223  -0.020002
      2      -1.055390   0.414353  97.896060
 P Tensor eigenvectors:
                   0          1          2    
      0      -0.000494   0.977637  -0.210299
      1      -0.003329   0.210297   0.977632
      2       0.999994   0.001183   0.003150
 P Eigenvalues: 
                  0          1          2    
      0      97.895233  56.952695  98.412442
P(iso)  84.420123
 Nucleus: 46 H 
 Shielding tensor (ppm): 
                  0          1          2    
      0       1.604211 -537.323367  -1.730394
      1     299.409739 -69.634941   0.192733
      2       1.037926  -0.326245 -72.486758
 P Tensor eigenvectors:
                   0          1          2    
      0      -0.000610   0.994502  -0.104713
      1      -0.003306   0.104710   0.994497
      2       0.999994   0.000953   0.003224
 P Eigenvalues: 
                  0          1          2    
      0     -72.486315 -23.952652 -44.078521
P(iso)  -46.839163
# -----------------------------------------------------------
$ EPRNMR_ATensor
   description: Hyperfine A tensor
   geom. index: 1
   prop. index: 1
 Number of stored nuclei 25
 Source density: 1 SCF 
 Spin multiplicity: 2 
 Nucleus: 7 H  
 Isotope: 1 
 Nuclear Spin:  0.5 
 Prefactor (MHz): 533.551395 
 Raw A tensor (MHz): 
                  0          1          2    
      0      20.860312  -3.829986  -0.001717
      1      -3.826355  22.064043   0.004529
      2      -0.001711   0.004524  16.966925
 A Tensor eigenvectors:
                   0          1          2    
      0      -0.001661   0.760012  -0.649907
      1      -0.002136   0.649904   0.760013
      2       0.999996   0.002651   0.000544
 A Eigenvalues: 
                  0          1          2    
      0      16.966918  17.586987  25.337374
A(iso)  19.963760
 Nucleus: 8 H  
 Isotope: 1 
 Nuclear Spin:  0.5 
 Prefactor (MHz): 533.551395 
 Raw A tensor (MHz): 
                  0          1          2    
      0      41.713500   2.979017   0.006906
      1       2.979878  58.821156   0.036985
      2       0.006907   0.036984  40.387424
 A Tensor eigenvectors:
                   0          1          2    
      0      -0.001100   0.985993   0.166782
      1      -0.001829  -0.166784   0.985992
      2       0.999998   0.000779   0.001986
 A Eigenvalues: 
                  0          1          2    
      0      40.387349  41.209454  59.325277
A(iso)  46.974027
 Nucleus: 10 H  
 Isotope: 1 
 Nuclear Spin:  0.5 
 Prefactor (MHz): 533.551395 
 Raw A tensor (MHz): 
                  0          1          2    
      0      -6.414072   1.844463   1.371593
      1       1.844870   1.311703   3.435135
      2       1.372451   3.435854  -6.043212
 A Tensor eigenvectors:
                   0          1          2    
      0      -0.226039   0.806125  -0.546872
      1      -0.901414  -0.385912  -0.196277
      2      -0.369269   0.448592   0.813883
 A Eigenvalues: 
                  0          1          2    
      0       3.181920  -6.533765  -7.793736
A(iso)  -3.715194
 Nucleus: 11 H  
 Isotope: 1 
 Nuclear Spin:  0.5 
 Prefactor (MHz): 533.551395 
 Raw A tensor (MHz): 
                  0          1          2    
      0      -6.426045   1.838976  -1.359512
      1       1.839378   1.307363  -3.409405
      2      -1.360366  -3.410134  -6.066327
 A Tensor eigenvectors:
                   0          1          2    
      0       0.225338   0.805894  -0.547501
      1       0.902522  -0.384336  -0.194268
      2      -0.366983  -0.450356  -0.813943
 A Eigenvalues: 
                  0          1          2    
      0       3.153318  -6.543294  -7.795032
A(iso)  -3.728336
 Nucleus: 13 H  
 Isotope: 1 
 Nuclear Spin:  0.5 
 Prefactor (MHz): 533.551395 
 Raw A tensor (MHz): 
                  0          1          2    
      0      -0.491682  -0.808473  -0.212587
      1      -0.807855   1.692596   0.739251
      2      -0.212518   0.739992  -0.825449
 A Tensor eigenvectors:
                   0          1          2    
      0       0.953360   0.023426  -0.300925
      1       0.283923   0.268744   0.920415
      2       0.102433  -0.962927   0.249559
 A Eigenvalues: 
                  0          1          2    
      0      -0.755106  -1.026790   2.157362
A(iso)  0.125155
 Nucleus: 14 H  
 Isotope: 1 
 Nuclear Spin:  0.5 
 Prefactor (MHz): 533.551395 
 Raw A tensor (MHz): 
                  0          1          2    
      0      -0.492668  -0.807413   0.209038
      1      -0.806795   1.697754  -0.725972
      2       0.208972  -0.726708  -0.833859
 A Tensor eigenvectors:
                   0          1          2    
      0       0.953565   0.019645   0.300547
      1       0.285110   0.262797  -0.921765
      2      -0.097091   0.964651   0.244993
 A Eigenvalues: 
                  0          1          2    
      0      -0.755174  -1.027566   2.153966
A(iso)  0.123742
 Nucleus: 16 H  
 Isotope: 1 
 Nuclear Spin:  0.5 
 Prefactor (MHz): 533.551395 
 Raw A tensor (MHz): 
                  0          1          2    
      0      -0.525056   0.239013  -0.067087
      1       0.239133   0.998286  -0.304577
      2      -0.067195  -0.304771  -0.549687
 A Tensor eigenvectors:
                   0          1          2    
      0       0.918299   0.365937  -0.151051
      1      -0.207497   0.119955  -0.970853
      2      -0.337152   0.922876   0.186086
 A Eigenvalues: 
                  0          1          2    
      0      -0.554430  -0.615932   1.093905
A(iso)  -0.025486
 Nucleus: 17 H  
 Isotope: 1 
 Nuclear Spin:  0.5 
 Prefactor (MHz): 533.551395 
 Raw A tensor (MHz): 
                  0          1          2    
      0      -0.526172   0.238283   0.068385
      1       0.238403   0.995085   0.312648
      2       0.068495   0.312843  -0.547151
 A Tensor eigenvectors:
                   0          1          2    
      0       0.917077   0.369113   0.150747
      1      -0.209383   0.124099   0.969927
      2       0.339306  -0.921062   0.191094
 A Eigenvalues: 
                  0          1          2    
      0      -0.555272  -0.616738   1.093771
A(iso)  -0.026079
 Nucleus: 19 H  
 Isotope: 1 
 Nuclear Spin:  0.5 
 Prefactor (MHz): 533.551395 
 Raw A tensor (MHz): 
                  0          1          2    
      0      -0.254153  -0.152000   0.029559
      1      -0.151842   0.473769  -0.113451
      2       0.029541  -0.113527  -0.281351
 A Tensor eigenvectors:
                   0          1          2    
      0       0.899383  -0.390943   0.195636
      1       0.236125   0.057808  -0.970002
      2       0.367906   0.918598   0.144303
 A Eigenvalues: 
                  0          1          2    
      0      -0.281937  -0.301081   0.521283
A(iso)  -0.020578
 Nucleus: 20 H  
 Isotope: 1 
 Nuclear Spin:  0.5 
 Prefactor (MHz): 533.551395 
 Raw A tensor (MHz): 
                  0          1          2    
      0      -0.254228  -0.152102  -0.030298
      1      -0.151944   0.472587   0.117270
      2      -0.030279   0.117347  -0.280367
 A Tensor eigenvectors:
                   0          1          2    
      0       0.900320  -0.388648  -0.195899
      1       0.238049   0.062916   0.969213
      2      -0.364358  -0.919235   0.149162
 A Eigenvalues: 
                  0          1          2    
      0      -0.282153  -0.301214   0.521359
A(iso)  -0.020669
 Nucleus: 22 H  
 Isotope: 1 
 Nuclear Spin:  0.5 
 Prefactor (MHz): 533.551395 
 Raw A tensor (MHz): 
                  0          1          2    
      0       4.475891   1.421116   0.815679
      1       1.420458   3.528858   0.284788
      2       0.816116   0.285415   3.216602
 A Tensor eigenvectors:
                   0          1          2    
      0       0.619979   0.008294   0.784575
      1      -0.685821   0.491479   0.536747
      2      -0.381150  -0.870850   0.310395
 A Eigenvalues: 
                  0          1          2    
      0       2.402738   3.047862   5.770751
A(iso)  3.740450
 Nucleus: 23 H  
 Isotope: 1 
 Nuclear Spin:  0.5 
 Prefactor (MHz): 533.551395 
 Raw A tensor (MHz): 
                  0          1          2    
      0       4.472703   1.426007  -0.807354
      1       1.425349   3.526519  -0.282117
      2      -0.807794  -0.282743   3.207179
 A Tensor eigenvectors:
                   0          1          2    
      0       0.619620   0.007744  -0.784864
      1      -0.687960   0.486753  -0.538315
      2       0.377866   0.873505   0.306929
 A Eigenvalues: 
                  0          1          2    
      0       2.397412   3.042570   5.766419
A(iso)  3.735467
 Nucleus: 25 H  
 Isotope: 1 
 Nuclear Spin:  0.5 
 Prefactor (MHz): 533.551395 
 Raw A tensor (MHz): 
                  0          1          2    
      0      -0.279717   0.825348  -0.177450
      1       0.824808   1.838316  -0.676128
      2      -0.177300  -0.676993  -0.537615
 A Tensor eigenvectors:
                   0          1          2    
      0       0.927485  -0.206815  -0.311446
      1      -0.239424   0.311234  -0.919679
      2       0.287136   0.927556   0.239149
 A Eigenvalues: 
                  0          1          2    
      0      -0.547455  -0.725228   2.293668
A(iso)  0.340328
 Nucleus: 26 H  
 Isotope: 1 
 Nuclear Spin:  0.5 
 Prefactor (MHz): 533.551395 
 Raw A tensor (MHz): 
                  0          1          2    
      0      -0.281355   0.823166   0.182087
      1       0.822628   1.831198   0.689103
      2       0.181935   0.689972  -0.531344
 A Tensor eigenvectors:
                   0          1          2    
      0       0.928265  -0.204036   0.310956
      1      -0.238366   0.315415   0.918529
      2      -0.285493  -0.926759   0.244154
 A Eigenvalues: 
                  0          1          2    
      0      -0.548480  -0.726101   2.293081
A(iso)  0.339500
 Nucleus: 28 H  
 Isotope: 1 
 Nuclear Spin:  0.5 
 Prefactor (MHz): 533.551395 
 Raw A tensor (MHz): 
                  0          1          2    
      0      -0.045249   0.455289   0.103059
      1       0.455015   0.340352   0.152621
      2       0.103091   0.152773  -0.334170
 A Tensor eigenvectors:
                   0          1          2    
      0       0.823872   0.160529   0.543568
      1      -0.562083   0.108249   0.819966
      2       0.072788  -0.981077   0.179414
 A Eigenvalues: 
                  0          1          2    
      0      -0.346634  -0.367902   0.675469
A(iso)  -0.013022
 Nucleus: 29 H  
 Isotope: 1 
 Nuclear Spin:  0.5 
 Prefactor (MHz): 533.551395 
 Raw A tensor (MHz): 
                  0          1          2    
      0      -0.044988   0.456069  -0.100319
      1       0.455795   0.341604  -0.148527
      2      -0.100352  -0.148679  -0.336119
 A Tensor eigenvectors:
                   0          1          2    
      0       0.824097   0.158137  -0.543927
      1      -0.561690   0.103920  -0.820796
      2      -0.073273   0.981934   0.174463
 A Eigenvalues: 
                  0          1          2    
      0      -0.346788  -0.368023   0.675306
A(iso)  -0.013168
 Nucleus: 31 H  
 Isotope: 1 
 Nuclear Spin:  0.5 
 Prefactor (MHz): 533.551395 
 Raw A tensor (MHz): 
                  0          1          2    
      0      -0.215250   0.163373   0.022382
      1       0.163204   0.480279   0.110893
      2       0.022362   0.110998  -0.252218
 A Tensor eigenvectors:
                   0          1          2    
      0       0.971628  -0.098139   0.215194
      1      -0.197140   0.166643   0.966109
      2      -0.130673  -0.981121   0.142568
 A Eigenvalues: 
                  0          1          2    
      0      -0.251369  -0.268831   0.533012
A(iso)  0.004271
 Nucleus: 32 H  
 Isotope: 1 
 Nuclear Spin:  0.5 
 Prefactor (MHz): 533.551395 
 Raw A tensor (MHz): 
                  0          1          2    
      0      -0.215119   0.163699  -0.021538
      1       0.163529   0.481186  -0.107109
      2      -0.021518  -0.107213  -0.253292
 A Tensor eigenvectors:
                   0          1          2    
      0       0.971331  -0.100337  -0.215521
      1      -0.197761   0.162099  -0.966755
      2       0.131937   0.981660   0.137609
 A Eigenvalues: 
                  0          1          2    
      0      -0.251335  -0.268794   0.532904
A(iso)  0.004258
 Nucleus: 34 H  
 Isotope: 1 
 Nuclear Spin:  0.5 
 Prefactor (MHz): 533.551395 
 Raw A tensor (MHz): 
                  0          1          2    
      0      -0.125365   0.006098   0.000044
      1       0.006209   0.491385   0.001745
      2       0.000044   0.001745  -0.147884
 A Tensor eigenvectors:
                   0          1          2    
      0       0.999950   0.001207   0.009886
      1      -0.009890   0.002717   0.999947
      2       0.001180  -0.999996   0.002729
 A Eigenvalues: 
                  0          1          2    
      0      -0.125427  -0.147888   0.491451
A(iso)  0.072712
 Nucleus: 35 H  
 Isotope: 1 
 Nuclear Spin:  0.5 
 Prefactor (MHz): 533.551395 
 Raw A tensor (MHz): 
                  0          1          2    
      0      -0.120044   0.166053   0.000471
      1       0.165910   0.260653   0.001245
      2       0.000470   0.001245  -0.189075
 A Tensor eigenvectors:
                   0          1          2    
      0       0.936365   0.001408   0.351026
      1      -0.351029   0.002248   0.936362
      2       0.000529  -0.999996   0.002599
 A Eigenvalues: 
                  0          1          2    
      0      -0.182247  -0.189078   0.322859
A(iso)  -0.016155
 Nucleus: 42 H  
 Isotope: 1 
 Nuclear Spin:  0.5 
 Prefactor (MHz): 533.551395 
 Raw A tensor (MHz): 
                  0          1          2    
      0       0.238539   0.008736   0.000023
      1       0.008729   0.439926   0.000629
      2       0.000023   0.000630   0.250896
 A Tensor eigenvectors:
                   0          1          2    
      0       0.999064   0.000474   0.043255
      1      -0.043257   0.003308   0.999059
      2       0.000330  -0.999994   0.003326
 A Eigenvalues: 
                  0          1          2    
      0       0.238161   0.250894   0.440306
A(iso)  0.309787
 Nucleus: 43 H  
 Isotope: 1 
 Nuclear Spin:  0.5 
 Prefactor (MHz): 533.551395 
 Raw A tensor (MHz): 
                  0          1          2    
      0      -0.010265   0.086397   0.000391
      1       0.086361  -0.186560  -0.000021
      2       0.000391  -0.000021  -0.166718
 A Tensor eigenvectors:
                   0          1          2    
      0       0.925786   0.000560  -0.378048
      1       0.378044   0.003511   0.925781
      2       0.001846  -0.999994   0.003039
 A Eigenvalues: 
                  0          1          2    
      0       0.025004  -0.166718  -0.221829
A(iso)  -0.121181
 Nucleus: 44 H  
 Isotope: 1 
 Nuclear Spin:  0.5 
 Prefactor (MHz): 533.551395 
 Raw A tensor (MHz): 
