-------------------------------------------------------------
----------------------- !PROPERTIES! ------------------------
-------------------------------------------------------------
# -----------------------------------------------------------
$ PAL_Flags
   description: The PAL Flags
   geom. index: 1
   prop. index: 1
        Diskflag:     2
# -----------------------------------------------------------
$ SCF_Energy
   description: The SCF energy
   geom. index: 1
   prop. index: 1
        SCF Energy:     -852.7516670377
# -----------------------------------------------------------
$ DFT_Energy
   description: The DFT energy
   geom. index: 1
   prop. index: 1
   Number of Alpha Electrons                 79.0001916345 
   Number of Beta  Electrons                 78.0001891826 
   Total number of  Electrons               157.0003808171 
   Exchange energy                          -97.4438108645 
   Correlation energy                        -6.0882703143 
   Correlation energy NL                      0.0000000000 
   Exchange-Correlation energy             -103.5320811788 
   Embedding correction                       0.0000000000 
   Total DFT Energy (No VdW correction)    -852.7516670377 
# -----------------------------------------------------------
$ Mayer_Pop
   description: The Mayer population analysis
   geom. index: 1
   prop. index: 1
     Number of atoms                     : 47
     Threshold for printing              : 0.1000000
     Number of bond orders printed       : 50
  NA   - Mulliken gross atomic population
  ZA   - Total nuclear charge
  QA   - Mulliken gross atomic charge
  VA   - Mayer's total valence
  BVA  - Mayer's bonded valence
  FA   - Mayer's free valence
  ATOM       NA         ZA         QA         VA         BVA        FA
  0   0     5.7667     6.0000     0.2333     2.5958     2.5957     0.0001
  1   0     6.1354     6.0000    -0.1354     3.8501     3.1052     0.7449
  2   0     6.0153     6.0000    -0.0153     4.0410     4.0363     0.0047
  3   0     5.9757     6.0000     0.0243     3.9651     3.9635     0.0016
  4   0     6.1653     6.0000    -0.1653     3.8534     3.8525     0.0009
  5   0     6.1003     6.0000    -0.1003     4.2331     4.2311     0.0020
  6   0     5.9417     6.0000     0.0583     3.9620     3.9563     0.0057
  7   0     1.0500     1.0000    -0.0500     1.0013     1.0011     0.0002
  8   0     1.0216     1.0000    -0.0216     0.9967     0.9963     0.0004
  9   0     5.9528     6.0000     0.0472     4.0308     4.0306     0.0002
 10   0     0.9741     1.0000     0.0259     0.9693     0.9693     0.0000
 11   0     0.9740     1.0000     0.0260     0.9692     0.9692     0.0000
 12   0     6.0425     6.0000    -0.0425     4.1158     4.1158     0.0000
 13   0     0.9834     1.0000     0.0166     0.9636     0.9636     0.0000
 14   0     0.9834     1.0000     0.0166     0.9636     0.9636     0.0000
 15   0     6.0264     6.0000    -0.0264     4.1176     4.1176     0.0000
 16   0     0.9936     1.0000     0.0064     0.9671     0.9671     0.0000
 17   0     0.9936     1.0000     0.0064     0.9671     0.9671     0.0000
 18   0     5.9998     6.0000     0.0002     4.0189     4.0189     0.0000
 19   0     0.9826     1.0000     0.0174     0.9774     0.9774     0.0000
 20   0     0.9826     1.0000     0.0174     0.9774     0.9774     0.0000
 21   0     5.9605     6.0000     0.0395     4.0254     4.0254     0.0000
 22   0     0.9671     1.0000     0.0329     0.9696     0.9696     0.0000
 23   0     0.9671     1.0000     0.0329     0.9695     0.9695     0.0000
 24   0     6.0352     6.0000    -0.0352     4.1117     4.1117     0.0000
 25   0     0.9848     1.0000     0.0152     0.9635     0.9635     0.0000
 26   0     0.9848     1.0000     0.0152     0.9635     0.9635     0.0000
 27   0     6.0262     6.0000    -0.0262     4.1193     4.1193     0.0000
 28   0     0.9941     1.0000     0.0059     0.9676     0.9676     0.0000
 29   0     0.9941     1.0000     0.0059     0.9676     0.9676     0.0000
 30   0     5.9970     6.0000     0.0030     4.0168     4.0168     0.0000
 31   0     0.9828     1.0000     0.0172     0.9773     0.9773     0.0000
 32   0     0.9828     1.0000     0.0172     0.9773     0.9773     0.0000
 33   0     5.8443     6.0000     0.1557     2.6619     2.6617     0.0002
 34   0     0.9868     1.0000     0.0132     0.9737     0.9737     0.0000
 35   0     0.9871     1.0000     0.0129     0.9735     0.9735     0.0000
 36   0     6.2466     6.0000    -0.2466     3.9282     3.9282     0.0000
 37   0     5.9705     6.0000     0.0295     3.9951     3.9951     0.0000
 38   0     5.9599     6.0000     0.0401     3.9992     3.9992     0.0000
 39   0     5.9681     6.0000     0.0319     3.9990     3.9990     0.0000
 40   0     5.9602     6.0000     0.0398     3.9988     3.9988     0.0000
 41   0     5.9730     6.0000     0.0270     3.9942     3.9942     0.0000
 42   0     1.0282     1.0000    -0.0282     0.9688     0.9688     0.0000
 43   0     1.0280     1.0000    -0.0280     0.9684     0.9684     0.0000
 44   0     1.0413     1.0000    -0.0413     0.9835     0.9835     0.0000
 45   0     1.0407     1.0000    -0.0407     0.9831     0.9831     0.0000
 46   0     1.0280     1.0000    -0.0280     0.9683     0.9683     0.0000
      Bond orders larger than 0.1000000
           Atom A     A.N. of A          Atom B    A.N. of B              Bond order
                0             6               4            6                0.904064
                0             6              33            6                1.783721
                0             6              36            6               -0.163070
                1             6               2            6                1.394093
                1             6               6            6                1.444657
                2             6               3            6                1.432763
                2             6               9            6                1.044945
                3             6               4            6                1.417262
                3             6               7            1                0.922126
                4             6               5            6                1.413566
                4             6              33            6               -0.101574
                5             6               6            6                1.454984
                5             6              21            6                1.088417
                6             6               8            1                0.909947
                9             6              10            1                0.917086
                9             6              11            1                0.917008
                9             6              12            6                1.102388
               12             6              13            1                0.931002
               12             6              14            1                0.930926
               12             6              15            6                1.075381
               15             6              16            1                0.941564
               15             6              17            1                0.941562
               15             6              18            6                1.105599
               18             6              19            1                0.966596
               18             6              20            1                0.966591
               18             6              34            1                0.962243
               21             6              22            1                0.898364
               21             6              23            1                0.898395
               21             6              24            6                1.101037
               24             6              25            1                0.929795
               24             6              26            1                0.929827
               24             6              27            6                1.075728
               27             6              28            1                0.941206
               27             6              29            1                0.941206
               27             6              30            6                1.106126
               30             6              31            1                0.966245
               30             6              32            1                0.966249
               30             6              35            1                0.961738
               33             6              36            6                0.922934
               36             6              37            6                1.442671
               36             6              41            6                1.439699
               37             6              38            6                1.470037
               37             6              44            1                0.939772
               38             6              39            6                1.444911
               38             6              46            1                0.937738
               39             6              40            6                1.444241
               39             6              42            1                0.943063
               40             6              41            6                1.470236
               40             6              43            1                0.937757
               41             6              45            1                0.940136
# -----------------------------------------------------------
$ Calculation_Info
   description: Details of the calculation
   geom. index: 1
   prop. index: 1
     Multiplicity:                          2
     Charge:                                0
     number of atoms:                       47
     number of electrons:                   0
     number of frozen core electrons:       1
     number of correlated electrons:        0
     number of basis functions:             433
     number of aux C basis functions:       2942
     number of aux J basis functions:       2942
     number of aux JK basis functions:      2942
     number of aux CABS basis functions:    0
     Total Energy                           -852.751667
# -----------------------------------------------------------
$ SCF_Electric_Properties
   description: The SCF Calculated Electric Properties
   geom. index: 1
   prop. index: 1
       Filename                          : cc-pVDZ.scfp 
       Do Dipole Moment Calculation      : true 
       Do Quadrupole Moment Calculation  : false 
       Do Polarizability Calculation     : false 
** Dipole moment part of electric properties **
        Magnitude of dipole moment (Debye) :        0.5081053958
        Electronic Contribution:
                  0    
      0      15.819785
      1      -0.237896
      2       0.013909
        Nuclear Contribution:
                  0    
      0     -15.619990
      1       0.231406
      2      -0.013740
        Total Dipole moment:
                  0    
      0       0.199795
      1      -0.006491
      2       0.000168
# -----------------------------------------------------------
$ EPRNMR_GTensor
   description: Electronic g tensor
   geom. index: 1
   prop. index: 1
 Source density: 1 SCF 
 Spin multiplicity: 2 
 raw g tensor: 
                  0          1          2    
      0       2.002162   0.000001  -0.000001
      1      -0.000010   2.001818  -0.000002
      2      -0.000001  -0.000002   2.003155
 g tensor: 
                  0          1          2    
      0       0.012110   0.999926   0.001094
      1       0.999925  -0.012112   0.001792
      2       0.001805   0.001072  -0.999998
 G eigenvalues: 
                  0          1          2    
      0       2.001818   2.002162   2.003155
# -----------------------------------------------------------
$ EPRNMR_OrbitalShielding
   description: Orbital contribution to the NMR Shielding tensor (ppm)
   geom. index: 1
   prop. index: 1
 Number of stored nuclei 25
 Source density: 1 SCF 
 Nucleus: 7 H 
 Shielding tensor (ppm): 
                  0          1          2    
      0      39.945848 183.756600   0.150453
      1     -191.880932 131.195957  -0.183035
      2      -0.305495   0.125282 120.439387
 P Tensor eigenvectors:
                   0          1          2    
      0      -0.000888   0.816168  -0.577813
      1      -0.000948   0.577813   0.816169
      2       0.999999   0.001273   0.000260
 P Eigenvalues: 
                  0          1          2    
      0     120.439518  66.579848 104.561825
P(iso)  97.193731
 Nucleus: 8 H 
 Shielding tensor (ppm): 
                  0          1          2    
      0      37.487022 -129.307599  -0.037465
      1     -13.041874 -13.995071  -0.180058
      2      -0.165485  -0.034232  -1.034870
 P Tensor eigenvectors:
                   0          1          2    
      0      -0.010962   0.962851  -0.269811
      1      -0.003460   0.269789   0.962913
      2       0.999934   0.011489   0.000375
 P Eigenvalues: 
                  0          1          2    
      0      -1.032830  -3.245841  26.735752
P(iso)  7.485694
 Nucleus: 10 H 
 Shielding tensor (ppm): 
                  0          1          2    
      0      70.923098 -165.549827 297.883039
      1     225.658651 -40.913006 215.583286
      2     -204.369260 -161.006275   0.161378
 P Tensor eigenvectors:
                   0          1          2    
      0      -0.476946   0.710392   0.517557
      1       0.689241   0.667692  -0.281307
      2       0.545407  -0.222553   0.808085
 P Eigenvalues: 
                  0          1          2    
      0     -26.823357  23.176755  33.818071
P(iso)  10.057157
 Nucleus: 11 H 
 Shielding tensor (ppm): 
                  0          1          2    
      0      70.900474 -163.624980 -299.350416
      1     224.183199 -40.448799 -216.133420
      2     206.006727 161.067977  -0.020144
 P Tensor eigenvectors:
                   0          1          2    
      0      -0.477490   0.710801  -0.516494
      1       0.692883   0.666089   0.276115
      2      -0.540293   0.226028   0.810552
 P Eigenvalues: 
                  0          1          2    
      0     -26.762032  23.259119  33.934443
P(iso)  10.143844
 Nucleus: 13 H 
 Shielding tensor (ppm): 
                  0          1          2    
      0      55.629127 242.304557 246.461964
      1     -306.085458 110.931260 324.639656
      2     -185.883533 -236.361177 138.247368
 P Tensor eigenvectors:
                   0          1          2    
      0      -0.654655   0.515067  -0.553292
      1       0.466022   0.851294   0.241084
      2      -0.595189   0.100020   0.797337
 P Eigenvalues: 
                  0          1          2    
      0     115.483574  79.204327 110.119854
P(iso)  101.602585
 Nucleus: 14 H 
 Shielding tensor (ppm): 
                  0          1          2    
      0      55.559874 243.791648 -245.101932
      1     -307.147648 111.431288 -324.897412
      2     184.065366 236.264518 137.633488
 P Tensor eigenvectors:
                   0          1          2    
      0      -0.654741   0.515233   0.553036
      1       0.462493   0.851803  -0.246031
      2       0.597842  -0.094689   0.796002
 P Eigenvalues: 
                  0          1          2    
      0     115.414937  79.155360 110.054353
P(iso)  101.541550
 Nucleus: 16 H 
 Shielding tensor (ppm): 
                  0          1          2    
      0      40.263396 -218.670494 -293.376808
      1     336.255505 -33.603958 -399.517156
      2     202.269412 289.932588 -32.087192
 P Tensor eigenvectors:
                   0          1          2    
      0      -0.673693   0.476281  -0.565061
      1       0.487141   0.861187   0.145087
      2      -0.555726   0.177521   0.812192
 P Eigenvalues: 
                  0          1          2    
      0     -42.642574   6.973409  10.241411
P(iso)  -8.475918
 Nucleus: 17 H 
 Shielding tensor (ppm): 
                  0          1          2    
      0      40.226874 -220.006178 292.414618
      1     336.894594 -34.169596 400.067306
      2     -200.505935 -290.342228 -31.301760
 P Tensor eigenvectors:
                   0          1          2    
      0      -0.674367   0.476630   0.563962
      1       0.484218   0.862070  -0.149562
      2       0.557460  -0.172221   0.812144
 P Eigenvalues: 
                  0          1          2    
      0     -42.547003   7.009678  10.292843
P(iso)  -8.414827
 Nucleus: 19 H 
 Shielding tensor (ppm): 
                  0          1          2    
      0      -7.817825 385.944703 -219.793153
      1     -456.202914  90.107694 -458.560468
      2     160.294112 330.091668  55.778611
 P Tensor eigenvectors:
                   0          1          2    
      0      -0.662029  -0.440393   0.606442
      1       0.302004  -0.897304  -0.321930
      2       0.685938  -0.029979   0.727042
 P Eigenvalues: 
                  0          1          2    
      0      45.489628  39.079443  53.499409
P(iso)  46.022827
 Nucleus: 20 H 
 Shielding tensor (ppm): 
                  0          1          2    
      0      -7.774763 385.218898 221.744861
      1     -456.083730  89.458677 458.090510
      2     -162.805853 -329.408038  56.697761
 P Tensor eigenvectors:
                   0          1          2    
      0      -0.661045  -0.440232  -0.607631
      1       0.305618  -0.897553   0.317799
      2      -0.685286   0.024377   0.727866
 P Eigenvalues: 
                  0          1          2    
      0      45.650058  39.145986  53.585631
P(iso)  46.127225
 Nucleus: 22 H 
 Shielding tensor (ppm): 
                  0          1          2    
      0      69.400075 -131.512854 -50.547367
      1     189.643463 102.348623 225.158679
      2      45.492774 -165.243009 125.272965
 P Tensor eigenvectors:
                   0          1          2    
      0       0.793750   0.162732   0.586071
      1       0.070154  -0.981609   0.177546
      2      -0.604185   0.099811   0.790569
 P Eigenvalues: 
                  0          1          2    
      0      93.079471  86.466345 117.475848
P(iso)  99.007221
 Nucleus: 23 H 
 Shielding tensor (ppm): 
                  0          1          2    
      0      69.391175 -131.902447  49.872457
      1     190.052312 102.622307 -225.193371
      2     -44.666657 165.062528 124.984426
 P Tensor eigenvectors:
                   0          1          2    
      0       0.793293   0.162828  -0.586663
      1       0.067419  -0.981142  -0.181150
      2       0.605095  -0.104153   0.789311
 P Eigenvalues: 
                  0          1          2    
      0      93.053038  86.460999 117.483870
P(iso)  98.999303
 Nucleus: 25 H 
 Shielding tensor (ppm): 
                  0          1          2    
      0      55.750473 170.414619 124.776411
      1     -269.702405  29.790461 -331.077809
      2     -81.605599 241.476183  48.063683
 P Tensor eigenvectors:
                   0          1          2    
      0       0.740828   0.283177   0.609085
      1       0.310660  -0.948425   0.063088
      2      -0.595536  -0.142481   0.790592
 P Eigenvalues: 
                  0          1          2    
      0      25.198785  45.059128  63.346703
P(iso)  44.534872
 Nucleus: 26 H 
 Shielding tensor (ppm): 
                  0          1          2    
      0      55.849110 171.476904 -123.889034
      1     -270.702349  29.340952 330.455776
      2      80.265179 -241.234311  48.455161
 P Tensor eigenvectors:
                   0          1          2    
      0       0.739703   0.282962  -0.610550
      1       0.307687  -0.949119  -0.067099
      2       0.598471   0.138225   0.789130
 P Eigenvalues: 
                  0          1          2    
      0      25.225368  45.065633  63.354222
P(iso)  44.548408
 Nucleus: 28 H 
 Shielding tensor (ppm): 
                  0          1          2    
      0      37.954611 -279.255097 -50.468348
      1     382.831271  69.180451 407.337749
      2      45.038168 -295.136691  70.864840
 P Tensor eigenvectors:
                   0          1          2    
      0      -0.727974   0.133605  -0.672460
      1      -0.075965  -0.990508  -0.114559
      2       0.681383   0.032313  -0.731214
 P Eigenvalues: 
                  0          1          2    
      0      56.028136  51.303335  70.668432
P(iso)  59.333301
 Nucleus: 29 H 
 Shielding tensor (ppm): 
                  0          1          2    
      0      37.957286 -280.127880  48.977832
      1     383.924608  69.758009 -406.515506
      2     -43.128832 294.509160  70.318256
 P Tensor eigenvectors:
                   0          1          2    
      0       0.726515   0.133684  -0.674022
      1       0.072469  -0.990329  -0.118306
      2       0.683319  -0.037105   0.729177
 P Eigenvalues: 
                  0          1          2    
      0      56.056503  51.303908  70.673138
P(iso)  59.344517
 Nucleus: 31 H 
 Shielding tensor (ppm): 
                  0          1          2    
      0      -7.301679 226.998627 -99.628658
      1     -343.440787  20.639637 464.221440
      2      68.776352 -336.257540 -16.674427
 P Tensor eigenvectors:
                   0          1          2    
      0       0.798886   0.103512  -0.592508
      1       0.180923  -0.980815   0.072591
      2       0.573627   0.165190   0.802287
 P Eigenvalues: 
                  0          1          2    
      0     -27.159415   9.883530  13.939416
P(iso)  -1.112156
 Nucleus: 32 H 
 Shielding tensor (ppm): 
                  0          1          2    
      0      -7.389387 225.609901 100.839742
      1     -341.878846  21.303553 -464.934112
      2     -70.520783 337.057168 -17.266358
 P Tensor eigenvectors:
                   0          1          2    
      0       0.800383   0.103945   0.590409
      1       0.183881  -0.979947  -0.076751
      2      -0.570592  -0.169995   0.803447
 P Eigenvalues: 
                  0          1          2    
      0     -27.176263   9.883915  13.940157
P(iso)  -1.117397
 Nucleus: 34 H 
 Shielding tensor (ppm): 
                  0          1          2    
      0     -111.445944  74.955135   0.406408
      1      90.533851   5.795750   0.860442
      2       0.145589   0.217933 -156.144197
 P Tensor eigenvectors:
                   0          1          2    
      0      -0.393107   0.919300   0.018808
      1      -0.919493  -0.393030  -0.007785
      2       0.000235  -0.020354   0.999793
 P Eigenvalues: 
                  0          1          2    
      0      47.495213 -153.148788 -156.140816
P(iso)  -87.264797
 Nucleus: 35 H 
 Shielding tensor (ppm): 
                  0          1          2    
      0     -114.745682 -325.306117  -0.866338
      1     383.049161  63.538645   0.934758
      2       0.980274  -0.021590 -97.809327
 P Tensor eigenvectors:
                   0          1          2    
      0      -0.001339  -0.558608  -0.829431
      1      -0.002600   0.829430  -0.558604
      2       0.999996   0.001409  -0.002563
 P Eigenvalues: 
                  0          1          2    
      0     -97.810592 -18.847010 -32.358761
P(iso)  -49.672121
 Nucleus: 42 H 
 Shielding tensor (ppm): 
                  0          1          2    
      0      42.090235 -18.935443   0.106393
      1       4.755336 -224.397073  -0.128540
      2       0.111261  -0.141565 -160.181286
 P Tensor eigenvectors:
                   0          1          2    
      0       0.999277   0.000428  -0.038024
      1       0.038023   0.002008   0.999275
      2       0.000504  -0.999998   0.001990
 P Eigenvalues: 
                  0          1          2    
      0      41.166233 -160.181071 -223.473287
P(iso)  -114.162708
 Nucleus: 43 H 
 Shielding tensor (ppm): 
                  0          1          2    
      0      12.317058 512.540472   1.074115
      1     -280.989234 -85.162633  -0.179990
      2      -0.505083   0.279167 -76.518544
 P Tensor eigenvectors:
                   0          1          2    
      0      -0.000575  -0.988248  -0.152859
      1      -0.001996   0.152860  -0.988246
      2       0.999998  -0.000263  -0.002060
 P Eigenvalues: 
                  0          1          2    
      0     -76.518809 -24.939433 -47.905877
P(iso)  -49.788040
 Nucleus: 44 H 
 Shielding tensor (ppm): 
                  0          1          2    
      0       9.289885 -484.163072  -1.051541
      1     333.280606 149.914966   0.285906
      2       0.636415  -0.192901 101.305656
 P Tensor eigenvectors:
                   0          1          2    
      0      -0.000560  -0.961349  -0.275333
      1      -0.002056   0.275334  -0.961347
      2       0.999998   0.000027  -0.002130
 P Eigenvalues: 
                  0          1          2    
      0     101.305700  59.887825  99.316982
P(iso)  86.836835
 Nucleus: 45 H 
 Shielding tensor (ppm): 
                  0          1          2    
      0      16.843335 467.233225   0.833622
      1     -298.030822 138.363685  -0.112194
      2      -0.591554   0.356769  97.777440
 P Tensor eigenvectors:
                   0          1          2    
      0      -0.000663   0.977745  -0.209796
      1      -0.001891   0.209795   0.977744
      2       0.999998   0.001045   0.001710
 P Eigenvalues: 
                  0          1          2    
      0      97.777139  56.900076  98.307245
P(iso)  84.328153
 Nucleus: 46 H 
 Shielding tensor (ppm): 
                  0          1          2    
      0       1.478787 -537.471158  -1.025034
      1     299.474362 -69.378381   0.170916
      2       0.635429  -0.309122 -72.384471
 P Tensor eigenvectors:
                   0          1          2    
      0      -0.000551   0.994575  -0.104020
      1      -0.001988   0.104019   0.994573
      2       0.999998   0.000755   0.001920
 P Eigenvalues: 
                  0          1          2    
      0     -72.384208 -23.910013 -43.989844
P(iso)  -46.761355
# -----------------------------------------------------------
$ EPRNMR_ATensor
   description: Hyperfine A tensor
   geom. index: 1
   prop. index: 1
 Number of stored nuclei 25
 Source density: 1 SCF 
 Spin multiplicity: 2 
 Nucleus: 7 H  
 Isotope: 1 
 Nuclear Spin:  0.5 
 Prefactor (MHz): 533.551395 
 Raw A tensor (MHz): 
                  0          1          2    
      0      20.867308  -3.833878  -0.002157
      1      -3.830248  22.069878   0.004925
      2      -0.002150   0.004920  16.971996
 A Tensor eigenvectors:
                   0          1          2    
      0      -0.001530   0.759913  -0.650023
      1      -0.002117   0.650019   0.759915
      2       0.999997   0.002538   0.000614
 A Eigenvalues: 
                  0          1          2    
      0      16.971989  17.589647  25.347546
A(iso)  19.969727
 Nucleus: 8 H  
 Isotope: 1 
 Nuclear Spin:  0.5 
 Prefactor (MHz): 533.551395 
 Raw A tensor (MHz): 
                  0          1          2    
      0      41.721570   2.973983   0.007228
      1       2.974844  58.835252   0.038926
      2       0.007230   0.038926  40.395904
 A Tensor eigenvectors:
                   0          1          2    
      0      -0.001123   0.986046   0.166469
      1      -0.001930  -0.166471   0.986044
      2       0.999998   0.000786   0.002090
 A Eigenvalues: 
                  0          1          2    
      0      40.395821  41.219346  59.337559
A(iso)  46.984242
 Nucleus: 10 H  
 Isotope: 1 
 Nuclear Spin:  0.5 
 Prefactor (MHz): 533.551395 
 Raw A tensor (MHz): 
                  0          1          2    
      0      -6.420019   1.840126   1.369335
      1       1.840533   1.304412   3.434655
      2       1.370192   3.435375  -6.046418
 A Tensor eigenvectors:
                   0          1          2    
      0      -0.225645   0.806219  -0.546896
      1      -0.901472  -0.385635  -0.196553
      2      -0.369367   0.448660   0.813801
 A Eigenvalues: 
                  0          1          2    
      0       3.172793  -6.538130  -7.796687
A(iso)  -3.720675
 Nucleus: 11 H  
 Isotope: 1 
 Nuclear Spin:  0.5 
 Prefactor (MHz): 533.551395 
 Raw A tensor (MHz): 
                  0          1          2    
      0      -6.429532   1.837095  -1.357732
      1       1.837497   1.304868  -3.407061
      2      -1.358586  -3.407791  -6.071429
 A Tensor eigenvectors:
                   0          1          2    
      0       0.225135   0.806147  -0.547212
      1       0.902667  -0.383979  -0.194297
      2      -0.366750  -0.450208  -0.814130
 A Eigenvalues: 
                  0          1          2    
      0       3.147810  -6.546279  -7.797624
A(iso)  -3.732031
 Nucleus: 13 H  
 Isotope: 1 
 Nuclear Spin:  0.5 
 Prefactor (MHz): 533.551395 
 Raw A tensor (MHz): 
                  0          1          2    
      0      -0.490942  -0.808900  -0.212590
      1      -0.808282   1.692465   0.739116
      2      -0.212522   0.739857  -0.825455
 A Tensor eigenvectors:
                   0          1          2    
      0       0.953291   0.023675  -0.301123
      1       0.284047   0.268787   0.920364
      2       0.102728  -0.962909   0.249508
 A Eigenvalues: 
                  0          1          2    
      0      -0.754684  -1.026740   2.157492
A(iso)  0.125356
 Nucleus: 14 H  
 Isotope: 1 
 Nuclear Spin:  0.5 
 Prefactor (MHz): 533.551395 
 Raw A tensor (MHz): 
                  0          1          2    
      0      -0.491947  -0.807834   0.209067
      1      -0.807216   1.697895  -0.726134
      2       0.209001  -0.726871  -0.833561
 A Tensor eigenvectors:
                   0          1          2    
      0       0.953506   0.020070   0.300704
      1       0.285139   0.262974  -0.921705
      2      -0.097576   0.964594   0.245025
 A Eigenvalues: 
                  0          1          2    
      0      -0.754729  -1.027364   2.154480
A(iso)  0.124129
 Nucleus: 16 H  
 Isotope: 1 
 Nuclear Spin:  0.5 
 Prefactor (MHz): 533.551395 
 Raw A tensor (MHz): 
                  0          1          2    
      0      -0.525330   0.238454  -0.066946
      1       0.238574   0.998288  -0.304504
      2      -0.067054  -0.304698  -0.549829
 A Tensor eigenvectors:
                   0          1          2    
      0       0.918459   0.365682  -0.150701
      1      -0.207120   0.120086  -0.970917
      2      -0.336949   0.922961   0.186034
 A Eigenvalues: 
                  0          1          2    
      0      -0.554542  -0.616027   1.093698
A(iso)  -0.025624
 Nucleus: 17 H  
 Isotope: 1 
 Nuclear Spin:  0.5 
 Prefactor (MHz): 533.551395 
 Raw A tensor (MHz): 
                  0          1          2    
      0      -0.526358   0.237658   0.068246
      1       0.237778   0.995086   0.312694
      2       0.068356   0.312890  -0.547147
 A Tensor eigenvectors:
                   0          1          2    
      0       0.917269   0.368794   0.150365
      1      -0.208995   0.124335   0.969980
      2       0.339027  -0.921158   0.191124
 A Eigenvalues: 
                  0          1          2    
      0      -0.555282  -0.616733   1.093595
A(iso)  -0.026140
 Nucleus: 19 H  
 Isotope: 1 
 Nuclear Spin:  0.5 
 Prefactor (MHz): 533.551395 
 Raw A tensor (MHz): 
                  0          1          2    
      0      -0.254095  -0.152241   0.029589
      1      -0.152084   0.473657  -0.113451
      2       0.029571  -0.113527  -0.281372
 A Tensor eigenvectors:
                   0          1          2    
      0       0.899300  -0.390979   0.195949
      1       0.236419   0.057684  -0.969937
      2       0.367921   0.918590   0.144310
 A Eigenvalues: 
                  0          1          2    
      0      -0.281982  -0.301101   0.521273
A(iso)  -0.020604
 Nucleus: 20 H  
 Isotope: 1 
 Nuclear Spin:  0.5 
 Prefactor (MHz): 533.551395 
 Raw A tensor (MHz): 
                  0          1          2    
      0      -0.254135  -0.152370  -0.030331
      1      -0.152213   0.472484   0.117239
      2      -0.030312   0.117316  -0.280388
 A Tensor eigenvectors:
                   0          1          2    
      0       0.900276  -0.388572  -0.196250
      1       0.238357   0.062774   0.969147
      2      -0.364264  -0.919277   0.149133
 A Eigenvalues: 
                  0          1          2    
      0      -0.282174  -0.301225   0.521360
A(iso)  -0.020680
 Nucleus: 22 H  
 Isotope: 1 
 Nuclear Spin:  0.5 
 Prefactor (MHz): 533.551395 
 Raw A tensor (MHz): 
                  0          1          2    
      0       4.482321   1.421585   0.815477
      1       1.420927   3.538816   0.285649
      2       0.815914   0.286276   3.224089
 A Tensor eigenvectors:
                   0          1          2    
      0       0.620414   0.007868   0.784235
      1      -0.685346   0.491592   0.537251
      2      -0.381296  -0.870790   0.310383
 A Eigenvalues: 
                  0          1          2    
      0       2.411126   3.055216   5.778884
A(iso)  3.748409
 Nucleus: 23 H  
 Isotope: 1 
 Nuclear Spin:  0.5 
 Prefactor (MHz): 533.551395 
 Raw A tensor (MHz): 
                  0          1          2    
      0       4.479539   1.426547  -0.806820
      1       1.425889   3.536680  -0.282710
      2      -0.807260  -0.283336   3.214539
 A Tensor eigenvectors:
                   0          1          2    
      0       0.619993   0.007190  -0.784574
      1      -0.687523   0.486791  -0.538839
      2       0.378049   0.873489   0.306750
 A Eigenvalues: 
                  0          1          2    
      0       2.405993   3.050101   5.774664
A(iso)  3.743586
 Nucleus: 25 H  
 Isotope: 1 
 Nuclear Spin:  0.5 
 Prefactor (MHz): 533.551395 
 Raw A tensor (MHz): 
                  0          1          2    
      0      -0.281018   0.824434  -0.177087
      1       0.823895   1.838008  -0.675934
      2      -0.176937  -0.676798  -0.538454
 A Tensor eigenvectors:
                   0          1          2    
      0       0.927583  -0.206897  -0.311099
      1      -0.239108   0.311076  -0.919815
      2       0.287082   0.927591   0.239078
 A Eigenvalues: 
                  0          1          2    
      0      -0.548089  -0.725946   2.292571
A(iso)  0.339512
 Nucleus: 26 H  
 Isotope: 1 
 Nuclear Spin:  0.5 
 Prefactor (MHz): 533.551395 
 Raw A tensor (MHz): 
                  0          1          2    
      0      -0.282555   0.822207   0.181793
      1       0.821670   1.830930   0.689195
      2       0.181640   0.690063  -0.531922
 A Tensor eigenvectors:
                   0          1          2    
      0       0.928363  -0.204145   0.310593
      1      -0.237993   0.315363   0.918643
      2      -0.285486  -0.926753   0.244186
 A Eigenvalues: 
                  0          1          2    
      0      -0.548984  -0.726715   2.292154
A(iso)  0.338818
 Nucleus: 28 H  
 Isotope: 1 
 Nuclear Spin:  0.5 
 Prefactor (MHz): 533.551395 
 Raw A tensor (MHz): 
                  0          1          2    
      0      -0.045436   0.455301   0.103092
      1       0.455027   0.340775   0.152728
      2       0.103123   0.152881  -0.334122
 A Tensor eigenvectors:
                   0          1          2    
      0       0.823866   0.161343   0.543335
      1      -0.561966   0.107791   0.820107
      2       0.073752  -0.980994   0.179475
 A Eigenvalues: 
                  0          1          2    
      0      -0.346643  -0.367888   0.675748
A(iso)  -0.012927
 Nucleus: 29 H  
 Isotope: 1 
 Nuclear Spin:  0.5 
 Prefactor (MHz): 533.551395 
 Raw A tensor (MHz): 
                  0          1          2    
      0      -0.045139   0.456102  -0.100268
      1       0.455828   0.342077  -0.148510
      2      -0.100301  -0.148662  -0.336104
 A Tensor eigenvectors:
                   0          1          2    
      0       0.824119   0.158766  -0.543711
      1      -0.561547   0.103411  -0.820957
      2      -0.074115   0.981886   0.174377
 A Eigenvalues: 
                  0          1          2    
      0      -0.346776  -0.367986   0.675596
A(iso)  -0.013055
 Nucleus: 31 H  
 Isotope: 1 
 Nuclear Spin:  0.5 
 Prefactor (MHz): 533.551395 
 Raw A tensor (MHz): 
                  0          1          2    
      0      -0.215267   0.163209   0.022371
      1       0.163039   0.480303   0.110930
      2       0.022351   0.111035  -0.252140
 A Tensor eigenvectors:
                   0          1          2    
      0       0.971686  -0.098001   0.214994
      1      -0.196960   0.166652   0.966144
      2      -0.130512  -0.981134   0.142631
 A Eigenvalues: 
                  0          1          2    
      0      -0.251316  -0.268765   0.532976
A(iso)  0.004298
 Nucleus: 32 H  
 Isotope: 1 
 Nuclear Spin:  0.5 
 Prefactor (MHz): 533.551395 
 Raw A tensor (MHz): 
                  0          1          2    
      0      -0.215123   0.163545  -0.021505
      1       0.163375   0.481223  -0.107043
      2      -0.021486  -0.107147  -0.253233
 A Tensor eigenvectors:
                   0          1          2    
      0       0.971377  -0.100281  -0.215337
      1      -0.197601   0.161992  -0.966805
      2       0.131835   0.981683   0.137539
 A Eigenvalues: 
                  0          1          2    
      0      -0.251272  -0.268717   0.532856
A(iso)  0.004289
 Nucleus: 34 H  
 Isotope: 1 
 Nuclear Spin:  0.5 
 Prefactor (MHz): 533.551395 
 Raw A tensor (MHz): 
                  0          1          2    
      0      -0.125526   0.005849   0.000045
      1       0.005960   0.491196   0.001751
      2       0.000046   0.001751  -0.148023
 A Tensor eigenvectors:
                   0          1          2    
      0       0.999954   0.001301   0.009482
      1      -0.009486   0.002727   0.999951
      2       0.001275  -0.999995   0.002739
 A Eigenvalues: 
                  0          1          2    
      0      -0.125583  -0.148028   0.491258
A(iso)  0.072549
 Nucleus: 35 H  
 Isotope: 1 
 Nuclear Spin:  0.5 
 Prefactor (MHz): 533.551395 
 Raw A tensor (MHz): 
                  0          1          2    
      0      -0.120103   0.165987   0.000484
      1       0.165843   0.260705   0.001282
      2       0.000484   0.001282  -0.189056
 A Tensor eigenvectors:
                   0          1          2    
      0       0.936425   0.001447   0.350865
      1      -0.350867   0.002316   0.936422
      2       0.000542  -0.999996   0.002677
 A Eigenvalues: 
                  0          1          2    
      0      -0.182249  -0.189059   0.322855
A(iso)  -0.016151
 Nucleus: 42 H  
 Isotope: 1 
 Nuclear Spin:  0.5 
 Prefactor (MHz): 533.551395 
 Raw A tensor (MHz): 
                  0          1          2    
      0       0.244420   0.009338   0.000019
      1       0.009331   0.454974   0.000398
      2       0.000019   0.000398   0.261223
 A Tensor eigenvectors:
                   0          1          2    
      0       0.999022  -0.000007   0.044217
      1      -0.044217   0.002053   0.999020
      2      -0.000098  -0.999998   0.002050
 A Eigenvalues: 
                  0          1          2    
      0       0.244007   0.261222   0.455387
A(iso)  0.320205
 Nucleus: 43 H  
 Isotope: 1 
 Nuclear Spin:  0.5 
 Prefactor (MHz): 533.551395 
 Raw A tensor (MHz): 
                  0          1          2    
      0      -0.021075   0.089404   0.000272
      1       0.089368  -0.194348   0.000020
      2       0.000272   0.000019  -0.175273
 A Tensor eigenvectors:
                   0          1          2    
      0      -0.920842  -0.000635  -0.389935
      1      -0.389933  -0.001952   0.920841
      2      -0.001346   0.999998   0.001549
 A Eigenvalues: 
                  0          1          2    
      0       0.016771  -0.175274  -0.232193
A(iso)  -0.130232
 Nucleus: 44 H  
 Isotope: 1 
 Nuclear Spin:  0.5 
 Prefactor (MHz): 533.551395 
 Raw A tensor (MHz): 
