-------------------------------------------------------------
----------------------- !PROPERTIES! ------------------------
-------------------------------------------------------------
# -----------------------------------------------------------
$ PAL_Flags
   description: The PAL Flags
   geom. index: 1
   prop. index: 1
        Diskflag:     2
# -----------------------------------------------------------
$ SCF_Energy
   description: The SCF energy
   geom. index: 1
   prop. index: 1
        SCF Energy:     -852.7516670726
# -----------------------------------------------------------
$ DFT_Energy
   description: The DFT energy
   geom. index: 1
   prop. index: 1
   Number of Alpha Electrons                 79.0001916343 
   Number of Beta  Electrons                 78.0001891825 
   Total number of  Electrons               157.0003808168 
   Exchange energy                          -97.4438126175 
   Correlation energy                        -6.0882704340 
   Correlation energy NL                      0.0000000000 
   Exchange-Correlation energy             -103.5320830515 
   Embedding correction                       0.0000000000 
   Total DFT Energy (No VdW correction)    -852.7516670726 
# -----------------------------------------------------------
$ Mayer_Pop
   description: The Mayer population analysis
   geom. index: 1
   prop. index: 1
     Number of atoms                     : 47
     Threshold for printing              : 0.1000000
     Number of bond orders printed       : 50
  NA   - Mulliken gross atomic population
  ZA   - Total nuclear charge
  QA   - Mulliken gross atomic charge
  VA   - Mayer's total valence
  BVA  - Mayer's bonded valence
  FA   - Mayer's free valence
  ATOM       NA         ZA         QA         VA         BVA        FA
  0   0     5.7669     6.0000     0.2331     2.5959     2.5958     0.0001
  1   0     6.1354     6.0000    -0.1354     3.8501     3.1052     0.7449
  2   0     6.0153     6.0000    -0.0153     4.0410     4.0363     0.0047
  3   0     5.9757     6.0000     0.0243     3.9651     3.9635     0.0016
  4   0     6.1653     6.0000    -0.1653     3.8535     3.8526     0.0009
  5   0     6.1003     6.0000    -0.1003     4.2331     4.2311     0.0020
  6   0     5.9417     6.0000     0.0583     3.9620     3.9563     0.0057
  7   0     1.0500     1.0000    -0.0500     1.0013     1.0011     0.0002
  8   0     1.0216     1.0000    -0.0216     0.9967     0.9963     0.0004
  9   0     5.9528     6.0000     0.0472     4.0308     4.0306     0.0002
 10   0     0.9741     1.0000     0.0259     0.9693     0.9693     0.0000
 11   0     0.9740     1.0000     0.0260     0.9692     0.9692     0.0000
 12   0     6.0425     6.0000    -0.0425     4.1158     4.1158     0.0000
 13   0     0.9834     1.0000     0.0166     0.9636     0.9636     0.0000
 14   0     0.9834     1.0000     0.0166     0.9636     0.9636     0.0000
 15   0     6.0264     6.0000    -0.0264     4.1176     4.1176     0.0000
 16   0     0.9936     1.0000     0.0064     0.9671     0.9671     0.0000
 17   0     0.9936     1.0000     0.0064     0.9671     0.9671     0.0000
 18   0     5.9998     6.0000     0.0002     4.0189     4.0189     0.0000
 19   0     0.9826     1.0000     0.0174     0.9774     0.9774     0.0000
 20   0     0.9826     1.0000     0.0174     0.9774     0.9774     0.0000
 21   0     5.9605     6.0000     0.0395     4.0254     4.0254     0.0000
 22   0     0.9671     1.0000     0.0329     0.9696     0.9696     0.0000
 23   0     0.9671     1.0000     0.0329     0.9695     0.9695     0.0000
 24   0     6.0352     6.0000    -0.0352     4.1117     4.1117     0.0000
 25   0     0.9848     1.0000     0.0152     0.9635     0.9635     0.0000
 26   0     0.9848     1.0000     0.0152     0.9635     0.9635     0.0000
 27   0     6.0262     6.0000    -0.0262     4.1193     4.1193     0.0000
 28   0     0.9941     1.0000     0.0059     0.9676     0.9676     0.0000
 29   0     0.9941     1.0000     0.0059     0.9676     0.9676     0.0000
 30   0     5.9970     6.0000     0.0030     4.0168     4.0168     0.0000
 31   0     0.9828     1.0000     0.0172     0.9773     0.9773     0.0000
 32   0     0.9828     1.0000     0.0172     0.9773     0.9773     0.0000
 33   0     5.8442     6.0000     0.1558     2.6619     2.6617     0.0002
 34   0     0.9868     1.0000     0.0132     0.9737     0.9737     0.0000
 35   0     0.9871     1.0000     0.0129     0.9735     0.9735     0.0000
 36   0     6.2466     6.0000    -0.2466     3.9282     3.9282     0.0000
 37   0     5.9705     6.0000     0.0295     3.9951     3.9951     0.0000
 38   0     5.9599     6.0000     0.0401     3.9992     3.9992     0.0000
 39   0     5.9681     6.0000     0.0319     3.9990     3.9990     0.0000
 40   0     5.9602     6.0000     0.0398     3.9988     3.9988     0.0000
 41   0     5.9730     6.0000     0.0270     3.9942     3.9942     0.0000
 42   0     1.0282     1.0000    -0.0282     0.9688     0.9688     0.0000
 43   0     1.0280     1.0000    -0.0280     0.9684     0.9684     0.0000
 44   0     1.0413     1.0000    -0.0413     0.9835     0.9835     0.0000
 45   0     1.0407     1.0000    -0.0407     0.9831     0.9831     0.0000
 46   0     1.0280     1.0000    -0.0280     0.9683     0.9683     0.0000
      Bond orders larger than 0.1000000
           Atom A     A.N. of A          Atom B    A.N. of B              Bond order
                0             6               4            6                0.904107
                0             6              33            6                1.783744
                0             6              36            6               -0.163042
                1             6               2            6                1.394097
                1             6               6            6                1.444662
                2             6               3            6                1.432759
                2             6               9            6                1.044944
                3             6               4            6                1.417263
                3             6               7            1                0.922125
                4             6               5            6                1.413560
                4             6              33            6               -0.101587
                5             6               6            6                1.454980
                5             6              21            6                1.088419
                6             6               8            1                0.909947
                9             6              10            1                0.917086
                9             6              11            1                0.917008
                9             6              12            6                1.102389
               12             6              13            1                0.931002
               12             6              14            1                0.930926
               12             6              15            6                1.075382
               15             6              16            1                0.941564
               15             6              17            1                0.941562
               15             6              18            6                1.105599
               18             6              19            1                0.966596
               18             6              20            1                0.966591
               18             6              34            1                0.962243
               21             6              22            1                0.898363
               21             6              23            1                0.898394
               21             6              24            6                1.101036
               24             6              25            1                0.929795
               24             6              26            1                0.929827
               24             6              27            6                1.075727
               27             6              28            1                0.941206
               27             6              29            1                0.941206
               27             6              30            6                1.106126
               30             6              31            1                0.966245
               30             6              32            1                0.966249
               30             6              35            1                0.961738
               33             6              36            6                0.922920
               36             6              37            6                1.442665
               36             6              41            6                1.439693
               37             6              38            6                1.470037
               37             6              44            1                0.939772
               38             6              39            6                1.444911
               38             6              46            1                0.937738
               39             6              40            6                1.444241
               39             6              42            1                0.943063
               40             6              41            6                1.470235
               40             6              43            1                0.937758
               41             6              45            1                0.940135
# -----------------------------------------------------------
$ Calculation_Info
   description: Details of the calculation
   geom. index: 1
   prop. index: 1
     Multiplicity:                          2
     Charge:                                0
     number of atoms:                       47
     number of electrons:                   0
     number of frozen core electrons:       1
     number of correlated electrons:        0
     number of basis functions:             433
     number of aux C basis functions:       2942
     number of aux J basis functions:       2942
     number of aux JK basis functions:      2942
     number of aux CABS basis functions:    0
     Total Energy                           -852.751667
# -----------------------------------------------------------
$ SCF_Electric_Properties
   description: The SCF Calculated Electric Properties
   geom. index: 1
   prop. index: 1
       Filename                          : cc-pVDZ_i.scfp 
       Do Dipole Moment Calculation      : true 
       Do Quadrupole Moment Calculation  : false 
       Do Polarizability Calculation     : false 
** Dipole moment part of electric properties **
        Magnitude of dipole moment (Debye) :        0.5079960211
        Electronic Contribution:
                  0    
      0      15.819742
      1      -0.237893
      2       0.013908
        Nuclear Contribution:
                  0    
      0     -15.619990
      1       0.231406
      2      -0.013740
        Total Dipole moment:
                  0    
      0       0.199752
      1      -0.006487
      2       0.000167
# -----------------------------------------------------------
$ EPRNMR_GTensor
   description: Electronic g tensor
   geom. index: 1
   prop. index: 1
 Source density: 1 SCF 
 Spin multiplicity: 2 
 raw g tensor: 
                  0          1          2    
      0       2.002142  -0.000047  -0.000001
      1      -0.000004   2.001659  -0.000002
      2      -0.000001  -0.000002   2.002942
 g tensor: 
                  0          1          2    
      0       0.052582   0.998616   0.001048
      1       0.998615  -0.052584   0.001777
      2       0.001830   0.000954  -0.999998
 G eigenvalues: 
                  0          1          2    
      0       2.001657   2.002143   2.002942
# -----------------------------------------------------------
$ EPRNMR_OrbitalShielding
   description: Orbital contribution to the NMR Shielding tensor (ppm)
   geom. index: 1
   prop. index: 1
 Number of stored nuclei 25
 Source density: 1 SCF 
 Nucleus: 7 H 
 Shielding tensor (ppm): 
                  0          1          2    
      0      27.911698   5.419006   0.023673
      1       5.362439  26.412253   0.024685
      2       0.020892   0.023325  18.467446
 P Tensor eigenvectors:
                   0          1          2    
      0      -0.001063  -0.656996  -0.753894
      1      -0.002331   0.753894  -0.656992
      2       0.999997   0.001059  -0.002333
 P Eigenvalues: 
                  0          1          2    
      0      18.467368  21.719375  32.604655
P(iso)  24.263799
 Nucleus: 8 H 
 Shielding tensor (ppm): 
                  0          1          2    
      0      27.756901   2.898826   0.016719
      1       2.858654  25.584681   0.016584
      2       0.016192   0.016681  19.647207
 P Tensor eigenvectors:
                   0          1          2    
      0      -0.001255  -0.569084  -0.822278
      1      -0.002194   0.822279  -0.569081
      2       0.999997   0.001091  -0.002280
 P Eigenvalues: 
                  0          1          2    
      0      19.647149  23.593984  29.747656
P(iso)  24.329596
 Nucleus: 10 H 
 Shielding tensor (ppm): 
                  0          1          2    
      0      29.152569  -0.238324   3.831726
      1      -0.276439  29.941340  -1.262672
      2       5.167778  -0.323058  26.726927
 P Tensor eigenvectors:
                   0          1          2    
      0      -0.593022  -0.232117   0.771004
      1       0.078491  -0.969652  -0.231549
      2       0.801351  -0.076796   0.593244
 P Eigenvalues: 
                  0          1          2    
      0      23.247253  29.806366  32.767217
P(iso)  28.606945
 Nucleus: 11 H 
 Shielding tensor (ppm): 
                  0          1          2    
      0      29.146222  -0.210270  -3.830816
      1      -0.247588  29.924196   1.278495
      2      -5.169265   0.332657  26.749852
 P Tensor eigenvectors:
                   0          1          2    
      0       0.593891  -0.230109   0.770937
      1      -0.082733  -0.970613  -0.225975
      2       0.800281   0.070423  -0.595476
 P Eigenvalues: 
                  0          1          2    
      0      23.255065  29.800716  32.764489
P(iso)  28.606757
 Nucleus: 13 H 
 Shielding tensor (ppm): 
                  0          1          2    
      0      30.125542   1.071857  -3.646972
      1       1.012197  31.148929   0.294544
      2      -3.477603   1.410709  28.079171
 P Tensor eigenvectors:
                   0          1          2    
      0       0.596431   0.043869   0.801465
      1      -0.204247  -0.957343   0.204397
      2       0.776243  -0.285605  -0.562028
 P Eigenvalues: 
                  0          1          2    
      0      25.112446  31.364552  32.876644
P(iso)  29.784547
 Nucleus: 14 H 
 Shielding tensor (ppm): 
                  0          1          2    
      0      30.122159   1.049205   3.657545
      1       0.988268  31.159066  -0.277812
      2       3.489521  -1.389096  28.066924
 P Tensor eigenvectors:
                   0          1          2    
      0      -0.596636   0.043111   0.801353
      1       0.199139  -0.959371   0.199878
      2       0.777412   0.278835   0.563810
 P Eigenvalues: 
                  0          1          2    
      0      25.105983  31.364281  32.877885
P(iso)  29.782716
 Nucleus: 16 H 
 Shielding tensor (ppm): 
                  0          1          2    
      0      30.816151   0.235026  -4.602408
      1       0.273169  30.324485  -0.358849
      2      -4.389989  -0.994562  28.623018
 P Tensor eigenvectors:
                   0          1          2    
      0       0.613877  -0.160603  -0.772892
      1       0.067016   0.986154  -0.151690
      2       0.786552   0.041323   0.616140
 P Eigenvalues: 
                  0          1          2    
      0      25.064753  30.258301  34.440601
P(iso)  29.921218
 Nucleus: 17 H 
 Shielding tensor (ppm): 
                  0          1          2    
      0      30.803557   0.206083   4.607994
      1       0.248391  30.313905   0.368183
      2       4.396543   1.004791  28.645229
 P Tensor eigenvectors:
                   0          1          2    
      0      -0.615083  -0.160360  -0.771983
      1      -0.071500   0.986409  -0.147933
      2       0.785214  -0.035795  -0.618189
 P Eigenvalues: 
                  0          1          2    
      0      25.064282  30.255679  34.442730
P(iso)  29.920897
 Nucleus: 19 H 
 Shielding tensor (ppm): 
                  0          1          2    
      0      29.858474  -1.477882   3.830207
      1      -2.304540  30.498625  -2.319629
      2       3.212320  -1.988288  30.550378
 P Tensor eigenvectors:
                   0          1          2    
      0      -0.739817   0.343435   0.578553
      1       0.012831   0.866953  -0.498224
      2       0.672686   0.361171   0.645793
 P Eigenvalues: 
                  0          1          2    
      0      26.665578  28.828344  35.413556
P(iso)  30.302493
 Nucleus: 20 H 
 Shielding tensor (ppm): 
                  0          1          2    
      0      29.871601  -1.457467  -3.840944
      1      -2.288184  30.473703   2.313579
      2      -3.227154   1.984147  30.562023
 P Tensor eigenvectors:
                   0          1          2    
      0      -0.738492   0.344182  -0.579801
      1       0.016975   0.869121   0.494307
      2      -0.674049  -0.355200   0.647681
 P Eigenvalues: 
                  0          1          2    
      0      26.664889  28.830402  35.412036
P(iso)  30.302442
 Nucleus: 22 H 
 Shielding tensor (ppm): 
                  0          1          2    
      0      28.790262  -1.880162   3.256824
      1      -1.460872  31.144317  -0.131503
      2       4.432169   1.114279  25.517607
 P Tensor eigenvectors:
                   0          1          2    
      0      -0.553412   0.530764  -0.641891
      1      -0.147647   0.695943   0.702754
      2       0.819717   0.483686  -0.306778
 P Eigenvalues: 
                  0          1          2    
      0      22.762584  30.235419  32.454182
P(iso)  28.484062
 Nucleus: 23 H 
 Shielding tensor (ppm): 
                  0          1          2    
      0      28.800468  -1.859343  -3.259387
      1      -1.439940  31.141323   0.153279
      2      -4.433444  -1.094302  25.509704
 P Tensor eigenvectors:
                   0          1          2    
      0       0.552524   0.530009  -0.643279
      1       0.144251   0.699331   0.700091
      2       0.820920  -0.479611   0.309943
 P Eigenvalues: 
                  0          1          2    
      0      22.767810  30.236576  32.447108
P(iso)  28.483831
 Nucleus: 25 H 
 Shielding tensor (ppm): 
                  0          1          2    
      0      30.110019   0.332755   3.825051
      1       0.265689  31.215261  -0.209111
      2       3.794123  -1.480594  28.005942
 P Tensor eigenvectors:
                   0          1          2    
      0      -0.597056  -0.204845   0.775605
      1       0.126666  -0.978792  -0.161001
      2       0.792136   0.002116   0.610341
 P Eigenvalues: 
                  0          1          2    
      0      24.989202  31.289054  33.052966
P(iso)  29.777074
 Nucleus: 26 H 
 Shielding tensor (ppm): 
                  0          1          2    
      0      30.123798   0.350135  -3.818794
      1       0.285382  31.208064   0.223347
      2      -3.788127   1.498404  28.002304
 P Tensor eigenvectors:
                   0          1          2    
      0       0.595693  -0.204493   0.776745
      1      -0.130636  -0.978838  -0.157511
      2       0.792518  -0.007643  -0.609801
 P Eigenvalues: 
                  0          1          2    
      0      24.990909  31.290736  33.052521
P(iso)  29.778055
 Nucleus: 28 H 
 Shielding tensor (ppm): 
                  0          1          2    
      0      30.636462  -0.304590   4.487835
      1      -0.197823  30.697357   0.526561
      2       4.201407   1.273696  28.164129
 P Tensor eigenvectors:
                   0          1          2    
      0      -0.594129  -0.171767  -0.785816
      1      -0.139279   0.984145  -0.109814
      2       0.792219   0.044204  -0.608633
 P Eigenvalues: 
                  0          1          2    
      0      24.755905  30.787881  33.954161
P(iso)  29.832649
 Nucleus: 29 H 
 Shielding tensor (ppm): 
                  0          1          2    
      0      30.655320  -0.279702  -4.483764
      1      -0.176520  30.706898  -0.515153
      2      -4.197211  -1.260625  28.135274
 P Tensor eigenvectors:
                   0          1          2    
      0       0.592364  -0.171600  -0.787183
      1       0.135353   0.984364  -0.112729
      2       0.794219  -0.039771   0.606329
 P Eigenvalues: 
                  0          1          2    
      0      24.755072  30.788650  33.953770
P(iso)  29.832498
 Nucleus: 31 H 
 Shielding tensor (ppm): 
                  0          1          2    
      0      29.918972  -1.805849  -3.924673
      1      -2.618064  30.440518   2.264735
      2      -3.352361   1.955034  30.524911
 P Tensor eigenvectors:
                   0          1          2    
      0      -0.757408   0.273161  -0.593057
      1      -0.080172   0.862505   0.499658
      2      -0.648001  -0.425991   0.631368
 P Eigenvalues: 
                  0          1          2    
      0      26.555774  28.670992  35.657635
P(iso)  30.294800
 Nucleus: 32 H 
 Shielding tensor (ppm): 
                  0          1          2    
      0      29.900356  -1.821811   3.913037
      1      -2.630175  30.461214  -2.272938
      2       3.336692  -1.960644  30.522224
 P Tensor eigenvectors:
                   0          1          2    
      0      -0.759128   0.271957   0.591408
      1      -0.083628   0.860269  -0.502936
      2       0.645547   0.431251   0.630311
 P Eigenvalues: 
                  0          1          2    
      0      26.556601  28.669147  35.658045
P(iso)  30.294598
 Nucleus: 34 H 
 Shielding tensor (ppm): 
                  0          1          2    
      0      28.678007   2.191701   0.009850
      1       3.432242  35.942984   0.034844
      2       0.014604   0.034396  25.690209
 P Tensor eigenvectors:
                   0          1          2    
      0      -0.001221  -0.943095  -0.332520
      1      -0.003032   0.332523  -0.943090
      2       0.999995  -0.000143  -0.003265
 P Eigenvalues: 
                  0          1          2    
      0      25.690089  27.717633  36.903478
P(iso)  30.103733
 Nucleus: 35 H 
 Shielding tensor (ppm): 
                  0          1          2    
      0      28.554697   1.836764   0.008588
      1       3.095665  36.122657   0.031404
      2       0.012152   0.030432  25.563819
 P Tensor eigenvectors:
                   0          1          2    
      0      -0.001300  -0.955768  -0.294118
      1      -0.002619   0.294121  -0.955765
      2       0.999996  -0.000472  -0.002885
 P Eigenvalues: 
                  0          1          2    
      0      25.563724  27.822818  36.854631
P(iso)  30.080391
 Nucleus: 42 H 
 Shielding tensor (ppm): 
                  0          1          2    
      0      24.328818   0.048491   0.001845
      1       0.044070  27.217875   0.011856
      2       0.002104   0.012014  21.281690
 P Tensor eigenvectors:
                   0          1          2    
      0      -0.000615  -0.999872  -0.015971
      1      -0.002004   0.015973  -0.999870
      2       0.999998  -0.000582  -0.002014
 P Eigenvalues: 
                  0          1          2    
      0      21.281665  24.328077  27.218640
P(iso)  24.276127
 Nucleus: 43 H 
 Shielding tensor (ppm): 
                  0          1          2    
      0      27.174495  -1.484270   0.000806
      1      -1.448573  24.593395   0.006869
      2       0.000840   0.006251  20.891539
 P Tensor eigenvectors:
                   0          1          2    
      0      -0.000601   0.412226  -0.911081
      1      -0.002017   0.911079   0.412227
      2       0.999998   0.002085   0.000284
 P Eigenvalues: 
                  0          1          2    
      0      20.891526  23.930523  27.837381
P(iso)  24.219810
 Nucleus: 44 H 
 Shielding tensor (ppm): 
                  0          1          2    
      0      27.265854  -3.262892  -0.001736
      1      -2.459882  24.832401   0.007710
      2      -0.001226   0.008468  20.025957
 P Tensor eigenvectors:
                   0          1          2    
      0      -0.000612   0.558084  -0.829784
      1      -0.002027   0.829782   0.558084
      2       0.999998   0.002023   0.000623
 P Eigenvalues: 
                  0          1          2    
      0      20.025941  22.940175  29.158096
P(iso)  24.041404
 Nucleus: 45 H 
 Shielding tensor (ppm): 
                  0          1          2    
      0      28.147318   2.659426   0.010189
      1       1.885820  24.198341   0.010886
      2       0.006936   0.010287  19.728847
 P Tensor eigenvectors:
                   0          1          2    
      0      -0.000453  -0.421530  -0.906814
      1      -0.002158   0.906813  -0.421528
      2       0.999998   0.001766  -0.001320
 P Eigenvalues: 
                  0          1          2    
      0      19.728821  23.162617  29.183068
P(iso)  24.024835
 Nucleus: 46 H 
 Shielding tensor (ppm): 
                  0          1          2    
      0      27.200599   1.201840   0.006260
      1       1.179366  24.488869   0.007445
      2       0.005633   0.008260  20.944551
 P Tensor eigenvectors:
                   0          1          2    
      0      -0.000571  -0.352757  -0.935715
      1      -0.002017   0.935713  -0.352755
      2       0.999998   0.001686  -0.001246
 P Eigenvalues: 
                  0          1          2    
      0      20.944532  24.040331  27.649157
P(iso)  24.211340
# -----------------------------------------------------------
$ EPRNMR_ATensor
   description: Hyperfine A tensor
   geom. index: 1
   prop. index: 1
 Number of stored nuclei 25
 Source density: 1 SCF 
 Spin multiplicity: 2 
 Nucleus: 7 H  
 Isotope: 1 
 Nuclear Spin:  0.5 
 Prefactor (MHz): 533.551395 
 Raw A tensor (MHz): 
                  0          1          2    
      0      20.868697  -3.833530  -0.002155
      1      -3.829900  22.070710   0.004922
      2      -0.002149   0.004918  16.973313
 A Tensor eigenvectors:
                   0          1          2    
      0      -0.001529   0.759895  -0.650044
      1      -0.002115   0.650041   0.759896
      2       0.999997   0.002537   0.000614
 A Eigenvalues: 
                  0          1          2    
      0      16.973306  17.591145  25.348269
A(iso)  19.970907
 Nucleus: 8 H  
 Isotope: 1 
 Nuclear Spin:  0.5 
 Prefactor (MHz): 533.551395 
 Raw A tensor (MHz): 
                  0          1          2    
      0      41.720537   2.973863   0.007229
      1       2.974724  58.834425   0.038927
      2       0.007231   0.038926  40.395040
 A Tensor eigenvectors:
                   0          1          2    
      0      -0.001124   0.986047   0.166461
      1      -0.001930  -0.166463   0.986046
      2       0.999998   0.000787   0.002090
 A Eigenvalues: 
                  0          1          2    
      0      40.394957  41.218359  59.336687
A(iso)  46.983334
 Nucleus: 10 H  
 Isotope: 1 
 Nuclear Spin:  0.5 
 Prefactor (MHz): 533.551395 
 Raw A tensor (MHz): 
                  0          1          2    
      0      -6.419390   1.840128   1.369327
      1       1.840535   1.305080   3.434664
      2       1.370185   3.435384  -6.045785
 A Tensor eigenvectors:
                   0          1          2    
      0      -0.225644   0.806221  -0.546894
      1      -0.901473  -0.385634  -0.196554
      2      -0.369366   0.448659   0.813802
 A Eigenvalues: 
                  0          1          2    
      0       3.173459  -6.537504  -7.796050
A(iso)  -3.720032
 Nucleus: 11 H  
 Isotope: 1 
 Nuclear Spin:  0.5 
 Prefactor (MHz): 533.551395 
 Raw A tensor (MHz): 
                  0          1          2    
      0      -6.428916   1.837094  -1.357722
      1       1.837496   1.305524  -3.407070
      2      -1.358576  -3.407799  -6.070805
 A Tensor eigenvectors:
                   0          1          2    
      0       0.225133   0.806148  -0.547211
      1       0.902668  -0.383978  -0.194298
      2      -0.366750  -0.450207  -0.814130
 A Eigenvalues: 
                  0          1          2    
      0       3.148463  -6.545665  -7.796995
A(iso)  -3.731399
 Nucleus: 13 H  
 Isotope: 1 
 Nuclear Spin:  0.5 
 Prefactor (MHz): 533.551395 
 Raw A tensor (MHz): 
                  0          1          2    
      0      -0.490955  -0.808933  -0.212601
      1      -0.808314   1.692400   0.739104
      2      -0.212532   0.739846  -0.825472
 A Tensor eigenvectors:
                   0          1          2    
      0       0.953287   0.023675  -0.301138
      1       0.284061   0.268788   0.920360
      2       0.102731  -0.962908   0.249507
 A Eigenvalues: 
                  0          1          2    
      0      -0.754722  -1.026755   2.157449
A(iso)  0.125324
 Nucleus: 14 H  
 Isotope: 1 
 Nuclear Spin:  0.5 
 Prefactor (MHz): 533.551395 
 Raw A tensor (MHz): 
                  0          1          2    
      0      -0.491961  -0.807867   0.209077
      1      -0.807248   1.697829  -0.726123
      2       0.209011  -0.726860  -0.833578
 A Tensor eigenvectors:
                   0          1          2    
      0       0.953502   0.020069   0.300718
      1       0.285153   0.262975  -0.921700
      2      -0.097579   0.964594   0.245024
 A Eigenvalues: 
                  0          1          2    
      0      -0.754767  -1.027379   2.154436
A(iso)  0.124097
 Nucleus: 16 H  
 Isotope: 1 
 Nuclear Spin:  0.5 
 Prefactor (MHz): 533.551395 
 Raw A tensor (MHz): 
                  0          1          2    
      0      -0.525321   0.238448  -0.066944
      1       0.238569   0.998302  -0.304503
      2      -0.067053  -0.304697  -0.549817
 A Tensor eigenvectors:
                   0          1          2    
      0       0.918457   0.365686  -0.150697
      1      -0.207118   0.120086  -0.970918
      2      -0.336955   0.922959   0.186034
 A Eigenvalues: 
                  0          1          2    
      0      -0.554531  -0.616015   1.093710
A(iso)  -0.025612
 Nucleus: 17 H  
 Isotope: 1 
 Nuclear Spin:  0.5 
 Prefactor (MHz): 533.551395 
 Raw A tensor (MHz): 
                  0          1          2    
      0      -0.526350   0.237653   0.068244
      1       0.237773   0.995099   0.312694
      2       0.068354   0.312889  -0.547136
 A Tensor eigenvectors:
                   0          1          2    
      0       0.917267   0.368799   0.150361
      1      -0.208992   0.124334   0.969981
      2       0.339033  -0.921156   0.191124
 A Eigenvalues: 
                  0          1          2    
      0      -0.555272  -0.616721   1.093606
A(iso)  -0.026129
 Nucleus: 19 H  
 Isotope: 1 
 Nuclear Spin:  0.5 
 Prefactor (MHz): 533.551395 
 Raw A tensor (MHz): 
                  0          1          2    
      0      -0.254089  -0.152243   0.029589
      1      -0.152086   0.473653  -0.113450
      2       0.029571  -0.113526  -0.281368
 A Tensor eigenvectors:
                   0          1          2    
      0       0.899309  -0.390953   0.195954
      1       0.236422   0.057689  -0.969936
      2       0.367895   0.918601   0.144311
 A Eigenvalues: 
                  0          1          2    
      0      -0.281978  -0.301097   0.521270
A(iso)  -0.020601
 Nucleus: 20 H  
 Isotope: 1 
 Nuclear Spin:  0.5 
 Prefactor (MHz): 533.551395 
 Raw A tensor (MHz): 
                  0          1          2    
      0      -0.254129  -0.152372  -0.030331
      1      -0.152215   0.472480   0.117238
      2      -0.030312   0.117315  -0.280384
 A Tensor eigenvectors:
                   0          1          2    
      0       0.900286  -0.388548  -0.196255
      1       0.238360   0.062779   0.969146
      2      -0.364239  -0.919287   0.149133
 A Eigenvalues: 
                  0          1          2    
      0      -0.282169  -0.301221   0.521357
A(iso)  -0.020678
 Nucleus: 22 H  
 Isotope: 1 
 Nuclear Spin:  0.5 
 Prefactor (MHz): 533.551395 
 Raw A tensor (MHz): 
                  0          1          2    
      0       4.481398   1.421545   0.815493
      1       1.420887   3.537693   0.285593
      2       0.815930   0.286220   3.223158
 A Tensor eigenvectors:
                   0          1          2    
      0       0.620390   0.007906   0.784254
      1      -0.685379   0.491581   0.537219
      2      -0.381277  -0.870796   0.310390
 A Eigenvalues: 
                  0          1          2    
      0       2.410105   3.054286   5.777858
A(iso)  3.747416
 Nucleus: 23 H  
 Isotope: 1 
 Nuclear Spin:  0.5 
 Prefactor (MHz): 533.551395 
 Raw A tensor (MHz): 
                  0          1          2    
      0       4.478567   1.426507  -0.806835
      1       1.425848   3.535506  -0.282655
      2      -0.807275  -0.283281   3.213560
 A Tensor eigenvectors:
                   0          1          2    
      0       0.619968   0.007229  -0.784593
      1      -0.687556   0.486779  -0.538807
      2       0.378029   0.873495   0.306758
 A Eigenvalues: 
                  0          1          2    
      0       2.404924   3.049122   5.773588
A(iso)  3.742544
 Nucleus: 25 H  
 Isotope: 1 
 Nuclear Spin:  0.5 
 Prefactor (MHz): 533.551395 
 Raw A tensor (MHz): 
                  0          1          2    
      0      -0.280932   0.824463  -0.177099
      1       0.823923   1.838049  -0.675921
      2      -0.176949  -0.676785  -0.538377
 A Tensor eigenvectors:
                   0          1          2    
      0       0.927580  -0.206893  -0.311112
      1      -0.239122   0.311078  -0.919811
      2       0.287083   0.927591   0.239077
 A Eigenvalues: 
                  0          1          2    
      0      -0.548028  -0.725863   2.292631
A(iso)  0.339580
 Nucleus: 26 H  
 Isotope: 1 
 Nuclear Spin:  0.5 
 Prefactor (MHz): 533.551395 
 Raw A tensor (MHz): 
                  0          1          2    
      0      -0.282469   0.822236   0.181805
      1       0.821699   1.830971   0.689182
      2       0.181652   0.690049  -0.531845
 A Tensor eigenvectors:
                   0          1          2    
      0       0.928359  -0.204141   0.310606
      1      -0.238007   0.315364   0.918639
      2      -0.285486  -0.926753   0.244184
 A Eigenvalues: 
                  0          1          2    
      0      -0.548923  -0.726633   2.292214
A(iso)  0.338886
 Nucleus: 28 H  
 Isotope: 1 
 Nuclear Spin:  0.5 
 Prefactor (MHz): 533.551395 
 Raw A tensor (MHz): 
                  0          1          2    
      0      -0.045437   0.455290   0.103090
      1       0.455016   0.340743   0.152725
      2       0.103121   0.152877  -0.334129
 A Tensor eigenvectors:
                   0          1          2    
      0       0.823874   0.161276   0.543344
      1      -0.561965   0.107838   0.820101
      2       0.073670  -0.981000   0.179476
 A Eigenvalues: 
                  0          1          2    
      0      -0.346643  -0.367894   0.675715
A(iso)  -0.012941
 Nucleus: 29 H  
 Isotope: 1 
 Nuclear Spin:  0.5 
 Prefactor (MHz): 533.551395 
 Raw A tensor (MHz): 
                  0          1          2    
      0      -0.045139   0.456091  -0.100267
      1       0.455816   0.342045  -0.148507
      2      -0.100299  -0.148658  -0.336110
 A Tensor eigenvectors:
                   0          1          2    
      0       0.824126   0.158702  -0.543719
      1      -0.561547   0.103455  -0.820952
      2      -0.074036   0.981891   0.174379
 A Eigenvalues: 
                  0          1          2    
      0      -0.346776  -0.367992   0.675563
A(iso)  -0.013068
 Nucleus: 31 H  
 Isotope: 1 
 Nuclear Spin:  0.5 
 Prefactor (MHz): 533.551395 
 Raw A tensor (MHz): 
                  0          1          2    
      0      -0.215265   0.163210   0.022371
      1       0.163041   0.480292   0.110928
      2       0.022351   0.111034  -0.252141
 A Tensor eigenvectors:
                   0          1          2    
      0       0.971683  -0.098016   0.214999
      1      -0.196963   0.166655   0.966143
      2      -0.130528  -0.981131   0.142630
 A Eigenvalues: 
                  0          1          2    
      0      -0.251315  -0.268765   0.532967
A(iso)  0.004295
 Nucleus: 32 H  
 Isotope: 1 
 Nuclear Spin:  0.5 
 Prefactor (MHz): 533.551395 
 Raw A tensor (MHz): 
                  0          1          2    
      0      -0.215121   0.163546  -0.021505
      1       0.163376   0.481213  -0.107041
      2      -0.021486  -0.107145  -0.253233
 A Tensor eigenvectors:
                   0          1          2    
      0       0.971374  -0.100298  -0.215342
      1      -0.197603   0.161995  -0.966804
      2       0.131852   0.981681   0.137539
 A Eigenvalues: 
                  0          1          2    
      0      -0.251271  -0.268717   0.532846
A(iso)  0.004286
 Nucleus: 34 H  
 Isotope: 1 
 Nuclear Spin:  0.5 
 Prefactor (MHz): 533.551395 
 Raw A tensor (MHz): 
                  0          1          2    
      0      -0.125524   0.005847   0.000045
      1       0.005958   0.491195   0.001751
      2       0.000046   0.001751  -0.148021
 A Tensor eigenvectors:
                   0          1          2    
      0       0.999954   0.001301   0.009480
      1      -0.009483   0.002727   0.999951
      2       0.001275  -0.999995   0.002739
 A Eigenvalues: 
                  0          1          2    
      0      -0.125580  -0.148026   0.491256
A(iso)  0.072550
 Nucleus: 35 H  
 Isotope: 1 
 Nuclear Spin:  0.5 
 Prefactor (MHz): 533.551395 
 Raw A tensor (MHz): 
                  0          1          2    
      0      -0.120101   0.165985   0.000484
      1       0.165842   0.260698   0.001282
      2       0.000484   0.001282  -0.189056
 A Tensor eigenvectors:
                   0          1          2    
      0       0.936424   0.001447   0.350868
      1      -0.350870   0.002316   0.936421
      2       0.000542  -0.999996   0.002677
 A Eigenvalues: 
                  0          1          2    
      0      -0.182247  -0.189060   0.322847
A(iso)  -0.016153
 Nucleus: 42 H  
 Isotope: 1 
 Nuclear Spin:  0.5 
 Prefactor (MHz): 533.551395 
 Raw A tensor (MHz): 
                  0          1          2    
      0       0.243206   0.009295   0.000020
      1       0.009288   0.452454   0.000396
      2       0.000020   0.000396   0.259324
 A Tensor eigenvectors:
                   0          1          2    
      0       0.999019  -0.000037   0.044289
      1      -0.044288   0.002053   0.999017
      2      -0.000128  -0.999998   0.002050
 A Eigenvalues: 
                  0          1          2    
      0       0.242794   0.259323   0.452867
A(iso)  0.318328
 Nucleus: 43 H  
 Isotope: 1 
 Nuclear Spin:  0.5 
 Prefactor (MHz): 533.551395 
 Raw A tensor (MHz): 
                  0          1          2    
      0      -0.019159   0.088940   0.000272
      1       0.088904  -0.192920   0.000019
      2       0.000271   0.000018  -0.173639
 A Tensor eigenvectors:
                   0          1          2    
      0      -0.921622  -0.000632  -0.388088
      1      -0.388087  -0.001955   0.921621
      2      -0.001341   0.999998   0.001556
 A Eigenvalues: 
                  0          1          2    
      0       0.018280  -0.173639  -0.230359
A(iso)  -0.128573
 Nucleus: 44 H  
 Isotope: 1 
 Nuclear Spin:  0.5 
 Prefactor (MHz): 533.551395 
 Raw A tensor (MHz): 
                  0          1          2    
