-------------------------------------------------------------
----------------------- !PROPERTIES! ------------------------
-------------------------------------------------------------
# -----------------------------------------------------------
$ PAL_Flags
   description: The PAL Flags
   geom. index: 1
   prop. index: 1
        Diskflag:     2
# -----------------------------------------------------------
$ SCF_Energy
   description: The SCF energy
   geom. index: 1
   prop. index: 1
        SCF Energy:     -852.7516651092
# -----------------------------------------------------------
$ DFT_Energy
   description: The DFT energy
   geom. index: 1
   prop. index: 1
   Number of Alpha Electrons                 79.0001913401 
   Number of Beta  Electrons                 78.0001889213 
   Total number of  Electrons               157.0003802614 
   Exchange energy                          -97.4438893134 
   Correlation energy                        -6.0882782439 
   Correlation energy NL                      0.0000000000 
   Exchange-Correlation energy             -103.5321675573 
   Embedding correction                       0.0000000000 
   Total DFT Energy (No VdW correction)    -852.7516651092 
# -----------------------------------------------------------
$ Mayer_Pop
   description: The Mayer population analysis
   geom. index: 1
   prop. index: 1
     Number of atoms                     : 47
     Threshold for printing              : 0.1000000
     Number of bond orders printed       : 50
  NA   - Mulliken gross atomic population
  ZA   - Total nuclear charge
  QA   - Mulliken gross atomic charge
  VA   - Mayer's total valence
  BVA  - Mayer's bonded valence
  FA   - Mayer's free valence
  ATOM       NA         ZA         QA         VA         BVA        FA
  0   0     5.7669     6.0000     0.2331     2.5959     2.5958     0.0001
  1   0     6.1353     6.0000    -0.1353     3.8500     3.1051     0.7449
  2   0     6.0153     6.0000    -0.0153     4.0410     4.0363     0.0047
  3   0     5.9757     6.0000     0.0243     3.9651     3.9635     0.0016
  4   0     6.1653     6.0000    -0.1653     3.8533     3.8524     0.0009
  5   0     6.1004     6.0000    -0.1004     4.2332     4.2312     0.0020
  6   0     5.9417     6.0000     0.0583     3.9620     3.9563     0.0057
  7   0     1.0500     1.0000    -0.0500     1.0013     1.0011     0.0002
  8   0     1.0216     1.0000    -0.0216     0.9967     0.9963     0.0004
  9   0     5.9529     6.0000     0.0471     4.0308     4.0306     0.0002
 10   0     0.9741     1.0000     0.0259     0.9693     0.9693     0.0000
 11   0     0.9740     1.0000     0.0260     0.9692     0.9692     0.0000
 12   0     6.0425     6.0000    -0.0425     4.1158     4.1158     0.0000
 13   0     0.9834     1.0000     0.0166     0.9636     0.9636     0.0000
 14   0     0.9834     1.0000     0.0166     0.9636     0.9636     0.0000
 15   0     6.0263     6.0000    -0.0263     4.1176     4.1176     0.0000
 16   0     0.9936     1.0000     0.0064     0.9671     0.9671     0.0000
 17   0     0.9936     1.0000     0.0064     0.9671     0.9671     0.0000
 18   0     5.9998     6.0000     0.0002     4.0189     4.0189     0.0000
 19   0     0.9826     1.0000     0.0174     0.9774     0.9774     0.0000
 20   0     0.9826     1.0000     0.0174     0.9774     0.9774     0.0000
 21   0     5.9605     6.0000     0.0395     4.0254     4.0254     0.0000
 22   0     0.9671     1.0000     0.0329     0.9696     0.9696     0.0000
 23   0     0.9671     1.0000     0.0329     0.9695     0.9695     0.0000
 24   0     6.0352     6.0000    -0.0352     4.1117     4.1117     0.0000
 25   0     0.9848     1.0000     0.0152     0.9635     0.9635     0.0000
 26   0     0.9848     1.0000     0.0152     0.9635     0.9635     0.0000
 27   0     6.0261     6.0000    -0.0261     4.1193     4.1193     0.0000
 28   0     0.9941     1.0000     0.0059     0.9676     0.9676     0.0000
 29   0     0.9941     1.0000     0.0059     0.9676     0.9676     0.0000
 30   0     5.9971     6.0000     0.0029     4.0168     4.0168     0.0000
 31   0     0.9828     1.0000     0.0172     0.9773     0.9773     0.0000
 32   0     0.9828     1.0000     0.0172     0.9773     0.9773    -0.0000
 33   0     5.8442     6.0000     0.1558     2.6619     2.6617     0.0002
 34   0     0.9869     1.0000     0.0131     0.9737     0.9737     0.0000
 35   0     0.9871     1.0000     0.0129     0.9735     0.9735     0.0000
 36   0     6.2466     6.0000    -0.2466     3.9283     3.9283     0.0000
 37   0     5.9704     6.0000     0.0296     3.9950     3.9950     0.0000
 38   0     5.9600     6.0000     0.0400     3.9992     3.9992     0.0000
 39   0     5.9681     6.0000     0.0319     3.9990     3.9990     0.0000
 40   0     5.9602     6.0000     0.0398     3.9988     3.9988     0.0000
 41   0     5.9730     6.0000     0.0270     3.9942     3.9942     0.0000
 42   0     1.0282     1.0000    -0.0282     0.9688     0.9688     0.0000
 43   0     1.0280     1.0000    -0.0280     0.9684     0.9684     0.0000
 44   0     1.0413     1.0000    -0.0413     0.9835     0.9835     0.0000
 45   0     1.0407     1.0000    -0.0407     0.9831     0.9831     0.0000
 46   0     1.0280     1.0000    -0.0280     0.9683     0.9683     0.0000
      Bond orders larger than 0.1000000
           Atom A     A.N. of A          Atom B    A.N. of B              Bond order
                0             6               4            6                0.904099
                0             6              33            6                1.783724
                0             6              36            6               -0.163038
                1             6               2            6                1.394046
                1             6               6            6                1.444648
                2             6               3            6                1.432844
                2             6               9            6                1.044934
                3             6               4            6                1.417140
                3             6               7            1                0.922143
                4             6               5            6                1.413628
                4             6              33            6               -0.101575
                5             6               6            6                1.455003
                5             6              21            6                1.088414
                6             6               8            1                0.909940
                9             6              10            1                0.917098
                9             6              11            1                0.917001
                9             6              12            6                1.102394
               12             6              13            1                0.931000
               12             6              14            1                0.930911
               12             6              15            6                1.075416
               15             6              16            1                0.941550
               15             6              17            1                0.941546
               15             6              18            6                1.105627
               18             6              19            1                0.966590
               18             6              20            1                0.966584
               18             6              34            1                0.962239
               21             6              22            1                0.898369
               21             6              23            1                0.898399
               21             6              24            6                1.101033
               24             6              25            1                0.929778
               24             6              26            1                0.929815
               24             6              27            6                1.075770
               27             6              28            1                0.941188
               27             6              29            1                0.941187
               27             6              30            6                1.106153
               30             6              31            1                0.966240
               30             6              32            1                0.966244
               30             6              35            1                0.961736
               33             6              36            6                0.922912
               36             6              37            6                1.442611
               36             6              41            6                1.439797
               37             6              38            6                1.470030
               37             6              44            1                0.939776
               38             6              39            6                1.444966
               38             6              46            1                0.937729
               39             6              40            6                1.444188
               39             6              42            1                0.943064
               40             6              41            6                1.470239
               40             6              43            1                0.937764
               41             6              45            1                0.940120
# -----------------------------------------------------------
$ Calculation_Info
   description: Details of the calculation
   geom. index: 1
   prop. index: 1
     Multiplicity:                          2
     Charge:                                0
     number of atoms:                       47
     number of electrons:                   0
     number of frozen core electrons:       1
     number of correlated electrons:        0
     number of basis functions:             433
     number of aux C basis functions:       2942
     number of aux J basis functions:       2942
     number of aux JK basis functions:      2942
     number of aux CABS basis functions:    0
     Total Energy                           -852.751665
# -----------------------------------------------------------
$ SCF_Electric_Properties
   description: The SCF Calculated Electric Properties
   geom. index: 1
   prop. index: 1
       Filename                          : cc-pVDZ.scfp 
       Do Dipole Moment Calculation      : true 
       Do Quadrupole Moment Calculation  : false 
       Do Polarizability Calculation     : false 
** Dipole moment part of electric properties **
        Magnitude of dipole moment (Debye) :        0.5081757014
        Electronic Contribution:
                  0    
      0      15.824342
      1      -0.236401
      2       0.015061
        Nuclear Contribution:
                  0    
      0     -15.624508
      1       0.230284
      2      -0.014892
        Total Dipole moment:
                  0    
      0       0.199834
      1      -0.006118
      2       0.000170
# -----------------------------------------------------------
$ EPRNMR_GTensor
   description: Electronic g tensor
   geom. index: 1
   prop. index: 1
 Source density: 1 SCF 
 Spin multiplicity: 2 
 raw g tensor: 
                  0          1          2    
      0       2.002142  -0.000047  -0.000001
      1      -0.000004   2.001659  -0.000002
      2      -0.000001  -0.000002   2.002942
 g tensor: 
                  0          1          2    
      0       0.052707   0.998609   0.001041
      1       0.998609  -0.052709   0.001645
      2       0.001698   0.000953  -0.999998
 G eigenvalues: 
                  0          1          2    
      0       2.001657   2.002143   2.002942
# -----------------------------------------------------------
$ EPRNMR_OrbitalShielding
   description: Orbital contribution to the NMR Shielding tensor (ppm)
   geom. index: 1
   prop. index: 1
 Number of stored nuclei 25
 Source density: 1 SCF 
 Nucleus: 7 H 
 Shielding tensor (ppm): 
                  0          1          2    
      0      27.915300   5.416369   0.024177
      1       5.358161  26.408807   0.024748
      2       0.019927   0.022139  18.473408
 P Tensor eigenvectors:
                   0          1          2    
      0      -0.001102  -0.656732  -0.754123
      1      -0.002259   0.754124  -0.656729
      2       0.999997   0.000980  -0.002315
 P Eigenvalues: 
                  0          1          2    
      0      18.473332  21.722390  32.601793
P(iso)  24.265838
 Nucleus: 8 H 
 Shielding tensor (ppm): 
                  0          1          2    
      0      27.760321   2.898379   0.016922
      1       2.857503  25.582481   0.016270
      2       0.015733   0.015745  19.644475
 P Tensor eigenvectors:
                   0          1          2    
      0      -0.001286  -0.568700  -0.822544
      1      -0.002083   0.822544  -0.568697
      2       0.999997   0.000982  -0.002243
 P Eigenvalues: 
                  0          1          2    
      0      19.644421  23.594347  29.748509
P(iso)  24.329093
 Nucleus: 10 H 
 Shielding tensor (ppm): 
                  0          1          2    
      0      29.153415  -0.238357   3.831807
      1      -0.276818  29.942213  -1.265179
      2       5.166076  -0.327179  26.721311
 P Tensor eigenvectors:
                   0          1          2    
      0      -0.592697  -0.233042   0.770975
      1       0.078853  -0.969417  -0.232406
      2       0.801556  -0.076953   0.592946
 P Eigenvalues: 
                  0          1          2    
      0      23.244429  29.806488  32.766022
P(iso)  28.605646
 Nucleus: 11 H 
 Shielding tensor (ppm): 
                  0          1          2    
      0      29.142485  -0.209833  -3.831136
      1      -0.246825  29.924317   1.281244
      2      -5.169041   0.333993  26.749296
 P Tensor eigenvectors:
                   0          1          2    
      0       0.593995  -0.230617   0.770705
      1      -0.083002  -0.970485  -0.226426
      2       0.800175   0.070526  -0.595605
 P Eigenvalues: 
                  0          1          2    
      0      23.253009  29.800568  32.762520
P(iso)  28.605366
 Nucleus: 13 H 
 Shielding tensor (ppm): 
                  0          1          2    
      0      30.124531   1.072474  -3.647433
      1       1.012571  31.147958   0.295988
      2      -3.476638   1.412325  28.081972
 P Tensor eigenvectors:
                   0          1          2    
      0       0.596577   0.043179   0.801393
      1      -0.204554  -0.957392   0.203860
      2       0.776050  -0.285546  -0.562326
 P Eigenvalues: 
                  0          1          2    
      0      25.113332  31.364720  32.876409
P(iso)  29.784821
 Nucleus: 14 H 
 Shielding tensor (ppm): 
                  0          1          2    
      0      30.121730   1.048585   3.658563
      1       0.988881  31.158970  -0.278952
      2       3.488367  -1.389389  28.065964
 P Tensor eigenvectors:
                   0          1          2    
      0      -0.596606   0.042974   0.801383
      1       0.199211  -0.959382   0.199754
      2       0.777417   0.278819   0.563812
 P Eigenvalues: 
                  0          1          2    
      0      25.105080  31.364507  32.877077
P(iso)  29.782221
 Nucleus: 16 H 
 Shielding tensor (ppm): 
                  0          1          2    
      0      30.813927   0.234703  -4.604869
      1       0.273357  30.324024  -0.356458
      2      -4.391384  -0.992854  28.621891
 P Tensor eigenvectors:
                   0          1          2    
      0       0.614011  -0.160132  -0.772883
      1       0.066658   0.986226  -0.151379
      2       0.786478   0.041430   0.616228
 P Eigenvalues: 
                  0          1          2    
      0      25.061585  30.257980  34.440277
P(iso)  29.919947
 Nucleus: 17 H 
 Shielding tensor (ppm): 
                  0          1          2    
      0      30.804971   0.206082   4.608490
      1       0.248281  30.312879   0.366507
      2       4.398544   1.001680  28.642123
 P Tensor eigenvectors:
                   0          1          2    
      0      -0.614957  -0.159812  -0.772197
      1      -0.071160   0.986500  -0.147494
      2       0.785343  -0.035753  -0.618027
 P Eigenvalues: 
                  0          1          2    
      0      25.061966  30.254886  34.443121
P(iso)  29.919991
 Nucleus: 19 H 
 Shielding tensor (ppm): 
                  0          1          2    
      0      29.856464  -1.478500   3.828547
      1      -2.304724  30.500053  -2.321110
      2       3.211625  -1.989201  30.551188
 P Tensor eigenvectors:
                   0          1          2    
      0      -0.739963   0.343503   0.578326
      1       0.012799   0.866810  -0.498475
      2       0.672526   0.361451   0.645803
 P Eigenvalues: 
                  0          1          2    
      0      26.666015  28.827977  35.413714
P(iso)  30.302568
 Nucleus: 20 H 
 Shielding tensor (ppm): 
                  0          1          2    
      0      29.869405  -1.457502  -3.839130
      1      -2.288057  30.474823   2.316082
      2      -3.225719   1.985458  30.564507
 P Tensor eigenvectors:
                   0          1          2    
      0      -0.738683   0.344320  -0.579475
      1       0.017115   0.868991   0.494531
      2      -0.673835  -0.355384   0.647803
 P Eigenvalues: 
                  0          1          2    
      0      26.666406  28.829731  35.412598
P(iso)  30.302912
 Nucleus: 22 H 
 Shielding tensor (ppm): 
                  0          1          2    
      0      28.792203  -1.880307   3.256563
      1      -1.461208  31.142843  -0.130897
      2       4.432843   1.112180  25.511601
 P Tensor eigenvectors:
                   0          1          2    
      0      -0.553061   0.530801  -0.642163
      1      -0.147521   0.696204   0.702523
      2       0.819976   0.483271  -0.306739
 P Eigenvalues: 
                  0          1          2    
      0      22.759161  30.233177  32.454310
P(iso)  28.482216
 Nucleus: 23 H 
 Shielding tensor (ppm): 
                  0          1          2    
      0      28.800669  -1.859498  -3.257758
      1      -1.441280  31.139530   0.153548
      2      -4.433494  -1.095886  25.507129
 P Tensor eigenvectors:
                   0          1          2    
      0       0.552364   0.530027  -0.643401
      1       0.144341   0.699361   0.700043
      2       0.821011  -0.479548   0.309797
 P Eigenvalues: 
                  0          1          2    
      0      22.766555  30.234632  32.446140
P(iso)  28.482442
 Nucleus: 25 H 
 Shielding tensor (ppm): 
                  0          1          2    
      0      30.109531   0.333425   3.825535
      1       0.266488  31.216147  -0.209446
      2       3.793422  -1.480603  28.003389
 P Tensor eigenvectors:
                   0          1          2    
      0      -0.596966  -0.204778   0.775692
      1       0.126707  -0.978806  -0.160886
      2       0.792198   0.002242   0.610260
 P Eigenvalues: 
                  0          1          2    
      0      24.987393  31.290183  33.051492
P(iso)  29.776356
 Nucleus: 26 H 
 Shielding tensor (ppm): 
                  0          1          2    
      0      30.122852   0.350697  -3.818829
      1       0.285628  31.208763   0.223714
      2      -3.787631   1.498070  28.000887
 P Tensor eigenvectors:
                   0          1          2    
      0       0.595672  -0.204485   0.776763
      1      -0.130642  -0.978840  -0.157497
      2       0.792532  -0.007661  -0.609782
 P Eigenvalues: 
                  0          1          2    
      0      24.989846  31.291530  33.051126
P(iso)  29.777500
 Nucleus: 28 H 
 Shielding tensor (ppm): 
                  0          1          2    
      0      30.638358  -0.303983   4.488515
      1      -0.197742  30.695857   0.527296
      2       4.202447   1.272150  28.161711
 P Tensor eigenvectors:
                   0          1          2    
      0      -0.593977  -0.171607  -0.785966
      1      -0.139221   0.984170  -0.109670
      2       0.792344   0.044281  -0.608465
 P Eigenvalues: 
                  0          1          2    
      0      24.754361  30.786309  33.955256
P(iso)  29.831975
 Nucleus: 29 H 
 Shielding tensor (ppm): 
                  0          1          2    
      0      30.655653  -0.280025  -4.484814
      1      -0.177266  30.705470  -0.515396
      2      -4.197999  -1.261508  28.134276
 P Tensor eigenvectors:
                   0          1          2    
      0       0.592321  -0.171591  -0.787218
      1       0.135474   0.984359  -0.112628
      2       0.794231  -0.039936   0.606302
 P Eigenvalues: 
                  0          1          2    
      0      24.753451  30.787494  33.954453
P(iso)  29.831800
 Nucleus: 31 H 
 Shielding tensor (ppm): 
                  0          1          2    
      0      29.919299  -1.806071  -3.923931
      1      -2.618591  30.440309   2.265430
      2      -3.351932   1.955153  30.525250
 P Tensor eigenvectors:
                   0          1          2    
      0      -0.757430   0.273129  -0.593043
      1      -0.080230   0.862481   0.499689
      2      -0.647968  -0.426060   0.631356
 P Eigenvalues: 
                  0          1          2    
      0      26.556676  28.670305  35.657876
P(iso)  30.294953
 Nucleus: 32 H 
 Shielding tensor (ppm): 
                  0          1          2    
      0      29.900899  -1.821614   3.912790
      1      -2.630369  30.460469  -2.272892
      2       3.336828  -1.960858  30.522509
 P Tensor eigenvectors:
                   0          1          2    
      0      -0.759115   0.271927   0.591439
      1      -0.083629   0.860301  -0.502880
      2       0.645562   0.431205   0.630327
 P Eigenvalues: 
                  0          1          2    
      0      26.557091  28.668620  35.658167
P(iso)  30.294626
 Nucleus: 34 H 
 Shielding tensor (ppm): 
                  0          1          2    
      0      28.680205   2.193908   0.008767
      1       3.435761  35.940877   0.034701
      2       0.014918   0.033629  25.690463
 P Tensor eigenvectors:
                   0          1          2    
      0      -0.001086  -0.942962  -0.332898
      1      -0.003029   0.332899  -0.942957
      2       0.999995  -0.000016  -0.003217
 P Eigenvalues: 
                  0          1          2    
      0      25.690347  27.717629  36.903570
P(iso)  30.103849
 Nucleus: 35 H 
 Shielding tensor (ppm): 
                  0          1          2    
      0      28.554409   1.835323   0.007967
      1       3.095255  36.123305   0.030519
      2       0.011833   0.028807  25.562924
 P Tensor eigenvectors:
                   0          1          2    
      0      -0.001225  -0.955799  -0.294017
      1      -0.002523   0.294019  -0.955796
      2       0.999996  -0.000429  -0.002772
 P Eigenvalues: 
                  0          1          2    
      0      25.562837  27.823112  36.854689
P(iso)  30.080213
 Nucleus: 42 H 
 Shielding tensor (ppm): 
                  0          1          2    
      0      24.328653   0.045021   0.002171
      1       0.039967  27.218267   0.019573
      2       0.002858   0.027694  21.283455
 P Tensor eigenvectors:
                   0          1          2    
      0      -0.000763  -0.999892  -0.014655
      1      -0.003893   0.014658  -0.999885
      2       0.999992  -0.000705  -0.003904
 P Eigenvalues: 
                  0          1          2    
      0      21.283359  24.328030  27.218986
P(iso)  24.276792
 Nucleus: 43 H 
 Shielding tensor (ppm): 
                  0          1          2    
      0      27.178657  -1.482078  -0.000490
      1      -1.445778  24.590115   0.011087
      2      -0.009682   0.011181  20.884864
 P Tensor eigenvectors:
                   0          1          2    
      0       0.000023   0.411200  -0.911545
      1      -0.002959   0.911541   0.411198
      2       0.999996   0.002688   0.001238
 P Eigenvalues: 
                  0          1          2    
      0      20.884831  23.930380  27.838425
P(iso)  24.217879
 Nucleus: 44 H 
 Shielding tensor (ppm): 
                  0          1          2    
      0      27.270580  -3.260805  -0.006197
      1      -2.455443  24.828210   0.012622
      2       0.001419   0.011335  20.035517
 P Tensor eigenvectors:
                   0          1          2    
      0      -0.000808   0.557385  -0.830254
      1      -0.003021   0.830249   0.557385
      2       0.999995   0.002959   0.001013
 P Eigenvalues: 
                  0          1          2    
      0      20.035483  22.941712  29.157112
P(iso)  24.044769
 Nucleus: 45 H 
 Shielding tensor (ppm): 
                  0          1          2    
      0      28.143868   2.661065   0.016275
      1       1.887657  24.203537   0.015201
      2       0.005947   0.013820  19.715392
 P Tensor eigenvectors:
                   0          1          2    
      0      -0.000597  -0.422194  -0.906505
      1      -0.002996   0.906502  -0.422190
      2       0.999995   0.002464  -0.001806
 P Eigenvalues: 
                  0          1          2    
      0      19.715343  23.165021  29.182432
P(iso)  24.020932
 Nucleus: 46 H 
 Shielding tensor (ppm): 
                  0          1          2    
      0      27.197631   1.204050   0.008430
      1       1.182235  24.493399   0.011662
      2       0.016897   0.012596  20.953321
 P Tensor eigenvectors:
                   0          1          2    
      0      -0.001379  -0.353893  -0.935285
      1      -0.002924   0.935283  -0.353888
      2       0.999995   0.002246  -0.002325
 P Eigenvalues: 
                  0          1          2    
      0      20.953266  24.042254  27.648830
P(iso)  24.214784
# -----------------------------------------------------------
$ EPRNMR_ATensor
   description: Hyperfine A tensor
   geom. index: 1
   prop. index: 1
 Number of stored nuclei 25
 Source density: 1 SCF 
 Spin multiplicity: 2 
 Nucleus: 7 H  
 Isotope: 1 
 Nuclear Spin:  0.5 
 Prefactor (MHz): 533.551395 
 Raw A tensor (MHz): 
                  0          1          2    
      0      20.877754  -3.826874  -0.001699
      1      -3.823243  22.076653   0.004513
      2      -0.001693   0.004509  16.984417
 A Tensor eigenvectors:
                   0          1          2    
      0      -0.001665   0.759852  -0.650094
      1      -0.002138   0.650091   0.759854
      2       0.999996   0.002655   0.000542
 A Eigenvalues: 
                  0          1          2    
      0      16.984410  17.605463  25.348952
A(iso)  19.979608
 Nucleus: 8 H  
 Isotope: 1 
 Nuclear Spin:  0.5 
 Prefactor (MHz): 533.551395 
 Raw A tensor (MHz): 
                  0          1          2    
      0      41.702053   2.978777   0.006872
      1       2.979637  58.811324   0.037075
      2       0.006873   0.037075  40.376849
 A Tensor eigenvectors:
                   0          1          2    
      0      -0.001044   0.985998   0.166755
      1      -0.001842  -0.166757   0.985996
      2       0.999998   0.000722   0.001991
 A Eigenvalues: 
                  0          1          2    
      0      40.376774  41.198132  59.315321
A(iso)  46.963409
 Nucleus: 10 H  
 Isotope: 1 
 Nuclear Spin:  0.5 
 Prefactor (MHz): 533.551395 
 Raw A tensor (MHz): 
                  0          1          2    
      0      -6.409738   1.844550   1.371420
      1       1.844958   1.316962   3.435370
      2       1.372278   3.436090  -6.038828
 A Tensor eigenvectors:
                   0          1          2    
      0      -0.226019   0.806162  -0.546825
      1      -0.901425  -0.385876  -0.196297
      2      -0.369254   0.448555   0.813910
 A Eigenvalues: 
                  0          1          2    
      0       3.187175  -6.529544  -7.789236
A(iso)  -3.710535
 Nucleus: 11 H  
 Isotope: 1 
 Nuclear Spin:  0.5 
 Prefactor (MHz): 533.551395 
 Raw A tensor (MHz): 
                  0          1          2    
      0      -6.422172   1.839009  -1.359255
      1       1.839411   1.312311  -3.409599
      2      -1.360110  -3.410328  -6.062226
 A Tensor eigenvectors:
                   0          1          2    
      0       0.225308   0.805910  -0.547490
      1       0.902537  -0.384299  -0.194272
      2      -0.366966  -0.450359  -0.813949
 A Eigenvalues: 
                  0          1          2    
      0       3.158196  -6.539490  -7.790793
A(iso)  -3.724029
 Nucleus: 13 H  
 Isotope: 1 
 Nuclear Spin:  0.5 
 Prefactor (MHz): 533.551395 
 Raw A tensor (MHz): 
                  0          1          2    
      0      -0.491542  -0.808705  -0.212661
      1      -0.808087   1.692384   0.739159
      2      -0.212592   0.739900  -0.825333
 A Tensor eigenvectors:
                   0          1          2    
      0       0.953329   0.023406  -0.301026
      1       0.284025   0.268743   0.920384
      2       0.102441  -0.962928   0.249552
 A Eigenvalues: 
                  0          1          2    
      0      -0.755140  -1.026650   2.157300
A(iso)  0.125170
 Nucleus: 14 H  
 Isotope: 1 
 Nuclear Spin:  0.5 
 Prefactor (MHz): 533.551395 
 Raw A tensor (MHz): 
                  0          1          2    
      0      -0.492563  -0.807640   0.209114
      1      -0.807022   1.697501  -0.725877
      2       0.209048  -0.726613  -0.833778
 A Tensor eigenvectors:
                   0          1          2    
      0       0.953534   0.019605   0.300647
      1       0.285217   0.262789  -0.921734
      2      -0.097077   0.964654   0.244986
 A Eigenvalues: 
                  0          1          2    
      0      -0.755241  -1.027459   2.153860
A(iso)  0.123720
 Nucleus: 16 H  
 Isotope: 1 
 Nuclear Spin:  0.5 
 Prefactor (MHz): 533.551395 
 Raw A tensor (MHz): 
                  0          1          2    
      0      -0.524909   0.238970  -0.067058
      1       0.239090   0.998519  -0.304577
      2      -0.067166  -0.304771  -0.549515
 A Tensor eigenvectors:
                   0          1          2    
      0       0.918361   0.365797  -0.151017
      1      -0.207444   0.119992  -0.970860
      2      -0.337017   0.922927   0.186078
 A Eigenvalues: 
                  0          1          2    
      0      -0.554279  -0.615747   1.094120
A(iso)  -0.025302
 Nucleus: 17 H  
 Isotope: 1 
 Nuclear Spin:  0.5 
 Prefactor (MHz): 533.551395 
 Raw A tensor (MHz): 
                  0          1          2    
      0      -0.526063   0.238238   0.068352
      1       0.238358   0.995294   0.312642
      2       0.068461   0.312838  -0.547012
 A Tensor eigenvectors:
                   0          1          2    
      0       0.917136   0.368984   0.150709
      1      -0.209326   0.124131   0.969935
      2       0.339183  -0.921109   0.191082
 A Eigenvalues: 
                  0          1          2    
      0      -0.555158  -0.616582   1.093958
A(iso)  -0.025927
 Nucleus: 19 H  
 Isotope: 1 
 Nuclear Spin:  0.5 
 Prefactor (MHz): 533.551395 
 Raw A tensor (MHz): 
                  0          1          2    
      0      -0.254077  -0.152019   0.029556
      1      -0.151862   0.473797  -0.113446
      2       0.029538  -0.113522  -0.281289
 A Tensor eigenvectors:
                   0          1          2    
      0       0.899484  -0.390694   0.195669
      1       0.236139   0.057858  -0.969995
      2       0.367650   0.918701   0.144301
 A Eigenvalues: 
                  0          1          2    
      0      -0.281875  -0.301013   0.521319
A(iso)  -0.020523
 Nucleus: 20 H  
 Isotope: 1 
 Nuclear Spin:  0.5 
 Prefactor (MHz): 533.551395 
 Raw A tensor (MHz): 
                  0          1          2    
      0      -0.254155  -0.152121  -0.030294
      1      -0.151963   0.472612   0.117263
      2      -0.030275   0.117340  -0.280308
 A Tensor eigenvectors:
                   0          1          2    
      0       0.900416  -0.388409  -0.195931
      1       0.238061   0.062963   0.969207
      2      -0.364113  -0.919333   0.149158
 A Eigenvalues: 
                  0          1          2    
      0      -0.282094  -0.301149   0.521392
A(iso)  -0.020617
 Nucleus: 22 H  
 Isotope: 1 
 Nuclear Spin:  0.5 
 Prefactor (MHz): 533.551395 
 Raw A tensor (MHz): 
                  0          1          2    
      0       4.467954   1.420850   0.816124
      1       1.420192   3.519415   0.284422
      2       0.816561   0.285049   3.208829
 A Tensor eigenvectors:
                   0          1          2    
      0       0.619816   0.008593   0.784700
      1      -0.686001   0.491527   0.536473
      2      -0.381091  -0.870820   0.310551
 A Eigenvalues: 
                  0          1          2    
      0       2.393940   3.039990   5.762267
A(iso)  3.732066
 Nucleus: 23 H  
 Isotope: 1 
 Nuclear Spin:  0.5 
 Prefactor (MHz): 533.551395 
 Raw A tensor (MHz): 
                  0          1          2    
      0       4.464304   1.425747  -0.807801
      1       1.425089   3.516601  -0.281770
      2      -0.808241  -0.282396   3.198927
 A Tensor eigenvectors:
                   0          1          2    
      0       0.619456   0.008044  -0.784990
      1      -0.688141   0.486799  -0.538042
      2       0.377805   0.873477   0.307086
 A Eigenvalues: 
                  0          1          2    
      0       2.388147   3.034210   5.757476
A(iso)  3.726611
 Nucleus: 25 H  
 Isotope: 1 
 Nuclear Spin:  0.5 
 Prefactor (MHz): 533.551395 
 Raw A tensor (MHz): 
                  0          1          2    
      0      -0.278940   0.825514  -0.177543
      1       0.824974   1.838798  -0.676033
      2      -0.177393  -0.676897  -0.536949
 A Tensor eigenvectors:
                   0          1          2    
      0       0.927504  -0.206607  -0.311528
      1      -0.239572   0.311191  -0.919655
      2       0.286952   0.927617   0.239134
 A Eigenvalues: 
                  0          1          2    
      0      -0.546840  -0.724506   2.294256
A(iso)  0.340970
 Nucleus: 26 H  
 Isotope: 1 
 Nuclear Spin:  0.5 
 Prefactor (MHz): 533.551395 
 Raw A tensor (MHz): 
                  0          1          2    
      0      -0.280607   0.823325   0.182184
      1       0.822788   1.831647   0.689011
      2       0.182032   0.689880  -0.530710
 A Tensor eigenvectors:
                   0          1          2    
      0       0.928288  -0.203807   0.311037
      1      -0.238520   0.315369   0.918505
      2      -0.285289  -0.926826   0.244141
 A Eigenvalues: 
                  0          1          2    
      0      -0.547893  -0.725411   2.293634
A(iso)  0.340110
 Nucleus: 28 H  
 Isotope: 1 
 Nuclear Spin:  0.5 
 Prefactor (MHz): 533.551395 
 Raw A tensor (MHz): 
                  0          1          2    
      0      -0.045280   0.455236   0.103059
      1       0.454962   0.340129   0.152608
      2       0.103090   0.152761  -0.334232
 A Tensor eigenvectors:
                   0          1          2    
      0       0.823889   0.160258   0.543621
      1      -0.562102   0.108447   0.819927
      2       0.072446  -0.981100   0.179430
 A Eigenvalues: 
                  0          1          2    
      0      -0.346676  -0.367964   0.675257
A(iso)  -0.013128
 Nucleus: 29 H  
 Isotope: 1 
 Nuclear Spin:  0.5 
 Prefactor (MHz): 533.551395 
 Raw A tensor (MHz): 
                  0          1          2    
      0      -0.045019   0.456017  -0.100319
      1       0.455742   0.341379  -0.148516
      2      -0.100351  -0.148668  -0.336179
 A Tensor eigenvectors:
                   0          1          2    
      0       0.824118   0.157840  -0.543982
      1      -0.561707   0.104136  -0.820756
      2      -0.072900   0.981958   0.174480
 A Eigenvalues: 
                  0          1          2    
      0      -0.346830  -0.368083   0.675094
A(iso)  -0.013273
 Nucleus: 31 H  
 Isotope: 1 
 Nuclear Spin:  0.5 
 Prefactor (MHz): 533.551395 
 Raw A tensor (MHz): 
                  0          1          2    
      0      -0.215252   0.163385   0.022378
      1       0.163215   0.480199   0.110882
      2       0.022358   0.110987  -0.252232
 A Tensor eigenvectors:
                   0          1          2    
      0       0.971592  -0.098422   0.215227
      1      -0.197124   0.166702   0.966102
      2      -0.130964  -0.981083   0.142565
 A Eigenvalues: 
                  0          1          2    
      0      -0.251379  -0.268845   0.532939
A(iso)  0.004238
 Nucleus: 32 H  
 Isotope: 1 
 Nuclear Spin:  0.5 
 Prefactor (MHz): 533.551395 
 Raw A tensor (MHz): 
                  0          1          2    
      0      -0.215121   0.163711  -0.021534
      1       0.163541   0.481106  -0.107098
      2      -0.021514  -0.107202  -0.253305
 A Tensor eigenvectors:
                   0          1          2    
      0       0.971293  -0.100632  -0.215554
      1      -0.197745   0.162159  -0.966748
      2       0.132240   0.981620   0.137605
 A Eigenvalues: 
                  0          1          2    
      0      -0.251344  -0.268806   0.532831
A(iso)  0.004227
 Nucleus: 34 H  
 Isotope: 1 
 Nuclear Spin:  0.5 
 Prefactor (MHz): 533.551395 
 Raw A tensor (MHz): 
                  0          1          2    
      0      -0.125402   0.006084   0.000043
      1       0.006195   0.491341   0.001744
      2       0.000044   0.001745  -0.147917
 A Tensor eigenvectors:
                   0          1          2    
      0       0.999951   0.001190   0.009863
      1      -0.009866   0.002717   0.999948
      2       0.001163  -0.999996   0.002729
 A Eigenvalues: 
                  0          1          2    
      0      -0.125463  -0.147921   0.491407
A(iso)  0.072674
 Nucleus: 35 H  
 Isotope: 1 
 Nuclear Spin:  0.5 
 Prefactor (MHz): 533.551395 
 Raw A tensor (MHz): 
                  0          1          2    
      0      -0.120025   0.166047   0.000471
      1       0.165904   0.260618   0.001245
      2       0.000470   0.001245  -0.189073
 A Tensor eigenvectors:
                   0          1          2    
      0       0.936356   0.001421   0.351050
      1      -0.351053   0.002243   0.936353
      2       0.000544  -0.999996   0.002599
 A Eigenvalues: 
                  0          1          2    
      0      -0.182231  -0.189076   0.322828
A(iso)  -0.016160
 Nucleus: 42 H  
 Isotope: 1 
 Nuclear Spin:  0.5 
 Prefactor (MHz): 533.551395 
 Raw A tensor (MHz): 
                  0          1          2    
      0       0.230671   0.008519   0.000025
      1       0.008512   0.425307   0.000599
      2       0.000025   0.000599   0.239247
 A Tensor eigenvectors:
                   0          1          2    
      0       0.999047   0.000274   0.043643
      1      -0.043643   0.003208   0.999042
      2       0.000134  -0.999995   0.003217
 A Eigenvalues: 
                  0          1          2    
      0       0.230299   0.239245   0.425681
A(iso)  0.298408
 Nucleus: 43 H  
 Isotope: 1 
 Nuclear Spin:  0.5 
 Prefactor (MHz): 533.551395 
 Raw A tensor (MHz): 
                  0          1          2    
      0       0.000957   0.083922   0.000377
      1       0.083886  -0.177988  -0.000031
      2       0.000377  -0.000031  -0.156799
 A Tensor eigenvectors:
                   0          1          2    
      0       0.929883   0.000516  -0.367855
      1       0.367851   0.003522   0.929878
      2       0.001776  -0.999994   0.003085
 A Eigenvalues: 
                  0          1          2    
      0       0.034144  -0.156799  -0.211175
A(iso)  -0.111277
 Nucleus: 44 H  
 Isotope: 1 
 Nuclear Spin:  0.5 
 Prefactor (MHz): 533.551395 
 Raw A tensor (MHz): 
                  0          1          2    
