-------------------------------------------------------------
----------------------- !PROPERTIES! ------------------------
-------------------------------------------------------------
# -----------------------------------------------------------
$ PAL_Flags
   description: The PAL Flags
   geom. index: 1
   prop. index: 1
        Diskflag:     2
# -----------------------------------------------------------
$ SCF_Energy
   description: The SCF energy
   geom. index: 1
   prop. index: 1
        SCF Energy:     -852.7516675225
# -----------------------------------------------------------
$ DFT_Energy
   description: The DFT energy
   geom. index: 1
   prop. index: 1
   Number of Alpha Electrons                 79.0001913440 
   Number of Beta  Electrons                 78.0001889244 
   Total number of  Electrons               157.0003802684 
   Exchange energy                          -97.4438749567 
   Correlation energy                        -6.0882779366 
   Correlation energy NL                      0.0000000000 
   Exchange-Correlation energy             -103.5321528933 
   Embedding correction                       0.0000000000 
   Total DFT Energy (No VdW correction)    -852.7516675225 
# -----------------------------------------------------------
$ Mayer_Pop
   description: The Mayer population analysis
   geom. index: 1
   prop. index: 1
     Number of atoms                     : 47
     Threshold for printing              : 0.1000000
     Number of bond orders printed       : 50
  NA   - Mulliken gross atomic population
  ZA   - Total nuclear charge
  QA   - Mulliken gross atomic charge
  VA   - Mayer's total valence
  BVA  - Mayer's bonded valence
  FA   - Mayer's free valence
  ATOM       NA         ZA         QA         VA         BVA        FA
  0   0     5.7668     6.0000     0.2332     2.5959     2.5958     0.0001
  1   0     6.1353     6.0000    -0.1353     3.8500     3.1051     0.7449
  2   0     6.0153     6.0000    -0.0153     4.0410     4.0363     0.0047
  3   0     5.9757     6.0000     0.0243     3.9650     3.9634     0.0016
  4   0     6.1653     6.0000    -0.1653     3.8533     3.8524     0.0009
  5   0     6.1004     6.0000    -0.1004     4.2332     4.2312     0.0020
  6   0     5.9417     6.0000     0.0583     3.9620     3.9563     0.0057
  7   0     1.0500     1.0000    -0.0500     1.0013     1.0011     0.0002
  8   0     1.0216     1.0000    -0.0216     0.9967     0.9963     0.0004
  9   0     5.9528     6.0000     0.0472     4.0308     4.0306     0.0002
 10   0     0.9741     1.0000     0.0259     0.9693     0.9693     0.0000
 11   0     0.9740     1.0000     0.0260     0.9692     0.9692     0.0000
 12   0     6.0425     6.0000    -0.0425     4.1158     4.1158     0.0000
 13   0     0.9834     1.0000     0.0166     0.9636     0.9636     0.0000
 14   0     0.9834     1.0000     0.0166     0.9636     0.9636     0.0000
 15   0     6.0263     6.0000    -0.0263     4.1176     4.1176     0.0000
 16   0     0.9936     1.0000     0.0064     0.9671     0.9671    -0.0000
 17   0     0.9936     1.0000     0.0064     0.9671     0.9671     0.0000
 18   0     5.9998     6.0000     0.0002     4.0189     4.0189     0.0000
 19   0     0.9826     1.0000     0.0174     0.9774     0.9774     0.0000
 20   0     0.9826     1.0000     0.0174     0.9774     0.9774     0.0000
 21   0     5.9605     6.0000     0.0395     4.0254     4.0254     0.0000
 22   0     0.9671     1.0000     0.0329     0.9696     0.9696     0.0000
 23   0     0.9671     1.0000     0.0329     0.9695     0.9695     0.0000
 24   0     6.0352     6.0000    -0.0352     4.1117     4.1117     0.0000
 25   0     0.9848     1.0000     0.0152     0.9635     0.9635     0.0000
 26   0     0.9848     1.0000     0.0152     0.9635     0.9635     0.0000
 27   0     6.0261     6.0000    -0.0261     4.1193     4.1193     0.0000
 28   0     0.9941     1.0000     0.0059     0.9676     0.9676     0.0000
 29   0     0.9941     1.0000     0.0059     0.9676     0.9676     0.0000
 30   0     5.9971     6.0000     0.0029     4.0168     4.0168     0.0000
 31   0     0.9828     1.0000     0.0172     0.9773     0.9773     0.0000
 32   0     0.9828     1.0000     0.0172     0.9773     0.9773     0.0000
 33   0     5.8442     6.0000     0.1558     2.6618     2.6616     0.0002
 34   0     0.9869     1.0000     0.0131     0.9737     0.9737     0.0000
 35   0     0.9871     1.0000     0.0129     0.9735     0.9735     0.0000
 36   0     6.2467     6.0000    -0.2467     3.9283     3.9283     0.0000
 37   0     5.9704     6.0000     0.0296     3.9950     3.9950     0.0000
 38   0     5.9600     6.0000     0.0400     3.9992     3.9992     0.0000
 39   0     5.9681     6.0000     0.0319     3.9990     3.9990     0.0000
 40   0     5.9602     6.0000     0.0398     3.9988     3.9988     0.0000
 41   0     5.9730     6.0000     0.0270     3.9942     3.9942     0.0000
 42   0     1.0282     1.0000    -0.0282     0.9688     0.9688     0.0000
 43   0     1.0280     1.0000    -0.0280     0.9684     0.9684     0.0000
 44   0     1.0413     1.0000    -0.0413     0.9835     0.9835     0.0000
 45   0     1.0407     1.0000    -0.0407     0.9831     0.9831     0.0000
 46   0     1.0280     1.0000    -0.0280     0.9683     0.9683     0.0000
      Bond orders larger than 0.1000000
           Atom A     A.N. of A          Atom B    A.N. of B              Bond order
                0             6               4            6                0.904094
                0             6              33            6                1.783679
                0             6              36            6               -0.163044
                1             6               2            6                1.394053
                1             6               6            6                1.444656
                2             6               3            6                1.432839
                2             6               9            6                1.044935
                3             6               4            6                1.417115
                3             6               7            1                0.922141
                4             6               5            6                1.413650
                4             6              33            6               -0.101579
                5             6               6            6                1.454999
                5             6              21            6                1.088414
                6             6               8            1                0.909944
                9             6              10            1                0.917094
                9             6              11            1                0.917002
                9             6              12            6                1.102394
               12             6              13            1                0.931000
               12             6              14            1                0.930911
               12             6              15            6                1.075416
               15             6              16            1                0.941549
               15             6              17            1                0.941547
               15             6              18            6                1.105627
               18             6              19            1                0.966589
               18             6              20            1                0.966585
               18             6              34            1                0.962238
               21             6              22            1                0.898368
               21             6              23            1                0.898400
               21             6              24            6                1.101034
               24             6              25            1                0.929778
               24             6              26            1                0.929815
               24             6              27            6                1.075769
               27             6              28            1                0.941188
               27             6              29            1                0.941187
               27             6              30            6                1.106154
               30             6              31            1                0.966240
               30             6              32            1                0.966244
               30             6              35            1                0.961735
               33             6              36            6                0.922901
               36             6              37            6                1.442612
               36             6              41            6                1.439791
               37             6              38            6                1.470032
               37             6              44            1                0.939769
               38             6              39            6                1.444959
               38             6              46            1                0.937730
               39             6              40            6                1.444193
               39             6              42            1                0.943064
               40             6              41            6                1.470247
               40             6              43            1                0.937761
               41             6              45            1                0.940128
# -----------------------------------------------------------
$ Calculation_Info
   description: Details of the calculation
   geom. index: 1
   prop. index: 1
     Multiplicity:                          2
     Charge:                                0
     number of atoms:                       47
     number of electrons:                   0
     number of frozen core electrons:       1
     number of correlated electrons:        0
     number of basis functions:             433
     number of aux C basis functions:       2942
     number of aux J basis functions:       2942
     number of aux JK basis functions:      2942
     number of aux CABS basis functions:    0
     Total Energy                           -852.751668
# -----------------------------------------------------------
$ SCF_Electric_Properties
   description: The SCF Calculated Electric Properties
   geom. index: 1
   prop. index: 1
       Filename                          : cc-pVDZ.scfp 
       Do Dipole Moment Calculation      : true 
       Do Quadrupole Moment Calculation  : false 
       Do Polarizability Calculation     : false 
** Dipole moment part of electric properties **
        Magnitude of dipole moment (Debye) :        0.5077178111
        Electronic Contribution:
                  0    
      0      15.824161
      1      -0.236435
      2       0.015059
        Nuclear Contribution:
                  0    
      0     -15.624508
      1       0.230284
      2      -0.014892
        Total Dipole moment:
                  0    
      0       0.199653
      1      -0.006151
      2       0.000167
# -----------------------------------------------------------
$ EPRNMR_GTensor
   description: Electronic g tensor
   geom. index: 1
   prop. index: 1
 Source density: 1 SCF 
 Spin multiplicity: 2 
 raw g tensor: 
                  0          1          2    
      0       2.002142  -0.000047  -0.000001
      1      -0.000004   2.001659  -0.000002
      2      -0.000001  -0.000002   2.002942
 g tensor: 
                  0          1          2    
      0       0.052742   0.998608   0.001038
      1       0.998607  -0.052743   0.001656
      2       0.001708   0.000949  -0.999998
 G eigenvalues: 
                  0          1          2    
      0       2.001657   2.002143   2.002942
# -----------------------------------------------------------
$ EPRNMR_OrbitalShielding
   description: Orbital contribution to the NMR Shielding tensor (ppm)
   geom. index: 1
   prop. index: 1
 Number of stored nuclei 25
 Source density: 1 SCF 
 Nucleus: 7 H 
 Shielding tensor (ppm): 
                  0          1          2    
      0      27.915318   5.416548   0.023722
      1       5.358828  26.407965   0.024882
      2       0.019659   0.022792  18.471111
 P Tensor eigenvectors:
                   0          1          2    
      0      -0.000992  -0.656703  -0.754148
      1      -0.002376   0.754148  -0.656700
      2       0.999997   0.001141  -0.002309
 P Eigenvalues: 
                  0          1          2    
      0      18.471035  21.721501  32.601859
P(iso)  24.264798
 Nucleus: 8 H 
 Shielding tensor (ppm): 
                  0          1          2    
      0      27.760178   2.897835   0.016652
      1       2.857293  25.583312   0.016345
      2       0.015814   0.016237  19.647808
 P Tensor eigenvectors:
                   0          1          2    
      0      -0.001249  -0.568741  -0.822516
      1      -0.002144   0.822516  -0.568738
      2       0.999997   0.001054  -0.002247
 P Eigenvalues: 
                  0          1          2    
      0      19.647753  23.595217  29.748328
P(iso)  24.330433
 Nucleus: 10 H 
 Shielding tensor (ppm): 
                  0          1          2    
      0      29.153082  -0.238688   3.831096
      1      -0.277148  29.942457  -1.264684
      2       5.167672  -0.326467  26.724932
 P Tensor eigenvectors:
                   0          1          2    
      0      -0.592866  -0.232875   0.770895
      1       0.078748  -0.969453  -0.232294
      2       0.801442  -0.077013   0.593094
 P Eigenvalues: 
                  0          1          2    
      0      23.246275  29.806701  32.767494
P(iso)  28.606824
 Nucleus: 11 H 
 Shielding tensor (ppm): 
                  0          1          2    
      0      29.142875  -0.209208  -3.830602
      1      -0.247342  29.924212   1.280686
      2      -5.170190   0.334877  26.752703
 P Tensor eigenvectors:
                   0          1          2    
      0       0.594112  -0.230535   0.770639
      1      -0.083017  -0.970508  -0.226325
      2       0.800087   0.070486  -0.595729
 P Eigenvalues: 
                  0          1          2    
      0      23.254980  29.800526  32.764284
P(iso)  28.606597
 Nucleus: 13 H 
 Shielding tensor (ppm): 
                  0          1          2    
      0      30.124431   1.072460  -3.647666
      1       1.012173  31.148023   0.296133
      2      -3.477328   1.411935  28.082697
 P Tensor eigenvectors:
                   0          1          2    
      0       0.596628   0.043023   0.801364
      1      -0.204525  -0.957438   0.203674
      2       0.776019  -0.285416  -0.562435
 P Eigenvalues: 
                  0          1          2    
      0      25.113401  31.364801  32.876949
P(iso)  29.785050
 Nucleus: 14 H 
 Shielding tensor (ppm): 
                  0          1          2    
      0      30.123115   1.049306   3.658334
      1       0.988213  31.158738  -0.279095
      2       3.488857  -1.389701  28.066648
 P Tensor eigenvectors:
                   0          1          2    
      0      -0.596564   0.042785   0.801424
      1       0.199261  -0.959415   0.199545
      2       0.777436   0.278734   0.563827
 P Eigenvalues: 
                  0          1          2    
      0      25.105774  31.364479  32.878248
P(iso)  29.782834
 Nucleus: 16 H 
 Shielding tensor (ppm): 
                  0          1          2    
      0      30.815128   0.234845  -4.603629
      1       0.272619  30.324182  -0.356867
      2      -4.391046  -0.992747  28.624276
 P Tensor eigenvectors:
                   0          1          2    
      0       0.614029  -0.160151  -0.772864
      1       0.066753   0.986227  -0.151330
      2       0.786455   0.041330   0.616263
 P Eigenvalues: 
                  0          1          2    
      0      25.064231  30.258243  34.441111
P(iso)  29.921195
 Nucleus: 17 H 
 Shielding tensor (ppm): 
                  0          1          2    
      0      30.804974   0.205918   4.608434
      1       0.247872  30.313112   0.366550
      2       4.397447   1.002571  28.644525
 P Tensor eigenvectors:
                   0          1          2    
      0      -0.615039  -0.159899  -0.772114
      1      -0.071272   0.986488  -0.147521
      2       0.785269  -0.035701  -0.618124
 P Eigenvalues: 
                  0          1          2    
      0      25.063926  30.255173  34.443512
P(iso)  29.920870
 Nucleus: 19 H 
 Shielding tensor (ppm): 
                  0          1          2    
      0      29.857696  -1.478164   3.828848
      1      -2.305295  30.500071  -2.321192
      2       3.211304  -1.989486  30.550994
 P Tensor eigenvectors:
                   0          1          2    
      0      -0.739864   0.343623   0.578381
      1       0.012917   0.866816  -0.498461
      2       0.672633   0.361322   0.645764
 P Eigenvalues: 
                  0          1          2    
      0      26.666602  28.827929  35.414230
P(iso)  30.302920
 Nucleus: 20 H 
 Shielding tensor (ppm): 
                  0          1          2    
      0      29.869211  -1.457322  -3.839400
      1      -2.288424  30.474899   2.316164
      2      -3.226046   1.985791  30.564388
 P Tensor eigenvectors:
                   0          1          2    
      0      -0.738678   0.344340  -0.579470
      1       0.017132   0.868986   0.494541
      2      -0.673841  -0.355379   0.647800
 P Eigenvalues: 
                  0          1          2    
      0      26.665947  28.829639  35.412912
P(iso)  30.302833
 Nucleus: 22 H 
 Shielding tensor (ppm): 
                  0          1          2    
      0      28.791564  -1.880612   3.256819
      1      -1.460774  31.143567  -0.132019
      2       4.432343   1.112818  25.516373
 P Tensor eigenvectors:
                   0          1          2    
      0      -0.553309   0.530628  -0.642093
      1      -0.147561   0.696210   0.702508
      2       0.819802   0.483452  -0.306919
 P Eigenvalues: 
                  0          1          2    
      0      22.762309  30.234345  32.454849
P(iso)  28.483834
 Nucleus: 23 H 
 Shielding tensor (ppm): 
                  0          1          2    
      0      28.800078  -1.859420  -3.258372
      1      -1.440800  31.140066   0.154603
      2      -4.431735  -1.094822  25.511770
 P Tensor eigenvectors:
                   0          1          2    
      0       0.552603   0.529890  -0.643308
      1       0.144314   0.699373   0.700037
      2       0.820855  -0.479681   0.310005
 P Eigenvalues: 
                  0          1          2    
      0      22.770285  30.235046  32.446582
P(iso)  28.483971
 Nucleus: 25 H 
 Shielding tensor (ppm): 
                  0          1          2    
      0      30.109637   0.333100   3.826031
      1       0.266747  31.216539  -0.209392
      2       3.792974  -1.482583  28.004448
 P Tensor eigenvectors:
                   0          1          2    
      0      -0.596997  -0.205134   0.775573
      1       0.126813  -0.978732  -0.161254
      2       0.792157   0.002085   0.610314
 P Eigenvalues: 
                  0          1          2    
      0      24.987877  31.290573  33.052174
P(iso)  29.776875
 Nucleus: 26 H 
 Shielding tensor (ppm): 
                  0          1          2    
      0      30.122548   0.350050  -3.819588
      1       0.285935  31.209298   0.223642
      2      -3.786600   1.500113  28.001962
 P Tensor eigenvectors:
                   0          1          2    
      0       0.595724  -0.204932   0.776605
      1      -0.130738  -0.978748  -0.157986
      2       0.792477  -0.007415  -0.609856
 P Eigenvalues: 
                  0          1          2    
      0      24.990361  31.291997  33.051450
P(iso)  29.777936
 Nucleus: 28 H 
 Shielding tensor (ppm): 
                  0          1          2    
      0      30.636933  -0.303711   4.489088
      1      -0.196639  30.695912   0.526893
      2       4.202969   1.273688  28.161738
 P Tensor eigenvectors:
                   0          1          2    
      0      -0.594044  -0.171835  -0.785866
      1      -0.139180   0.984141  -0.109982
      2       0.792301   0.044042  -0.608539
 P Eigenvalues: 
                  0          1          2    
      0      24.753355  30.786131  33.955096
P(iso)  29.831527
 Nucleus: 29 H 
 Shielding tensor (ppm): 
                  0          1          2    
      0      30.654602  -0.279514  -4.485021
      1      -0.176250  30.705460  -0.515161
      2      -4.197918  -1.262088  28.134301
 P Tensor eigenvectors:
                   0          1          2    
      0       0.592368  -0.171750  -0.787148
      1       0.135404   0.984340  -0.112878
      2       0.794208  -0.039718   0.606347
 P Eigenvalues: 
                  0          1          2    
      0      24.753131  30.787207  33.954024
P(iso)  29.831454
 Nucleus: 31 H 
 Shielding tensor (ppm): 
                  0          1          2    
      0      29.918322  -1.806419  -3.924022
      1      -2.618054  30.440524   2.265366
      2      -3.351684   1.955558  30.524372
 P Tensor eigenvectors:
                   0          1          2    
      0      -0.757420   0.273249  -0.593001
      1      -0.080138   0.862446   0.499764
      2      -0.647991  -0.426054   0.631336
 P Eigenvalues: 
                  0          1          2    
      0      26.555853  28.670128  35.657236
P(iso)  30.294406
 Nucleus: 32 H 
 Shielding tensor (ppm): 
                  0          1          2    
      0      29.900515  -1.821873   3.912899
      1      -2.629901  30.460653  -2.272860
      2       3.336845  -1.961070  30.521609
 P Tensor eigenvectors:
                   0          1          2    
      0      -0.759068   0.272072   0.591432
      1      -0.083507   0.860286  -0.502926
      2       0.645633   0.431144   0.630296
 P Eigenvalues: 
                  0          1          2    
      0      26.556453  28.668556  35.657768
P(iso)  30.294259
 Nucleus: 34 H 
 Shielding tensor (ppm): 
                  0          1          2    
      0      28.680681   2.193979   0.009345
      1       3.435303  35.940782   0.034610
      2       0.014556   0.033971  25.690626
 P Tensor eigenvectors:
                   0          1          2    
      0      -0.001128  -0.942963  -0.332896
      1      -0.003027   0.332898  -0.942958
      2       0.999995  -0.000055  -0.003230
 P Eigenvalues: 
                  0          1          2    
      0      25.690509  27.718163  36.903418
P(iso)  30.104030
 Nucleus: 35 H 
 Shielding tensor (ppm): 
                  0          1          2    
      0      28.553684   1.835630   0.008225
      1       3.095789  36.123205   0.030465
      2       0.011958   0.029060  25.562780
 P Tensor eigenvectors:
                   0          1          2    
      0      -0.001295   0.955793   0.294038
      1      -0.002513  -0.294040   0.955790
      2       0.999996   0.000499   0.002783
 P Eigenvalues: 
                  0          1          2    
      0      25.562692  27.822208  36.854768
P(iso)  30.079890
 Nucleus: 42 H 
 Shielding tensor (ppm): 
                  0          1          2    
      0      24.328770   0.045662   0.002131
      1       0.040406  27.217274   0.019538
      2       0.002757   0.022509  21.281167
 P Tensor eigenvectors:
                   0          1          2    
      0      -0.000745  -0.999890  -0.014845
      1      -0.003506   0.014848  -0.999884
      2       0.999994  -0.000693  -0.003516
 P Eigenvalues: 
                  0          1          2    
      0      21.281091  24.328130  27.217989
P(iso)  24.275737
 Nucleus: 43 H 
 Shielding tensor (ppm): 
                  0          1          2    
      0      27.178235  -1.482237  -0.000480
      1      -1.445430  24.589513   0.011146
      2      -0.003366   0.011679  20.887934
 P Tensor eigenvectors:
                   0          1          2    
      0      -0.000485   0.411173  -0.911557
      1      -0.003257   0.911552   0.411172
      2       0.999995   0.003168   0.000898
 P Eigenvalues: 
                  0          1          2    
      0      20.887897  23.929889  27.837896
P(iso)  24.218561
 Nucleus: 44 H 
 Shielding tensor (ppm): 
                  0          1          2    
      0      27.270147  -3.261190  -0.006183
      1      -2.459097  24.827981   0.012659
      2      -0.002802   0.012256  20.030825
 P Tensor eigenvectors:
                   0          1          2    
      0      -0.000520   0.557478  -0.830191
      1      -0.002913   0.830187   0.557477
      2       0.999996   0.002708   0.001193
 P Eigenvalues: 
                  0          1          2    
      0      20.030791  22.939556  29.158606
P(iso)  24.042985
 Nucleus: 45 H 
 Shielding tensor (ppm): 
                  0          1          2    
      0      28.144811   2.662823   0.016110
      1       1.890676  24.201754   0.015094
      2       0.010359   0.014435  19.727563
 P Tensor eigenvectors:
                   0          1          2    
      0      -0.000823  -0.422264  -0.906473
      1      -0.002915   0.906470  -0.422260
      2       0.999995   0.002295  -0.001977
 P Eigenvalues: 
                  0          1          2    
      0      19.727510  23.161899  29.184720
P(iso)  24.024710
 Nucleus: 46 H 
 Shielding tensor (ppm): 
                  0          1          2    
      0      27.197879   1.204220   0.008324
      1       1.181215  24.492389   0.011815
      2       0.010578   0.013564  20.944412
 P Tensor eigenvectors:
                   0          1          2    
      0      -0.000862  -0.353713  -0.935354
      1      -0.003260   0.935350  -0.353709
      2       0.999994   0.002744  -0.001960
 P Eigenvalues: 
                  0          1          2    
      0      20.944362  24.041691  27.648628
P(iso)  24.211560
# -----------------------------------------------------------
$ EPRNMR_ATensor
   description: Hyperfine A tensor
   geom. index: 1
   prop. index: 1
 Number of stored nuclei 25
 Source density: 1 SCF 
 Spin multiplicity: 2 
 Nucleus: 7 H  
 Isotope: 1 
 Nuclear Spin:  0.5 
 Prefactor (MHz): 533.551395 
 Raw A tensor (MHz): 
                  0          1          2    
      0      20.866379  -3.828737  -0.001709
      1      -3.825107  22.068071   0.004516
      2      -0.001703   0.004511  16.972931
 A Tensor eigenvectors:
                   0          1          2    
      0      -0.001659   0.759944  -0.649987
      1      -0.002133   0.649984   0.759945
      2       0.999996   0.002647   0.000543
 A Eigenvalues: 
                  0          1          2    
      0      16.972924  17.593427  25.341030
A(iso)  19.969127
 Nucleus: 8 H  
 Isotope: 1 
 Nuclear Spin:  0.5 
 Prefactor (MHz): 533.551395 
 Raw A tensor (MHz): 
                  0          1          2    
      0      41.709120   2.978920   0.006894
      1       2.979780  58.817487   0.037018
      2       0.006895   0.037018  40.383451
 A Tensor eigenvectors:
                   0          1          2    
      0      -0.001080   0.985995   0.166770
      1      -0.001834  -0.166772   0.985994
      2       0.999998   0.000759   0.001988
 A Eigenvalues: 
                  0          1          2    
      0      40.383376  41.205127  59.321556
A(iso)  46.970020
 Nucleus: 10 H  
 Isotope: 1 
 Nuclear Spin:  0.5 
 Prefactor (MHz): 533.551395 
 Raw A tensor (MHz): 
                  0          1          2    
      0      -6.412272   1.844495   1.371539
      1       1.844902   1.313843   3.435228
      2       1.372397   3.435947  -6.041391
 A Tensor eigenvectors:
                   0          1          2    
      0      -0.226032   0.806137  -0.546857
      1      -0.901418  -0.385900  -0.196284
      2      -0.369264   0.448580   0.813892
 A Eigenvalues: 
                  0          1          2    
      0       3.184065  -6.532001  -7.791884
A(iso)  -3.713273
 Nucleus: 11 H  
 Isotope: 1 
 Nuclear Spin:  0.5 
 Prefactor (MHz): 533.551395 
 Raw A tensor (MHz): 
                  0          1          2    
      0      -6.424417   1.838984  -1.359427
      1       1.839386   1.309386  -3.409481
      2      -1.360281  -3.410211  -6.064612
 A Tensor eigenvectors:
                   0          1          2    
      0       0.225327   0.805899  -0.547499
      1       0.902527  -0.384323  -0.194269
      2      -0.366978  -0.450358  -0.813944
 A Eigenvalues: 
                  0          1          2    
      0       3.155319  -6.541683  -7.793278
A(iso)  -3.726547
 Nucleus: 13 H  
 Isotope: 1 
 Nuclear Spin:  0.5 
 Prefactor (MHz): 533.551395 
 Raw A tensor (MHz): 
                  0          1          2    
      0      -0.491646  -0.808578  -0.212621
      1      -0.807960   1.692472   0.739210
      2      -0.212552   0.739952  -0.825424
 A Tensor eigenvectors:
                   0          1          2    
      0       0.953346   0.023415  -0.300971
      1       0.283969   0.268744   0.920401
      2       0.102435  -0.962927   0.249556
 A Eigenvalues: 
                  0          1          2    
      0      -0.755149  -1.026755   2.157306
A(iso)  0.125134
 Nucleus: 14 H  
 Isotope: 1 
 Nuclear Spin:  0.5 
 Prefactor (MHz): 533.551395 
 Raw A tensor (MHz): 
                  0          1          2    
      0      -0.492647  -0.807516   0.209074
      1      -0.806898   1.697612  -0.725931
      2       0.209008  -0.726667  -0.833850
 A Tensor eigenvectors:
                   0          1          2    
      0       0.953551   0.019626   0.300592
      1       0.285159   0.262794  -0.921751
      2      -0.097084   0.964652   0.244991
 A Eigenvalues: 
                  0          1          2    
      0      -0.755231  -1.027546   2.153892
A(iso)  0.123705
 Nucleus: 16 H  
 Isotope: 1 
 Nuclear Spin:  0.5 
 Prefactor (MHz): 533.551395 
 Raw A tensor (MHz): 
                  0          1          2    
      0      -0.525003   0.238994  -0.067076
      1       0.239114   0.998373  -0.304578
      2      -0.067184  -0.304772  -0.549623
 A Tensor eigenvectors:
                   0          1          2    
      0       0.918318   0.365895  -0.151037
      1      -0.207477   0.119968  -0.970856
      2      -0.337112   0.922891   0.186083
 A Eigenvalues: 
                  0          1          2    
      0      -0.554375  -0.615864   1.093985
A(iso)  -0.025418
 Nucleus: 17 H  
 Isotope: 1 
 Nuclear Spin:  0.5 
 Prefactor (MHz): 533.551395 
 Raw A tensor (MHz): 
                  0          1          2    
      0      -0.526132   0.238264   0.068373
      1       0.238384   0.995164   0.312646
      2       0.068482   0.312842  -0.547099
 A Tensor eigenvectors:
                   0          1          2    
      0       0.917094   0.369077   0.150731
      1      -0.209362   0.124109   0.969930
      2       0.339272  -0.921075   0.191090
 A Eigenvalues: 
                  0          1          2    
      0      -0.555229  -0.616679   1.093841
A(iso)  -0.026022
 Nucleus: 19 H  
 Isotope: 1 
 Nuclear Spin:  0.5 
 Prefactor (MHz): 533.551395 
 Raw A tensor (MHz): 
                  0          1          2    
      0      -0.254124  -0.152008   0.029558
      1      -0.151851   0.473774  -0.113449
      2       0.029540  -0.113525  -0.281329
 A Tensor eigenvectors:
                   0          1          2    
      0       0.899422  -0.390846   0.195652
      1       0.236133   0.057827  -0.969999
      2       0.367806   0.918638   0.144303
 A Eigenvalues: 
                  0          1          2    
      0      -0.281914  -0.301057   0.521292
A(iso)  -0.020560
 Nucleus: 20 H  
 Isotope: 1 
 Nuclear Spin:  0.5 
 Prefactor (MHz): 533.551395 
 Raw A tensor (MHz): 
                  0          1          2    
      0      -0.254200  -0.152111  -0.030297
      1      -0.151953   0.472591   0.117267
      2      -0.030278   0.117344  -0.280346
 A Tensor eigenvectors:
                   0          1          2    
      0       0.900357  -0.388556  -0.195914
      1       0.238056   0.062934   0.969210
      2      -0.364263  -0.919273   0.149161
 A Eigenvalues: 
                  0          1          2    
      0      -0.282131  -0.301191   0.521367
A(iso)  -0.020652
 Nucleus: 22 H  
 Isotope: 1 
 Nuclear Spin:  0.5 
 Prefactor (MHz): 533.551395 
 Raw A tensor (MHz): 
                  0          1          2    
      0       4.472704   1.420996   0.815834
      1       1.420338   3.525028   0.284619
      2       0.816272   0.285246   3.213463
 A Tensor eigenvectors:
                   0          1          2    
      0       0.619906   0.008417   0.784631
      1      -0.685904   0.491489   0.536633
      2      -0.381120  -0.870843   0.310450
 A Eigenvalues: 
                  0          1          2    
      0       2.399196   3.044698   5.767302
A(iso)  3.737065
 Nucleus: 23 H  
 Isotope: 1 
 Nuclear Spin:  0.5 
 Prefactor (MHz): 533.551395 
 Raw A tensor (MHz): 
                  0          1          2    
      0       4.469346   1.425889  -0.807510
      1       1.425231   3.522513  -0.281956
      2      -0.807950  -0.282582   3.203865
 A Tensor eigenvectors:
                   0          1          2    
      0       0.619547   0.007868  -0.784920
      1      -0.688043   0.486761  -0.538201
      2       0.377834   0.873500   0.306985
 A Eigenvalues: 
                  0          1          2    
      0       2.393697   3.039226   5.762801
A(iso)  3.731908
 Nucleus: 25 H  
 Isotope: 1 
 Nuclear Spin:  0.5 
 Prefactor (MHz): 533.551395 
 Raw A tensor (MHz): 
                  0          1          2    
      0      -0.279399   0.825426  -0.177490
      1       0.824886   1.838501  -0.676086
      2      -0.177340  -0.676950  -0.537341
 A Tensor eigenvectors:
                   0          1          2    
      0       0.927489  -0.206741  -0.311483
      1      -0.239484   0.311221  -0.919668
      2       0.287073   0.927577   0.239143
 A Eigenvalues: 
                  0          1          2    
      0      -0.547210  -0.724931   2.293903
A(iso)  0.340587
 Nucleus: 26 H  
 Isotope: 1 
 Nuclear Spin:  0.5 
 Prefactor (MHz): 533.551395 
 Raw A tensor (MHz): 
                  0          1          2    
      0      -0.281046   0.823241   0.182129
      1       0.822704   1.831373   0.689062
      2       0.181977   0.689931  -0.531080
 A Tensor eigenvectors:
                   0          1          2    
      0       0.928271  -0.203953   0.310994
      1      -0.238429   0.315400   0.918518
      2      -0.285422  -0.926783   0.244148
 A Eigenvalues: 
                  0          1          2    
      0      -0.548244  -0.725814   2.293305
A(iso)  0.339749
 Nucleus: 28 H  
 Isotope: 1 
 Nuclear Spin:  0.5 
 Prefactor (MHz): 533.551395 
 Raw A tensor (MHz): 
                  0          1          2    
      0      -0.045258   0.455264   0.103058
      1       0.454990   0.340255   0.152614
      2       0.103090   0.152767  -0.334193
 A Tensor eigenvectors:
                   0          1          2    
      0       0.823879   0.160408   0.543593
      1      -0.562092   0.108337   0.819948
      2       0.072635  -0.981087   0.179420
 A Eigenvalues: 
                  0          1          2    
      0      -0.346647  -0.367925   0.675376
A(iso)  -0.013065
 Nucleus: 29 H  
 Isotope: 1 
 Nuclear Spin:  0.5 
 Prefactor (MHz): 533.551395 
 Raw A tensor (MHz): 
                  0          1          2    
      0      -0.044998   0.456044  -0.100319
      1       0.455770   0.341505  -0.148521
      2      -0.100351  -0.148672  -0.336143
 A Tensor eigenvectors:
                   0          1          2    
      0       0.824106   0.158005  -0.543952
      1      -0.561698   0.104014  -0.820778
      2      -0.073108   0.981945   0.174470
 A Eigenvalues: 
                  0          1          2    
      0      -0.346802  -0.368046   0.675213
A(iso)  -0.013212
 Nucleus: 31 H  
 Isotope: 1 
 Nuclear Spin:  0.5 
 Prefactor (MHz): 533.551395 
 Raw A tensor (MHz): 
                  0          1          2    
      0      -0.215248   0.163379   0.022381
      1       0.163209   0.480245   0.110888
      2       0.022361   0.110993  -0.252221
 A Tensor eigenvectors:
                   0          1          2    
      0       0.971613  -0.098251   0.215210
      1      -0.197136   0.166667   0.966105
      2      -0.130789  -0.981106   0.142567
 A Eigenvalues: 
                  0          1          2    
      0      -0.251371  -0.268835   0.532982
A(iso)  0.004258
 Nucleus: 32 H  
 Isotope: 1 
 Nuclear Spin:  0.5 
 Prefactor (MHz): 533.551395 
 Raw A tensor (MHz): 
                  0          1          2    
      0      -0.215118   0.163704  -0.021536
      1       0.163534   0.481152  -0.107104
      2      -0.021517  -0.107208  -0.253296
 A Tensor eigenvectors:
                   0          1          2    
      0       0.971315  -0.100453  -0.215536
      1      -0.197757   0.162123  -0.966751
      2       0.132057   0.981644   0.137607
 A Eigenvalues: 
                  0          1          2    
      0      -0.251337  -0.268797   0.532873
A(iso)  0.004246
 Nucleus: 34 H  
 Isotope: 1 
 Nuclear Spin:  0.5 
 Prefactor (MHz): 533.551395 
 Raw A tensor (MHz): 
                  0          1          2    
      0      -0.125375   0.006092   0.000044
      1       0.006203   0.491371   0.001744
      2       0.000044   0.001745  -0.147892
 A Tensor eigenvectors:
                   0          1          2    
      0       0.999951   0.001200   0.009876
      1      -0.009879   0.002717   0.999948
      2       0.001173  -0.999996   0.002729
 A Eigenvalues: 
                  0          1          2    
      0      -0.125436  -0.147897   0.491437
A(iso)  0.072701
 Nucleus: 35 H  
 Isotope: 1 
 Nuclear Spin:  0.5 
 Prefactor (MHz): 533.551395 
 Raw A tensor (MHz): 
                  0          1          2    
      0      -0.120034   0.166050   0.000471
      1       0.165907   0.260637   0.001245
      2       0.000470   0.001245  -0.189073
 A Tensor eigenvectors:
                   0          1          2    
      0       0.936360   0.001413   0.351037
      1      -0.351040   0.002246   0.936358
      2       0.000535  -0.999996   0.002599
 A Eigenvalues: 
                  0          1          2    
      0      -0.182239  -0.189076   0.322845
A(iso)  -0.016157
 Nucleus: 42 H  
 Isotope: 1 
 Nuclear Spin:  0.5 
 Prefactor (MHz): 533.551395 
 Raw A tensor (MHz): 
                  0          1          2    
      0       0.235416   0.008639   0.000024
      1       0.008632   0.433796   0.000618
      2       0.000024   0.000618   0.246132
 A Tensor eigenvectors:
                   0          1          2    
      0       0.999057   0.000407   0.043425
      1      -0.043426   0.003276   0.999051
      2       0.000264  -0.999995   0.003291
 A Eigenvalues: 
                  0          1          2    
      0       0.235041   0.246130   0.434173
A(iso)  0.305115
 Nucleus: 43 H  
 Isotope: 1 
 Nuclear Spin:  0.5 
 Prefactor (MHz): 533.551395 
 Raw A tensor (MHz): 
                  0          1          2    
      0      -0.005544   0.085306   0.000385
      1       0.085270  -0.183010  -0.000026
      2       0.000385  -0.000026  -0.162618
 A Tensor eigenvectors:
                   0          1          2    
      0       0.927601   0.000539  -0.373573
      1       0.373569   0.003525   0.927596
      2       0.001817  -0.999994   0.003068
 A Eigenvalues: 
                  0          1          2    
      0       0.028799  -0.162618  -0.217353
A(iso)  -0.117057
 Nucleus: 44 H  
 Isotope: 1 
 Nuclear Spin:  0.5 
 Prefactor (MHz): 533.551395 
 Raw A tensor (MHz): 
                  0          1          2    
