-------------------------------------------------------------
----------------------- !PROPERTIES! ------------------------
-------------------------------------------------------------
# -----------------------------------------------------------
$ PAL_Flags
   description: The PAL Flags
   geom. index: 1
   prop. index: 1
        Diskflag:     2
# -----------------------------------------------------------
$ SCF_Energy
   description: The SCF energy
   geom. index: 1
   prop. index: 1
        SCF Energy:     -852.8245079839
# -----------------------------------------------------------
$ DFT_Energy
   description: The DFT energy
   geom. index: 1
   prop. index: 1
   Number of Alpha Electrons                 79.0001786724 
   Number of Beta  Electrons                 78.0001791557 
   Total number of  Electrons               157.0003578281 
   Exchange energy                          -97.3541623883 
   Correlation energy                        -6.0895085560 
   Correlation energy NL                      0.0000000000 
   Exchange-Correlation energy             -103.4436709443 
   Embedding correction                       0.0000000000 
   Total DFT Energy (No VdW correction)    -852.8245079839 
# -----------------------------------------------------------
$ Mayer_Pop
   description: The Mayer population analysis
   geom. index: 1
   prop. index: 1
     Number of atoms                     : 47
     Threshold for printing              : 0.1000000
     Number of bond orders printed       : 52
  NA   - Mulliken gross atomic population
  ZA   - Total nuclear charge
  QA   - Mulliken gross atomic charge
  VA   - Mayer's total valence
  BVA  - Mayer's bonded valence
  FA   - Mayer's free valence
  ATOM       NA         ZA         QA         VA         BVA        FA
  0   0     6.3630     6.0000    -0.3630     3.7909     3.7908     0.0001
  1   0     6.3329     6.0000    -0.3329     3.8914     3.0859     0.8055
  2   0     5.5134     6.0000     0.4866     3.6495     3.6445     0.0050
  3   0     6.4176     6.0000    -0.4176     4.3325     4.3310     0.0015
  4   0     5.4790     6.0000     0.5210     3.8931     3.8922     0.0009
  5   0     5.7822     6.0000     0.2178     3.9929     3.9911     0.0018
  6   0     6.2192     6.0000    -0.2192     4.0522     4.0475     0.0047
  7   0     0.8636     1.0000     0.1364     0.9651     0.9650     0.0001
  8   0     0.8712     1.0000     0.1288     0.9632     0.9627     0.0005
  9   0     6.3731     6.0000    -0.3731     3.9925     3.9919     0.0006
 10   0     0.8473     1.0000     0.1527     0.9644     0.9644     0.0000
 11   0     0.8472     1.0000     0.1528     0.9643     0.9643     0.0000
 12   0     6.2659     6.0000    -0.2659     4.0080     4.0080     0.0000
 13   0     0.8558     1.0000     0.1442     0.9658     0.9658     0.0000
 14   0     0.8559     1.0000     0.1441     0.9658     0.9658     0.0000
 15   0     6.2662     6.0000    -0.2662     3.8906     3.8906    -0.0000
 16   0     0.8553     1.0000     0.1447     0.9668     0.9668     0.0000
 17   0     0.8552     1.0000     0.1448     0.9668     0.9668     0.0000
 18   0     6.5104     6.0000    -0.5104     3.8985     3.8985     0.0000
 19   0     0.8398     1.0000     0.1602     0.9651     0.9651     0.0000
 20   0     0.8398     1.0000     0.1602     0.9651     0.9651     0.0000
 21   0     6.3417     6.0000    -0.3417     4.0058     4.0057     0.0001
 22   0     0.8447     1.0000     0.1553     0.9621     0.9621     0.0000
 23   0     0.8448     1.0000     0.1552     0.9621     0.9621     0.0000
 24   0     6.2745     6.0000    -0.2745     4.0203     4.0203     0.0000
 25   0     0.8578     1.0000     0.1422     0.9661     0.9661     0.0000
 26   0     0.8578     1.0000     0.1422     0.9661     0.9661     0.0000
 27   0     6.2667     6.0000    -0.2667     3.8968     3.8968     0.0000
 28   0     0.8549     1.0000     0.1451     0.9669     0.9669     0.0000
 29   0     0.8550     1.0000     0.1450     0.9669     0.9669     0.0000
 30   0     6.5115     6.0000    -0.5115     3.8993     3.8993     0.0000
 31   0     0.8400     1.0000     0.1600     0.9651     0.9651     0.0000
 32   0     0.8399     1.0000     0.1601     0.9651     0.9651     0.0000
 33   0     6.3120     6.0000    -0.3120     3.9520     3.9518     0.0002
 34   0     0.8546     1.0000     0.1454     0.9665     0.9665     0.0000
 35   0     0.8550     1.0000     0.1450     0.9666     0.9666     0.0000
 36   0     5.4097     6.0000     0.5903     3.9331     3.9331     0.0000
 37   0     6.2819     6.0000    -0.2819     4.1966     4.1966     0.0000
 38   0     6.0985     6.0000    -0.0985     4.0943     4.0943     0.0000
 39   0     6.1254     6.0000    -0.1254     4.0772     4.0772     0.0000
 40   0     6.1017     6.0000    -0.1017     4.0982     4.0982     0.0000
 41   0     6.2757     6.0000    -0.2757     4.1838     4.1838     0.0000
 42   0     0.8931     1.0000     0.1069     0.9582     0.9582     0.0000
 43   0     0.8942     1.0000     0.1058     0.9614     0.9614     0.0000
 44   0     0.8803     1.0000     0.1197     0.9603     0.9603     0.0000
 45   0     0.8809     1.0000     0.1191     0.9603     0.9603     0.0000
 46   0     0.8940     1.0000     0.1060     0.9616     0.9616     0.0000
      Bond orders larger than 0.1000000
           Atom A     A.N. of A          Atom B    A.N. of B              Bond order
                0             6               4            6                0.807439
                0             6               5            6                0.107580
                0             6              33            6                2.512297
                1             6               2            6                1.240492
                1             6               3            6                0.116247
                1             6               5            6                0.115028
                1             6               6            6                1.397336
                2             6               3            6                1.426286
                2             6               9            6                0.908994
                3             6               4            6                1.454380
                3             6               7            1                0.982870
                4             6               5            6                1.407106
                4             6               6            6                0.100373
                5             6               6            6                1.384543
                5             6              21            6                0.976088
                6             6               8            1                0.971721
                9             6              10            1                0.967570
                9             6              11            1                0.967528
                9             6              12            6                1.017493
               12             6              13            1                0.963103
               12             6              14            1                0.963052
               12             6              15            6                0.983763
               15             6              16            1                0.972494
               15             6              17            1                0.972479
               15             6              18            6                0.955683
               18             6              19            1                0.972081
               18             6              20            1                0.972058
               18             6              34            1                0.968195
               21             6              22            1                0.953725
               21             6              23            1                0.953886
               21             6              24            6                1.015040
               24             6              25            1                0.962602
               24             6              26            1                0.962666
               24             6              27            6                0.988803
               27             6              28            1                0.971937
               27             6              29            1                0.971914
               27             6              30            6                0.954538
               30             6              31            1                0.972911
               30             6              32            1                0.972926
               30             6              35            1                0.967479
               33             6              36            6                1.004587
               36             6              37            6                1.389622
               36             6              41            6                1.385289
               37             6              38            6                1.476056
               37             6              44            1                0.982001
               38             6              39            6                1.452520
               38             6              46            1                0.976095
               39             6              40            6                1.455300
               39             6              42            1                0.965945
               40             6              41            6                1.475948
               40             6              43            1                0.977145
               41             6              45            1                0.979963
# -----------------------------------------------------------
$ Calculation_Info
   description: Details of the calculation
   geom. index: 1
   prop. index: 1
     Multiplicity:                          2
     Charge:                                0
     number of atoms:                       47
     number of electrons:                   0
     number of frozen core electrons:       1
     number of correlated electrons:        0
     number of basis functions:             549
     number of aux C basis functions:       3810
     number of aux J basis functions:       3810
     number of aux JK basis functions:      3810
     number of aux CABS basis functions:    0
     Total Energy                           -852.824508
# -----------------------------------------------------------
$ SCF_Electric_Properties
   description: The SCF Calculated Electric Properties
   geom. index: 1
   prop. index: 1
       Filename                          : EPRII_i.scfp 
       Do Dipole Moment Calculation      : true 
       Do Quadrupole Moment Calculation  : false 
       Do Polarizability Calculation     : false 
** Dipole moment part of electric properties **
        Magnitude of dipole moment (Debye) :        0.5922962392
        Electronic Contribution:
                  0    
      0      15.895106
      1      -0.251523
      2       0.012122
        Nuclear Contribution:
                  0    
      0     -15.662101
      1       0.248609
      2      -0.012006
        Total Dipole moment:
                  0    
      0       0.233004
      1      -0.002914
      2       0.000117
# -----------------------------------------------------------
$ EPRNMR_GTensor
   description: Electronic g tensor
   geom. index: 1
   prop. index: 1
 Source density: 1 SCF 
 Spin multiplicity: 2 
 raw g tensor: 
                  0          1          2    
      0       2.002141  -0.000045  -0.000001
      1      -0.000006   2.001634  -0.000003
      2      -0.000001  -0.000003   2.002946
 g tensor: 
                  0          1          2    
      0       0.050196   0.998739   0.001036
      1       0.998737  -0.050198   0.002028
      2       0.002077   0.000933  -0.999997
 G eigenvalues: 
                  0          1          2    
      0       2.001633   2.002142   2.002946
# -----------------------------------------------------------
$ EPRNMR_OrbitalShielding
   description: Orbital contribution to the NMR Shielding tensor (ppm)
   geom. index: 1
   prop. index: 1
 Number of stored nuclei 25
 Source density: 1 SCF 
 Nucleus: 7 H 
 Shielding tensor (ppm): 
                  0          1          2    
      0      28.127039   5.920700   0.024534
      1       5.702640  26.160527   0.022171
      2       0.024125   0.023019  18.745179
 P Tensor eigenvectors:
                   0          1          2    
      0      -0.001372  -0.646973  -0.762511
      1      -0.001966   0.762512  -0.646971
      2       0.999997   0.000611  -0.002318
 P Eigenvalues: 
                  0          1          2    
      0      18.745101  21.249571  33.038073
P(iso)  24.344248
 Nucleus: 8 H 
 Shielding tensor (ppm): 
                  0          1          2    
      0      27.891935   3.369095   0.016584
      1       3.346383  25.598409   0.016527
      2       0.016062   0.017068  20.010719
 P Tensor eigenvectors:
                   0          1          2    
      0      -0.001068  -0.581898  -0.813261
      1      -0.002362   0.813261  -0.581894
      2       0.999997   0.001299  -0.002243
 P Eigenvalues: 
                  0          1          2    
      0      20.010662  23.197013  30.293388
P(iso)  24.500355
 Nucleus: 10 H 
 Shielding tensor (ppm): 
                  0          1          2    
      0      29.332204  -0.493152   3.931823
      1      -0.314623  30.450087  -1.311378
      2       5.145198  -0.374559  27.108408
 P Tensor eigenvectors:
                   0          1          2    
      0      -0.603288  -0.273565   0.749137
      1       0.068662  -0.953657  -0.292956
      2       0.794562  -0.125300   0.594113
 P Eigenvalues: 
                  0          1          2    
      0      23.523941  30.212906  33.153853
P(iso)  28.963567
 Nucleus: 11 H 
 Shielding tensor (ppm): 
                  0          1          2    
      0      29.335995  -0.469233  -3.931570
      1      -0.289638  30.433775   1.326918
      2      -5.143612   0.386467  27.118843
 P Tensor eigenvectors:
                   0          1          2    
      0       0.603181  -0.272253   0.749701
      1      -0.072599  -0.954779  -0.288317
      2       0.794294   0.119480  -0.595670
 P Eigenvalues: 
                  0          1          2    
      0      23.529460  30.207569  33.151585
P(iso)  28.962871
 Nucleus: 13 H 
 Shielding tensor (ppm): 
                  0          1          2    
      0      30.528894   1.203852  -3.785393
      1       1.061895  31.594209   0.186603
      2      -3.494355   1.310410  28.424224
 P Tensor eigenvectors:
                   0          1          2    
      0       0.600134   0.104876   0.792995
      1      -0.195472  -0.942083   0.272525
      2       0.775648  -0.318560  -0.544876
 P Eigenvalues: 
                  0          1          2    
      0      25.421930  31.729420  33.395977
P(iso)  30.182442
 Nucleus: 14 H 
 Shielding tensor (ppm): 
                  0          1          2    
      0      30.514744   1.180402   3.796563
      1       1.037163  31.601812  -0.169889
      2       3.506841  -1.291089  28.427629
 P Tensor eigenvectors:
                   0          1          2    
      0      -0.601464   0.102259   0.792328
      1       0.190826  -0.944677   0.266779
      2       0.775775   0.311655   0.548676
 P Eigenvalues: 
                  0          1          2    
      0      25.419674  31.730807  33.393704
P(iso)  30.181395
 Nucleus: 16 H 
 Shielding tensor (ppm): 
                  0          1          2    
      0      31.215373   0.070229  -4.825718
      1       0.238580  30.887606  -0.327825
      2      -4.443631  -0.955667  28.974796
 P Tensor eigenvectors:
                   0          1          2    
      0       0.616393  -0.143697  -0.774216
      1       0.068021   0.989250  -0.129453
      2       0.784495   0.027131   0.619541
 P Eigenvalues: 
                  0          1          2    
      0      25.297128  30.850758  34.929890
P(iso)  30.359258
 Nucleus: 17 H 
 Shielding tensor (ppm): 
                  0          1          2    
      0      31.191604   0.040437   4.831732
      1       0.213713  30.878093   0.337987
      2       4.452098   0.966827  29.007817
 P Tensor eigenvectors:
                   0          1          2    
      0      -0.618491  -0.143521  -0.772574
      1      -0.072344   0.989403  -0.125886
      2       0.782455  -0.021968  -0.622320
 P Eigenvalues: 
                  0          1          2    
      0      25.297656  30.848469  34.931388
P(iso)  30.359171
 Nucleus: 19 H 
 Shielding tensor (ppm): 
                  0          1          2    
      0      30.504638  -1.518833   4.020940
      1      -2.363651  31.082095  -2.351476
      2       3.321877  -1.992965  31.245217
 P Tensor eigenvectors:
                   0          1          2    
      0      -0.744071   0.327110   0.582544
      1       0.001924   0.872986  -0.487742
      2       0.668098   0.361793   0.650193
 P Eigenvalues: 
                  0          1          2    
      0      27.184971  29.429811  36.217168
P(iso)  30.943983
 Nucleus: 20 H 
 Shielding tensor (ppm): 
                  0          1          2    
      0      30.529016  -1.499845  -4.034159
      1      -2.350023  31.058044   2.340362
      2      -3.338621   1.984502  31.245138
 P Tensor eigenvectors:
                   0          1          2    
      0      -0.741797   0.328233  -0.584808
      1       0.005870   0.875179   0.483764
      2      -0.670599  -0.355422   0.651132
 P Eigenvalues: 
                  0          1          2    
      0      27.183240  29.433594  36.215365
P(iso)  30.944066
 Nucleus: 22 H 
 Shielding tensor (ppm): 
                  0          1          2    
      0      29.093444  -2.070682   3.394677
      1      -1.437830  31.527331  -0.257768
      2       4.497044   1.087004  25.695094
 P Tensor eigenvectors:
                   0          1          2    
      0      -0.553555   0.536641  -0.636862
      1      -0.139556   0.694127   0.706196
      2       0.821036   0.479796  -0.309346
 P Eigenvalues: 
                  0          1          2    
      0      22.897262  30.485010  32.933597
P(iso)  28.771956
 Nucleus: 23 H 
 Shielding tensor (ppm): 
                  0          1          2    
      0      29.105486  -2.050360  -3.399458
      1      -1.416255  31.525580   0.281701
      2      -4.503425  -1.065218  25.684447
 P Tensor eigenvectors:
                   0          1          2    
      0       0.552551   0.535935  -0.638327
      1       0.135916   0.697669   0.703410
      2       0.822322  -0.475429   0.312656
 P Eigenvalues: 
                  0          1          2    
      0      22.898048  30.487528  32.929938
P(iso)  28.771838
 Nucleus: 25 H 
 Shielding tensor (ppm): 
                  0          1          2    
      0      30.516160   0.527513   3.963932
      1       0.365504  31.651127  -0.111017
      2       3.828802  -1.377391  28.299023
 P Tensor eigenvectors:
                   0          1          2    
      0      -0.597460  -0.121383   0.792658
      1       0.123802  -0.990588  -0.058378
      2       0.792284   0.063254   0.606865
 P Eigenvalues: 
                  0          1          2    
      0      25.241025  31.761799  33.463486
P(iso)  30.155437
 Nucleus: 26 H 
 Shielding tensor (ppm): 
                  0          1          2    
      0      30.532735   0.546832  -3.957190
      1       0.386811  31.644571   0.126899
      2      -3.823770   1.395477  28.291059
 P Tensor eigenvectors:
                   0          1          2    
      0       0.595871  -0.120232   0.794029
      1      -0.127850  -0.990322  -0.054011
      2       0.792838  -0.069333  -0.605476
 P Eigenvalues: 
                  0          1          2    
      0      25.240415  31.763212  33.464738
P(iso)  30.156122
 Nucleus: 28 H 
 Shielding tensor (ppm): 
                  0          1          2    
      0      31.076673  -0.465621   4.711721
      1      -0.244547  31.203367   0.480324
      2       4.243304   1.194295  28.560761
 P Tensor eigenvectors:
                   0          1          2    
      0      -0.598664  -0.138879  -0.788869
      1      -0.135676   0.988205  -0.071008
      2       0.789426   0.064520  -0.610445
 P Eigenvalues: 
                  0          1          2    
      0      25.041907  31.313918  34.484976
P(iso)  30.280267
 Nucleus: 29 H 
 Shielding tensor (ppm): 
                  0          1          2    
      0      31.099122  -0.439107  -4.708358
      1      -0.222373  31.212859  -0.468107
      2      -4.240225  -1.179985  28.528588
 P Tensor eigenvectors:
                   0          1          2    
      0       0.596672  -0.138480  -0.790447
      1       0.131580   0.988550  -0.073863
      2       0.791625  -0.059935   0.608061
 P Eigenvalues: 
                  0          1          2    
      0      25.039841  31.314964  34.485764
P(iso)  30.280190
 Nucleus: 31 H 
 Shielding tensor (ppm): 
                  0          1          2    
      0      30.582278  -1.823866  -4.117286
      1      -2.671060  31.023663   2.289204
      2      -3.444698   1.921465  31.221559
 P Tensor eigenvectors:
                   0          1          2    
      0      -0.759393   0.257587  -0.597470
      1      -0.089294   0.868342   0.487861
      2      -0.644475  -0.423829   0.636412
 P Eigenvalues: 
                  0          1          2    
      0      27.087927  29.300446  36.439128
P(iso)  30.942500
 Nucleus: 32 H 
 Shielding tensor (ppm): 
                  0          1          2    
      0      30.559291  -1.840884   4.104185
      1      -2.683170  31.044782  -2.299698
      2       3.426511  -1.929161  31.222825
 P Tensor eigenvectors:
                   0          1          2    
      0      -0.761453   0.256159   0.595459
      1      -0.092894   0.866003  -0.491334
      2       0.641529   0.429443   0.635625
 P Eigenvalues: 
                  0          1          2    
      0      27.089870  29.297880  36.439148
P(iso)  30.942299
 Nucleus: 34 H 
 Shielding tensor (ppm): 
                  0          1          2    
      0      29.311303   2.170989   0.011956
      1       3.410011  36.727575   0.037858
      2       0.016478   0.036280  26.138752
 P Tensor eigenvectors:
                   0          1          2    
      0      -0.001816   0.945410   0.325877
      1      -0.003016  -0.325881   0.945406
      2       0.999994   0.000735   0.003443
 P Eigenvalues: 
                  0          1          2    
      0      26.138614  28.379442  37.659574
P(iso)  30.725876
 Nucleus: 35 H 
 Shielding tensor (ppm): 
                  0          1          2    
      0      29.187721   1.827623   0.009768
      1       3.073548  36.899813   0.034203
      2       0.012826   0.032818  26.011994
 P Tensor eigenvectors:
                   0          1          2    
      0      -0.001434   0.957528   0.288335
      1      -0.002752  -0.288338   0.957525
      2       0.999995   0.000579   0.003049
 P Eigenvalues: 
                  0          1          2    
      0      26.011885  28.475722  37.611920
P(iso)  30.699842
 Nucleus: 42 H 
 Shielding tensor (ppm): 
                  0          1          2    
      0      23.969968   0.067436   0.001599
      1       0.072432  27.448763   0.005720
      2       0.001074   0.005593  21.583185
 P Tensor eigenvectors:
                   0          1          2    
      0      -0.000538   0.999797   0.020140
      1      -0.000959  -0.020140   0.999797
      2       0.999999   0.000518   0.000970
 P Eigenvalues: 
                  0          1          2    
      0      21.583179  23.968563  27.450173
P(iso)  24.333972
 Nucleus: 43 H 
 Shielding tensor (ppm): 
                  0          1          2    
      0      27.161800  -1.794475   0.001630
      1      -1.751664  24.536874   0.002442
      2       0.001038   0.002471  21.266929
 P Tensor eigenvectors:
                   0          1          2    
      0      -0.000547   0.450393  -0.892830
      1      -0.001044   0.892830   0.450393
      2       0.999999   0.001178  -0.000018
 P Eigenvalues: 
                  0          1          2    
      0      21.266926  23.643364  28.055313
P(iso)  24.321867
 Nucleus: 44 H 
 Shielding tensor (ppm): 
                  0          1          2    
      0      27.453645  -3.608691   0.001471
      1      -2.605335  24.477734   0.004376
      2       0.002076   0.003204  20.286749
 P Tensor eigenvectors:
                   0          1          2    
      0      -0.000953   0.541098  -0.840959
      1      -0.001605   0.840957   0.541099
      2       0.999998   0.001865   0.000067
 P Eigenvalues: 
                  0          1          2    
      0      20.286741  22.521410  29.409976
P(iso)  24.072709
 Nucleus: 45 H 
 Shielding tensor (ppm): 
                  0          1          2    
      0      28.418786   2.873682   0.005659
      1       1.991231  23.772925   0.005807
      2       0.001856   0.006009  19.981663
 P Tensor eigenvectors:
                   0          1          2    
      0      -0.000020  -0.401054  -0.916054
      1      -0.001561   0.916053  -0.401053
      2       0.999999   0.001422  -0.000644
 P Eigenvalues: 
                  0          1          2    
      0      19.981654  22.732884  29.458836
P(iso)  24.057791
 Nucleus: 46 H 
 Shielding tensor (ppm): 
                  0          1          2    
      0      27.234965   1.463256   0.005165
      1       1.466316  24.365853   0.004306
      2       0.004452   0.004646  21.311048
 P Tensor eigenvectors:
                   0          1          2    
      0      -0.000517  -0.387468  -0.921883
      1      -0.001217   0.921883  -0.387467
      2       0.999999   0.000921  -0.000948
 P Eigenvalues: 
                  0          1          2    
      0      21.311040  23.750155  27.850671
P(iso)  24.303955
# -----------------------------------------------------------
$ EPRNMR_ATensor
   description: Hyperfine A tensor
   geom. index: 1
   prop. index: 1
 Number of stored nuclei 25
 Source density: 1 SCF 
 Spin multiplicity: 2 
 Nucleus: 7 H  
 Isotope: 1 
 Nuclear Spin:  0.5 
 Prefactor (MHz): 533.551395 
 Raw A tensor (MHz): 
                  0          1          2    
      0      23.907883  -3.823361  -0.003196
      1      -3.819875  25.127612   0.006096
      2      -0.003189   0.006092  20.070026
 A Tensor eigenvectors:
                   0          1          2    
      0      -0.001491   0.760761  -0.649030
      1      -0.002333   0.649026   0.760762
      2       0.999996   0.002649   0.000807
 A Eigenvalues: 
                  0          1          2    
      0      20.070017  20.647777  28.387727
A(iso)  23.035174
 Nucleus: 8 H  
 Isotope: 1 
 Nuclear Spin:  0.5 
 Prefactor (MHz): 533.551395 
 Raw A tensor (MHz): 
                  0          1          2    
      0      49.577523   2.968896   0.008044
      1       2.970579  66.589914   0.042533
      2       0.008048   0.042531  48.070664
 A Tensor eigenvectors:
                   0          1          2    
      0      -0.001189   0.985937   0.167116
      1      -0.002106  -0.167118   0.985935
      2       0.999997   0.000820   0.002275
 A Eigenvalues: 
                  0          1          2    
      0      48.070565  49.074019  67.093517
A(iso)  54.746034
 Nucleus: 10 H  
 Isotope: 1 
 Nuclear Spin:  0.5 
 Prefactor (MHz): 533.551395 
 Raw A tensor (MHz): 
                  0          1          2    
      0      -7.292681   1.795317   1.337727
      1       1.795521   0.345395   3.369910
      2       1.338523   3.370638  -6.930698
 A Tensor eigenvectors:
                   0          1          2    
      0      -0.223427   0.806979  -0.546686
      1      -0.902796  -0.382778  -0.196064
      2      -0.367478   0.449740   0.814060
 A Eigenvalues: 
                  0          1          2    
      0       2.161806  -7.398624  -8.641165
A(iso)  -4.625994
 Nucleus: 11 H  
 Isotope: 1 
 Nuclear Spin:  0.5 
 Prefactor (MHz): 533.551395 
 Raw A tensor (MHz): 
                  0          1          2    
      0      -7.297262   1.798990  -1.327709
      1       1.799191   0.357135  -3.337876
      2      -1.328504  -3.338609  -6.962193
 A Tensor eigenvectors:
                   0          1          2    
      0       0.223439   0.807372  -0.546100
      1       0.904216  -0.380895  -0.193164
      2      -0.363962  -0.450632  -0.815146
 A Eigenvalues: 
                  0          1          2    
      0       2.145621  -7.404811  -8.643131
A(iso)  -4.634107
 Nucleus: 13 H  
 Isotope: 1 
 Nuclear Spin:  0.5 
 Prefactor (MHz): 533.551395 
 Raw A tensor (MHz): 
                  0          1          2    
      0      -0.494638  -0.799684  -0.213389
      1      -0.799169   1.676316   0.725269
      2      -0.213354   0.726010  -0.824213
 A Tensor eigenvectors:
                   0          1          2    
      0       0.953762   0.005830  -0.300507
      1       0.288609   0.261414   0.921069
      2       0.083927  -0.965209   0.247644
 A Eigenvalues: 
                  0          1          2    
      0      -0.755243  -1.019544   2.132251
A(iso)  0.119155
 Nucleus: 14 H  
 Isotope: 1 
 Nuclear Spin:  0.5 
 Prefactor (MHz): 533.551395 
 Raw A tensor (MHz): 
                  0          1          2    
      0      -0.495678  -0.798445   0.210034
      1      -0.797931   1.682287  -0.713438
      2       0.210001  -0.714176  -0.830891
 A Tensor eigenvectors:
                   0          1          2    
      0       0.953959   0.002672   0.299924
      1       0.289273   0.256061  -0.922363
      2      -0.079263   0.966657   0.243499
 A Eigenvalues: 
                  0          1          2    
      0      -0.755089  -1.019481   2.130288
A(iso)  0.118572
 Nucleus: 16 H  
 Isotope: 1 
 Nuclear Spin:  0.5 
 Prefactor (MHz): 533.551395 
 Raw A tensor (MHz): 
                  0          1          2    
      0      -0.523843   0.228746  -0.063712
      1       0.228783   0.987725  -0.299775
      2      -0.063801  -0.299979  -0.547749
 A Tensor eigenvectors:
                   0          1          2    
      0       0.925267   0.350076  -0.146039
      1      -0.200290   0.123950  -0.971864
      2      -0.322125   0.928484   0.184803
 A Eigenvalues: 
                  0          1          2    
      0      -0.551165  -0.611845   1.079144
A(iso)  -0.027956
 Nucleus: 17 H  
 Isotope: 1 
 Nuclear Spin:  0.5 
 Prefactor (MHz): 533.551395 
 Raw A tensor (MHz): 
                  0          1          2    
      0      -0.524800   0.227617   0.064961
      1       0.227654   0.984366   0.308372
      2       0.065051   0.308577  -0.544728
 A Tensor eigenvectors:
                   0          1          2    
      0       0.924142   0.353253   0.145512
      1      -0.202035   0.128610   0.970897
      2       0.324258  -0.926645   0.190224
 A Eigenvalues: 
                  0          1          2    
      0      -0.551755  -0.612349   1.078942
A(iso)  -0.028387
 Nucleus: 19 H  
 Isotope: 1 
 Nuclear Spin:  0.5 
 Prefactor (MHz): 533.551395 
 Raw A tensor (MHz): 
                  0          1          2    
      0      -0.253894  -0.152914   0.029991
      1      -0.152800   0.466990  -0.111528
      2       0.029983  -0.111605  -0.281820
 A Tensor eigenvectors:
                   0          1          2    
      0       0.889621  -0.411317   0.198476
      1       0.239542   0.050234  -0.969586
      2       0.388836   0.910107   0.143217
 A Eigenvalues: 
                  0          1          2    
      0      -0.281937  -0.301541   0.514754
A(iso)  -0.022908
 Nucleus: 20 H  
 Isotope: 1 
 Nuclear Spin:  0.5 
 Prefactor (MHz): 533.551395 
 Raw A tensor (MHz): 
                  0          1          2    
      0      -0.253806  -0.153179  -0.030731
      1      -0.153064   0.465858   0.115091
      2      -0.030723   0.115169  -0.280913
 A Tensor eigenvectors:
                   0          1          2    
      0       0.890903  -0.408293  -0.198968
      1       0.241639   0.055149   0.968798
      2      -0.384581  -0.911183   0.147792
 A Eigenvalues: 
                  0          1          2    
      0      -0.282064  -0.301660   0.514863
A(iso)  -0.022954
 Nucleus: 22 H  
 Isotope: 1 
 Nuclear Spin:  0.5 
 Prefactor (MHz): 533.551395 
 Raw A tensor (MHz): 
                  0          1          2    
      0       5.031842   1.423686   0.821223
      1       1.423035   4.096069   0.284253
      2       0.821703   0.284924   3.795200
 A Tensor eigenvectors:
                   0          1          2    
      0       0.621753   0.011119   0.783135
      1      -0.685511   0.491340   0.537271
      2      -0.378811  -0.870897   0.313114
 A Eigenvalues: 
                  0          1          2    
      0       2.962167   3.624075   6.336867
A(iso)  4.307703
 Nucleus: 23 H  
 Isotope: 1 
 Nuclear Spin:  0.5 
 Prefactor (MHz): 533.551395 
 Raw A tensor (MHz): 
                  0          1          2    
      0       5.030062   1.428694  -0.812375
      1       1.428044   4.094693  -0.281139
      2      -0.812857  -0.281808   3.786210
 A Tensor eigenvectors:
                   0          1          2    
      0       0.621276   0.010300  -0.783524
      1      -0.687669   0.486546  -0.538874
      2       0.375670   0.873594   0.309363
 A Eigenvalues: 
                  0          1          2    
      0       2.957814   3.619784   6.333367
A(iso)  4.303655
 Nucleus: 25 H  
 Isotope: 1 
 Nuclear Spin:  0.5 
 Prefactor (MHz): 533.551395 
 Raw A tensor (MHz): 
                  0          1          2    
      0      -0.206007   0.810598  -0.173487
      1       0.810168   1.891518  -0.665674
      2      -0.173407  -0.666569  -0.470971
 A Tensor eigenvectors:
                   0          1          2    
      0       0.931703  -0.189640  -0.309784
      1      -0.244120   0.304583  -0.920671
      2       0.268950   0.933416   0.237486
 A Eigenvalues: 
                  0          1          2    
      0      -0.468266  -0.653245   2.336051
A(iso)  0.404847
 Nucleus: 26 H  
 Isotope: 1 
 Nuclear Spin:  0.5 
 Prefactor (MHz): 533.551395 
 Raw A tensor (MHz): 
                  0          1          2    
      0      -0.206999   0.808518   0.178072
      1       0.808090   1.885371   0.678922
      2       0.177991   0.679820  -0.464082
 A Tensor eigenvectors:
                   0          1          2    
      0       0.932360  -0.187233   0.309273
      1      -0.242965   0.308972   0.919513
      2      -0.267720  -0.932459   0.242582
 A Eigenvalues: 
                  0          1          2    
      0      -0.468616  -0.653597   2.336503
A(iso)  0.404763
 Nucleus: 28 H  
 Isotope: 1 
 Nuclear Spin:  0.5 
 Prefactor (MHz): 533.551395 
 Raw A tensor (MHz): 
                  0          1          2    
      0      -0.055695   0.452125   0.100626
      1       0.451892   0.331412   0.152131
      2       0.100672   0.152295  -0.341154
 A Tensor eigenvectors:
                   0          1          2    
      0       0.833702   0.106639   0.541821
      1      -0.552131   0.143783   0.821266
      2       0.009674  -0.983847   0.178751
 A Eigenvalues: 
                  0          1          2    
      0      -0.353846  -0.374326   0.662735
A(iso)  -0.021812
 Nucleus: 29 H  
 Isotope: 1 
 Nuclear Spin:  0.5 
 Prefactor (MHz): 533.551395 
 Raw A tensor (MHz): 
                  0          1          2    
      0      -0.055346   0.452935  -0.097746
      1       0.452702   0.332730  -0.147786
      2      -0.097793  -0.147949  -0.343170
 A Tensor eigenvectors:
                   0          1          2    
      0       0.833739   0.104218  -0.542235
      1      -0.552064   0.139075  -0.822122
      2      -0.010269   0.984783   0.173487
 A Eigenvalues: 
                  0          1          2    
      0      -0.353947  -0.374416   0.662577
A(iso)  -0.021929
 Nucleus: 31 H  
 Isotope: 1 
 Nuclear Spin:  0.5 
 Prefactor (MHz): 533.551395 
 Raw A tensor (MHz): 
                  0          1          2    
      0      -0.214829   0.162773   0.022217
      1       0.162649   0.477733   0.109472
      2       0.022205   0.109582  -0.251949
 A Tensor eigenvectors:
                   0          1          2    
      0       0.972212  -0.091768   0.215367
      1      -0.198549   0.164170   0.966243
      2      -0.124027  -0.982154   0.141387
 A Eigenvalues: 
                  0          1          2    
      0      -0.250877  -0.268189   0.530021
A(iso)  0.003652
 Nucleus: 32 H  
 Isotope: 1 
 Nuclear Spin:  0.5 
 Prefactor (MHz): 533.551395 
 Raw A tensor (MHz): 
                  0          1          2    
      0      -0.214634   0.163126  -0.021352
      1       0.163001   0.478574  -0.105559
      2      -0.021340  -0.105667  -0.252996
 A Tensor eigenvectors:
                   0          1          2    
      0       0.971913  -0.093975  -0.215764
      1      -0.199231   0.159462  -0.966891
      2       0.125270   0.982721   0.136260
 A Eigenvalues: 
                  0          1          2    
      0      -0.250796  -0.268100   0.529840
A(iso)  0.003648
 Nucleus: 34 H  
 Isotope: 1 
 Nuclear Spin:  0.5 
 Prefactor (MHz): 533.551395 
 Raw A tensor (MHz): 
                  0          1          2    
      0      -0.115379   0.003635   0.000048
      1       0.003710   0.497342   0.001759
      2       0.000049   0.001759  -0.137401
 A Tensor eigenvectors:
                   0          1          2    
      0       0.999981   0.001746   0.005932
      1      -0.005937   0.002761   0.999979
      2       0.001730  -0.999995   0.002772
 A Eigenvalues: 
                  0          1          2    
      0      -0.115401  -0.137406   0.497369
A(iso)  0.081521
 Nucleus: 35 H  
 Isotope: 1 
 Nuclear Spin:  0.5 
 Prefactor (MHz): 533.551395 
 Raw A tensor (MHz): 
                  0          1          2    
      0      -0.121890   0.164772   0.000492
      1       0.164659   0.258754   0.001312
      2       0.000491   0.001313  -0.189942
 A Tensor eigenvectors:
                   0          1          2    
      0       0.937024   0.001292   0.349262
      1      -0.349264   0.002450   0.937021
      2       0.000355  -0.999996   0.002747
 A Eigenvalues: 
                  0          1          2    
      0      -0.183269  -0.189945   0.320137
A(iso)  -0.017692
 Nucleus: 42 H  
 Isotope: 1 
 Nuclear Spin:  0.5 
 Prefactor (MHz): 533.551395 
 Raw A tensor (MHz): 
                  0          1          2    
      0       0.272334   0.010555   0.000013
      1       0.010547   0.498188   0.000189
      2       0.000013   0.000189   0.295241
 A Tensor eigenvectors:
                   0          1          2    
      0       0.998915  -0.000143   0.046581
      1      -0.046581   0.000941   0.998914
      2      -0.000187  -1.000000   0.000933
 A Eigenvalues: 
                  0          1          2    
      0       0.271842   0.295241   0.498680
A(iso)  0.355255
 Nucleus: 43 H  
 Isotope: 1 
 Nuclear Spin:  0.5 
 Prefactor (MHz): 533.551395 
 Raw A tensor (MHz): 
                  0          1          2    
      0      -0.040503   0.091853   0.000154
      1       0.091818  -0.209380   0.000035
      2       0.000154   0.000035  -0.189993
 A Tensor eigenvectors:
                   0          1          2    
      0      -0.915634  -0.000549  -0.402013
      1      -0.402012  -0.000785   0.915634
      2      -0.000818   1.000000   0.000498
 A Eigenvalues: 
                  0          1          2    
      0      -0.000187  -0.189993  -0.249696
A(iso)  -0.146625
