-------------------------------------------------------------
----------------------- !PROPERTIES! ------------------------
-------------------------------------------------------------
# -----------------------------------------------------------
$ PAL_Flags
   description: The PAL Flags
   geom. index: 1
   prop. index: 1
        Diskflag:     2
# -----------------------------------------------------------
$ SCF_Energy
   description: The SCF energy
   geom. index: 1
   prop. index: 1
        SCF Energy:     -852.8233665382
# -----------------------------------------------------------
$ DFT_Energy
   description: The DFT energy
   geom. index: 1
   prop. index: 1
   Number of Alpha Electrons                 79.0001775818 
   Number of Beta  Electrons                 78.0001784991 
   Total number of  Electrons               157.0003560809 
   Exchange energy                          -97.3477121662 
   Correlation energy                        -6.0901225476 
   Correlation energy NL                      0.0000000000 
   Exchange-Correlation energy             -103.4378347138 
   Embedding correction                       0.0000000000 
   Total DFT Energy (No VdW correction)    -852.8233665382 
# -----------------------------------------------------------
$ Mayer_Pop
   description: The Mayer population analysis
   geom. index: 1
   prop. index: 1
     Number of atoms                     : 47
     Threshold for printing              : 0.1000000
     Number of bond orders printed       : 56
  NA   - Mulliken gross atomic population
  ZA   - Total nuclear charge
  QA   - Mulliken gross atomic charge
  VA   - Mayer's total valence
  BVA  - Mayer's bonded valence
  FA   - Mayer's free valence
  ATOM       NA         ZA         QA         VA         BVA        FA
  0   0     6.3645     6.0000    -0.3645     3.7987     3.7986     0.0001
  1   0     6.3369     6.0000    -0.3369     3.8989     3.0934     0.8055
  2   0     5.4995     6.0000     0.5005     3.6454     3.6404     0.0050
  3   0     6.4241     6.0000    -0.4241     4.3429     4.3414     0.0015
  4   0     5.4755     6.0000     0.5245     3.9106     3.9097     0.0009
  5   0     5.7752     6.0000     0.2248     3.9977     3.9960     0.0017
  6   0     6.2212     6.0000    -0.2212     4.0574     4.0527     0.0047
  7   0     0.8652     1.0000     0.1348     0.9656     0.9655     0.0001
  8   0     0.8731     1.0000     0.1269     0.9637     0.9632     0.0005
  9   0     6.3714     6.0000    -0.3714     3.9972     3.9966     0.0006
 10   0     0.8500     1.0000     0.1500     0.9651     0.9651     0.0000
 11   0     0.8499     1.0000     0.1501     0.9651     0.9651     0.0000
 12   0     6.2600     6.0000    -0.2600     4.0122     4.0122     0.0000
 13   0     0.8588     1.0000     0.1412     0.9664     0.9664     0.0000
 14   0     0.8589     1.0000     0.1411     0.9664     0.9664     0.0000
 15   0     6.2574     6.0000    -0.2574     3.8915     3.8915    -0.0000
 16   0     0.8583     1.0000     0.1417     0.9675     0.9675    -0.0000
 17   0     0.8582     1.0000     0.1418     0.9675     0.9675     0.0000
 18   0     6.5075     6.0000    -0.5075     3.8990     3.8990     0.0000
 19   0     0.8420     1.0000     0.1580     0.9657     0.9657     0.0000
 20   0     0.8420     1.0000     0.1580     0.9657     0.9657     0.0000
 21   0     6.3380     6.0000    -0.3380     4.0098     4.0097     0.0001
 22   0     0.8474     1.0000     0.1526     0.9629     0.9629     0.0000
 23   0     0.8474     1.0000     0.1526     0.9629     0.9629     0.0000
 24   0     6.2695     6.0000    -0.2695     4.0256     4.0256     0.0000
 25   0     0.8608     1.0000     0.1392     0.9668     0.9668     0.0000
 26   0     0.8607     1.0000     0.1393     0.9668     0.9668     0.0000
 27   0     6.2577     6.0000    -0.2577     3.8980     3.8980     0.0000
 28   0     0.8580     1.0000     0.1420     0.9676     0.9676     0.0000
 29   0     0.8580     1.0000     0.1420     0.9677     0.9677     0.0000
 30   0     6.5087     6.0000    -0.5087     3.8999     3.8999     0.0000
 31   0     0.8421     1.0000     0.1579     0.9657     0.9657    -0.0000
 32   0     0.8421     1.0000     0.1579     0.9657     0.9657    -0.0000
 33   0     6.3132     6.0000    -0.3132     3.9595     3.9593     0.0002
 34   0     0.8562     1.0000     0.1438     0.9669     0.9669     0.0000
 35   0     0.8566     1.0000     0.1434     0.9670     0.9670     0.0000
 36   0     5.4024     6.0000     0.5976     3.9428     3.9428     0.0000
 37   0     6.2830     6.0000    -0.2830     4.2008     4.2008     0.0000
 38   0     6.0971     6.0000    -0.0971     4.0972     4.0972     0.0000
 39   0     6.1235     6.0000    -0.1235     4.0792     4.0792     0.0000
 40   0     6.1005     6.0000    -0.1005     4.1011     4.1011     0.0000
 41   0     6.2766     6.0000    -0.2766     4.1891     4.1891     0.0000
 42   0     0.8949     1.0000     0.1051     0.9586     0.9586     0.0000
 43   0     0.8957     1.0000     0.1043     0.9618     0.9618     0.0000
 44   0     0.8820     1.0000     0.1180     0.9607     0.9607     0.0000
 45   0     0.8825     1.0000     0.1175     0.9607     0.9607     0.0000
 46   0     0.8957     1.0000     0.1043     0.9620     0.9620     0.0000
      Bond orders larger than 0.1000000
           Atom A     A.N. of A          Atom B    A.N. of B              Bond order
                0             6               4            6                0.807924
                0             6               5            6                0.109240
                0             6              33            6                2.511210
                1             6               2            6                1.237398
                1             6               3            6                0.117862
                1             6               5            6                0.119023
                1             6               6            6                1.398508
                2             6               3            6                1.426113
                2             6               9            6                0.908065
                3             6               4            6                1.458244
                3             6               7            1                0.983900
                4             6               5            6                1.410897
                4             6               6            6                0.103428
                4             6              33            6                0.100858
                5             6               6            6                1.383650
                5             6              21            6                0.977464
                6             6               8            1                0.972437
                9             6              10            1                0.967626
                9             6              11            1                0.967523
                9             6              12            6                1.018768
               12             6              13            1                0.962370
               12             6              14            1                0.962234
               12             6              15            6                0.985554
               15             6              16            1                0.971930
               15             6              17            1                0.971900
               15             6              18            6                0.955388
               18             6              19            1                0.972031
               18             6              20            1                0.972002
               18             6              34            1                0.968047
               21             6              22            1                0.953264
               21             6              23            1                0.953567
               21             6              24            6                1.016209
               24             6              25            1                0.961832
               24             6              26            1                0.961911
               24             6              27            6                0.990982
               27             6              28            1                0.971320
               27             6              29            1                0.971295
               27             6              30            6                0.954272
               30             6              31            1                0.972879
               30             6              32            1                0.972895
               30             6              35            1                0.967294
               33             6              36            6                1.006035
               36             6              37            6                1.390287
               36             6              38            6                0.100311
               36             6              41            6                1.385875
               37             6              38            6                1.475629
               37             6              39            6                0.100823
               37             6              44            1                0.982829
               38             6              39            6                1.452481
               38             6              46            1                0.976681
               39             6              40            6                1.455044
               39             6              41            6                0.102104
               39             6              42            1                0.966372
               40             6              41            6                1.475899
               40             6              43            1                0.977722
               41             6              45            1                0.980745
# -----------------------------------------------------------
$ Calculation_Info
   description: Details of the calculation
   geom. index: 1
   prop. index: 1
     Multiplicity:                          2
     Charge:                                0
     number of atoms:                       47
     number of electrons:                   0
     number of frozen core electrons:       1
     number of correlated electrons:        0
     number of basis functions:             549
     number of aux C basis functions:       3810
     number of aux J basis functions:       3810
     number of aux JK basis functions:      3810
     number of aux CABS basis functions:    0
     Total Energy                           -852.823367
# -----------------------------------------------------------
$ SCF_Electric_Properties
   description: The SCF Calculated Electric Properties
   geom. index: 1
   prop. index: 1
       Filename                          : EPRII.scfp 
       Do Dipole Moment Calculation      : true 
       Do Quadrupole Moment Calculation  : false 
       Do Polarizability Calculation     : false 
** Dipole moment part of electric properties **
        Magnitude of dipole moment (Debye) :        0.6015634546
        Electronic Contribution:
                  0    
      0      15.861177
      1      -0.230568
      2       0.015052
        Nuclear Contribution:
                  0    
      0     -15.624508
      1       0.230284
      2      -0.014892
        Total Dipole moment:
                  0    
      0       0.236668
      1      -0.000285
      2       0.000160
# -----------------------------------------------------------
$ EPRNMR_GTensor
   description: Electronic g tensor
   geom. index: 1
   prop. index: 1
 Source density: 1 SCF 
 Spin multiplicity: 2 
 raw g tensor: 
                  0          1          2    
      0       2.002154  -0.000003  -0.000001
      1      -0.000012   2.001724  -0.000003
      2      -0.000001  -0.000002   2.003122
 g tensor: 
                  0          1          2    
      0       0.017120   0.999853   0.001091
      1       0.999852  -0.017122   0.001735
      2       0.001753   0.001062  -0.999998
 G eigenvalues: 
                  0          1          2    
      0       2.001724   2.002154   2.003122
# -----------------------------------------------------------
$ EPRNMR_OrbitalShielding
   description: Orbital contribution to the NMR Shielding tensor (ppm)
   geom. index: 1
   prop. index: 1
 Number of stored nuclei 25
 Source density: 1 SCF 
 Nucleus: 7 H 
 Shielding tensor (ppm): 
                  0          1          2    
      0      36.046232 184.843282   0.128817
      1     -191.085804 126.698305  -0.182793
      2      -0.284297   0.131308 117.717432
 P Tensor eigenvectors:
                   0          1          2    
      0      -0.000896   0.816485  -0.577366
      1      -0.000875   0.577366   0.816485
      2       0.999999   0.001237   0.000197
 P Eigenvalues: 
                  0          1          2    
      0     117.717553  63.322338  99.422078
P(iso)  93.487323
 Nucleus: 8 H 
 Shielding tensor (ppm): 
                  0          1          2    
      0      33.606782 -127.453835  -0.015794
      1     -12.270292 -14.508958  -0.173760
      2      -0.170943  -0.015689  -2.711614
 P Tensor eigenvectors:
                   0          1          2    
      0      -0.012931   0.969325  -0.245443
      1      -0.003506   0.245418   0.969411
      2       0.999910   0.013396   0.000225
 P Eigenvalues: 
                  0          1          2    
      0      -2.708942  -2.539702  21.634854
P(iso)  5.462070
 Nucleus: 10 H 
 Shielding tensor (ppm): 
                  0          1          2    
      0      67.893479 -167.280729 296.662759
      1     225.171629 -38.412984 215.526550
      2     -203.966889 -160.296381  -1.075425
 P Tensor eigenvectors:
                   0          1          2    
      0      -0.480082   0.710091   0.515065
      1       0.688121   0.669004  -0.280934
      2       0.544069  -0.219555   0.809805
 P Eigenvalues: 
                  0          1          2    
      0     -25.518383  21.926958  31.996495
P(iso)  9.468357
 Nucleus: 11 H 
 Shielding tensor (ppm): 
                  0          1          2    
      0      67.849203 -165.261601 -298.263540
      1     223.577004 -37.915606 -216.165947
      2     205.668525 160.478245  -1.218090
 P Tensor eigenvectors:
                   0          1          2    
      0      -0.480850   0.710624  -0.513611
      1       0.691888   0.667346   0.275573
      2      -0.538585   0.222852   0.812566
 P Eigenvalues: 
                  0          1          2    
      0     -25.445850  22.026221  32.135135
P(iso)  9.571835
 Nucleus: 13 H 
 Shielding tensor (ppm): 
                  0          1          2    
      0      53.305158 243.930608 247.154112
      1     -306.380867 107.815273 323.700353
      2     -184.627701 -236.059011 135.664492
 P Tensor eigenvectors:
                   0          1          2    
      0      -0.654383   0.515838  -0.552896
      1       0.465646   0.851000   0.242843
      2      -0.595782   0.098542   0.797078
 P Eigenvalues: 
                  0          1          2    
      0     113.451021  76.694740 106.639162
P(iso)  98.928308
 Nucleus: 14 H 
 Shielding tensor (ppm): 
                  0          1          2    
      0      53.220756 245.540420 -245.706394
      1     -307.575558 108.331820 -323.840969
      2     182.751724 235.884705 135.065036
 P Tensor eigenvectors:
                   0          1          2    
      0      -0.654289   0.515955   0.552898
      1       0.461960   0.851533  -0.247961
      2       0.598747  -0.093179   0.795499
 P Eigenvalues: 
                  0          1          2    
      0     113.407628  76.642972 106.567013
P(iso)  98.872537
 Nucleus: 16 H 
 Shielding tensor (ppm): 
                  0          1          2    
      0      38.728463 -221.997941 -292.770346
      1     334.572945 -31.652306 -398.537064
      2     201.019400 289.667049 -33.466153
 P Tensor eigenvectors:
                   0          1          2    
      0      -0.676648   0.474664  -0.562887
      1       0.484049   0.862823   0.145713
      2      -0.554836   0.173869   0.813588
 P Eigenvalues: 
                  0          1          2    
      0     -42.065420   6.350639   9.324785
P(iso)  -8.796666
 Nucleus: 17 H 
 Shielding tensor (ppm): 
                  0          1          2    
      0      38.709292 -223.413605 291.746423
      1     335.309618 -32.226675 399.033116
      2     -199.254837 -289.999848 -32.699347
 P Tensor eigenvectors:
                   0          1          2    
      0      -0.677193   0.474970   0.561972
      1       0.481092   0.863698  -0.150255
      2       0.556740  -0.168609   0.813395
 P Eigenvalues: 
                  0          1          2    
      0     -41.964881   6.380759   9.367394
P(iso)  -8.738910
 Nucleus: 19 H 
 Shielding tensor (ppm): 
                  0          1          2    
      0      -5.052599 389.727430 -219.736351
      1     -457.685964  87.330864 -457.660137
      2     159.792746 329.927530  56.173297
 P Tensor eigenvectors:
                   0          1          2    
      0      -0.661163  -0.439121   0.608306
      1       0.302862  -0.898030  -0.319087
      2       0.686395  -0.026736   0.726738
 P Eigenvalues: 
                  0          1          2    
      0      46.525356  38.924993  53.001213
P(iso)  46.150521
 Nucleus: 20 H 
 Shielding tensor (ppm): 
                  0          1          2    
      0      -5.010383 388.903979 221.765794
      1     -457.436932  86.670998 457.289640
      2     -162.346188 -329.338016  57.073010
 P Tensor eigenvectors:
                   0          1          2    
      0      -0.660342  -0.438961  -0.609312
      1       0.306555  -0.898257   0.314894
      2      -0.685545   0.021150   0.727723
 P Eigenvalues: 
                  0          1          2    
      0      46.665096  38.986951  53.081578
P(iso)  46.244542
 Nucleus: 22 H 
 Shielding tensor (ppm): 
                  0          1          2    
      0      66.429004 -132.847950 -51.018163
      1     189.421047  98.527899 224.472068
      2      44.939004 -164.935344 121.654765
 P Tensor eigenvectors:
                   0          1          2    
      0       0.792008   0.163940   0.588087
      1       0.074307  -0.981996   0.173676
      2      -0.605971   0.093854   0.789931
 P Eigenvalues: 
                  0          1          2    
      0      90.451410  83.180629 112.979629
P(iso)  95.537223
 Nucleus: 23 H 
 Shielding tensor (ppm): 
                  0          1          2    
      0      66.416422 -133.216916  50.371268
      1     189.787677  98.779953 -224.532113
      2     -44.146599 164.824014 121.372801
 P Tensor eigenvectors:
                   0          1          2    
      0       0.791639   0.163942  -0.588584
      1       0.071647  -0.981592  -0.177043
      2       0.606774  -0.097984   0.788812
 P Eigenvalues: 
                  0          1          2    
      0      90.418974  83.180739 112.969463
P(iso)  95.523059
 Nucleus: 25 H 
 Shielding tensor (ppm): 
                  0          1          2    
      0      53.439130 172.233190 123.395423
      1     -267.772419  28.853590 -330.396576
      2     -81.547141 241.070847  45.566192
 P Tensor eigenvectors:
                   0          1          2    
      0       0.743095   0.280545   0.607539
      1       0.306895  -0.949646   0.063150
      2      -0.594664  -0.139525   0.791775
 P Eigenvalues: 
                  0          1          2    
      0      24.361019  43.093749  60.404144
P(iso)  42.619637
 Nucleus: 26 H 
 Shielding tensor (ppm): 
                  0          1          2    
      0      53.536973 173.241375 -122.536139
      1     -268.713545  28.422207 329.841867
      2      80.267684 -240.830345  45.956639
 P Tensor eigenvectors:
                   0          1          2    
      0       0.742059   0.280380  -0.608880
      1       0.304044  -0.950296  -0.067049
      2       0.597415   0.135372   0.790423
 P Eigenvalues: 
                  0          1          2    
      0      24.399281  43.100784  60.415755
P(iso)  42.638606
 Nucleus: 28 H 
 Shielding tensor (ppm): 
                  0          1          2    
      0      36.508225 -282.353804 -50.407819
      1     381.773784  67.079498 406.349089
      2      44.625011 -295.150545  67.601618
 P Tensor eigenvectors:
                   0          1          2    
      0      -0.727615   0.136052  -0.672359
      1      -0.077944  -0.990185  -0.116015
      2       0.681543   0.032008  -0.731077
 P Eigenvalues: 
                  0          1          2    
      0      53.735889  49.571172  67.882280
P(iso)  57.063114
 Nucleus: 29 H 
 Shielding tensor (ppm): 
                  0          1          2    
      0      36.509618 -283.194838  48.951679
      1     382.817682  67.633032 -405.558123
      2     -42.766762 294.572785  67.075773
 P Tensor eigenvectors:
                   0          1          2    
      0       0.726221   0.136120  -0.673851
      1       0.074537  -0.990013  -0.119656
      2       0.683409  -0.036669   0.729114
 P Eigenvalues: 
                  0          1          2    
      0      53.767104  49.570388  67.880930
P(iso)  57.072808
 Nucleus: 31 H 
 Shielding tensor (ppm): 
                  0          1          2    
      0      -4.471229 230.949756 -99.062863
      1     -341.601009  20.979271 463.342511
      2      70.160403 -336.381692 -14.607008
 P Tensor eigenvectors:
                   0          1          2    
      0       0.799262   0.105338  -0.591679
      1       0.181135  -0.980961   0.070041
      2       0.573036   0.163155   0.803125
 P Eigenvalues: 
                  0          1          2    
      0     -23.043314  10.366915  14.577434
P(iso)  0.633678
 Nucleus: 32 H 
 Shielding tensor (ppm): 
                  0          1          2    
      0      -4.547979 229.625962 100.256302
      1     -340.109685  21.616614 -464.013662
      2     -71.834371 337.154144 -15.180158
 P Tensor eigenvectors:
                   0          1          2    
      0       0.800677   0.105734   0.589691
      1       0.183985  -0.980134  -0.074070
      2      -0.570145  -0.167801   0.804225
 P Eigenvalues: 
                  0          1          2    
      0     -23.061444  10.369396  14.580526
P(iso)  0.629493
 Nucleus: 34 H 
 Shielding tensor (ppm): 
                  0          1          2    
      0     -106.137479  72.014683   0.383730
      1      87.031810   6.825884   0.820787
      2       0.141000   0.223672 -151.110173
 P Tensor eigenvectors:
                   0          1          2    
      0       0.390866  -0.920411   0.008210
      1       0.920447   0.390852  -0.003320
      2      -0.000153   0.008854   0.999961
 P Eigenvalues: 
                  0          1          2    
      0      46.788021 -146.100893 -151.108895
P(iso)  -83.473923
 Nucleus: 35 H 
 Shielding tensor (ppm): 
                  0          1          2    
      0     -109.300695 -327.121132  -0.842137
      1     383.075892  62.461842   0.881113
      2       0.953678  -0.023398 -93.071267
 P Tensor eigenvectors:
                   0          1          2    
      0      -0.001273  -0.560515  -0.828143
      1      -0.002511   0.828143  -0.560511
      2       0.999996   0.001366  -0.002461
 P Eigenvalues: 
                  0          1          2    
      0     -93.072430 -17.474886 -29.362804
P(iso)  -46.636707
 Nucleus: 42 H 
 Shielding tensor (ppm): 
                  0          1          2    
      0      41.096203 -18.584705   0.125428
      1       4.700974 -226.574122  -0.225956
      2       0.097588  -0.238457 -157.621315
 P Tensor eigenvectors:
                   0          1          2    
      0       0.999333   0.000232  -0.036527
      1       0.036526   0.003237   0.999327
      2       0.000350  -0.999995   0.003226
 P Eigenvalues: 
                  0          1          2    
      0      40.232363 -157.620586 -225.711011
P(iso)  -114.366411
 Nucleus: 43 H 
 Shielding tensor (ppm): 
                  0          1          2    
      0      10.693906 511.606714   1.794160
      1     -279.343377 -86.041113  -0.193161
      2      -0.910559   0.277123 -74.977087
 P Tensor eigenvectors:
                   0          1          2    
      0      -0.000565  -0.988796  -0.149271
      1      -0.003404   0.149272  -0.988790
      2       0.999994  -0.000050  -0.003450
 P Eigenvalues: 
                  0          1          2    
      0     -74.977526 -25.743421 -49.603347
P(iso)  -50.108098
 Nucleus: 44 H 
 Shielding tensor (ppm): 
                  0          1          2    
      0       7.648295 -483.021724  -1.710478
      1     332.700738 148.348981   0.390251
      2       1.096603  -0.140599  98.260539
 P Tensor eigenvectors:
                   0          1          2    
      0      -0.000678  -0.960585  -0.277986
      1      -0.003417   0.277987  -0.960579
      2       0.999994   0.000299  -0.003470
 P Eigenvalues: 
                  0          1          2    
      0      98.260297  58.661596  97.335923
P(iso)  84.752605
 Nucleus: 45 H 
 Shielding tensor (ppm): 
                  0          1          2    
      0      14.891826 465.152277   1.501541
      1     -297.035165 137.313294  -0.016493
      2      -1.051176   0.419253  94.762749
 P Tensor eigenvectors:
                   0          1          2    
      0      -0.000508   0.976731  -0.214469
      1      -0.003329   0.214466   0.976726
      2       0.999994   0.001210   0.003142
 P Eigenvalues: 
                  0          1          2    
      0      94.761915  55.739909  96.466045
P(iso)  82.322623
 Nucleus: 46 H 
 Shielding tensor (ppm): 
                  0          1          2    
      0       0.101696 -536.362634  -1.729327
      1     297.801211 -70.777926   0.183391
      2       1.031119  -0.334230 -71.054159
 P Tensor eigenvectors:
                   0          1          2    
      0      -0.000610   0.994788  -0.101963
      1      -0.003307   0.101961   0.994783
      2       0.999994   0.000944   0.003227
 P Eigenvalues: 
                  0          1          2    
      0     -71.053686 -24.832991 -45.843712
P(iso)  -47.243463
# -----------------------------------------------------------
$ EPRNMR_ATensor
   description: Hyperfine A tensor
   geom. index: 1
   prop. index: 1
 Number of stored nuclei 25
 Source density: 1 SCF 
 Spin multiplicity: 2 
 Nucleus: 7 H  
 Isotope: 1 
 Nuclear Spin:  0.5 
 Prefactor (MHz): 533.551395 
 Raw A tensor (MHz): 
                  0          1          2    
      0      24.437230  -3.783183  -0.001711
      1      -3.779758  25.571277   0.004352
      2      -0.001706   0.004348  20.593591
 A Tensor eigenvectors:
                   0          1          2    
      0      -0.001650   0.757700  -0.652601
      1      -0.002129   0.652597   0.757702
      2       0.999996   0.002639   0.000536
 A Eigenvalues: 
                  0          1          2    
      0      20.593585  21.180511  28.828002
A(iso)  23.534033
 Nucleus: 8 H  
 Isotope: 1 
 Nuclear Spin:  0.5 
 Prefactor (MHz): 533.551395 
 Raw A tensor (MHz): 
                  0          1          2    
      0      51.873163   2.879826   0.006900
      1       2.881377  68.868710   0.036816
      2       0.006903   0.036815  50.420441
 A Tensor eigenvectors:
                   0          1          2    
      0      -0.001149   0.986684   0.162646
      1      -0.001816  -0.162648   0.986682
      2       0.999998   0.000838   0.001979
 A Eigenvalues: 
                  0          1          2    
      0      50.420367  51.398199  69.343748
A(iso)  57.054105
 Nucleus: 10 H  
 Isotope: 1 
 Nuclear Spin:  0.5 
 Prefactor (MHz): 533.551395 
 Raw A tensor (MHz): 
                  0          1          2    
      0      -7.342537   1.820876   1.362461
      1       1.821102   0.325468   3.408070
      2       1.363263   3.408791  -6.989656
 A Tensor eigenvectors:
                   0          1          2    
      0      -0.225328   0.808505  -0.543642
      1      -0.901763  -0.384318  -0.197797
      2      -0.368851   0.445667   0.815677
 A Eigenvalues: 
                  0          1          2    
      0       2.174874  -7.456962  -8.724638
A(iso)  -4.668909
 Nucleus: 11 H  
 Isotope: 1 
 Nuclear Spin:  0.5 
 Prefactor (MHz): 533.551395 
 Raw A tensor (MHz): 
                  0          1          2    
      0      -7.357048   1.815405  -1.350458
      1       1.815626   0.319067  -3.382543
      2      -1.351260  -3.383272  -7.015446
 A Tensor eigenvectors:
                   0          1          2    
      0       0.224610   0.808335  -0.544193
      1       0.902882  -0.382705  -0.195808
      2      -0.366543  -0.447362  -0.815790
 A Eigenvalues: 
                  0          1          2    
      0       2.144294  -7.469056  -8.728665
A(iso)  -4.684476
 Nucleus: 13 H  
 Isotope: 1 
 Nuclear Spin:  0.5 
 Prefactor (MHz): 533.551395 
 Raw A tensor (MHz): 
                  0          1          2    
      0      -0.490420  -0.807817  -0.218390
      1      -0.807303   1.678059   0.732822
      2      -0.218355   0.733564  -0.821293
 A Tensor eigenvectors:
                   0          1          2    
      0       0.953036   0.003244  -0.302841
      1       0.291369   0.262984   0.919752
      2       0.082626  -0.964795   0.249688
 A Eigenvalues: 
                  0          1          2    
      0      -0.756168  -1.020504   2.143018
A(iso)  0.122116
 Nucleus: 14 H  
 Isotope: 1 
 Nuclear Spin:  0.5 
 Prefactor (MHz): 533.551395 
 Raw A tensor (MHz): 
                  0          1          2    
      0      -0.491437  -0.806816   0.214836
      1      -0.806302   1.683157  -0.719644
      2       0.214803  -0.720381  -0.829615
 A Tensor eigenvectors:
                   0          1          2    
      0       0.953160  -0.000521   0.302467
      1       0.292434   0.257014  -0.921101
      2      -0.077258   0.966408   0.245128
 A Eigenvalues: 
                  0          1          2    
      0      -0.756228  -1.021305   2.139638
A(iso)  0.120702
 Nucleus: 16 H  
 Isotope: 1 
 Nuclear Spin:  0.5 
 Prefactor (MHz): 533.551395 
 Raw A tensor (MHz): 
                  0          1          2    
      0      -0.528498   0.234825  -0.065634
      1       0.234866   0.993016  -0.304856
      2      -0.065725  -0.305061  -0.553188
 A Tensor eigenvectors:
                   0          1          2    
      0       0.924669   0.350538  -0.148698
      1      -0.203369   0.124492  -0.971155
      2      -0.321915   0.928238   0.186402
 A Eigenvalues: 
                  0          1          2    
      0      -0.557282  -0.618917   1.087529
A(iso)  -0.029557
 Nucleus: 17 H  
 Isotope: 1 
 Nuclear Spin:  0.5 
 Prefactor (MHz): 533.551395 
 Raw A tensor (MHz): 
                  0          1          2    
      0      -0.529669   0.234112   0.066907
      1       0.234153   0.989733   0.312918
      2       0.066999   0.313125  -0.550700
 A Tensor eigenvectors:
                   0          1          2    
      0       0.923510   0.353704   0.148401
      1      -0.205192   0.128680   0.970225
      2       0.324076  -0.926464   0.191415
 A Eigenvalues: 
                  0          1          2    
      0      -0.558194  -0.619764   1.087322
A(iso)  -0.030212
 Nucleus: 19 H  
 Isotope: 1 
 Nuclear Spin:  0.5 
 Prefactor (MHz): 533.551395 
 Raw A tensor (MHz): 
                  0          1          2    
      0      -0.255725  -0.152921   0.030003
      1      -0.152806   0.468711  -0.112916
      2       0.029994  -0.112993  -0.283479
 A Tensor eigenvectors:
                   0          1          2    
      0       0.894224  -0.401657   0.197574
      1       0.238553   0.054146  -0.969619
      2       0.378757   0.914188   0.144235
 A Eigenvalues: 
                  0          1          2    
      0      -0.283789  -0.303360   0.516656
A(iso)  -0.023498
 Nucleus: 20 H  
 Isotope: 1 
 Nuclear Spin:  0.5 
 Prefactor (MHz): 533.551395 
 Raw A tensor (MHz): 
                  0          1          2    
      0      -0.255821  -0.153018  -0.030747
      1      -0.152903   0.467508   0.116716
      2      -0.030738   0.116795  -0.282526
 A Tensor eigenvectors:
                   0          1          2    
      0       0.895144  -0.399473  -0.197835
      1       0.240543   0.059206   0.968831
      2      -0.375309  -0.914831   0.149088
 A Eigenvalues: 
                  0          1          2    
      0      -0.284026  -0.303517   0.516704
A(iso)  -0.023613
 Nucleus: 22 H  
 Isotope: 1 
 Nuclear Spin:  0.5 
 Prefactor (MHz): 533.551395 
 Raw A tensor (MHz): 
                  0          1          2    
      0       5.105750   1.412680   0.812556
      1       1.412030   4.157633   0.284369
      2       0.813036   0.285038   3.848179
 A Tensor eigenvectors:
                   0          1          2    
      0       0.619410   0.008742   0.785019
      1      -0.686156   0.491908   0.535925
      2      -0.381472  -0.870603   0.310690
 A Eigenvalues: 
                  0          1          2    
      0       3.040763   3.679077   6.391722
A(iso)  4.370521
 Nucleus: 23 H  
 Isotope: 1 
 Nuclear Spin:  0.5 
 Prefactor (MHz): 533.551395 
 Raw A tensor (MHz): 
                  0          1          2    
      0       5.101250   1.417610  -0.804294
      1       1.416960   4.153912  -0.281772
      2      -0.804777  -0.282440   3.837399
 A Tensor eigenvectors:
                   0          1          2    
      0       0.619050   0.008228  -0.785308
      1      -0.688323   0.487147  -0.537493
      2       0.378138   0.873281   0.307232
 A Eigenvalues: 
                  0          1          2    
      0       3.034060   3.672372   6.386130
A(iso)  4.364187
 Nucleus: 25 H  
 Isotope: 1 
 Nuclear Spin:  0.5 
 Prefactor (MHz): 533.551395 
 Raw A tensor (MHz): 
                  0          1          2    
      0      -0.186491   0.822270  -0.177807
      1       0.821841   1.918727  -0.673265
      2      -0.177729  -0.674162  -0.447951
 A Tensor eigenvectors:
                   0          1          2    
      0       0.929240  -0.197883  -0.312017
      1      -0.242926   0.309072  -0.919490
      2       0.278387   0.930224   0.239131
 A Eigenvalues: 
                  0          1          2    
      0      -0.454505  -0.634137   2.372927
A(iso)  0.428095
 Nucleus: 26 H  
 Isotope: 1 
 Nuclear Spin:  0.5 
 Prefactor (MHz): 533.551395 
 Raw A tensor (MHz): 
                  0          1          2    
      0      -0.188562   0.820099   0.182434
      1       0.819673   1.911209   0.686185
      2       0.182355   0.687086  -0.442136
 A Tensor eigenvectors:
                   0          1          2    
      0       0.929987  -0.195124   0.311530
      1      -0.241900   0.313268   0.918340
      2      -0.276783  -0.929403   0.244134
 A Eigenvalues: 
                  0          1          2    
      0      -0.455960  -0.635442   2.371913
A(iso)  0.426837
 Nucleus: 28 H  
 Isotope: 1 
 Nuclear Spin:  0.5 
 Prefactor (MHz): 533.551395 
 Raw A tensor (MHz): 
                  0          1          2    
      0      -0.052792   0.454892   0.102464
      1       0.454657   0.328255   0.152640
      2       0.102511   0.152805  -0.342392
 A Tensor eigenvectors:
                   0          1          2    
      0       0.828508   0.128504   0.545034
      1      -0.558925   0.130101   0.818949
      2       0.034329  -0.983138   0.179614
 A Eigenvalues: 
                  0          1          2    
      0      -0.355314  -0.376017   0.664401
A(iso)  -0.022310
 Nucleus: 29 H  
 Isotope: 1 
 Nuclear Spin:  0.5 
 Prefactor (MHz): 533.551395 
 Raw A tensor (MHz): 
                  0          1          2    
      0      -0.052548   0.455670  -0.099731
      1       0.455435   0.329486  -0.148566
      2      -0.099779  -0.148730  -0.344361
 A Tensor eigenvectors:
                   0          1          2    
      0       0.828623   0.126199  -0.545397
      1      -0.558718   0.125702  -0.819776
      2      -0.034898   0.984009   0.174669
 A Eigenvalues: 
                  0          1          2    
      0      -0.355484  -0.376161   0.664223
A(iso)  -0.022474
 Nucleus: 31 H  
 Isotope: 1 
 Nuclear Spin:  0.5 
 Prefactor (MHz): 533.551395 
 Raw A tensor (MHz): 
                  0          1          2    
      0      -0.214934   0.164142   0.022540
      1       0.164015   0.478867   0.110566
      2       0.022528   0.110676  -0.252190
 A Tensor eigenvectors:
                   0          1          2    
      0       0.971574  -0.095657   0.216549
      1      -0.198909   0.166156   0.965830
      2      -0.128370  -0.981449   0.142406
 A Eigenvalues: 
                  0          1          2    
      0      -0.251488  -0.268729   0.531960
A(iso)  0.003914
 Nucleus: 32 H  
 Isotope: 1 
 Nuclear Spin:  0.5 
 Prefactor (MHz): 533.551395 
 Raw A tensor (MHz): 
                  0          1          2    
      0      -0.214806   0.164467  -0.021692
      1       0.164340   0.479770  -0.106786
      2      -0.021681  -0.106895  -0.253266
 A Tensor eigenvectors:
                   0          1          2    
      0       0.971288  -0.097796  -0.216875
      1      -0.199529   0.161597  -0.966475
      2       0.129564   0.981999   0.137444
 A Eigenvalues: 
                  0          1          2    
      0      -0.251457  -0.268696   0.531850
A(iso)  0.003899
 Nucleus: 34 H  
 Isotope: 1 
 Nuclear Spin:  0.5 
 Prefactor (MHz): 533.551395 
 Raw A tensor (MHz): 
                  0          1          2    
      0      -0.112965   0.005406   0.000040
      1       0.005483   0.503097   0.001740
      2       0.000040   0.001741  -0.134831
 A Tensor eigenvectors:
                   0          1          2    
      0       0.999961   0.001145   0.008774
      1      -0.008777   0.002718   0.999958
      2       0.001121  -0.999996   0.002728
 A Eigenvalues: 
                  0          1          2    
      0      -0.113014  -0.134836   0.503150
A(iso)  0.085100
 Nucleus: 35 H  
 Isotope: 1 
 Nuclear Spin:  0.5 
 Prefactor (MHz): 533.551395 
 Raw A tensor (MHz): 
                  0          1          2    
      0      -0.121405   0.166240   0.000471
      1       0.166126   0.258082   0.001243
      2       0.000471   0.001243  -0.190605
 A Tensor eigenvectors:
                   0          1          2    
      0       0.935989   0.001397   0.352025
      1      -0.352028   0.002252   0.935987
      2       0.000514  -0.999996   0.002600
 A Eigenvalues: 
                  0          1          2    
      0      -0.183890  -0.190609   0.320571
A(iso)  -0.017976
 Nucleus: 42 H  
 Isotope: 1 
 Nuclear Spin:  0.5 
 Prefactor (MHz): 533.551395 
 Raw A tensor (MHz): 
                  0          1          2    
      0       0.260967   0.008599   0.000028
      1       0.008590   0.459891   0.000625
      2       0.000028   0.000625   0.272063
 A Tensor eigenvectors:
                   0          1          2    
      0       0.999070   0.000072   0.043106
      1      -0.043106   0.003322   0.999065
      2      -0.000071  -0.999994   0.003322
 A Eigenvalues: 
                  0          1          2    
      0       0.260596   0.272061   0.460263
A(iso)  0.330973
 Nucleus: 43 H  
 Isotope: 1 
 Nuclear Spin:  0.5 
 Prefactor (MHz): 533.551395 
 Raw A tensor (MHz): 
                  0          1          2    
      0      -0.015817   0.084676   0.000385
