-------------------------------------------------------------
----------------------- !PROPERTIES! ------------------------
-------------------------------------------------------------
# -----------------------------------------------------------
$ PAL_Flags
   description: The PAL Flags
   geom. index: 1
   prop. index: 1
        Diskflag:     2
# -----------------------------------------------------------
$ SCF_Energy
   description: The SCF energy
   geom. index: 1
   prop. index: 1
        SCF Energy:     -852.8233695194
# -----------------------------------------------------------
$ DFT_Energy
   description: The DFT energy
   geom. index: 1
   prop. index: 1
   Number of Alpha Electrons                 79.0001775775 
   Number of Beta  Electrons                 78.0001784951 
   Total number of  Electrons               157.0003560726 
   Exchange energy                          -97.3476972329 
   Correlation energy                        -6.0901215731 
   Correlation energy NL                      0.0000000000 
   Exchange-Correlation energy             -103.4378188060 
   Embedding correction                       0.0000000000 
   Total DFT Energy (No VdW correction)    -852.8233695194 
# -----------------------------------------------------------
$ Mayer_Pop
   description: The Mayer population analysis
   geom. index: 1
   prop. index: 1
     Number of atoms                     : 47
     Threshold for printing              : 0.1000000
     Number of bond orders printed       : 56
  NA   - Mulliken gross atomic population
  ZA   - Total nuclear charge
  QA   - Mulliken gross atomic charge
  VA   - Mayer's total valence
  BVA  - Mayer's bonded valence
  FA   - Mayer's free valence
  ATOM       NA         ZA         QA         VA         BVA        FA
  0   0     6.3646     6.0000    -0.3646     3.7986     3.7985     0.0001
  1   0     6.3369     6.0000    -0.3369     3.8989     3.0934     0.8055
  2   0     5.4995     6.0000     0.5005     3.6454     3.6404     0.0050
  3   0     6.4241     6.0000    -0.4241     4.3429     4.3414     0.0015
  4   0     5.4755     6.0000     0.5245     3.9106     3.9097     0.0009
  5   0     5.7752     6.0000     0.2248     3.9977     3.9960     0.0017
  6   0     6.2212     6.0000    -0.2212     4.0574     4.0527     0.0047
  7   0     0.8652     1.0000     0.1348     0.9656     0.9655     0.0001
  8   0     0.8731     1.0000     0.1269     0.9637     0.9632     0.0005
  9   0     6.3714     6.0000    -0.3714     3.9972     3.9966     0.0006
 10   0     0.8500     1.0000     0.1500     0.9651     0.9651     0.0000
 11   0     0.8499     1.0000     0.1501     0.9651     0.9651     0.0000
 12   0     6.2600     6.0000    -0.2600     4.0122     4.0122     0.0000
 13   0     0.8588     1.0000     0.1412     0.9664     0.9664     0.0000
 14   0     0.8589     1.0000     0.1411     0.9664     0.9664     0.0000
 15   0     6.2574     6.0000    -0.2574     3.8915     3.8915    -0.0000
 16   0     0.8583     1.0000     0.1417     0.9675     0.9675    -0.0000
 17   0     0.8582     1.0000     0.1418     0.9675     0.9675     0.0000
 18   0     6.5075     6.0000    -0.5075     3.8990     3.8990     0.0000
 19   0     0.8420     1.0000     0.1580     0.9657     0.9657     0.0000
 20   0     0.8420     1.0000     0.1580     0.9657     0.9657     0.0000
 21   0     6.3380     6.0000    -0.3380     4.0098     4.0097     0.0001
 22   0     0.8474     1.0000     0.1526     0.9629     0.9629     0.0000
 23   0     0.8474     1.0000     0.1526     0.9629     0.9629     0.0000
 24   0     6.2695     6.0000    -0.2695     4.0256     4.0256     0.0000
 25   0     0.8608     1.0000     0.1392     0.9668     0.9668     0.0000
 26   0     0.8607     1.0000     0.1393     0.9668     0.9668     0.0000
 27   0     6.2577     6.0000    -0.2577     3.8980     3.8980     0.0000
 28   0     0.8580     1.0000     0.1420     0.9676     0.9676     0.0000
 29   0     0.8580     1.0000     0.1420     0.9677     0.9677     0.0000
 30   0     6.5087     6.0000    -0.5087     3.8998     3.8998     0.0000
 31   0     0.8421     1.0000     0.1579     0.9657     0.9657     0.0000
 32   0     0.8421     1.0000     0.1579     0.9657     0.9657     0.0000
 33   0     6.3131     6.0000    -0.3131     3.9595     3.9593     0.0002
 34   0     0.8562     1.0000     0.1438     0.9669     0.9669    -0.0000
 35   0     0.8566     1.0000     0.1434     0.9670     0.9670     0.0000
 36   0     5.4023     6.0000     0.5977     3.9428     3.9428     0.0000
 37   0     6.2830     6.0000    -0.2830     4.2008     4.2008     0.0000
 38   0     6.0971     6.0000    -0.0971     4.0972     4.0972     0.0000
 39   0     6.1236     6.0000    -0.1236     4.0792     4.0792     0.0000
 40   0     6.1006     6.0000    -0.1006     4.1011     4.1011     0.0000
 41   0     6.2766     6.0000    -0.2766     4.1891     4.1891     0.0000
 42   0     0.8948     1.0000     0.1052     0.9586     0.9586     0.0000
 43   0     0.8957     1.0000     0.1043     0.9618     0.9618     0.0000
 44   0     0.8820     1.0000     0.1180     0.9607     0.9607     0.0000
 45   0     0.8825     1.0000     0.1175     0.9608     0.9608     0.0000
 46   0     0.8957     1.0000     0.1043     0.9619     0.9619     0.0000
      Bond orders larger than 0.1000000
           Atom A     A.N. of A          Atom B    A.N. of B              Bond order
                0             6               4            6                0.807900
                0             6               5            6                0.109256
                0             6              33            6                2.511207
                1             6               2            6                1.237404
                1             6               3            6                0.117855
                1             6               5            6                0.119021
                1             6               6            6                1.398517
                2             6               3            6                1.426126
                2             6               9            6                0.908067
                3             6               4            6                1.458243
                3             6               7            1                0.983907
                4             6               5            6                1.410893
                4             6               6            6                0.103433
                4             6              33            6                0.100861
                5             6               6            6                1.383639
                5             6              21            6                0.977462
                6             6               8            1                0.972436
                9             6              10            1                0.967625
                9             6              11            1                0.967522
                9             6              12            6                1.018766
               12             6              13            1                0.962370
               12             6              14            1                0.962233
               12             6              15            6                0.985555
               15             6              16            1                0.971929
               15             6              17            1                0.971899
               15             6              18            6                0.955387
               18             6              19            1                0.972031
               18             6              20            1                0.972001
               18             6              34            1                0.968047
               21             6              22            1                0.953265
               21             6              23            1                0.953568
               21             6              24            6                1.016206
               24             6              25            1                0.961833
               24             6              26            1                0.961912
               24             6              27            6                0.990983
               27             6              28            1                0.971319
               27             6              29            1                0.971295
               27             6              30            6                0.954270
               30             6              31            1                0.972879
               30             6              32            1                0.972895
               30             6              35            1                0.967294
               33             6              36            6                1.006038
               36             6              37            6                1.390270
               36             6              38            6                0.100311
               36             6              41            6                1.385861
               37             6              38            6                1.475636
               37             6              39            6                0.100818
               37             6              44            1                0.982830
               38             6              39            6                1.452488
               38             6              46            1                0.976676
               39             6              40            6                1.455051
               39             6              41            6                0.102105
               39             6              42            1                0.966363
               40             6              41            6                1.475891
               40             6              43            1                0.977719
               41             6              45            1                0.980746
# -----------------------------------------------------------
$ Calculation_Info
   description: Details of the calculation
   geom. index: 1
   prop. index: 1
     Multiplicity:                          2
     Charge:                                0
     number of atoms:                       47
     number of electrons:                   0
     number of frozen core electrons:       1
     number of correlated electrons:        0
     number of basis functions:             549
     number of aux C basis functions:       3810
     number of aux J basis functions:       3810
     number of aux JK basis functions:      3810
     number of aux CABS basis functions:    0
     Total Energy                           -852.823370
# -----------------------------------------------------------
$ SCF_Electric_Properties
   description: The SCF Calculated Electric Properties
   geom. index: 1
   prop. index: 1
       Filename                          : EPRII_i.scfp 
       Do Dipole Moment Calculation      : true 
       Do Quadrupole Moment Calculation  : false 
       Do Polarizability Calculation     : false 
** Dipole moment part of electric properties **
        Magnitude of dipole moment (Debye) :        0.6015908677
        Electronic Contribution:
                  0    
      0      15.861188
      1      -0.230439
      2       0.015049
        Nuclear Contribution:
                  0    
      0     -15.624508
      1       0.230284
      2      -0.014892
        Total Dipole moment:
                  0    
      0       0.236679
      1      -0.000156
      2       0.000158
# -----------------------------------------------------------
$ EPRNMR_GTensor
   description: Electronic g tensor
   geom. index: 1
   prop. index: 1
 Source density: 1 SCF 
 Spin multiplicity: 2 
 raw g tensor: 
                  0          1          2    
      0       2.002141  -0.000047  -0.000001
      1      -0.000006   2.001639  -0.000002
      2      -0.000001  -0.000002   2.002946
 g tensor: 
                  0          1          2    
      0       0.052293   0.998631   0.001043
      1       0.998630  -0.052295   0.001661
      2       0.001713   0.000955  -0.999998
 G eigenvalues: 
                  0          1          2    
      0       2.001638   2.002142   2.002946
# -----------------------------------------------------------
$ EPRNMR_OrbitalShielding
   description: Orbital contribution to the NMR Shielding tensor (ppm)
   geom. index: 1
   prop. index: 1
 Number of stored nuclei 25
 Source density: 1 SCF 
 Nucleus: 7 H 
 Shielding tensor (ppm): 
                  0          1          2    
      0      28.066776   5.842803   0.025248
      1       5.593091  26.229438   0.023153
      2       0.021199   0.023230  18.617360
 P Tensor eigenvectors:
                   0          1          2    
      0      -0.001163  -0.650353  -0.759632
      1      -0.002200   0.759632  -0.650350
      2       0.999997   0.000915  -0.002314
 P Eigenvalues: 
                  0          1          2    
      0      18.617283  21.356895  32.939396
P(iso)  24.304525
 Nucleus: 8 H 
 Shielding tensor (ppm): 
                  0          1          2    
      0      27.840193   3.277652   0.017069
      1       3.231853  25.636538   0.016600
      2       0.015779   0.016591  19.863200
 P Tensor eigenvectors:
                   0          1          2    
      0      -0.001163  -0.583166  -0.812352
      1      -0.002226   0.812353  -0.583162
      2       0.999997   0.001130  -0.002243
 P Eigenvalues: 
                  0          1          2    
      0      19.863144  23.302176  30.174611
P(iso)  24.446644
 Nucleus: 10 H 
 Shielding tensor (ppm): 
                  0          1          2    
      0      29.135455  -0.478364   3.897595
      1      -0.307744  30.267032  -1.320695
      2       5.140101  -0.383069  26.924014
 P Tensor eigenvectors:
                   0          1          2    
      0      -0.602909  -0.276263   0.748451
      1       0.070770  -0.952954  -0.294739
      2       0.794665  -0.124733   0.594096
 P Eigenvalues: 
                  0          1          2    
      0      23.352283  30.030615  32.943603
P(iso)  28.775500
 Nucleus: 11 H 
 Shielding tensor (ppm): 
                  0          1          2    
      0      29.124929  -0.449120  -3.898664
      1      -0.279032  30.247578   1.336879
      2      -5.141937   0.391697  26.952709
 P Tensor eigenvectors:
                   0          1          2    
      0       0.604195  -0.273743   0.748340
      1      -0.074837  -0.954482  -0.288728
      2       0.793314   0.118445  -0.597180
 P Eigenvalues: 
                  0          1          2    
      0      23.361124  30.024680  32.939412
P(iso)  28.775072
 Nucleus: 13 H 
 Shielding tensor (ppm): 
                  0          1          2    
      0      30.316215   1.193228  -3.734416
      1       1.058912  31.366663   0.202996
      2      -3.486710   1.329251  28.304154
 P Tensor eigenvectors:
                   0          1          2    
      0       0.602831   0.090085   0.792767
      1      -0.200244  -0.944722   0.259620
      2       0.772333  -0.315254  -0.551468
 P Eigenvalues: 
                  0          1          2    
      0      25.287260  31.523524  33.176247
P(iso)  29.995677
 Nucleus: 14 H 
 Shielding tensor (ppm): 
                  0          1          2    
      0      30.314227   1.170064   3.746343
      1       1.034699  31.377153  -0.185988
      2       3.499282  -1.308390  28.288864
 P Tensor eigenvectors:
                   0          1          2    
      0      -0.602779   0.089834   0.792835
      1       0.195025  -0.946916   0.255567
      2       0.773707   0.308673   0.553262
 P Eigenvalues: 
                  0          1          2    
      0      25.278377  31.524482  33.177385
P(iso)  29.993415
 Nucleus: 16 H 
 Shielding tensor (ppm): 
                  0          1          2    
      0      30.970396   0.059852  -4.773036
      1       0.231632  30.665303  -0.305252
      2      -4.441928  -0.960084  28.792091
 P Tensor eigenvectors:
                   0          1          2    
      0       0.618110  -0.142115  -0.773139
      1       0.067774   0.989494  -0.127701
      2       0.783165   0.026535   0.621248
 P Eigenvalues: 
                  0          1          2    
      0      25.117191  30.630683  34.679915
P(iso)  30.142597
 Nucleus: 17 H 
 Shielding tensor (ppm): 
                  0          1          2    
      0      30.960050   0.030183   4.776000
      1       0.206378  30.654361   0.316146
      2       4.447996   0.971027  28.812151
 P Tensor eigenvectors:
                   0          1          2    
      0      -0.619090  -0.141971  -0.772381
      1      -0.072337   0.989651  -0.123926
      2       0.781981  -0.020850  -0.622953
 P Eigenvalues: 
                  0          1          2    
      0      25.117313  30.627229  34.682021
P(iso)  30.142187
 Nucleus: 19 H 
 Shielding tensor (ppm): 
                  0          1          2    
      0      30.245281  -1.496354   3.957399
      1      -2.361844  30.861767  -2.379115
      2       3.261875  -2.009542  30.987864
 P Tensor eigenvectors:
                   0          1          2    
      0      -0.742606   0.336837   0.578858
      1       0.009683   0.869628  -0.493613
      2       0.669658   0.360955   0.649052
 P Eigenvalues: 
                  0          1          2    
      0      26.987540  29.178253  35.929119
P(iso)  30.698304
 Nucleus: 20 H 
 Shielding tensor (ppm): 
                  0          1          2    
      0      30.256734  -1.474960  -3.968219
      1      -2.344848  30.836145   2.373687
      2      -3.276727   2.004901  31.001540
 P Tensor eigenvectors:
                   0          1          2    
      0      -0.741482   0.337459  -0.579937
      1       0.013771   0.871793   0.489680
      2      -0.670832  -0.355103   0.651066
 P Eigenvalues: 
                  0          1          2    
      0      26.986868  29.179926  35.927625
P(iso)  30.698140
 Nucleus: 22 H 
 Shielding tensor (ppm): 
                  0          1          2    
      0      28.884252  -2.064899   3.348004
      1      -1.431989  31.333492  -0.254201
      2       4.496702   1.097086  25.512657
 P Tensor eigenvectors:
                   0          1          2    
      0      -0.553436   0.540414  -0.633768
      1      -0.140134   0.689660   0.710444
      2       0.821018   0.481998  -0.305953
 P Eigenvalues: 
                  0          1          2    
      0      22.726991  30.286157  32.717253
P(iso)  28.576800
 Nucleus: 23 H 
 Shielding tensor (ppm): 
                  0          1          2    
      0      28.893379  -2.043272  -3.350870
      1      -1.412127  31.330468   0.279599
      2      -4.498222  -1.079073  25.508686
 P Tensor eigenvectors:
                   0          1          2    
      0       0.552762   0.539705  -0.634959
      1       0.136765   0.692861   0.707982
      2       0.822040  -0.478185   0.309174
 P Eigenvalues: 
                  0          1          2    
      0      22.734087  30.287824  32.710623
P(iso)  28.577511
 Nucleus: 25 H 
 Shielding tensor (ppm): 
                  0          1          2    
      0      30.314103   0.517141   3.915992
      1       0.360957  31.423692  -0.127850
      2       3.829212  -1.395315  28.163991
 P Tensor eigenvectors:
                   0          1          2    
      0      -0.599117  -0.131773   0.789743
      1       0.126957  -0.989520  -0.068795
      2       0.790532   0.059047   0.609568
 P Eigenvalues: 
                  0          1          2    
      0      25.100342  31.536289  33.265155
P(iso)  29.967262
 Nucleus: 26 H 
 Shielding tensor (ppm): 
                  0          1          2    
      0      30.327397   0.534361  -3.908898
      1       0.380548  31.416567   0.143402
      2      -3.822727   1.413086  28.160623
 P Tensor eigenvectors:
                   0          1          2    
      0       0.597848  -0.131504   0.790750
      1      -0.130921  -0.989225  -0.065528
      2       0.790846  -0.064350  -0.608622
 P Eigenvalues: 
                  0          1          2    
      0      25.102560  31.536921  33.265106
P(iso)  29.968196
 Nucleus: 28 H 
 Shielding tensor (ppm): 
                  0          1          2    
      0      30.844065  -0.481058   4.654066
      1      -0.258836  30.983919   0.459129
      2       4.238362   1.200268  28.364442
 P Tensor eigenvectors:
                   0          1          2    
      0      -0.599149  -0.136383  -0.788936
      1      -0.136719   0.988340  -0.067024
      2       0.788878   0.067705  -0.610809
 P Eigenvalues: 
                  0          1          2    
      0      24.860903  31.097971  34.233552
P(iso)  30.064142
 Nucleus: 29 H 
 Shielding tensor (ppm): 
                  0          1          2    
      0      30.862091  -0.456057  -4.651312
      1      -0.238243  30.993267  -0.446366
      2      -4.233607  -1.188637  28.337336
 P Tensor eigenvectors:
                   0          1          2    
      0       0.597505  -0.136163  -0.790220
      1       0.132877   0.988666  -0.069885
      2       0.790779  -0.063246   0.608826
 P Eigenvalues: 
                  0          1          2    
      0      24.860600  31.099399  34.232696
P(iso)  30.064232
 Nucleus: 31 H 
 Shielding tensor (ppm): 
                  0          1          2    
      0      30.315768  -1.801288  -4.053137
      1      -2.671032  30.803762   2.321282
      2      -3.384736   1.940554  30.971979
 P Tensor eigenvectors:
                   0          1          2    
      0      -0.759883   0.264923  -0.593627
      1      -0.083710   0.865707   0.493502
      2      -0.644647  -0.424696   0.635659
 P Eigenvalues: 
                  0          1          2    
      0      26.893897  29.044076  36.153535
P(iso)  30.697170
 Nucleus: 32 H 
 Shielding tensor (ppm): 
                  0          1          2    
      0      30.297819  -1.817137   4.041873
      1      -2.682914  30.824192  -2.328906
      2       3.369387  -1.946490  30.969420
 P Tensor eigenvectors:
                   0          1          2    
      0      -0.761510   0.263751   0.592063
      1      -0.087062   0.863559  -0.496676
      2       0.642279   0.429770   0.634646
 P Eigenvalues: 
                  0          1          2    
      0      26.894722  29.042796  36.153913
P(iso)  30.697144
 Nucleus: 34 H 
 Shielding tensor (ppm): 
                  0          1          2    
      0      29.117909   2.141256   0.009280
      1       3.406709  36.392764   0.035328
      2       0.014362   0.034528  25.942068
 P Tensor eigenvectors:
                   0          1          2    
      0      -0.001033  -0.944271  -0.329166
      1      -0.003062   0.329168  -0.944266
      2       0.999995   0.000033  -0.003231
 P Eigenvalues: 
                  0          1          2    
      0      25.941948  28.181711  37.329081
P(iso)  30.484247
 Nucleus: 35 H 
 Shielding tensor (ppm): 
                  0          1          2    
      0      28.994450   1.798200   0.008443
      1       3.069350  36.569252   0.031148
      2       0.011776   0.029455  25.813977
 P Tensor eigenvectors:
                   0          1          2    
      0      -0.001236  -0.956723  -0.290997
      1      -0.002538   0.290999  -0.956720
      2       0.999996  -0.000444  -0.002788
 P Eigenvalues: 
                  0          1          2    
      0      25.813888  28.280734  37.283057
P(iso)  30.459226
 Nucleus: 42 H 
 Shielding tensor (ppm): 
                  0          1          2    
      0      24.160118   0.046205   0.002313
      1       0.048851  27.374813   0.019841
      2       0.002206   0.021920  21.440626
 P Tensor eigenvectors:
                   0          1          2    
      0      -0.000771  -0.999890  -0.014807
      1      -0.003491   0.014810  -0.999884
      2       0.999994  -0.000719  -0.003502
 P Eigenvalues: 
                  0          1          2    
      0      21.440551  24.159417  27.375589
P(iso)  24.325185
 Nucleus: 43 H 
 Shielding tensor (ppm): 
                  0          1          2    
      0      27.172503  -1.665263  -0.000812
      1      -1.626116  24.622420   0.009772
      2      -0.003850   0.010387  21.145613
 P Tensor eigenvectors:
                   0          1          2    
      0      -0.000497   0.440534  -0.897736
      1      -0.003113   0.897731   0.440533
      2       0.999995   0.003014   0.000925
 P Eigenvalues: 
                  0          1          2    
      0      21.145582  23.815654  27.979300
P(iso)  24.313512
 Nucleus: 44 H 
 Shielding tensor (ppm): 
                  0          1          2    
      0      27.455327  -3.499563  -0.006814
      1      -2.479019  24.550419   0.012331
      2      -0.003515   0.010973  20.172834
 P Tensor eigenvectors:
                   0          1          2    
      0      -0.000532   0.538844  -0.842405
      1      -0.003035   0.842401   0.538843
      2       0.999995   0.002844   0.001187
 P Eigenvalues: 
                  0          1          2    
      0      20.172802  22.680059  29.325720
P(iso)  24.059527
 Nucleus: 45 H 
 Shielding tensor (ppm): 
                  0          1          2    
      0      28.378835   2.794192   0.016766
      1       1.898108  23.889832   0.012499
      2       0.010702   0.014475  19.834817
 P Tensor eigenvectors:
                   0          1          2    
      0      -0.000862  -0.400759  -0.916183
      1      -0.002837   0.916181  -0.400755
      2       0.999996   0.002253  -0.001927
 P Eigenvalues: 
                  0          1          2    
      0      19.834768  22.887950  29.380766
P(iso)  24.034495
 Nucleus: 46 H 
 Shielding tensor (ppm): 
                  0          1          2    
      0      27.203765   1.359643   0.009168
      1       1.369607  24.493153   0.011670
      2       0.010651   0.012548  21.185514
 P Tensor eigenvectors:
                   0          1          2    
      0      -0.000886  -0.384184  -0.923256
      1      -0.003280   0.923253  -0.384179
      2       0.999994   0.002688  -0.002078
 P Eigenvalues: 
                  0          1          2    
      0      21.185465  23.925186  27.771781
P(iso)  24.294144
# -----------------------------------------------------------
$ EPRNMR_ATensor
   description: Hyperfine A tensor
   geom. index: 1
   prop. index: 1
 Number of stored nuclei 25
 Source density: 1 SCF 
 Spin multiplicity: 2 
 Nucleus: 7 H  
 Isotope: 1 
 Nuclear Spin:  0.5 
 Prefactor (MHz): 533.551395 
 Raw A tensor (MHz): 
                  0          1          2    
      0      24.451455  -3.780528  -0.001698
      1      -3.777102  25.581932   0.004344
      2      -0.001693   0.004339  20.607306
 A Tensor eigenvectors:
                   0          1          2    
      0      -0.001652   0.757583  -0.652737
      1      -0.002128   0.652733   0.757585
      2       0.999996   0.002640   0.000534
 A Eigenvalues: 
                  0          1          2    
      0      20.607299  21.195842  28.837552
A(iso)  23.546898
 Nucleus: 8 H  
 Isotope: 1 
 Nuclear Spin:  0.5 
 Prefactor (MHz): 533.551395 
 Raw A tensor (MHz): 
                  0          1          2    
      0      51.861993   2.878532   0.006886
      1       2.880085  68.859656   0.036846
      2       0.006889   0.036845  50.410188
 A Tensor eigenvectors:
                   0          1          2    
      0      -0.001134   0.986698   0.162560
      1      -0.001820  -0.162562   0.986697
      2       0.999998   0.000823   0.001980
 A Eigenvalues: 
                  0          1          2    
      0      50.410113  51.387501  69.334224
A(iso)  57.043946
 Nucleus: 10 H  
 Isotope: 1 
 Nuclear Spin:  0.5 
 Prefactor (MHz): 533.551395 
 Raw A tensor (MHz): 
                  0          1          2    
      0      -7.336831   1.820991   1.362345
      1       1.821218   0.331568   3.408182
      2       1.363147   3.408904  -6.984035
 A Tensor eigenvectors:
                   0          1          2    
      0      -0.225324   0.808545  -0.543584
      1      -0.901768  -0.384295  -0.197817
      2      -0.368841   0.445614   0.815711
 A Eigenvalues: 
                  0          1          2    
      0       2.180992  -7.451408  -8.718881
A(iso)  -4.663099
 Nucleus: 11 H  
 Isotope: 1 
 Nuclear Spin:  0.5 
 Prefactor (MHz): 533.551395 
 Raw A tensor (MHz): 
                  0          1          2    
      0      -7.351568   1.815501  -1.350313
      1       1.815721   0.324997  -3.382644
      2      -1.351114  -3.383373  -7.009989
 A Tensor eigenvectors:
                   0          1          2    
      0       0.224602   0.808368  -0.544146
      1       0.902889  -0.382681  -0.195824
      2      -0.366532  -0.447321  -0.815818
 A Eigenvalues: 
                  0          1          2    
      0       2.150220  -7.463714  -8.723066
A(iso)  -4.678853
 Nucleus: 13 H  
 Isotope: 1 
 Nuclear Spin:  0.5 
 Prefactor (MHz): 533.551395 
 Raw A tensor (MHz): 
                  0          1          2    
      0      -0.490517  -0.808006  -0.218439
      1      -0.807492   1.677757   0.732773
      2      -0.218404   0.733515  -0.821405
 A Tensor eigenvectors:
                   0          1          2    
      0       0.953012   0.003258  -0.302914
      1       0.291436   0.262990   0.919729
      2       0.082659  -0.964793   0.249683
 A Eigenvalues: 
                  0          1          2    
      0      -0.756397  -1.020604   2.142836
A(iso)  0.121945
 Nucleus: 14 H  
 Isotope: 1 
 Nuclear Spin:  0.5 
 Prefactor (MHz): 533.551395 
 Raw A tensor (MHz): 
                  0          1          2    
      0      -0.491538  -0.807002   0.214885
      1      -0.806489   1.682848  -0.719594
      2       0.214852  -0.720330  -0.829730
 A Tensor eigenvectors:
                   0          1          2    
      0       0.953137  -0.000515   0.302539
      1       0.292502   0.257017  -0.921078
      2      -0.077284   0.966407   0.245123
 A Eigenvalues: 
                  0          1          2    
      0      -0.756461  -1.021407   2.139448
A(iso)  0.120527
 Nucleus: 16 H  
 Isotope: 1 
 Nuclear Spin:  0.5 
 Prefactor (MHz): 533.551395 
 Raw A tensor (MHz): 
                  0          1          2    
      0      -0.528416   0.234802  -0.065620
      1       0.234843   0.993162  -0.304856
      2      -0.065711  -0.305060  -0.553085
 A Tensor eigenvectors:
                   0          1          2    
      0       0.924679   0.350519  -0.148678
      1      -0.203345   0.124498  -0.971160
      2      -0.321900   0.928244   0.186397
 A Eigenvalues: 
                  0          1          2    
      0      -0.557195  -0.618808   1.087664
A(iso)  -0.029446
 Nucleus: 17 H  
 Isotope: 1 
 Nuclear Spin:  0.5 
 Prefactor (MHz): 533.551395 
 Raw A tensor (MHz): 
                  0          1          2    
      0      -0.529601   0.234087   0.066892
      1       0.234129   0.989870   0.312916
      2       0.066984   0.313122  -0.550609
 A Tensor eigenvectors:
                   0          1          2    
      0       0.923519   0.353690   0.148380
      1      -0.205168   0.128684   0.970230
      2       0.324066  -0.926469   0.191408
 A Eigenvalues: 
                  0          1          2    
      0      -0.558120  -0.619667   1.087447
A(iso)  -0.030113
 Nucleus: 19 H  
 Isotope: 1 
 Nuclear Spin:  0.5 
 Prefactor (MHz): 533.551395 
 Raw A tensor (MHz): 
                  0          1          2    
      0      -0.255679  -0.152933   0.030001
      1      -0.152818   0.468724  -0.112912
      2       0.029992  -0.112989  -0.283444
 A Tensor eigenvectors:
                   0          1          2    
      0       0.894295  -0.401488   0.197595
      1       0.238561   0.054180  -0.969615
      2       0.378583   0.914260   0.144233
 A Eigenvalues: 
                  0          1          2    
      0      -0.283753  -0.303321   0.516674
A(iso)  -0.023466
 Nucleus: 20 H  
 Isotope: 1 
 Nuclear Spin:  0.5 
 Prefactor (MHz): 533.551395 
 Raw A tensor (MHz): 
                  0          1          2    
      0      -0.255777  -0.153030  -0.030744
      1      -0.152915   0.467520   0.116711
      2      -0.030736   0.116790  -0.282492
 A Tensor eigenvectors:
                   0          1          2    
      0       0.895214  -0.399305  -0.197856
      1       0.240549   0.059240   0.968828
      2      -0.375137  -0.914902   0.149085
 A Eigenvalues: 
                  0          1          2    
      0      -0.283991  -0.303479   0.516720
A(iso)  -0.023583
 Nucleus: 22 H  
 Isotope: 1 
 Nuclear Spin:  0.5 
 Prefactor (MHz): 533.551395 
 Raw A tensor (MHz): 
                  0          1          2    
      0       5.097795   1.412434   0.812747
      1       1.411784   4.148814   0.284125
      2       0.813227   0.284794   3.840384
 A Tensor eigenvectors:
                   0          1          2    
      0       0.619308   0.008929   0.785098
      1      -0.686278   0.491918   0.535761
      2      -0.381419  -0.870596   0.310776
 A Eigenvalues: 
                  0          1          2    
      0       3.032415   3.671238   6.383339
A(iso)  4.362331
 Nucleus: 23 H  
 Isotope: 1 
 Nuclear Spin:  0.5 
 Prefactor (MHz): 533.551395 
 Raw A tensor (MHz): 
                  0          1          2    
      0       5.093125   1.417366  -0.804488
      1       1.416716   4.144920  -0.281537
      2      -0.804970  -0.282205   3.829433
 A Tensor eigenvectors:
                   0          1          2    
      0       0.618948   0.008415  -0.785387
      1      -0.688444   0.487157  -0.537330
      2       0.378085   0.873274   0.307319
 A Eigenvalues: 
                  0          1          2    
      0       3.025542   3.664358   6.377579
A(iso)  4.355826
 Nucleus: 25 H  
 Isotope: 1 
 Nuclear Spin:  0.5 
 Prefactor (MHz): 533.551395 
 Raw A tensor (MHz): 
                  0          1          2    
      0      -0.185963   0.822438  -0.177868
      1       0.822009   1.919088  -0.673209
      2      -0.177790  -0.674106  -0.447472
 A Tensor eigenvectors:
                   0          1          2    
      0       0.929220  -0.197874  -0.312084
      1      -0.242992   0.309079  -0.919470
      2       0.278398   0.930224   0.239120
 A Eigenvalues: 
                  0          1          2    
      0      -0.454105  -0.633633   2.373391
A(iso)  0.428551
 Nucleus: 26 H  
 Isotope: 1 
 Nuclear Spin:  0.5 
 Prefactor (MHz): 533.551395 
 Raw A tensor (MHz): 
                  0          1          2    
      0      -0.188040   0.820265   0.182496
      1       0.819839   1.911562   0.686130
      2       0.182417   0.687031  -0.441664
 A Tensor eigenvectors:
                   0          1          2    
      0       0.929968  -0.195109   0.311596
      1      -0.241968   0.313273   0.918320
      2      -0.276787  -0.929404   0.244124
 A Eigenvalues: 
                  0          1          2    
      0      -0.455567  -0.634945   2.372370
A(iso)  0.427286
 Nucleus: 28 H  
 Isotope: 1 
 Nuclear Spin:  0.5 
 Prefactor (MHz): 533.551395 
 Raw A tensor (MHz): 
                  0          1          2    
      0      -0.052801   0.454854   0.102461
      1       0.454620   0.328097   0.152629
      2       0.102508   0.152795  -0.342429
 A Tensor eigenvectors:
                   0          1          2    
      0       0.828523   0.128222   0.545077
      1      -0.558923   0.130301   0.818918
      2       0.033979  -0.983148   0.179623
 A Eigenvalues: 
                  0          1          2    
      0      -0.355334  -0.376053   0.664255
A(iso)  -0.022377
 Nucleus: 29 H  
 Isotope: 1 
 Nuclear Spin:  0.5 
 Prefactor (MHz): 533.551395 
 Raw A tensor (MHz): 
                  0          1          2    
      0      -0.052556   0.455633  -0.099728
      1       0.455398   0.329329  -0.148556
      2      -0.099776  -0.148720  -0.344396
 A Tensor eigenvectors:
                   0          1          2    
      0       0.828638   0.125913  -0.545440
      1      -0.558718   0.125903  -0.819745
      2      -0.034544   0.984019   0.174678
 A Eigenvalues: 
                  0          1          2    
      0      -0.355504  -0.376196   0.664076
A(iso)  -0.022541
 Nucleus: 31 H  
 Isotope: 1 
 Nuclear Spin:  0.5 
 Prefactor (MHz): 533.551395 
 Raw A tensor (MHz): 
                  0          1          2    
      0      -0.214942   0.164152   0.022538
      1       0.164026   0.478811   0.110558
      2       0.022525   0.110668  -0.252207
 A Tensor eigenvectors:
                   0          1          2    
      0       0.971551  -0.095837   0.216573
      1      -0.198903   0.166192   0.965825
      2      -0.128555  -0.981425   0.142402
 A Eigenvalues: 
                  0          1          2    
      0      -0.251501  -0.268746   0.531909
A(iso)  0.003887
 Nucleus: 32 H  
 Isotope: 1 
 Nuclear Spin:  0.5 
 Prefactor (MHz): 533.551395 
 Raw A tensor (MHz): 
                  0          1          2    
      0      -0.214814   0.164477  -0.021690
      1       0.164351   0.479714  -0.106778
      2      -0.021678  -0.106888  -0.253283
 A Tensor eigenvectors:
                   0          1          2    
      0       0.971265  -0.097977  -0.216899
      1      -0.199524   0.161633  -0.966470
      2       0.129750   0.981975   0.137440
 A Eigenvalues: 
                  0          1          2    
      0      -0.251470  -0.268711   0.531799
A(iso)  0.003872
 Nucleus: 34 H  
 Isotope: 1 
 Nuclear Spin:  0.5 
 Prefactor (MHz): 533.551395 
 Raw A tensor (MHz): 
                  0          1          2    
      0      -0.112991   0.005397   0.000039
      1       0.005474   0.503063   0.001740
      2       0.000040   0.001740  -0.134855
 A Tensor eigenvectors:
                   0          1          2    
      0       0.999961   0.001135   0.008760
      1      -0.008763   0.002718   0.999958
      2       0.001111  -0.999996   0.002728
 A Eigenvalues: 
                  0          1          2    
      0      -0.113039  -0.134860   0.503115
A(iso)  0.085072
 Nucleus: 35 H  
 Isotope: 1 
 Nuclear Spin:  0.5 
 Prefactor (MHz): 533.551395 
 Raw A tensor (MHz): 
                  0          1          2    
      0      -0.121404   0.166237   0.000471
      1       0.166123   0.258043   0.001243
      2       0.000471   0.001243  -0.190616
 A Tensor eigenvectors:
                   0          1          2    
      0       0.935982   0.001396   0.352045
      1      -0.352047   0.002253   0.935979
      2       0.000514  -0.999996   0.002600
 A Eigenvalues: 
                  0          1          2    
      0      -0.183892  -0.190619   0.320534
A(iso)  -0.017992
 Nucleus: 42 H  
 Isotope: 1 
 Nuclear Spin:  0.5 
 Prefactor (MHz): 533.551395 
 Raw A tensor (MHz): 
                  0          1          2    
      0       0.256361   0.008473   0.000029
      1       0.008465   0.451377   0.000612
      2       0.000029   0.000612   0.265308
 A Tensor eigenvectors:
                   0          1          2    
      0       0.999061  -0.000132   0.043327
      1      -0.043326   0.003293   0.999056
      2      -0.000274  -0.999995   0.003284
 A Eigenvalues: 
                  0          1          2    
      0       0.255994   0.265306   0.451746
A(iso)  0.324349
 Nucleus: 43 H  
 Isotope: 1 
 Nuclear Spin:  0.5 
 Prefactor (MHz): 533.551395 
 Raw A tensor (MHz): 
                  0          1          2    
      0      -0.009502   0.083335   0.000379
      1       0.083301  -0.187947  -0.000029
