-------------------------------------------------------------
----------------------- !PROPERTIES! ------------------------
-------------------------------------------------------------
# -----------------------------------------------------------
$ PAL_Flags
   description: The PAL Flags
   geom. index: 1
   prop. index: 1
        Diskflag:     2
# -----------------------------------------------------------
$ SCF_Energy
   description: The SCF energy
   geom. index: 1
   prop. index: 1
        SCF Energy:     -852.8233646050
# -----------------------------------------------------------
$ DFT_Energy
   description: The DFT energy
   geom. index: 1
   prop. index: 1
   Number of Alpha Electrons                 79.0001775781 
   Number of Beta  Electrons                 78.0001784943 
   Total number of  Electrons               157.0003560724 
   Exchange energy                          -97.3477224770 
   Correlation energy                        -6.0901230342 
   Correlation energy NL                      0.0000000000 
   Exchange-Correlation energy             -103.4378455112 
   Embedding correction                       0.0000000000 
   Total DFT Energy (No VdW correction)    -852.8233646050 
# -----------------------------------------------------------
$ Mayer_Pop
   description: The Mayer population analysis
   geom. index: 1
   prop. index: 1
     Number of atoms                     : 47
     Threshold for printing              : 0.1000000
     Number of bond orders printed       : 56
  NA   - Mulliken gross atomic population
  ZA   - Total nuclear charge
  QA   - Mulliken gross atomic charge
  VA   - Mayer's total valence
  BVA  - Mayer's bonded valence
  FA   - Mayer's free valence
  ATOM       NA         ZA         QA         VA         BVA        FA
  0   0     6.3646     6.0000    -0.3646     3.7986     3.7985     0.0001
  1   0     6.3369     6.0000    -0.3369     3.8989     3.0934     0.8055
  2   0     5.4995     6.0000     0.5005     3.6454     3.6404     0.0050
  3   0     6.4241     6.0000    -0.4241     4.3430     4.3415     0.0015
  4   0     5.4754     6.0000     0.5246     3.9105     3.9096     0.0009
  5   0     5.7753     6.0000     0.2247     3.9978     3.9961     0.0017
  6   0     6.2212     6.0000    -0.2212     4.0574     4.0527     0.0047
  7   0     0.8651     1.0000     0.1349     0.9656     0.9655     0.0001
  8   0     0.8731     1.0000     0.1269     0.9637     0.9632     0.0005
  9   0     6.3714     6.0000    -0.3714     3.9972     3.9966     0.0006
 10   0     0.8500     1.0000     0.1500     0.9651     0.9651     0.0000
 11   0     0.8499     1.0000     0.1501     0.9651     0.9651     0.0000
 12   0     6.2600     6.0000    -0.2600     4.0122     4.0122     0.0000
 13   0     0.8588     1.0000     0.1412     0.9664     0.9664     0.0000
 14   0     0.8589     1.0000     0.1411     0.9664     0.9664     0.0000
 15   0     6.2574     6.0000    -0.2574     3.8915     3.8915    -0.0000
 16   0     0.8583     1.0000     0.1417     0.9675     0.9675    -0.0000
 17   0     0.8582     1.0000     0.1418     0.9675     0.9675    -0.0000
 18   0     6.5075     6.0000    -0.5075     3.8990     3.8990     0.0000
 19   0     0.8420     1.0000     0.1580     0.9657     0.9657     0.0000
 20   0     0.8420     1.0000     0.1580     0.9657     0.9657     0.0000
 21   0     6.3380     6.0000    -0.3380     4.0098     4.0097     0.0001
 22   0     0.8474     1.0000     0.1526     0.9629     0.9629     0.0000
 23   0     0.8474     1.0000     0.1526     0.9629     0.9629     0.0000
 24   0     6.2695     6.0000    -0.2695     4.0256     4.0256     0.0000
 25   0     0.8608     1.0000     0.1392     0.9668     0.9668     0.0000
 26   0     0.8607     1.0000     0.1393     0.9668     0.9668     0.0000
 27   0     6.2577     6.0000    -0.2577     3.8980     3.8980     0.0000
 28   0     0.8580     1.0000     0.1420     0.9676     0.9676    -0.0000
 29   0     0.8580     1.0000     0.1420     0.9677     0.9677     0.0000
 30   0     6.5087     6.0000    -0.5087     3.8999     3.8999     0.0000
 31   0     0.8421     1.0000     0.1579     0.9657     0.9657     0.0000
 32   0     0.8421     1.0000     0.1579     0.9657     0.9657    -0.0000
 33   0     6.3132     6.0000    -0.3132     3.9594     3.9592     0.0002
 34   0     0.8562     1.0000     0.1438     0.9669     0.9669     0.0000
 35   0     0.8566     1.0000     0.1434     0.9670     0.9670     0.0000
 36   0     5.4024     6.0000     0.5976     3.9428     3.9428     0.0000
 37   0     6.2830     6.0000    -0.2830     4.2008     4.2008     0.0000
 38   0     6.0971     6.0000    -0.0971     4.0972     4.0972     0.0000
 39   0     6.1235     6.0000    -0.1235     4.0792     4.0792     0.0000
 40   0     6.1005     6.0000    -0.1005     4.1011     4.1011     0.0000
 41   0     6.2766     6.0000    -0.2766     4.1891     4.1891     0.0000
 42   0     0.8949     1.0000     0.1051     0.9586     0.9586     0.0000
 43   0     0.8957     1.0000     0.1043     0.9618     0.9618     0.0000
 44   0     0.8820     1.0000     0.1180     0.9607     0.9607     0.0000
 45   0     0.8825     1.0000     0.1175     0.9607     0.9607     0.0000
 46   0     0.8957     1.0000     0.1043     0.9620     0.9620     0.0000
      Bond orders larger than 0.1000000
           Atom A     A.N. of A          Atom B    A.N. of B              Bond order
                0             6               4            6                0.807862
                0             6               5            6                0.109287
                0             6              33            6                2.511135
                1             6               2            6                1.237394
                1             6               3            6                0.117854
                1             6               5            6                0.119018
                1             6               6            6                1.398512
                2             6               3            6                1.426162
                2             6               9            6                0.908057
                3             6               4            6                1.458231
                3             6               7            1                0.983908
                4             6               5            6                1.410898
                4             6               6            6                0.103436
                4             6              33            6                0.100860
                5             6               6            6                1.383640
                5             6              21            6                0.977455
                6             6               8            1                0.972432
                9             6              10            1                0.967627
                9             6              11            1                0.967524
                9             6              12            6                1.018765
               12             6              13            1                0.962373
               12             6              14            1                0.962232
               12             6              15            6                0.985558
               15             6              16            1                0.971929
               15             6              17            1                0.971899
               15             6              18            6                0.955384
               18             6              19            1                0.972033
               18             6              20            1                0.972003
               18             6              34            1                0.968048
               21             6              22            1                0.953265
               21             6              23            1                0.953569
               21             6              24            6                1.016201
               24             6              25            1                0.961831
               24             6              26            1                0.961914
               24             6              27            6                0.990984
               27             6              28            1                0.971319
               27             6              29            1                0.971294
               27             6              30            6                0.954268
               30             6              31            1                0.972880
               30             6              32            1                0.972897
               30             6              35            1                0.967295
               33             6              36            6                1.006082
               36             6              37            6                1.390270
               36             6              38            6                0.100304
               36             6              41            6                1.385897
               37             6              38            6                1.475655
               37             6              39            6                0.100821
               37             6              44            1                0.982831
               38             6              39            6                1.452477
               38             6              46            1                0.976684
               39             6              40            6                1.455044
               39             6              41            6                0.102116
               39             6              42            1                0.966370
               40             6              41            6                1.475868
               40             6              43            1                0.977723
               41             6              45            1                0.980743
# -----------------------------------------------------------
$ Calculation_Info
   description: Details of the calculation
   geom. index: 1
   prop. index: 1
     Multiplicity:                          2
     Charge:                                0
     number of atoms:                       47
     number of electrons:                   0
     number of frozen core electrons:       1
     number of correlated electrons:        0
     number of basis functions:             549
     number of aux C basis functions:       3810
     number of aux J basis functions:       3810
     number of aux JK basis functions:      3810
     number of aux CABS basis functions:    0
     Total Energy                           -852.823365
# -----------------------------------------------------------
$ SCF_Electric_Properties
   description: The SCF Calculated Electric Properties
   geom. index: 1
   prop. index: 1
       Filename                          : EPRII.scfp 
       Do Dipole Moment Calculation      : true 
       Do Quadrupole Moment Calculation  : false 
       Do Polarizability Calculation     : false 
** Dipole moment part of electric properties **
        Magnitude of dipole moment (Debye) :        0.6014342399
        Electronic Contribution:
                  0    
      0      15.861126
      1      -0.230571
      2       0.015053
        Nuclear Contribution:
                  0    
      0     -15.624508
      1       0.230284
      2      -0.014892
        Total Dipole moment:
                  0    
      0       0.236617
      1      -0.000287
      2       0.000161
# -----------------------------------------------------------
$ EPRNMR_GTensor
   description: Electronic g tensor
   geom. index: 1
   prop. index: 1
 Source density: 1 SCF 
 Spin multiplicity: 2 
 raw g tensor: 
                  0          1          2    
      0       2.002140  -0.000047  -0.000001
      1      -0.000006   2.001639  -0.000002
      2      -0.000001  -0.000002   2.002944
 g tensor: 
                  0          1          2    
      0       0.052244   0.998634   0.001043
      1       0.998633  -0.052246   0.001643
      2       0.001695   0.000956  -0.999998
 G eigenvalues: 
                  0          1          2    
      0       2.001638   2.002142   2.002944
# -----------------------------------------------------------
$ EPRNMR_OrbitalShielding
   description: Orbital contribution to the NMR Shielding tensor (ppm)
   geom. index: 1
   prop. index: 1
 Number of stored nuclei 25
 Source density: 1 SCF 
 Nucleus: 7 H 
 Shielding tensor (ppm): 
                  0          1          2    
      0      28.066022   5.844675   0.025646
      1       5.596227  26.225897   0.023368
      2       0.021028   0.023016  18.609819
 P Tensor eigenvectors:
                   0          1          2    
      0      -0.001190  -0.650280  -0.759694
      1      -0.002187   0.759694  -0.650277
      2       0.999997   0.000888  -0.002326
 P Eigenvalues: 
                  0          1          2    
      0      18.609741  21.352054  32.939943
P(iso)  24.300580
 Nucleus: 8 H 
 Shielding tensor (ppm): 
                  0          1          2    
      0      27.839506   3.274885   0.017213
      1       3.232226  25.636882   0.016651
      2       0.015514   0.016305  19.865017
 P Tensor eigenvectors:
                   0          1          2    
      0      -0.001169  -0.583154  -0.812361
      1      -0.002209   0.812361  -0.583151
      2       0.999997   0.001113  -0.002237
 P Eigenvalues: 
                  0          1          2    
      0      19.864961  23.303303  30.173140
P(iso)  24.447135
 Nucleus: 10 H 
 Shielding tensor (ppm): 
                  0          1          2    
      0      29.135669  -0.477826   3.897245
      1      -0.308163  30.267290  -1.320175
      2       5.146208  -0.384107  26.921516
 P Tensor eigenvectors:
                   0          1          2    
      0      -0.602811  -0.276158   0.748569
      1       0.070759  -0.952999  -0.294594
      2       0.794740  -0.124616   0.594019
 P Eigenvalues: 
                  0          1          2    
      0      23.348014  30.030996  32.945465
P(iso)  28.774825
 Nucleus: 11 H 
 Shielding tensor (ppm): 
                  0          1          2    
      0      29.124442  -0.449118  -3.898257
      1      -0.279358  30.247734   1.336465
      2      -5.148230   0.391403  26.950331
 P Tensor eigenvectors:
                   0          1          2    
      0       0.604142  -0.273551   0.748453
      1      -0.074741  -0.954545  -0.288545
      2       0.793364   0.118382  -0.597126
 P Eigenvalues: 
                  0          1          2    
      0      23.356690  30.024956  32.940861
P(iso)  28.774169
 Nucleus: 13 H 
 Shielding tensor (ppm): 
                  0          1          2    
      0      30.315496   1.195274  -3.734280
      1       1.058311  31.366366   0.203485
      2      -3.486809   1.328749  28.300257
 P Tensor eigenvectors:
                   0          1          2    
      0       0.602694   0.090729   0.792798
      1      -0.200210  -0.944543   0.260296
      2       0.772448  -0.315605  -0.551106
 P Eigenvalues: 
                  0          1          2    
      0      25.284506  31.522720  33.174893
P(iso)  29.994040
 Nucleus: 14 H 
 Shielding tensor (ppm): 
                  0          1          2    
      0      30.312454   1.171896   3.746644
      1       1.034337  31.376994  -0.186481
      2       3.499350  -1.307365  28.284939
 P Tensor eigenvectors:
                   0          1          2    
      0      -0.602706   0.090567   0.792807
      1       0.194953  -0.946718   0.256356
      2       0.773782   0.309068   0.552936
 P Eigenvalues: 
                  0          1          2    
      0      25.275118  31.523659  33.175610
P(iso)  29.991462
 Nucleus: 16 H 
 Shielding tensor (ppm): 
                  0          1          2    
      0      30.971707   0.059148  -4.773127
      1       0.230482  30.665709  -0.305231
      2      -4.443158  -0.958562  28.791508
 P Tensor eigenvectors:
                   0          1          2    
      0       0.618047  -0.141866  -0.773235
      1       0.067775   0.989536  -0.127379
      2       0.783214   0.026320   0.621194
 P Eigenvalues: 
                  0          1          2    
      0      25.116697  30.631408  34.680819
P(iso)  30.142975
 Nucleus: 17 H 
 Shielding tensor (ppm): 
                  0          1          2    
      0      30.962121   0.029595   4.775303
      1       0.205070  30.654772   0.316251
      2       4.450295   0.968442  28.811368
 P Tensor eigenvectors:
                   0          1          2    
      0      -0.618987  -0.141617  -0.772529
      1      -0.072288   0.989707  -0.123508
      2       0.782068  -0.020605  -0.622853
 P Eigenvalues: 
                  0          1          2    
      0      25.116906  30.627984  34.683371
P(iso)  30.142754
 Nucleus: 19 H 
 Shielding tensor (ppm): 
                  0          1          2    
      0      30.245585  -1.495656   3.957344
      1      -2.362426  30.861732  -2.379199
      2       3.263476  -2.007811  30.988756
 P Tensor eigenvectors:
                   0          1          2    
      0      -0.742679   0.336563   0.578924
      1       0.009460   0.869707  -0.493477
      2       0.669581   0.361019   0.649097
 P Eigenvalues: 
                  0          1          2    
      0      26.987355  29.179123  35.929595
P(iso)  30.698691
 Nucleus: 20 H 
 Shielding tensor (ppm): 
                  0          1          2    
      0      30.258030  -1.474261  -3.968163
      1      -2.345569  30.836088   2.373813
      2      -3.277972   2.003416  31.002201
 P Tensor eigenvectors:
                   0          1          2    
      0      -0.741473   0.337298  -0.580041
      1       0.013655   0.871871   0.489545
      2      -0.670844  -0.355064   0.651075
 P Eigenvalues: 
                  0          1          2    
      0      26.987298  29.180681  35.928339
P(iso)  30.698773
 Nucleus: 22 H 
 Shielding tensor (ppm): 
                  0          1          2    
      0      28.883454  -2.064467   3.349640
      1      -1.432158  31.335782  -0.256207
      2       4.491835   1.095144  25.514268
 P Tensor eigenvectors:
                   0          1          2    
      0      -0.553546   0.540859  -0.633291
      1      -0.139965   0.689187   0.710937
      2       0.820973   0.482175  -0.305796
 P Eigenvalues: 
                  0          1          2    
      0      22.729838  30.285323  32.718343
P(iso)  28.577835
 Nucleus: 23 H 
 Shielding tensor (ppm): 
                  0          1          2    
      0      28.892457  -2.043012  -3.352296
      1      -1.412358  31.332657   0.281676
      2      -4.494379  -1.078773  25.510392
 P Tensor eigenvectors:
                   0          1          2    
      0       0.552883   0.540096  -0.634521
      1       0.136658   0.692409   0.708445
      2       0.821976  -0.478400   0.309012
 P Eigenvalues: 
                  0          1          2    
      0      22.736368  30.287601  32.711537
P(iso)  28.578502
 Nucleus: 25 H 
 Shielding tensor (ppm): 
                  0          1          2    
      0      30.311614   0.514910   3.917172
      1       0.361121  31.425290  -0.127836
      2       3.826264  -1.398031  28.160458
 P Tensor eigenvectors:
                   0          1          2    
      0      -0.599052  -0.132636   0.789648
      1       0.126939  -0.989445  -0.069896
      2       0.790584   0.058366   0.609566
 P Eigenvalues: 
                  0          1          2    
      0      25.097992  31.537716  33.261653
P(iso)  29.965787
 Nucleus: 26 H 
 Shielding tensor (ppm): 
                  0          1          2    
      0      30.325228   0.532218  -3.909841
      1       0.380640  31.418151   0.143336
      2      -3.820394   1.415750  28.157160
 P Tensor eigenvectors:
                   0          1          2    
      0       0.597770  -0.132320   0.790672
      1      -0.130894  -0.989158  -0.066578
      2       0.790909  -0.063696  -0.608610
 P Eigenvalues: 
                  0          1          2    
      0      25.100198  31.538343  33.261998
P(iso)  29.966846
 Nucleus: 28 H 
 Shielding tensor (ppm): 
                  0          1          2    
      0      30.840528  -0.480421   4.655199
      1      -0.256886  30.984203   0.458685
      2       4.239333   1.201048  28.357911
 P Tensor eigenvectors:
                   0          1          2    
      0      -0.599067  -0.136527  -0.788973
      1      -0.136457   0.988349  -0.067415
      2       0.788985   0.067275  -0.610718
 P Eigenvalues: 
                  0          1          2    
      0      24.854768  31.097791  34.230084
P(iso)  30.060881
 Nucleus: 29 H 
 Shielding tensor (ppm): 
                  0          1          2    
      0      30.858330  -0.455479  -4.652687
      1      -0.236289  30.993531  -0.445948
      2      -4.235001  -1.190350  28.330876
 P Tensor eigenvectors:
                   0          1          2    
      0       0.597434  -0.136416  -0.790230
      1       0.132666   0.988659  -0.070372
      2       0.790868  -0.062794   0.608756
 P Eigenvalues: 
                  0          1          2    
      0      24.853989  31.099265  34.229483
P(iso)  30.060912
 Nucleus: 31 H 
 Shielding tensor (ppm): 
                  0          1          2    
      0      30.313489  -1.802454  -4.053259
      1      -2.669887  30.804280   2.321256
      2      -3.385908   1.940926  30.968136
 P Tensor eigenvectors:
                   0          1          2    
      0      -0.759747   0.265345  -0.593613
      1      -0.083402   0.865634   0.493682
      2      -0.644848  -0.424582   0.635533
 P Eigenvalues: 
                  0          1          2    
      0      26.890359  29.043614  36.151932
P(iso)  30.695302
 Nucleus: 32 H 
 Shielding tensor (ppm): 
                  0          1          2    
      0      30.295137  -1.818322   4.041981
      1      -2.681747  30.824712  -2.328868
      2       3.370201  -1.946883  30.965647
 P Tensor eigenvectors:
                   0          1          2    
      0      -0.761405   0.264143   0.592022
      1      -0.086787   0.863472  -0.496874
      2       0.642440   0.429702   0.634528
 P Eigenvalues: 
                  0          1          2    
      0      26.891171  29.042255  36.152070
P(iso)  30.695165
 Nucleus: 34 H 
 Shielding tensor (ppm): 
                  0          1          2    
      0      29.119010   2.140765   0.008882
      1       3.405832  36.393498   0.035341
      2       0.014850   0.033867  25.946241
 P Tensor eigenvectors:
                   0          1          2    
      0      -0.001079  -0.944288  -0.329119
      1      -0.003023   0.329121  -0.944283
      2       0.999995  -0.000024  -0.003210
 P Eigenvalues: 
                  0          1          2    
      0      25.946124  28.183188  37.329437
P(iso)  30.486250
 Nucleus: 35 H 
 Shielding tensor (ppm): 
                  0          1          2    
      0      28.992180   1.798752   0.008286
      1       3.070479  36.569691   0.031138
      2       0.011709   0.029161  25.811845
 P Tensor eigenvectors:
                   0          1          2    
      0      -0.001206  -0.956723  -0.290999
      1      -0.002533   0.291001  -0.956719
      2       0.999996  -0.000417  -0.002774
 P Eigenvalues: 
                  0          1          2    
      0      25.811757  28.278226  37.283732
P(iso)  30.457905
 Nucleus: 42 H 
 Shielding tensor (ppm): 
                  0          1          2    
      0      24.166881   0.046543   0.002390
      1       0.048766  27.365685   0.020148
      2       0.002384   0.025686  21.496932
 P Tensor eigenvectors:
                   0          1          2    
      0      -0.000825  -0.999888  -0.014917
      1      -0.003841   0.014920  -0.999881
      2       0.999992  -0.000767  -0.003853
 P Eigenvalues: 
                  0          1          2    
      0      21.496841  24.166173  27.366484
P(iso)  24.343166
 Nucleus: 43 H 
 Shielding tensor (ppm): 
                  0          1          2    
      0      27.169781  -1.663414  -0.000882
      1      -1.622400  24.624581   0.009804
      2      -0.009098   0.012369  21.133497
 P Tensor eigenvectors:
                   0          1          2    
      0      -0.000128   0.440600  -0.897703
      1      -0.003170   0.897699   0.440599
      2       0.999995   0.002903   0.001281
 P Eigenvalues: 
                  0          1          2    
      0      21.133462  23.819067  27.975330
P(iso)  24.309286
 Nucleus: 44 H 
 Shielding tensor (ppm): 
                  0          1          2    
      0      27.456646  -3.499412  -0.007193
      1      -2.483121  24.546749   0.012135
      2       0.000296   0.008730  20.131256
 P Tensor eigenvectors:
                   0          1          2    
      0      -0.000642   0.538635  -0.842539
      1      -0.002862   0.842535   0.538634
      2       0.999996   0.002757   0.001001
 P Eigenvalues: 
                  0          1          2    
      0      20.131229  22.676010  29.327413
P(iso)  24.044884
 Nucleus: 45 H 
 Shielding tensor (ppm): 
                  0          1          2    
      0      28.379437   2.798662   0.017070
      1       1.904111  23.883646   0.012231
      2       0.006502   0.012381  19.801221
 P Tensor eigenvectors:
                   0          1          2    
      0      -0.000732  -0.400910  -0.916117
      1      -0.002651   0.916115  -0.400907
      2       0.999996   0.002135  -0.001734
 P Eigenvalues: 
                  0          1          2    
      0      19.801181  22.879026  29.384097
P(iso)  24.021435
 Nucleus: 46 H 
 Shielding tensor (ppm): 
                  0          1          2    
      0      27.200630   1.357750   0.009261
      1       1.364431  24.496846   0.011485
      2       0.016001   0.013882  21.202736
 P Tensor eigenvectors:
                   0          1          2    
      0      -0.001291  -0.384198  -0.923250
      1      -0.003264   0.923247  -0.384192
      2       0.999994   0.002518  -0.002446
 P Eigenvalues: 
                  0          1          2    
      0      21.202677  23.930376  27.767159
P(iso)  24.300071
# -----------------------------------------------------------
$ EPRNMR_ATensor
   description: Hyperfine A tensor
   geom. index: 1
   prop. index: 1
 Number of stored nuclei 25
 Source density: 1 SCF 
 Spin multiplicity: 2 
 Nucleus: 7 H  
 Isotope: 1 
 Nuclear Spin:  0.5 
 Prefactor (MHz): 533.551395 
 Raw A tensor (MHz): 
                  0          1          2    
      0      24.473965  -3.776753  -0.001681
      1      -3.773329  25.599564   0.004347
      2      -0.001676   0.004342  20.629461
 A Tensor eigenvectors:
                   0          1          2    
      0      -0.001665   0.757425  -0.652920
      1      -0.002140   0.652917   0.757426
      2       0.999996   0.002658   0.000534
 A Eigenvalues: 
                  0          1          2    
      0      20.629455  21.220006  28.853530
A(iso)  23.567663
 Nucleus: 8 H  
 Isotope: 1 
 Nuclear Spin:  0.5 
 Prefactor (MHz): 533.551395 
 Raw A tensor (MHz): 
                  0          1          2    
      0      51.844411   2.876968   0.006858
      1       2.878518  68.844551   0.036908
      2       0.006860   0.036907  50.393628
 A Tensor eigenvectors:
                   0          1          2    
      0      -0.001100   0.986715   0.162457
      1      -0.001829  -0.162459   0.986714
      2       0.999998   0.000789   0.001983
 A Eigenvalues: 
                  0          1          2    
      0      50.393553  51.370486  69.318551
A(iso)  57.027530
 Nucleus: 10 H  
 Isotope: 1 
 Nuclear Spin:  0.5 
 Prefactor (MHz): 533.551395 
 Raw A tensor (MHz): 
                  0          1          2    
      0      -7.329096   1.821101   1.362097
      1       1.821327   0.340035   3.408345
      2       1.362899   3.409066  -6.976395
 A Tensor eigenvectors:
                   0          1          2    
      0       0.225308   0.808612   0.543491
      1       0.901780  -0.384249   0.197851
      2       0.368821   0.445532  -0.815765
 A Eigenvalues: 
                  0          1          2    
      0       2.189420  -7.443886  -8.710990
A(iso)  -4.655152
 Nucleus: 11 H  
 Isotope: 1 
 Nuclear Spin:  0.5 
 Prefactor (MHz): 533.551395 
 Raw A tensor (MHz): 
                  0          1          2    
      0      -7.344222   1.815588  -1.350019
      1       1.815808   0.333178  -3.382791
      2      -1.350820  -3.383520  -7.002622
 A Tensor eigenvectors:
                   0          1          2    
      0      -0.224581   0.808422   0.544075
      1      -0.902903  -0.382636   0.195849
      2       0.366511  -0.447263   0.815859
 A Eigenvalues: 
                  0          1          2    
      0       2.158333  -7.456558  -8.715442
A(iso)  -4.671222
 Nucleus: 13 H  
 Isotope: 1 
 Nuclear Spin:  0.5 
 Prefactor (MHz): 533.551395 
 Raw A tensor (MHz): 
                  0          1          2    
      0      -0.490595  -0.808237  -0.218492
      1      -0.807723   1.677401   0.732693
      2      -0.218457   0.733436  -0.821505
 A Tensor eigenvectors:
                   0          1          2    
      0       0.952983   0.003288  -0.303006
      1       0.291516   0.262998   0.919701
      2       0.082714  -0.964791   0.249674
 A Eigenvalues: 
                  0          1          2    
      0      -0.756639  -1.020682   2.142622
A(iso)  0.121767
 Nucleus: 14 H  
 Isotope: 1 
 Nuclear Spin:  0.5 
 Prefactor (MHz): 533.551395 
 Raw A tensor (MHz): 
                  0          1          2    
      0      -0.491613  -0.807228   0.214937
      1      -0.806714   1.682492  -0.719512
      2       0.214904  -0.720248  -0.829824
 A Tensor eigenvectors:
                   0          1          2    
      0       0.953108  -0.000493   0.302630
      1       0.292585   0.257021  -0.921051
      2      -0.077328   0.966406   0.245113
 A Eigenvalues: 
                  0          1          2    
      0      -0.756697  -1.021478   2.139230
A(iso)  0.120352
 Nucleus: 16 H  
 Isotope: 1 
 Nuclear Spin:  0.5 
 Prefactor (MHz): 533.551395 
 Raw A tensor (MHz): 
                  0          1          2    
      0      -0.528286   0.234764  -0.065594
      1       0.234805   0.993384  -0.304852
      2      -0.065686  -0.305056  -0.552926
 A Tensor eigenvectors:
                   0          1          2    
      0       0.924714   0.350440  -0.148646
      1      -0.203302   0.124516  -0.971166
      2      -0.321827   0.928271   0.186387
 A Eigenvalues: 
                  0          1          2    
      0      -0.557059  -0.618638   1.087868
A(iso)  -0.029276
 Nucleus: 17 H  
 Isotope: 1 
 Nuclear Spin:  0.5 
 Prefactor (MHz): 533.551395 
 Raw A tensor (MHz): 
                  0          1          2    
      0      -0.529493   0.234049   0.066864
      1       0.234090   0.990078   0.312909
      2       0.066956   0.313115  -0.550469
 A Tensor eigenvectors:
                   0          1          2    
      0       0.923552   0.353616   0.148346
      1      -0.205123   0.128700   0.970238
      2       0.323999  -0.926494   0.191396
 A Eigenvalues: 
                  0          1          2    
      0      -0.558006  -0.619513   1.087635
A(iso)  -0.029961
 Nucleus: 19 H  
 Isotope: 1 
 Nuclear Spin:  0.5 
 Prefactor (MHz): 533.551395 
 Raw A tensor (MHz): 
                  0          1          2    
      0      -0.255610  -0.152948   0.029996
      1      -0.152833   0.468754  -0.112905
      2       0.029988  -0.112982  -0.283386
 A Tensor eigenvectors:
                   0          1          2    
      0       0.894397  -0.401248   0.197621
      1       0.238568   0.054230  -0.969610
      2       0.378337   0.914363   0.144228
 A Eigenvalues: 
                  0          1          2    
      0      -0.283695  -0.303256   0.516710
A(iso)  -0.023414
 Nucleus: 20 H  
 Isotope: 1 
 Nuclear Spin:  0.5 
 Prefactor (MHz): 533.551395 
 Raw A tensor (MHz): 
                  0          1          2    
      0      -0.255710  -0.153044  -0.030740
      1      -0.152929   0.467549   0.116704
      2      -0.030731   0.116782  -0.282436
 A Tensor eigenvectors:
                   0          1          2    
      0       0.895314  -0.399070  -0.197880
      1       0.240554   0.059288   0.968823
      2      -0.374896  -0.915002   0.149079
 A Eigenvalues: 
                  0          1          2    
      0      -0.283935  -0.303416   0.516755
A(iso)  -0.023532
 Nucleus: 22 H  
 Isotope: 1 
 Nuclear Spin:  0.5 
 Prefactor (MHz): 533.551395 
 Raw A tensor (MHz): 
                  0          1          2    
      0       5.086592   1.412125   0.813103
      1       1.411476   4.136451   0.283847
      2       0.813583   0.284516   3.829410
 A Tensor eigenvectors:
                   0          1          2    
      0       0.619180   0.009182   0.785195
      1      -0.686417   0.491971   0.535533
      2      -0.381376  -0.870563   0.310921
 A Eigenvalues: 
                  0          1          2    
      0       3.020648   3.660157   6.371647
A(iso)  4.350817
 Nucleus: 23 H  
 Isotope: 1 
 Nuclear Spin:  0.5 
 Prefactor (MHz): 533.551395 
 Raw A tensor (MHz): 
                  0          1          2    
      0       5.081593   1.417059  -0.804848
      1       1.416410   4.132220  -0.281271
      2      -0.805330  -0.281939   3.818120
 A Tensor eigenvectors:
                   0          1          2    
      0       0.618821   0.008667  -0.785485
      1      -0.688581   0.487213  -0.537103
      2       0.378043   0.873240   0.307465
 A Eigenvalues: 
                  0          1          2    
      0       3.013442   3.652934   6.365558
A(iso)  4.343978
 Nucleus: 25 H  
 Isotope: 1 
 Nuclear Spin:  0.5 
 Prefactor (MHz): 533.551395 
 Raw A tensor (MHz): 
                  0          1          2    
      0      -0.185254   0.822644  -0.177948
      1       0.822215   1.919563  -0.673133
      2      -0.177871  -0.674030  -0.446848
 A Tensor eigenvectors:
                   0          1          2    
      0       0.929204  -0.197812  -0.312169
      1      -0.243094   0.309073  -0.919445
      2       0.278360   0.930239   0.239105
 A Eigenvalues: 
                  0          1          2    
      0      -0.453562  -0.632972   2.373994
A(iso)  0.429154
 Nucleus: 26 H  
 Isotope: 1 
 Nuclear Spin:  0.5 
 Prefactor (MHz): 533.551395 
 Raw A tensor (MHz): 
                  0          1          2    
      0      -0.187352   0.820468   0.182579
      1       0.820041   1.912014   0.686057
      2       0.182500   0.686958  -0.441062
 A Tensor eigenvectors:
                   0          1          2    
      0       0.929955  -0.195035   0.311681
      1      -0.242073   0.313266   0.918295
      2      -0.276739  -0.929422   0.244110
 A Eigenvalues: 
                  0          1          2    
      0      -0.455043  -0.634306   2.372949
A(iso)  0.427867
 Nucleus: 28 H  
 Isotope: 1 
 Nuclear Spin:  0.5 
 Prefactor (MHz): 533.551395 
 Raw A tensor (MHz): 
                  0          1          2    
      0      -0.052812   0.454811   0.102457
      1       0.454577   0.327901   0.152617
      2       0.102504   0.152782  -0.342473
 A Tensor eigenvectors:
                   0          1          2    
      0       0.828542   0.127866   0.545131
      1      -0.558921   0.130553   0.818879
      2       0.033539  -0.983161   0.179635
 A Eigenvalues: 
                  0          1          2    
      0      -0.355363  -0.376096   0.664076
A(iso)  -0.022461
 Nucleus: 29 H  
 Isotope: 1 
 Nuclear Spin:  0.5 
 Prefactor (MHz): 533.551395 
 Raw A tensor (MHz): 
                  0          1          2    
      0      -0.052566   0.455590  -0.099725
      1       0.455355   0.329134  -0.148545
      2      -0.099773  -0.148709  -0.344438
 A Tensor eigenvectors:
                   0          1          2    
      0       0.828655   0.125562  -0.545495
      1      -0.558719   0.126152  -0.819706
      2      -0.034109   0.984032   0.174691
 A Eigenvalues: 
                  0          1          2    
      0      -0.355532  -0.376237   0.663899
A(iso)  -0.022623
 Nucleus: 31 H  
 Isotope: 1 
 Nuclear Spin:  0.5 
 Prefactor (MHz): 533.551395 
 Raw A tensor (MHz): 
                  0          1          2    
      0      -0.214957   0.164166   0.022532
      1       0.164039   0.478734   0.110549
      2       0.022520   0.110659  -0.252232
 A Tensor eigenvectors:
                   0          1          2    
      0       0.971506  -0.096224   0.216604
      1      -0.198868   0.166271   0.965819
      2      -0.128950  -0.981374   0.142398
 A Eigenvalues: 
                  0          1          2    
      0      -0.251523  -0.268770   0.531840
A(iso)  0.003849
 Nucleus: 32 H  
 Isotope: 1 
 Nuclear Spin:  0.5 
 Prefactor (MHz): 533.551395 
 Raw A tensor (MHz): 
                  0          1          2    
      0      -0.214829   0.164491  -0.021684
      1       0.164365   0.479638  -0.106770
      2      -0.021673  -0.106879  -0.253307
 A Tensor eigenvectors:
                   0          1          2    
      0       0.971218  -0.098366  -0.216930
      1      -0.199490   0.161713  -0.966464
      2       0.130147   0.981923   0.137435
 A Eigenvalues: 
                  0          1          2    
      0      -0.251492  -0.268736   0.531730
A(iso)  0.003834
 Nucleus: 34 H  
 Isotope: 1 
 Nuclear Spin:  0.5 
 Prefactor (MHz): 533.551395 
 Raw A tensor (MHz): 
                  0          1          2    
      0      -0.113060   0.005385   0.000039
      1       0.005462   0.502988   0.001740
      2       0.000039   0.001740  -0.134920
 A Tensor eigenvectors:
                   0          1          2    
      0       0.999961   0.001118   0.008741
      1      -0.008744   0.002718   0.999958
      2       0.001094  -0.999996   0.002727
 A Eigenvalues: 
                  0          1          2    
      0      -0.113108  -0.134925   0.503040
A(iso)  0.085003
 Nucleus: 35 H  
 Isotope: 1 
 Nuclear Spin:  0.5 
 Prefactor (MHz): 533.551395 
 Raw A tensor (MHz): 
                  0          1          2    
      0      -0.121404   0.166238   0.000471
      1       0.166124   0.257997   0.001243
      2       0.000471   0.001243  -0.190632
 A Tensor eigenvectors:
                   0          1          2    
      0       0.935971   0.001394   0.352075
      1      -0.352077   0.002254   0.935968
      2       0.000511  -0.999996   0.002600
 A Eigenvalues: 
                  0          1          2    
      0      -0.183899  -0.190636   0.320495
A(iso)  -0.018013
 Nucleus: 42 H  
 Isotope: 1 
 Nuclear Spin:  0.5 
 Prefactor (MHz): 533.551395 
 Raw A tensor (MHz): 
                  0          1          2    
      0       0.249510   0.008318   0.000031
      1       0.008310   0.439705   0.000590
      2       0.000031   0.000590   0.255683
 A Tensor eigenvectors:
                   0          1          2    
      0       0.999048  -0.000599   0.043611
      1      -0.043609   0.003235   0.999043
      2      -0.000740  -0.999995   0.003206
 A Eigenvalues: 
                  0          1          2    
      0       0.249148   0.255681   0.440069
A(iso)  0.314966
 Nucleus: 43 H  
 Isotope: 1 
 Nuclear Spin:  0.5 
 Prefactor (MHz): 533.551395 
 Raw A tensor (MHz): 
                  0          1          2    
      0      -0.000969   0.081649   0.000370
      1       0.081614  -0.181236  -0.000035
