-------------------------------------------------------------
----------------------- !PROPERTIES! ------------------------
-------------------------------------------------------------
# -----------------------------------------------------------
$ PAL_Flags
   description: The PAL Flags
   geom. index: 1
   prop. index: 1
        Diskflag:     2
# -----------------------------------------------------------
$ SCF_Energy
   description: The SCF energy
   geom. index: 1
   prop. index: 1
        SCF Energy:     -852.8245077910
# -----------------------------------------------------------
$ DFT_Energy
   description: The DFT energy
   geom. index: 1
   prop. index: 1
   Number of Alpha Electrons                 79.0001786708 
   Number of Beta  Electrons                 78.0001791554 
   Total number of  Electrons               157.0003578261 
   Exchange energy                          -97.3541522847 
   Correlation energy                        -6.0895077187 
   Correlation energy NL                      0.0000000000 
   Exchange-Correlation energy             -103.4436600034 
   Embedding correction                       0.0000000000 
   Total DFT Energy (No VdW correction)    -852.8245077910 
# -----------------------------------------------------------
$ Mayer_Pop
   description: The Mayer population analysis
   geom. index: 1
   prop. index: 1
     Number of atoms                     : 47
     Threshold for printing              : 0.1000000
     Number of bond orders printed       : 52
  NA   - Mulliken gross atomic population
  ZA   - Total nuclear charge
  QA   - Mulliken gross atomic charge
  VA   - Mayer's total valence
  BVA  - Mayer's bonded valence
  FA   - Mayer's free valence
  ATOM       NA         ZA         QA         VA         BVA        FA
  0   0     6.3639     6.0000    -0.3639     3.7909     3.7908     0.0001
  1   0     6.3328     6.0000    -0.3328     3.8914     3.0859     0.8055
  2   0     5.5133     6.0000     0.4867     3.6495     3.6445     0.0050
  3   0     6.4177     6.0000    -0.4177     4.3325     4.3310     0.0015
  4   0     5.4792     6.0000     0.5208     3.8930     3.8921     0.0009
  5   0     5.7823     6.0000     0.2177     3.9930     3.9913     0.0017
  6   0     6.2192     6.0000    -0.2192     4.0522     4.0475     0.0047
  7   0     0.8635     1.0000     0.1365     0.9651     0.9650     0.0001
  8   0     0.8712     1.0000     0.1288     0.9632     0.9627     0.0005
  9   0     6.3730     6.0000    -0.3730     3.9925     3.9919     0.0006
 10   0     0.8473     1.0000     0.1527     0.9644     0.9644     0.0000
 11   0     0.8472     1.0000     0.1528     0.9643     0.9643     0.0000
 12   0     6.2659     6.0000    -0.2659     4.0080     4.0080     0.0000
 13   0     0.8559     1.0000     0.1441     0.9658     0.9658     0.0000
 14   0     0.8559     1.0000     0.1441     0.9658     0.9658     0.0000
 15   0     6.2661     6.0000    -0.2661     3.8906     3.8906    -0.0000
 16   0     0.8553     1.0000     0.1447     0.9668     0.9668     0.0000
 17   0     0.8552     1.0000     0.1448     0.9668     0.9668     0.0000
 18   0     6.5104     6.0000    -0.5104     3.8985     3.8985     0.0000
 19   0     0.8398     1.0000     0.1602     0.9651     0.9651     0.0000
 20   0     0.8398     1.0000     0.1602     0.9651     0.9651     0.0000
 21   0     6.3417     6.0000    -0.3417     4.0058     4.0057     0.0001
 22   0     0.8447     1.0000     0.1553     0.9621     0.9621     0.0000
 23   0     0.8448     1.0000     0.1552     0.9621     0.9621     0.0000
 24   0     6.2744     6.0000    -0.2744     4.0203     4.0203     0.0000
 25   0     0.8578     1.0000     0.1422     0.9661     0.9661     0.0000
 26   0     0.8578     1.0000     0.1422     0.9661     0.9661     0.0000
 27   0     6.2667     6.0000    -0.2667     3.8968     3.8968     0.0000
 28   0     0.8549     1.0000     0.1451     0.9669     0.9669     0.0000
 29   0     0.8550     1.0000     0.1450     0.9669     0.9669     0.0000
 30   0     6.5115     6.0000    -0.5115     3.8993     3.8993     0.0000
 31   0     0.8400     1.0000     0.1600     0.9651     0.9651     0.0000
 32   0     0.8400     1.0000     0.1600     0.9651     0.9651     0.0000
 33   0     6.3112     6.0000    -0.3112     3.9520     3.9518     0.0002
 34   0     0.8546     1.0000     0.1454     0.9665     0.9665     0.0000
 35   0     0.8550     1.0000     0.1450     0.9666     0.9666     0.0000
 36   0     5.4094     6.0000     0.5906     3.9331     3.9331     0.0000
 37   0     6.2818     6.0000    -0.2818     4.1966     4.1966     0.0000
 38   0     6.0987     6.0000    -0.0987     4.0943     4.0943     0.0000
 39   0     6.1255     6.0000    -0.1255     4.0772     4.0772     0.0000
 40   0     6.1018     6.0000    -0.1018     4.0982     4.0982     0.0000
 41   0     6.2756     6.0000    -0.2756     4.1838     4.1838     0.0000
 42   0     0.8931     1.0000     0.1069     0.9582     0.9582     0.0000
 43   0     0.8942     1.0000     0.1058     0.9614     0.9614     0.0000
 44   0     0.8803     1.0000     0.1197     0.9603     0.9603     0.0000
 45   0     0.8810     1.0000     0.1190     0.9603     0.9603     0.0000
 46   0     0.8940     1.0000     0.1060     0.9616     0.9616     0.0000
      Bond orders larger than 0.1000000
           Atom A     A.N. of A          Atom B    A.N. of B              Bond order
                0             6               4            6                0.807404
                0             6               5            6                0.107571
                0             6              33            6                2.512309
                1             6               2            6                1.240470
                1             6               3            6                0.116252
                1             6               5            6                0.115027
                1             6               6            6                1.397335
                2             6               3            6                1.426283
                2             6               9            6                0.908992
                3             6               4            6                1.454398
                3             6               7            1                0.982850
                4             6               5            6                1.407124
                4             6               6            6                0.100362
                5             6               6            6                1.384567
                5             6              21            6                0.976090
                6             6               8            1                0.971720
                9             6              10            1                0.967570
                9             6              11            1                0.967527
                9             6              12            6                1.017494
               12             6              13            1                0.963103
               12             6              14            1                0.963052
               12             6              15            6                0.983763
               15             6              16            1                0.972497
               15             6              17            1                0.972482
               15             6              18            6                0.955680
               18             6              19            1                0.972083
               18             6              20            1                0.972061
               18             6              34            1                0.968197
               21             6              22            1                0.953721
               21             6              23            1                0.953882
               21             6              24            6                1.015032
               24             6              25            1                0.962604
               24             6              26            1                0.962668
               24             6              27            6                0.988803
               27             6              28            1                0.971940
               27             6              29            1                0.971917
               27             6              30            6                0.954535
               30             6              31            1                0.972914
               30             6              32            1                0.972929
               30             6              35            1                0.967482
               33             6              36            6                1.004605
               36             6              37            6                1.389586
               36             6              41            6                1.385260
               37             6              38            6                1.476048
               37             6              44            1                0.982012
               38             6              39            6                1.452536
               38             6              46            1                0.976096
               39             6              40            6                1.455313
               39             6              42            1                0.965941
               40             6              41            6                1.475937
               40             6              43            1                0.977147
               41             6              45            1                0.979972
# -----------------------------------------------------------
$ Calculation_Info
   description: Details of the calculation
   geom. index: 1
   prop. index: 1
     Multiplicity:                          2
     Charge:                                0
     number of atoms:                       47
     number of electrons:                   0
     number of frozen core electrons:       1
     number of correlated electrons:        0
     number of basis functions:             549
     number of aux C basis functions:       3810
     number of aux J basis functions:       3810
     number of aux JK basis functions:      3810
     number of aux CABS basis functions:    0
     Total Energy                           -852.824508
# -----------------------------------------------------------
$ SCF_Electric_Properties
   description: The SCF Calculated Electric Properties
   geom. index: 1
   prop. index: 1
       Filename                          : EPRII.scfp 
       Do Dipole Moment Calculation      : true 
       Do Quadrupole Moment Calculation  : false 
       Do Polarizability Calculation     : false 
** Dipole moment part of electric properties **
        Magnitude of dipole moment (Debye) :        0.5934010372
        Electronic Contribution:
                  0    
      0      15.895542
      1      -0.251358
      2       0.012118
        Nuclear Contribution:
                  0    
      0     -15.662101
      1       0.248609
      2      -0.012006
        Total Dipole moment:
                  0    
      0       0.233441
      1      -0.002749
      2       0.000113
# -----------------------------------------------------------
$ EPRNMR_GTensor
   description: Electronic g tensor
   geom. index: 1
   prop. index: 1
 Source density: 1 SCF 
 Spin multiplicity: 2 
 raw g tensor: 
                  0          1          2    
      0       2.002154  -0.000002  -0.000001
      1      -0.000011   2.001716  -0.000003
      2      -0.000001  -0.000003   2.003122
 g tensor: 
                  0          1          2    
      0       0.015555   0.999878   0.001083
      1       0.999877  -0.015558   0.002061
      2       0.002077   0.001051  -0.999997
 G eigenvalues: 
                  0          1          2    
      0       2.001716   2.002154   2.003122
# -----------------------------------------------------------
$ EPRNMR_OrbitalShielding
   description: Orbital contribution to the NMR Shielding tensor (ppm)
   geom. index: 1
   prop. index: 1
 Number of stored nuclei 25
 Source density: 1 SCF 
 Nucleus: 7 H 
 Shielding tensor (ppm): 
                  0          1          2    
      0      35.597951 186.314330   0.202310
      1     -191.495001 126.638897  -0.172428
      2      -0.348128   0.112791 117.869987
 P Tensor eigenvectors:
                   0          1          2    
      0      -0.000840   0.819063  -0.573703
      1      -0.001192   0.573702   0.819063
      2       0.999999   0.001372   0.000495
 P Eigenvalues: 
                  0          1          2    
      0     117.870130  63.128145  99.108560
P(iso)  93.368945
 Nucleus: 8 H 
 Shielding tensor (ppm): 
                  0          1          2    
      0      32.822354 -128.373537  -0.093194
      1     -12.122296 -14.841500  -0.158078
      2      -0.144591  -0.043177  -3.583324
 P Tensor eigenvectors:
                   0          1          2    
      0      -0.012144   0.971200  -0.237958
      1      -0.003802   0.237929   0.971275
      2       0.999919   0.012700   0.000803
 P Eigenvalues: 
                  0          1          2    
      0      -3.580952  -2.350615  20.329096
P(iso)  4.799176
 Nucleus: 10 H 
 Shielding tensor (ppm): 
                  0          1          2    
      0      67.561172 -167.196567 300.251561
      1     225.426129 -38.205182 217.637977
      2     -205.989101 -161.778189  -1.743431
 P Tensor eigenvectors:
                   0          1          2    
      0      -0.482465   0.710933   0.511665
      1       0.690084   0.668276  -0.277833
      2       0.539454  -0.219047   0.813024
 P Eigenvalues: 
                  0          1          2    
      0     -26.100577  21.809962  31.903174
P(iso)  9.204186
 Nucleus: 11 H 
 Shielding tensor (ppm): 
                  0          1          2    
      0      67.596814 -165.560336 -301.353515
      1     224.298370 -37.841387 -217.846003
      2     207.389970 161.606215  -2.054704
 P Tensor eigenvectors:
                   0          1          2    
      0      -0.482391   0.711003  -0.511638
      1       0.693241   0.666924   0.273185
      2      -0.535459   0.222907   0.814614
 P Eigenvalues: 
                  0          1          2    
      0     -26.082462  21.838369  31.944816
P(iso)  9.233574
 Nucleus: 13 H 
 Shielding tensor (ppm): 
                  0          1          2    
      0      53.441176 245.008449 248.955115
      1     -307.105576 107.883806 326.248308
      2     -185.549175 -237.904000 136.577617
 P Tensor eigenvectors:
                   0          1          2    
      0      -0.656474   0.515352  -0.550867
      1       0.465432   0.851400   0.241848
      2      -0.593645   0.097624   0.798783
 P Eigenvalues: 
                  0          1          2    
      0     113.807278  76.984578 107.110743
P(iso)  99.300866
 Nucleus: 14 H 
 Shielding tensor (ppm): 
                  0          1          2    
      0      53.391990 246.118186 -247.921570
      1     -307.674976 108.281802 -326.925949
      2     183.961644 238.105211 135.905945
 P Tensor eigenvectors:
                   0          1          2    
      0      -0.657186   0.515716   0.549676
      1       0.462475   0.851762  -0.246209
      2       0.595167  -0.092406   0.798272
 P Eigenvalues: 
                  0          1          2    
      0     113.638555  76.918101 107.023080
P(iso)  99.193245
 Nucleus: 16 H 
 Shielding tensor (ppm): 
                  0          1          2    
      0      38.537110 -222.910515 -295.454015
      1     335.751244 -31.266273 -402.617218
      2     202.298354 292.491891 -34.450841
 P Tensor eigenvectors:
                   0          1          2    
      0      -0.679284   0.473470  -0.560714
      1       0.483458   0.863529   0.143478
      2      -0.552125   0.173620   0.815484
 P Eigenvalues: 
                  0          1          2    
      0     -42.627734   6.253012   9.194719
P(iso)  -9.060001
 Nucleus: 17 H 
 Shielding tensor (ppm): 
                  0          1          2    
      0      38.459024 -223.839427 294.777551
      1     335.851460 -31.744195 403.639037
      2     -200.740903 -293.219049 -33.562674
 P Tensor eigenvectors:
                   0          1          2    
      0      -0.680555   0.474085   0.558648
      1       0.480915   0.864258  -0.147576
      2       0.552779  -0.168229   0.816170
 P Eigenvalues: 
                  0          1          2    
      0     -42.467447   6.323742   9.295860
P(iso)  -8.949282
 Nucleus: 19 H 
 Shielding tensor (ppm): 
                  0          1          2    
      0      -3.718676 391.407156 -221.474454
      1     -460.335468  87.588550 -463.443501
      2     160.571896 334.149198  58.104438
 P Tensor eigenvectors:
                   0          1          2    
      0      -0.664372  -0.435250   0.607591
      1       0.302119  -0.899955  -0.314333
      2       0.683618  -0.025269   0.729402
 P Eigenvalues: 
                  0          1          2    
      0      48.299607  39.662544  54.012161
P(iso)  47.324771
 Nucleus: 20 H 
 Shielding tensor (ppm): 
                  0          1          2    
      0      -3.673331 391.181099 223.147002
      1     -460.903973  87.038231 462.365070
      2     -162.867418 -333.067645  59.114621
 P Tensor eigenvectors:
                   0          1          2    
      0      -0.662587  -0.435000  -0.609716
      1       0.305275  -0.900217   0.310511
      2      -0.683948   0.019610   0.729267
 P Eigenvalues: 
                  0          1          2    
      0      48.575476  39.762852  54.141193
P(iso)  47.493174
 Nucleus: 22 H 
 Shielding tensor (ppm): 
                  0          1          2    
      0      66.110645 -134.394879 -51.543061
      1     190.970969  98.414548 227.194511
      2      45.296582 -166.901637 121.520219
 P Tensor eigenvectors:
                   0          1          2    
      0       0.792358   0.164643   0.587419
      1       0.075984  -0.982030   0.172752
      2      -0.605305   0.092247   0.790630
 P Eigenvalues: 
                  0          1          2    
      0      90.228028  83.031264 112.786121
P(iso)  95.348471
 Nucleus: 23 H 
 Shielding tensor (ppm): 
                  0          1          2    
      0      66.112399 -134.807660  50.811794
      1     191.414339  98.715358 -227.187137
      2     -44.420724 166.649765 121.233359
 P Tensor eigenvectors:
                   0          1          2    
      0       0.791816   0.164760  -0.588118
      1       0.073085  -0.981568  -0.176585
      2       0.606372  -0.096840   0.789262
 P Eigenvalues: 
                  0          1          2    
      0      90.215370  83.030533 112.815213
P(iso)  95.353705
 Nucleus: 25 H 
 Shielding tensor (ppm): 
                  0          1          2    
      0      53.510962 173.855895 124.914907
      1     -269.068745  29.060766 -333.988899
      2     -82.484769 243.637419  45.450982
 P Tensor eigenvectors:
                   0          1          2    
      0       0.744945   0.280853   0.605127
      1       0.306595  -0.949729   0.063355
      2      -0.592500  -0.138333   0.793604
 P Eigenvalues: 
                  0          1          2    
      0      24.322056  43.180755  60.519898
P(iso)  42.674236
 Nucleus: 26 H 
 Shielding tensor (ppm): 
                  0          1          2    
      0      53.604397 174.991030 -123.955293
      1     -270.173414  28.582905 333.278359
      2      81.075934 -243.321791  45.841539
 P Tensor eigenvectors:
                   0          1          2    
      0       0.743669   0.280572  -0.606824
      1       0.303488  -0.950440  -0.067520
      2       0.595694   0.133951   0.791963
 P Eigenvalues: 
                  0          1          2    
      0      24.330343  43.180204  60.518294
P(iso)  42.676281
 Nucleus: 28 H 
 Shielding tensor (ppm): 
                  0          1          2    
      0      36.239736 -285.188830 -51.317613
      1     384.563729  67.145914 411.427102
      2      45.382070 -298.801842  67.232347
 P Tensor eigenvectors:
                   0          1          2    
      0      -0.729125   0.137246  -0.670477
      1      -0.079334  -0.990031  -0.116385
      2       0.679766   0.031668  -0.732745
 P Eigenvalues: 
                  0          1          2    
      0      53.371821  49.504210  67.741965
P(iso)  56.872665
 Nucleus: 29 H 
 Shielding tensor (ppm): 
                  0          1          2    
      0      36.251042 -286.168538  49.734272
      1     385.804468  67.752896 -410.460865
      2     -43.388746 298.056176  66.674811
 P Tensor eigenvectors:
                   0          1          2    
      0       0.727447   0.137332  -0.672280
      1       0.075714  -0.989849  -0.120277
      2       0.681974  -0.036594   0.730461
 P Eigenvalues: 
                  0          1          2    
      0      53.413103  49.509617  67.756029
P(iso)  56.892916
 Nucleus: 31 H 
 Shielding tensor (ppm): 
                  0          1          2    
      0      -3.190082 235.098817 -101.112760
      1     -346.171872  20.848986 469.263025
      2      71.956129 -340.992956 -13.646103
 P Tensor eigenvectors:
                   0          1          2    
      0       0.798648   0.108859  -0.591870
      1       0.182576  -0.980978   0.065936
      2       0.573434   0.160721   0.803332
 P Eigenvalues: 
                  0          1          2    
      0     -21.946645  10.800685  15.158761
P(iso)  1.337600
 Nucleus: 32 H 
 Shielding tensor (ppm): 
                  0          1          2    
      0      -3.285286 233.495042 102.437972
      1     -344.320673  21.546353 -470.188904
      2     -73.795760 341.940152 -14.256281
 P Tensor eigenvectors:
                   0          1          2    
      0       0.800449   0.109385   0.589336
      1       0.185682  -0.980093  -0.070284
      2      -0.569916  -0.165688   0.804825
 P Eigenvalues: 
                  0          1          2    
      0     -21.959024  10.802386  15.161425
P(iso)  1.334929
 Nucleus: 34 H 
 Shielding tensor (ppm): 
                  0          1          2    
      0     -106.691745  72.577142   0.509338
      1      86.497483   7.461817   1.066609
      2       0.065423   0.040302 -152.654806
 P Tensor eigenvectors:
                   0          1          2    
      0       0.393548   0.919272   0.007706
      1       0.919302  -0.393553  -0.000885
      2      -0.002219  -0.007432   0.999970
 P Eigenvalues: 
                  0          1          2    
      0      47.329635 -146.564781 -152.649588
P(iso)  -83.961578
 Nucleus: 35 H 
 Shielding tensor (ppm): 
                  0          1          2    
      0     -110.008860 -331.034228  -0.919405
      1     386.639175  62.916892   1.038296
      2       1.030450  -0.104387 -94.329415
 P Tensor eigenvectors:
                   0          1          2    
      0      -0.001576  -0.562231  -0.826979
      1      -0.002712   0.826979  -0.562226
      2       0.999995   0.001357  -0.002828
 P Eigenvalues: 
                  0          1          2    
      0     -94.330767 -17.598672 -29.491944
P(iso)  -47.140461
 Nucleus: 42 H 
 Shielding tensor (ppm): 
                  0          1          2    
      0      40.911706 -20.235916   0.107790
      1       4.634910 -228.733611  -0.067705
      2       0.097882  -0.080089 -159.597513
 P Tensor eigenvectors:
                   0          1          2    
      0       0.999318   0.000407  -0.036921
      1       0.036921   0.000985   0.999318
      2       0.000443  -0.999999   0.000970
 P Eigenvalues: 
                  0          1          2    
      0      39.968588 -159.597491 -227.790515
P(iso)  -115.806473
 Nucleus: 43 H 
 Shielding tensor (ppm): 
                  0          1          2    
      0      10.841102 514.052146   0.501845
      1     -280.597194 -88.108839  -0.167667
      2      -0.187530   0.255542 -76.470901
 P Tensor eigenvectors:
                   0          1          2    
      0      -0.000546   0.988473   0.151398
      1      -0.000889  -0.151399   0.988472
      2       0.999999   0.000406   0.000962
 P Eigenvalues: 
                  0          1          2    
      0     -76.471020 -26.364272 -50.903346
P(iso)  -51.246213
 Nucleus: 44 H 
 Shielding tensor (ppm): 
                  0          1          2    
      0       7.057230 -484.745007  -0.517550
      1     334.319818 149.657181   0.202141
      2       0.269231  -0.215093  99.098209
 P Tensor eigenvectors:
                   0          1          2    
      0      -0.000447  -0.959711  -0.280990
      1      -0.000965   0.280990  -0.959710
      2       0.999999  -0.000158  -0.001052
 P Eigenvalues: 
                  0          1          2    
      0      99.098297  58.881251  97.833072
P(iso)  85.270873
 Nucleus: 45 H 
 Shielding tensor (ppm): 
                  0          1          2    
      0      14.619401 469.135899   0.293186
      1     -299.243224 137.322664  -0.176562
      2      -0.215473   0.298790  94.804257
 P Tensor eigenvectors:
                   0          1          2    
      0      -0.000763   0.976947  -0.213480
      1      -0.000730   0.213480   0.976947
      2       0.999999   0.000902   0.000550
 P Eigenvalues: 
                  0          1          2    
      0      94.804179  55.644107  96.298035
P(iso)  82.248774
 Nucleus: 46 H 
 Shielding tensor (ppm): 
                  0          1          2    
      0      -0.875698 -540.039646  -0.447040
      1     299.290677 -70.922555   0.140535
      2       0.298743  -0.283830 -71.929075
 P Tensor eigenvectors:
                   0          1          2    
      0      -0.000469   0.995113  -0.098740
      1      -0.000897   0.098740   0.995113
      2       0.999999   0.000555   0.000847
 P Eigenvalues: 
                  0          1          2    
      0     -71.928962 -25.214084 -46.584281
P(iso)  -47.909109
# -----------------------------------------------------------
$ EPRNMR_ATensor
   description: Hyperfine A tensor
   geom. index: 1
   prop. index: 1
 Number of stored nuclei 25
 Source density: 1 SCF 
 Spin multiplicity: 2 
 Nucleus: 7 H  
 Isotope: 1 
 Nuclear Spin:  0.5 
 Prefactor (MHz): 533.551395 
 Raw A tensor (MHz): 
                  0          1          2    
      0      23.913605  -3.821914  -0.003192
      1      -3.818430  25.131703   0.006090
      2      -0.003185   0.006086  20.075389
 A Tensor eigenvectors:
                   0          1          2    
      0      -0.001488   0.760713  -0.649087
      1      -0.002329   0.649083   0.760714
      2       0.999996   0.002644   0.000806
 A Eigenvalues: 
                  0          1          2    
      0      20.075379  20.654241  28.391077
A(iso)  23.040232
 Nucleus: 8 H  
 Isotope: 1 
 Nuclear Spin:  0.5 
 Prefactor (MHz): 533.551395 
 Raw A tensor (MHz): 
                  0          1          2    
      0      49.594073   2.969018   0.008046
      1       2.970700  66.606056   0.042527
      2       0.008050   0.042526  48.088355
 A Tensor eigenvectors:
                   0          1          2    
      0      -0.001192   0.985935   0.167126
      1      -0.002105  -0.167128   0.985933
      2       0.999997   0.000823   0.002275
 A Eigenvalues: 
                  0          1          2    
      0      48.088256  49.090517  67.109711
A(iso)  54.762828
 Nucleus: 10 H  
 Isotope: 1 
 Nuclear Spin:  0.5 
 Prefactor (MHz): 533.551395 
 Raw A tensor (MHz): 
                  0          1          2    
      0      -7.291485   1.795366   1.337915
      1       1.795570   0.346454   3.369957
      2       1.338711   3.370684  -6.929502
 A Tensor eigenvectors:
                   0          1          2    
      0      -0.223439   0.806953  -0.546719
      1      -0.902789  -0.382802  -0.196050
      2      -0.367488   0.449767   0.814041
 A Eigenvalues: 
                  0          1          2    
      0       2.162972  -7.397358  -8.640146
A(iso)  -4.624844
 Nucleus: 11 H  
 Isotope: 1 
 Nuclear Spin:  0.5 
 Prefactor (MHz): 533.551395 
 Raw A tensor (MHz): 
                  0          1          2    
      0      -7.296079   1.799035  -1.327890
      1       1.799236   0.358189  -3.337922
      2      -1.328685  -3.338654  -6.960995
 A Tensor eigenvectors:
                   0          1          2    
      0       0.223451   0.807345  -0.546136
      1       0.904209  -0.380918  -0.193150
      2      -0.363972  -0.450662  -0.815125
 A Eigenvalues: 
                  0          1          2    
      0       2.146778  -7.403554  -8.642109
A(iso)  -4.632962
 Nucleus: 13 H  
 Isotope: 1 
 Nuclear Spin:  0.5 
 Prefactor (MHz): 533.551395 
 Raw A tensor (MHz): 
                  0          1          2    
      0      -0.494660  -0.799783  -0.213428
      1      -0.799268   1.676204   0.725261
      2      -0.213393   0.726001  -0.824246
 A Tensor eigenvectors:
                   0          1          2    
      0       0.953750   0.005803  -0.300544
      1       0.288652   0.261411   0.921056
      2       0.083910  -0.965210   0.247645
 A Eigenvalues: 
                  0          1          2    
      0      -0.755333  -1.019577   2.132209
A(iso)  0.119099
 Nucleus: 14 H  
 Isotope: 1 
 Nuclear Spin:  0.5 
 Prefactor (MHz): 533.551395 
 Raw A tensor (MHz): 
                  0          1          2    
      0      -0.495704  -0.798543   0.210073
      1      -0.798029   1.682171  -0.713431
      2       0.210040  -0.714168  -0.830926
 A Tensor eigenvectors:
                   0          1          2    
      0       0.953948   0.002643   0.299961
      1       0.289316   0.256058  -0.922351
      2      -0.079245   0.966658   0.243501
 A Eigenvalues: 
                  0          1          2    
      0      -0.755183  -1.019518   2.130242
A(iso)  0.118514
 Nucleus: 16 H  
 Isotope: 1 
 Nuclear Spin:  0.5 
 Prefactor (MHz): 533.551395 
 Raw A tensor (MHz): 
                  0          1          2    
      0      -0.523857   0.228744  -0.063715
      1       0.228781   0.987739  -0.299781
      2      -0.063804  -0.299985  -0.547755
 A Tensor eigenvectors:
                   0          1          2    
      0       0.925246   0.350133  -0.146036
      1      -0.200295   0.123940  -0.971865
      2      -0.322182   0.928464   0.184805
 A Eigenvalues: 
                  0          1          2    
      0      -0.551175  -0.611856   1.079158
A(iso)  -0.027958
 Nucleus: 17 H  
 Isotope: 1 
 Nuclear Spin:  0.5 
 Prefactor (MHz): 533.551395 
 Raw A tensor (MHz): 
                  0          1          2    
      0      -0.524816   0.227615   0.064964
      1       0.227652   0.984379   0.308377
      2       0.065053   0.308583  -0.544737
 A Tensor eigenvectors:
                   0          1          2    
      0       0.924120   0.353312   0.145509
      1      -0.202041   0.128600   0.970897
      2       0.324317  -0.926624   0.190225
 A Eigenvalues: 
                  0          1          2    
      0      -0.551768  -0.612361   1.078955
A(iso)  -0.028391
 Nucleus: 19 H  
 Isotope: 1 
 Nuclear Spin:  0.5 
 Prefactor (MHz): 533.551395 
 Raw A tensor (MHz): 
                  0          1          2    
      0      -0.253877  -0.152922   0.029991
      1      -0.152807   0.466997  -0.111529
      2       0.029983  -0.111606  -0.281807
 A Tensor eigenvectors:
                   0          1          2    
      0       0.889645  -0.411259   0.198487
      1       0.239549   0.050246  -0.969583
      2       0.388777   0.910133   0.143218
 A Eigenvalues: 
                  0          1          2    
      0      -0.281925  -0.301528   0.514765
A(iso)  -0.022896
 Nucleus: 20 H  
 Isotope: 1 
 Nuclear Spin:  0.5 
 Prefactor (MHz): 533.551395 
 Raw A tensor (MHz): 
                  0          1          2    
      0      -0.253790  -0.153186  -0.030731
      1      -0.153072   0.465865   0.115092
      2      -0.030723   0.115170  -0.280901
 A Tensor eigenvectors:
                   0          1          2    
      0       0.890926  -0.408237  -0.198979
      1       0.241646   0.055161   0.968795
      2      -0.384522  -0.911208   0.147793
 A Eigenvalues: 
                  0          1          2    
      0      -0.282052  -0.301648   0.514874
A(iso)  -0.022942
 Nucleus: 22 H  
 Isotope: 1 
 Nuclear Spin:  0.5 
 Prefactor (MHz): 533.551395 
 Raw A tensor (MHz): 
                  0          1          2    
      0       5.030949   1.423543   0.820964
      1       1.422892   4.095257   0.284217
      2       0.821444   0.284887   3.794234
 A Tensor eigenvectors:
                   0          1          2    
      0       0.621741   0.011099   0.783145
      1      -0.685543   0.491272   0.537292
      2      -0.378773  -0.870935   0.313053
 A Eigenvalues: 
                  0          1          2    
      0       2.961527   3.623182   6.335731
A(iso)  4.306813
 Nucleus: 23 H  
 Isotope: 1 
 Nuclear Spin:  0.5 
 Prefactor (MHz): 533.551395 
 Raw A tensor (MHz): 
                  0          1          2    
      0       5.029182   1.428549  -0.812117
      1       1.427898   4.093895  -0.281101
      2      -0.812599  -0.281770   3.785259
 A Tensor eigenvectors:
                   0          1          2    
      0       0.621264   0.010280  -0.783534
      1      -0.687700   0.486479  -0.538894
      2       0.375633   0.873632   0.309301
 A Eigenvalues: 
                  0          1          2    
      0       2.957188   3.618905   6.332243
A(iso)  4.302779
 Nucleus: 25 H  
 Isotope: 1 
 Nuclear Spin:  0.5 
 Prefactor (MHz): 533.551395 
 Raw A tensor (MHz): 
                  0          1          2    
      0      -0.205985   0.810731  -0.173489
      1       0.810300   1.891411  -0.665643
      2      -0.173410  -0.666537  -0.470924
 A Tensor eigenvectors:
                   0          1          2    
      0       0.931633  -0.189905  -0.309832
      1      -0.244079   0.304662  -0.920655
      2       0.269231   0.933337   0.237482
 A Eigenvalues: 
                  0          1          2    
      0      -0.468316  -0.653209   2.336027
A(iso)  0.404834
 Nucleus: 26 H  
 Isotope: 1 
 Nuclear Spin:  0.5 
 Prefactor (MHz): 533.551395 
 Raw A tensor (MHz): 
                  0          1          2    
      0      -0.206976   0.808651   0.178075
      1       0.808223   1.885265   0.678891
      2       0.177994   0.679788  -0.464033
 A Tensor eigenvectors:
                   0          1          2    
      0       0.932290  -0.187498   0.309321
      1      -0.242922   0.309051   0.919498
      2      -0.268000  -0.932380   0.242578
 A Eigenvalues: 
                  0          1          2    
      0      -0.468664  -0.653560   2.336480
A(iso)  0.404752
 Nucleus: 28 H  
 Isotope: 1 
 Nuclear Spin:  0.5 
 Prefactor (MHz): 533.551395 
 Raw A tensor (MHz): 
                  0          1          2    
      0      -0.055690   0.452112   0.100627
      1       0.451879   0.331343   0.152119
      2       0.100673   0.152283  -0.341166
 A Tensor eigenvectors:
                   0          1          2    
      0       0.833674   0.106725   0.541846
      1      -0.552170   0.143725   0.821250
      2       0.009771  -0.983846   0.178750
 A Eigenvalues: 
                  0          1          2    
      0      -0.353851  -0.374336   0.662674
A(iso)  -0.021838
 Nucleus: 29 H  
 Isotope: 1 
 Nuclear Spin:  0.5 
 Prefactor (MHz): 533.551395 
 Raw A tensor (MHz): 
                  0          1          2    
      0      -0.055341   0.452922  -0.097748
      1       0.452689   0.332660  -0.147774
      2      -0.097794  -0.147937  -0.343183
 A Tensor eigenvectors:
                   0          1          2    
      0       0.833711   0.104309  -0.542259
      1      -0.552103   0.139014  -0.822105
      2      -0.010372   0.984782   0.173487
 A Eigenvalues: 
                  0          1          2    
      0      -0.353953  -0.374427   0.662516
A(iso)  -0.021955
 Nucleus: 31 H  
 Isotope: 1 
 Nuclear Spin:  0.5 
 Prefactor (MHz): 533.551395 
 Raw A tensor (MHz): 
                  0          1          2    
      0      -0.214822   0.162782   0.022220
      1       0.162657   0.477728   0.109473
      2       0.022207   0.109582  -0.251945
 A Tensor eigenvectors:
                   0          1          2    
      0       0.972213  -0.091723   0.215380
      1      -0.198569   0.164164   0.966240
      2      -0.123984  -0.982159   0.141389
 A Eigenvalues: 
                  0          1          2    
      0      -0.250874  -0.268186   0.530021
A(iso)  0.003653
 Nucleus: 32 H  
 Isotope: 1 
 Nuclear Spin:  0.5 
 Prefactor (MHz): 533.551395 
 Raw A tensor (MHz): 
                  0          1          2    
      0      -0.214628   0.163134  -0.021354
      1       0.163009   0.478569  -0.105559
      2      -0.021343  -0.105668  -0.252993
 A Tensor eigenvectors:
                   0          1          2    
      0       0.971914  -0.093930  -0.215777
      1      -0.199250   0.159456  -0.966888
      2       0.125227   0.982726   0.136262
 A Eigenvalues: 
                  0          1          2    
      0      -0.250794  -0.268096   0.529839
A(iso)  0.003649
 Nucleus: 34 H  
 Isotope: 1 
 Nuclear Spin:  0.5 
 Prefactor (MHz): 533.551395 
 Raw A tensor (MHz): 
                  0          1          2    
      0      -0.115337   0.003628   0.000048
      1       0.003703   0.497385   0.001759
      2       0.000049   0.001759  -0.137356
 A Tensor eigenvectors:
                   0          1          2    
      0       0.999981   0.001745   0.005921
      1      -0.005926   0.002761   0.999979
      2       0.001729  -0.999995   0.002772
 A Eigenvalues: 
                  0          1          2    
      0      -0.115358  -0.137361   0.497412
A(iso)  0.081564
 Nucleus: 35 H  
 Isotope: 1 
 Nuclear Spin:  0.5 
 Prefactor (MHz): 533.551395 
 Raw A tensor (MHz): 
                  0          1          2    
      0      -0.121873   0.164772   0.000492
      1       0.164660   0.258757   0.001312
      2       0.000491   0.001313  -0.189928
 A Tensor eigenvectors:
                   0          1          2    
      0       0.937021   0.001293   0.349271
      1      -0.349274   0.002450   0.937018
      2       0.000356  -0.999996   0.002747
 A Eigenvalues: 
                  0          1          2    
      0      -0.183254  -0.189932   0.320142
A(iso)  -0.017681
 Nucleus: 42 H  
 Isotope: 1 
 Nuclear Spin:  0.5 
 Prefactor (MHz): 533.551395 
 Raw A tensor (MHz): 
                  0          1          2    
      0       0.271650   0.010522   0.000013
      1       0.010514   0.496611   0.000190
      2       0.000013   0.000190   0.294110
 A Tensor eigenvectors:
                   0          1          2    
      0       0.998913  -0.000152   0.046619
      1      -0.046619   0.000946   0.998912
      2      -0.000196  -1.000000   0.000938
 A Eigenvalues: 
                  0          1          2    
      0       0.271159   0.294110   0.497102
A(iso)  0.354124
 Nucleus: 43 H  
 Isotope: 1 
 Nuclear Spin:  0.5 
 Prefactor (MHz): 533.551395 
 Raw A tensor (MHz): 
                  0          1          2    
      0      -0.039645   0.091612   0.000155
      1       0.091577  -0.208750   0.000036
      2       0.000155   0.000036  -0.189324
 A Tensor eigenvectors:
                   0          1          2    
      0       0.916031  -0.000561   0.401107
      1       0.401107  -0.000773  -0.916031
      2       0.000825   1.000000  -0.000483
 A Eigenvalues: 
                  0          1          2    
