-------------------------------------------------------------
----------------------- !PROPERTIES! ------------------------
-------------------------------------------------------------
# -----------------------------------------------------------
$ PAL_Flags
   description: The PAL Flags
   geom. index: 1
   prop. index: 1
        Diskflag:     2
# -----------------------------------------------------------
$ SCF_Energy
   description: The SCF energy
   geom. index: 1
   prop. index: 1
        SCF Energy:     -621.8575420867
# -----------------------------------------------------------
$ DFT_Energy
   description: The DFT energy
   geom. index: 1
   prop. index: 1
   Number of Alpha Electrons                 59.0000178041 
   Number of Beta  Electrons                 58.0000124527 
   Total number of  Electrons               117.0000302568 
   Exchange energy                          -71.6205393261 
   Correlation energy                        -4.5083368603 
   Correlation energy NL                      0.0000000000 
   Exchange-Correlation energy              -76.1288761864 
   Embedding correction                       0.0000000000 
   Total DFT Energy (No VdW correction)    -621.8575420867 
# -----------------------------------------------------------
$ Mayer_Pop
   description: The Mayer population analysis
   geom. index: 1
   prop. index: 1
     Number of atoms                     : 37
     Threshold for printing              : 0.1000000
     Number of bond orders printed       : 37
  NA   - Mulliken gross atomic population
  ZA   - Total nuclear charge
  QA   - Mulliken gross atomic charge
  VA   - Mayer's total valence
  BVA  - Mayer's bonded valence
  FA   - Mayer's free valence
  ATOM       NA         ZA         QA         VA         BVA        FA
  0   0     5.3818     6.0000     0.6182     2.9090     2.9086     0.0004
  1   0     6.0620     6.0000    -0.0620     4.0900     4.0485     0.0415
  2   0     6.0462     6.0000    -0.0462     4.3054     4.2897     0.0157
  3   0     5.9754     6.0000     0.0246     3.8411     3.8033     0.0378
  4   0     6.0471     6.0000    -0.0471     3.8395     3.8321     0.0074
  5   0     6.0733     6.0000    -0.0733     4.1305     4.0833     0.0472
  6   0     5.9695     6.0000     0.0305     3.8923     3.8833     0.0090
  7   0     1.0519     1.0000    -0.0519     0.9910     0.9909     0.0001
  8   0     1.0628     1.0000    -0.0628     1.0003     1.0003     0.0000
  9   0     5.9578     6.0000     0.0422     3.9199     3.4962     0.4237
 10   0     0.9882     1.0000     0.0118     0.9812     0.9799     0.0013
 11   0     0.9921     1.0000     0.0079     0.9761     0.9749     0.0012
 12   0     5.9481     6.0000     0.0519     4.0151     4.0149     0.0002
 13   0     1.0007     1.0000    -0.0007     0.9754     0.9754     0.0000
 14   0     0.9917     1.0000     0.0083     0.9742     0.9742     0.0000
 15   0     6.0293     6.0000    -0.0293     4.0982     4.0981     0.0001
 16   0     0.9881     1.0000     0.0119     0.9761     0.9761     0.0000
 17   0     0.9929     1.0000     0.0071     0.9689     0.9689     0.0000
 18   0     6.0063     6.0000    -0.0063     4.0196     4.0196     0.0000
 19   0     0.9835     1.0000     0.0165     0.9774     0.9774     0.0000
 20   0     0.9831     1.0000     0.0169     0.9771     0.9771     0.0000
 21   0     5.9558     6.0000     0.0442     4.0268     4.0265     0.0003
 22   0     0.9682     1.0000     0.0318     0.9700     0.9699     0.0001
 23   0     0.9680     1.0000     0.0320     0.9699     0.9698     0.0001
 24   0     6.0360     6.0000    -0.0360     4.1134     4.1134     0.0000
 25   0     0.9847     1.0000     0.0153     0.9627     0.9627     0.0000
 26   0     0.9855     1.0000     0.0145     0.9629     0.9629     0.0000
 27   0     6.0243     6.0000    -0.0243     4.1180     4.1180     0.0000
 28   0     0.9940     1.0000     0.0060     0.9677     0.9677     0.0000
 29   0     0.9937     1.0000     0.0063     0.9677     0.9677     0.0000
 30   0     5.9968     6.0000     0.0032     4.0164     4.0164     0.0000
 31   0     0.9837     1.0000     0.0163     0.9772     0.9772     0.0000
 32   0     0.9835     1.0000     0.0165     0.9773     0.9773     0.0000
 33   0     6.5921     6.0000    -0.5921     3.4086     3.4071     0.0015
 34   0     1.0306     1.0000    -0.0306     1.0298     1.0298     0.0000
 35   0     0.9843     1.0000     0.0157     0.9734     0.9734     0.0000
 36   0     0.9869     1.0000     0.0131     0.9735     0.9735     0.0000
      Bond orders larger than 0.1000000
           Atom A     A.N. of A          Atom B    A.N. of B              Bond order
                0             6               4            6                0.897366
                0             6              33            6                2.146650
                1             6               2            6                1.275605
                1             6               6            6                1.427696
                1             6              12            6                1.108944
                2             6               3            6                1.264005
                2             6               9            6                1.511031
                3             6               4            6                1.458417
                3             6               7            1                0.925486
                4             6               5            6                1.354238
                5             6               6            6                1.383287
                5             6              21            6                1.093399
                6             6               8            1                0.913084
                9             6              10            1                0.905557
                9             6              11            1                0.912046
               12             6              13            1                0.911332
               12             6              14            1                0.904716
               12             6              15            6                1.059672
               15             6              16            1                0.944057
               15             6              17            1                0.943575
               15             6              18            6                1.101441
               18             6              19            1                0.966437
               18             6              20            1                0.966784
               18             6              35            1                0.964003
               21             6              22            1                0.896178
               21             6              23            1                0.896756
               21             6              24            6                1.102283
               24             6              25            1                0.929026
               24             6              26            1                0.929597
               24             6              27            6                1.075614
               27             6              28            1                0.941029
               27             6              29            1                0.941089
               27             6              30            6                1.105955
               30             6              31            1                0.966197
               30             6              32            1                0.966164
               30             6              36            1                0.961814
               33             6              34            1                1.116046
# -----------------------------------------------------------
$ Calculation_Info
   description: Details of the calculation
   geom. index: 1
   prop. index: 1
     Multiplicity:                          2
     Charge:                                0
     number of atoms:                       37
     number of electrons:                   0
     number of frozen core electrons:       1
     number of correlated electrons:        0
     number of basis functions:             329
     number of aux C basis functions:       2196
     number of aux J basis functions:       2196
     number of aux JK basis functions:      2196
     number of aux CABS basis functions:    0
     Total Energy                           -621.857542
# -----------------------------------------------------------
$ SCF_Electric_Properties
   description: The SCF Calculated Electric Properties
   geom. index: 1
   prop. index: 1
       Filename                          : cc-pVDZ_i.scfp 
       Do Dipole Moment Calculation      : true 
       Do Quadrupole Moment Calculation  : false 
       Do Polarizability Calculation     : false 
** Dipole moment part of electric properties **
        Magnitude of dipole moment (Debye) :        0.8953711713
        Electronic Contribution:
                  0    
      0     -11.730045
      1      14.804178
      2      -1.695190
        Nuclear Contribution:
                  0    
      0      11.949221
      1     -15.078107
      2       1.726988
        Total Dipole moment:
                  0    
      0       0.219176
      1      -0.273929
      2       0.031798
# -----------------------------------------------------------
$ EPRNMR_GTensor
   description: Electronic g tensor
   geom. index: 1
   prop. index: 1
 Source density: 1 SCF 
 Spin multiplicity: 2 
 raw g tensor: 
                  0          1          2    
      0       2.002738  -0.000019  -0.000100
      1      -0.000018   2.002773  -0.000035
      2      -0.000111  -0.000093   2.002248
 g tensor: 
                  0          1          2    
      0       0.201169   0.951450  -0.232970
      1       0.118953   0.212344   0.969928
      2       0.972307  -0.222832  -0.070460
 G eigenvalues: 
                  0          1          2    
      0       2.002219   2.002758   2.002783
# -----------------------------------------------------------
$ EPRNMR_OrbitalShielding
   description: Orbital contribution to the NMR Shielding tensor (ppm)
   geom. index: 1
   prop. index: 1
 Number of stored nuclei 21
 Source density: 1 SCF 
 Nucleus: 7 H 
 Shielding tensor (ppm): 
                  0          1          2    
      0      27.434587   3.415145  -1.145802
      1       3.073553  24.910962  -0.751629
      2      -0.995153  -0.831434  21.077540
 P Tensor eigenvectors:
                   0          1          2    
      0       0.109777  -0.571204  -0.813434
      1       0.106055   0.820439  -0.561811
      2       0.988282  -0.024595   0.150644
 P Eigenvalues: 
                  0          1          2    
      0      20.874612  22.693049  29.855428
P(iso)  24.474363
 Nucleus: 8 H 
 Shielding tensor (ppm): 
                  0          1          2    
      0      29.411093   5.512234  -1.328831
      1       5.404102  25.010158  -0.650590
      2      -1.218084  -0.209774  19.946382
 P Tensor eigenvectors:
                   0          1          2    
      0       0.200889   0.526925   0.825829
      1      -0.123115  -0.822750   0.554910
      2       0.971847  -0.213147  -0.100409
 P Eigenvalues: 
                  0          1          2    
      0      19.740808  21.404657  33.222168
P(iso)  24.789211
 Nucleus: 10 H 
 Shielding tensor (ppm): 
                  0          1          2    
      0      24.682032  -0.525314   0.116742
      1       1.341129  30.646362  -1.561524
      2       0.152290  -0.411771  23.155990
 P Tensor eigenvectors:
                   0          1          2    
      0      -0.102286  -0.991529  -0.080044
      1       0.144940   0.064752  -0.987319
      2       0.984139  -0.112590   0.137089
 P Eigenvalues: 
                  0          1          2    
      0      23.008661  24.679737  30.795986
P(iso)  26.161461
 Nucleus: 11 H 
 Shielding tensor (ppm): 
                  0          1          2    
      0      26.983630   2.700144  -0.451747
      1       1.125158  27.956563  -0.619084
      2      -0.312774  -1.366472  24.217509
 P Tensor eigenvectors:
                   0          1          2    
      0      -0.042232  -0.813142  -0.580532
      1       0.251360   0.553714  -0.793863
      2       0.966972  -0.179449   0.181007
 P Eigenvalues: 
                  0          1          2    
      0      23.966691  25.556257  29.634754
P(iso)  26.385900
 Nucleus: 13 H 
 Shielding tensor (ppm): 
                  0          1          2    
      0      30.296674   0.142389   0.214224
      1       1.351942  30.787021   2.775070
      2      -1.090490   4.077486  26.687640
 P Tensor eigenvectors:
                   0          1          2    
      0       0.116801  -0.977578  -0.175209
      1      -0.486114   0.097566  -0.868432
      2       0.866055   0.186605  -0.463819
 P Eigenvalues: 
                  0          1          2    
      0      24.647168  30.317752  32.806415
P(iso)  29.257112
 Nucleus: 14 H 
 Shielding tensor (ppm): 
                  0          1          2    
      0      29.116881   0.498505  -0.849414
      1      -1.031481  28.394069  -2.383010
      2      -2.425378  -2.688887  28.620141
 P Tensor eigenvectors:
                   0          1          2    
      0       0.336931  -0.834911  -0.435203
      1       0.632841   0.543066  -0.551898
      2       0.697130  -0.089463   0.711341
 P Eigenvalues: 
                  0          1          2    
      0      25.465572  29.143199  31.522320
P(iso)  28.710364
 Nucleus: 16 H 
 Shielding tensor (ppm): 
                  0          1          2    
      0      30.297469  -2.010761   0.823622
      1      -1.561879  31.141582   2.778954
      2       3.009671   3.522412  27.679232
 P Tensor eigenvectors:
                   0          1          2    
      0      -0.400815   0.878729  -0.259195
      1      -0.481349   0.038735   0.875673
      2       0.779519   0.475746   0.407450
 P Eigenvalues: 
                  0          1          2    
      0      24.650708  31.303172  33.164403
P(iso)  29.706094
 Nucleus: 17 H 
 Shielding tensor (ppm): 
                  0          1          2    
      0      31.253866   1.737769  -0.581708
      1       1.424340  27.910761  -2.856806
      2       0.892322  -3.946776  31.043860
 P Tensor eigenvectors:
                   0          1          2    
      0      -0.231525  -0.914885  -0.330728
      1       0.824650  -0.004217  -0.565628
      2       0.516090  -0.403692   0.755436
 P Eigenvalues: 
                  0          1          2    
      0      25.388055  31.334919  33.485513
P(iso)  30.069495
 Nucleus: 19 H 
 Shielding tensor (ppm): 
                  0          1          2    
      0      32.590362   2.904267  -2.904683
      1       2.273360  29.778781  -2.600980
      2      -1.658467  -2.968788  28.668071
 P Tensor eigenvectors:
                   0          1          2    
      0       0.034803   0.685915  -0.726849
      1       0.617805  -0.586442  -0.523834
      2       0.785561   0.430820   0.444172
 P Eigenvalues: 
                  0          1          2    
      0      26.380194  28.871489  35.785532
P(iso)  30.345738
 Nucleus: 20 H 
 Shielding tensor (ppm): 
                  0          1          2    
      0      31.478232  -3.638816  -0.995465
      1      -2.586760  32.883229   1.599645
      2      -0.064088   1.702555  26.767102
 P Tensor eigenvectors:
                   0          1          2    
      0      -0.061476   0.802430  -0.593571
      1      -0.272395   0.558633   0.783410
      2       0.960220   0.209847   0.184235
 P Eigenvalues: 
                  0          1          2    
      0      26.333292  29.127226  35.668046
P(iso)  30.376188
 Nucleus: 22 H 
 Shielding tensor (ppm): 
                  0          1          2    
      0      27.108571  -1.632374  -3.349853
      1      -1.178541  31.238295   0.356334
      2      -4.886123  -0.381853  27.773900
 P Tensor eigenvectors:
                   0          1          2    
      0       0.729728  -0.384696   0.565249
      1       0.121921  -0.740244  -0.661192
      2       0.672780   0.551406  -0.493274
 P Eigenvalues: 
                  0          1          2    
      0      23.175510  30.530789  32.414466
P(iso)  28.706922
 Nucleus: 23 H 
 Shielding tensor (ppm): 
                  0          1          2    
      0      29.579039  -1.173036   3.005457
      1      -0.843768  31.264155  -0.437454
      2       4.542944   0.477006  25.313072
 P Tensor eigenvectors:
                   0          1          2    
      0      -0.496456  -0.498954   0.710336
      1      -0.055639  -0.798328  -0.599648
      2       0.866277  -0.337221   0.368573
 P Eigenvalues: 
                  0          1          2    
      0      23.078978  30.645266  32.432023
P(iso)  28.718756
 Nucleus: 25 H 
 Shielding tensor (ppm): 
                  0          1          2    
      0      29.250365   1.018748  -3.812079
      1       0.746405  31.148718   0.386717
      2      -3.650732   1.540961  29.169379
 P Tensor eigenvectors:
                   0          1          2    
      0       0.687693   0.171106  -0.705550
      1      -0.205421   0.977976   0.036952
      2       0.696334   0.119524   0.707696
 P Eigenvalues: 
                  0          1          2    
      0      25.192438  31.432944  32.943080
P(iso)  29.856154
 Nucleus: 26 H 
 Shielding tensor (ppm): 
                  0          1          2    
      0      31.444313   0.843138   3.211273
      1       0.928143  30.966994  -0.749725
      2       3.080811  -1.940158  27.188885
 P Tensor eigenvectors:
                   0          1          2    
      0      -0.457873  -0.048686   0.887684
      1       0.254315  -0.963946   0.078309
      2       0.851866   0.261607   0.453746
 P Eigenvalues: 
                  0          1          2    
      0      25.082176  31.390866  33.127149
P(iso)  29.866730
 Nucleus: 28 H 
 Shielding tensor (ppm): 
                  0          1          2    
      0      29.306108  -0.309692  -4.669571
      1      -0.127756  30.548524  -0.160205
      2      -4.502418  -0.804438  29.913858
 P Tensor eigenvectors:
                   0          1          2    
      0       0.727184  -0.099878  -0.679138
      1       0.082342   0.994906  -0.058149
      2       0.681486  -0.013636   0.731704
 P Eigenvalues: 
                  0          1          2    
      0      24.971137  30.580077  34.217277
P(iso)  29.922830
 Nucleus: 29 H 
 Shielding tensor (ppm): 
                  0          1          2    
      0      31.937836   0.299309   4.069689
      1       0.269978  30.616724   0.003539
      2       3.912227   0.683212  27.220401
 P Tensor eigenvectors:
                   0          1          2    
      0      -0.495571  -0.112372  -0.861267
      1      -0.022604   0.992928  -0.116544
      2       0.868273  -0.038287  -0.494607
 P Eigenvalues: 
                  0          1          2    
      0      24.939045  30.573141  34.262774
P(iso)  29.924987
 Nucleus: 31 H 
 Shielding tensor (ppm): 
                  0          1          2    
      0      30.619694  -1.641040   3.790549
      1      -2.546129  30.631536  -2.207688
      2       3.259872  -1.954920  29.773839
 P Tensor eigenvectors:
                   0          1          2    
      0      -0.647527   0.420491   0.635528
      1       0.056079   0.858013  -0.510558
      2       0.759976   0.294960   0.579167
 P Eigenvalues: 
                  0          1          2    
      0      26.636290  28.865126  35.523653
P(iso)  30.341690
 Nucleus: 32 H 
 Shielding tensor (ppm): 
                  0          1          2    
      0      28.611559  -1.312897  -3.313862
      1      -2.056441  31.023152   2.952778
      2      -2.721335   2.446661  31.384995
 P Tensor eigenvectors:
                   0          1          2    
      0      -0.841150   0.314707  -0.439802
      1       0.009846   0.822018   0.569376
      2      -0.540712  -0.474601   0.694539
 P Eigenvalues: 
                  0          1          2    
      0      26.676892  28.789113  35.553701
P(iso)  30.339902
 Nucleus: 34 H 
 Shielding tensor (ppm): 
                  0          1          2    
      0      35.082921  -1.530207  -1.737864
      1      -2.014294  25.735980   0.254928
      2      -1.665776   0.164823  24.335469
 P Tensor eigenvectors:
                   0          1          2    
      0       0.160148  -0.163549   0.973450
      1       0.045650  -0.983896  -0.172814
      2       0.986037   0.072114  -0.150103
 P Eigenvalues: 
                  0          1          2    
      0      24.069538  25.418708  35.666124
P(iso)  28.384790
 Nucleus: 35 H 
 Shielding tensor (ppm): 
                  0          1          2    
      0      33.260786   0.475493   5.096489
      1       0.277569  26.347883   0.553353
      2       4.279046   0.601349  30.855990
 P Tensor eigenvectors:
                   0          1          2    
      0      -0.092165   0.614261   0.783702
      1      -0.972079  -0.226072   0.062876
      2       0.215796  -0.756026   0.617946
 P Eigenvalues: 
                  0          1          2    
      0      26.255314  27.271767  36.937578
P(iso)  30.154886
 Nucleus: 36 H 
 Shielding tensor (ppm): 
                  0          1          2    
      0      28.941072   2.516735  -0.576521
      1       3.748100  35.571355  -0.965348
      2      -0.633609  -0.784324  25.852688
 P Tensor eigenvectors:
                   0          1          2    
      0       0.145573   0.913868   0.379017
      1       0.041508  -0.388402   0.920555
      2       0.988476  -0.118276  -0.094474
 P Eigenvalues: 
                  0          1          2    
      0      25.726814  27.724819  36.913482
P(iso)  30.121705
# -----------------------------------------------------------
$ EPRNMR_ATensor
   description: Hyperfine A tensor
   geom. index: 1
   prop. index: 1
 Number of stored nuclei 21
 Source density: 1 SCF 
 Spin multiplicity: 2 
 Nucleus: 7 H  
 Isotope: 1 
 Nuclear Spin:  0.5 
 Prefactor (MHz): 533.551395 
 Raw A tensor (MHz): 
                  0          1          2    
      0     -15.921463  -6.439047   0.061711
      1      -6.441266 -11.062668   0.731118
      2       0.061720   0.730670 -17.321055
 A Tensor eigenvectors:
                   0          1          2    
      0       0.566510  -0.152295   0.809859
      1      -0.822366  -0.041603   0.567435
      2      -0.052725  -0.987459  -0.148811
 A Eigenvalues: 
                  0          1          2    
      0      -6.579056 -17.280755 -20.445374
A(iso)  -14.768395
 Nucleus: 8 H  
 Isotope: 1 
 Nuclear Spin:  0.5 
 Prefactor (MHz): 533.551395 
 Raw A tensor (MHz): 
                  0          1          2    
      0       8.310031   2.037109  -0.818752
      1       2.037367   6.330706  -0.432386
      2      -0.818919  -0.432640   4.081854
 A Tensor eigenvectors:
                   0          1          2    
      0       0.167734   0.519592   0.837788
      1       0.035078  -0.852436   0.521653
      2       0.985208  -0.058111  -0.161209
 A Eigenvalues: 
                  0          1          2    
      0       3.927028   5.059417   9.736145
A(iso)  6.240863
 Nucleus: 10 H  
 Isotope: 1 
 Nuclear Spin:  0.5 
 Prefactor (MHz): 533.551395 
 Raw A tensor (MHz): 
                  0          1          2    
      0     -17.493904   0.546024  -5.468121
      1       0.544843 -71.480595   1.502122
      2      -5.468165   1.501980 -44.530743
 A Tensor eigenvectors:
                   0          1          2    
      0      -0.981626   0.190145  -0.016009
      1      -0.004531   0.060645   0.998149
      2       0.190764   0.979881  -0.058669
 A Eigenvalues: 
                  0          1          2    
      0     -16.428736 -45.498885 -71.577621
A(iso)  -44.501747
 Nucleus: 11 H  
 Isotope: 1 
 Nuclear Spin:  0.5 
 Prefactor (MHz): 533.551395 
 Raw A tensor (MHz): 
                  0          1          2    
      0     -56.977335 -22.968726   3.384108
      1     -22.968732 -28.535330   2.952523
      2       3.383829   2.952841 -46.171458
 A Tensor eigenvectors:
                   0          1          2    
      0       0.484180   0.170007  -0.858293
      1      -0.874420   0.059300  -0.481532
      2      -0.030967   0.983657   0.177369
 A Eigenvalues: 
                  0          1          2    
      0     -15.712624 -45.408614 -70.562885
A(iso)  -43.894708
 Nucleus: 13 H  
 Isotope: 1 
 Nuclear Spin:  0.5 
 Prefactor (MHz): 533.551395 
 Raw A tensor (MHz): 
                  0          1          2    
      0       5.247129  -2.115996  -0.580318
      1      -2.116922   5.372917   0.448063
      2      -0.580182   0.447610   3.328297
 A Tensor eigenvectors:
                   0          1          2    
      0      -0.599132  -0.407223  -0.689355
      1      -0.422830  -0.570208   0.704328
      2      -0.679894   0.713465   0.169444
 A Eigenvalues: 
                  0          1          2    
      0       3.095060   3.301179   7.552103
A(iso)  4.649447
 Nucleus: 14 H  
 Isotope: 1 
 Nuclear Spin:  0.5 
 Prefactor (MHz): 533.551395 
 Raw A tensor (MHz): 
                  0          1          2    
      0       9.502986  -2.341143  -1.701472
      1      -2.341243   7.949668   0.893381
      2      -1.700588   0.893598   5.518472
 A Tensor eigenvectors:
                   0          1          2    
      0       0.339339  -0.519942   0.783907
      1      -0.014979  -0.836236  -0.548166
      2       0.940545   0.174272  -0.291556
 A Eigenvalues: 
                  0          1          2    
      0       4.890649   6.307726  11.772751
A(iso)  7.657042
 Nucleus: 16 H  
 Isotope: 1 
 Nuclear Spin:  0.5 
 Prefactor (MHz): 533.551395 
 Raw A tensor (MHz): 
                  0          1          2    
      0       0.787925  -1.978437   2.566160
      1      -1.979039  -0.264170  -0.815449
      2       2.565439  -0.814678  -1.452329
 A Tensor eigenvectors:
                   0          1          2    
      0       0.291836   0.593901  -0.749742
      1       0.858919   0.182152   0.478623
      2       0.420821  -0.783647  -0.456954
 A Eigenvalues: 
                  0          1          2    
      0      -1.335967  -3.206450   3.613842
A(iso)  -0.309525
 Nucleus: 17 H  
 Isotope: 1 
 Nuclear Spin:  0.5 
 Prefactor (MHz): 533.551395 
 Raw A tensor (MHz): 
                  0          1          2    
      0      -0.358372  -1.006361   1.047253
      1      -1.007039  -0.494806  -1.478338
      2       1.047077  -1.477603   0.179474
 A Tensor eigenvectors:
                   0          1          2    
      0       0.845764   0.198653   0.495197
      1       0.132144   0.821202  -0.555127
      2      -0.516934   0.534944   0.668292
 A Eigenvalues: 
                  0          1          2    
      0      -1.155784  -1.700896   2.182976
A(iso)  -0.224568
 Nucleus: 19 H  
 Isotope: 1 
 Nuclear Spin:  0.5 
 Prefactor (MHz): 533.551395 
 Raw A tensor (MHz): 
                  0          1          2    
      0       1.160514  -0.475267   0.034585
      1      -0.475460  -0.515422  -0.091251
      2       0.034408  -0.091286  -0.683134
 A Tensor eigenvectors:
                   0          1          2    
      0       0.220792  -0.133032  -0.966206
      1       0.764712  -0.591270   0.256156
      2      -0.605365  -0.795426  -0.028817
 A Eigenvalues: 
                  0          1          2    
      0      -0.580426  -0.745204   1.287588
A(iso)  -0.012681
 Nucleus: 20 H  
 Isotope: 1 
 Nuclear Spin:  0.5 
 Prefactor (MHz): 533.551395 
 Raw A tensor (MHz): 
                  0          1          2    
      0       0.868185  -0.699064   0.094877
      1      -0.699267   0.238371  -0.027361
      2       0.094812  -0.027333  -0.255875
 A Tensor eigenvectors:
                   0          1          2    
      0       0.469832  -0.274601   0.838959
      1       0.775293  -0.326090  -0.540912
      2       0.422112   0.904577   0.059689
 A Eigenvalues: 
                  0          1          2    
      0      -0.200299  -0.274757   1.325737
A(iso)  0.283560
 Nucleus: 22 H  
 Isotope: 1 
 Nuclear Spin:  0.5 
 Prefactor (MHz): 533.551395 
 Raw A tensor (MHz): 
                  0          1          2    
      0      24.591708   1.560575  -1.334106
      1       1.560136  24.390386  -0.767926
      2      -1.333522  -0.768253  23.686402
 A Tensor eigenvectors:
                   0          1          2    
      0       0.698201  -0.216573  -0.682357
      1      -0.343741   0.734667  -0.584898
      2       0.627978   0.642931   0.438501
 A Eigenvalues: 
                  0          1          2    
      0      22.623901  23.258141  26.786453
A(iso)  24.222832
 Nucleus: 23 H  
 Isotope: 1 
 Nuclear Spin:  0.5 
 Prefactor (MHz): 533.551395 
 Raw A tensor (MHz): 
                  0          1          2    
      0      25.510271   1.799423   0.666225
      1       1.798864  24.769210   0.127637
      2       0.665587   0.127709  23.252351
 A Tensor eigenvectors:
                   0          1          2    
      0      -0.482524   0.409933   0.774032
      1       0.412739  -0.673030   0.613740
      2       0.772539   0.615617   0.155558
 A Eigenvalues: 
                  0          1          2    
      0      22.904802  23.556418  27.070612
A(iso)  24.510611
 Nucleus: 25 H  
 Isotope: 1 
 Nuclear Spin:  0.5 
 Prefactor (MHz): 533.551395 
 Raw A tensor (MHz): 
                  0          1          2    
      0      -0.930995  -0.191808  -0.064507
      1      -0.191367   1.060545   0.401965
      2      -0.064381   0.401669  -0.965412
 A Tensor eigenvectors:
                   0          1          2    
      0       0.960070   0.262914   0.095610
      1       0.140445  -0.157381  -0.977500
      2      -0.241951   0.951897  -0.188021
 A Eigenvalues: 
                  0          1          2    
      0      -0.942762  -1.049647   1.156547
A(iso)  -0.278621
 Nucleus: 26 H  
 Isotope: 1 
 Nuclear Spin:  0.5 
 Prefactor (MHz): 533.551395 
 Raw A tensor (MHz): 
                  0          1          2    
      0      -0.893525  -0.321950   0.076721
      1      -0.321638   0.973377  -0.506409
      2       0.076477  -0.506092  -0.927209
 A Tensor eigenvectors:
                   0          1          2    
      0       0.986632   0.032890   0.159610
      1       0.146709   0.247136  -0.957810
      2      -0.070948   0.968422   0.239007
 A Eigenvalues: 
                  0          1          2    
      0      -0.946856  -1.053767   1.153266
A(iso)  -0.282452
 Nucleus: 28 H  
 Isotope: 1 
 Nuclear Spin:  0.5 
 Prefactor (MHz): 533.551395 
 Raw A tensor (MHz): 
                  0          1          2    
      0      -0.030256   0.334289  -0.108991
      1       0.334423   0.691265  -0.221833
      2      -0.109025  -0.221752  -0.067338
 A Tensor eigenvectors:
                   0          1          2    
      0      -0.328138   0.874176   0.357970
      1       0.372114  -0.228690   0.899573
      2       0.868249   0.428390  -0.250251
 A Eigenvalues: 
                  0          1          2    
      0      -0.121158  -0.171199   0.886028
A(iso)  0.197890
 Nucleus: 29 H  
 Isotope: 1 
 Nuclear Spin:  0.5 
 Prefactor (MHz): 533.551395 
 Raw A tensor (MHz): 
                  0          1          2    
      0       0.021675   0.380807   0.044657
      1       0.380969   0.723819   0.036957
      2       0.044642   0.036879  -0.136355
 A Tensor eigenvectors:
                   0          1          2    
      0      -0.590940   0.699415  -0.402007
      1       0.300984  -0.271190  -0.914256
      2      -0.748464  -0.661268  -0.050256
 A Eigenvalues: 
                  0          1          2    
      0      -0.115874  -0.168339   0.893351
A(iso)  0.203046
 Nucleus: 31 H  
 Isotope: 1 
 Nuclear Spin:  0.5 
 Prefactor (MHz): 533.551395 
 Raw A tensor (MHz): 
                  0          1          2    
      0      -0.114547   0.023530  -0.005822
      1       0.023605   0.400543  -0.099742
      2      -0.005840  -0.099718  -0.112980
 A Tensor eigenvectors:
                   0          1          2    
      0       0.995309   0.085541  -0.045197
      1      -0.060042   0.179834  -0.981863
      2      -0.075861   0.979971   0.184127
 A Eigenvalues: 
                  0          1          2    
      0      -0.115526  -0.131788   0.420330
A(iso)  0.057672
 Nucleus: 32 H  
 Isotope: 1 
 Nuclear Spin:  0.5 
 Prefactor (MHz): 533.551395 
 Raw A tensor (MHz): 
                  0          1          2    
      0      -0.114271   0.044953   0.000116
      1       0.045042   0.412859   0.040313
      2       0.000107   0.040276  -0.129961
 A Tensor eigenvectors:
                   0          1          2    
      0       0.976181  -0.200162   0.083698
      1      -0.067074   0.088450   0.993820
      2      -0.206328  -0.975762   0.072917
 A Eigenvalues: 
                  0          1          2    
      0      -0.117390  -0.133591   0.419607
A(iso)  0.056209
 Nucleus: 34 H  
 Isotope: 1 
 Nuclear Spin:  0.5 
 Prefactor (MHz): 533.551395 
 Raw A tensor (MHz): 
                  0          1          2    
      0       2.251677   0.348302   0.136328
      1       0.348185   4.620876  -0.131479
      2       0.136308  -0.131514   3.120268
 A Tensor eigenvectors:
                   0          1          2    
      0      -0.975754   0.170082   0.137755
      1       0.147716   0.047309   0.987898
      2       0.161507   0.984294  -0.071285
 A Eigenvalues: 
                  0          1          2    
      0       2.176403   3.137500   4.678918
A(iso)  3.330940
 Nucleus: 35 H  
 Isotope: 1 
 Nuclear Spin:  0.5 
 Prefactor (MHz): 533.551395 
 Raw A tensor (MHz): 
                  0          1          2    
      0       1.297074  -0.392409   0.456332
      1      -0.392660   0.278790  -0.147409
      2       0.456192  -0.147299   0.381879
 A Tensor eigenvectors:
                   0          1          2    
      0       0.363155  -0.297334   0.883013
      1       0.923505   0.240504  -0.298824
      2      -0.123518   0.923986   0.361930
 A Eigenvalues: 
                  0          1          2    
      0       0.144047   0.196775   1.616920
A(iso)  0.652581
 Nucleus: 36 H  
 Isotope: 1 
 Nuclear Spin:  0.5 
 Prefactor (MHz): 533.551395 
 Raw A tensor (MHz): 
                  0          1          2    
      0      -0.121401   0.092416  -0.007076
      1       0.092487   0.236657  -0.031432
      2      -0.007088  -0.031435  -0.137995
 A Tensor eigenvectors:
                   0          1          2    
      0       0.172691   0.956495   0.235150
      1       0.039702  -0.245302   0.968633
      2       0.984176  -0.157938  -0.080336
 A Eigenvalues: 
                  0          1          2    
      0      -0.140506  -0.143949   0.261716
A(iso)  -0.007580
# -------------------------------------------------------------
----------------------- !GEOMETRIES! ------------------------
# -------------------------------------------------------------
------------------------ !GEOMETRY! -------------------------
    Number of atoms:    37 
    Geometry Index:     1 
    Coordinates:
               0 C     -2.631253772349    0.130040056235    0.153618394820
               1 C      1.576072904854   -0.218268457636   -0.504915469913
               2 C      0.963883160712    1.083254671909   -0.473502379222
               3 C     -0.443221139416    1.138380631574   -0.249565408095
               4 C     -1.220095761040   -0.005181458505   -0.066164134098
               5 C     -0.610812589359   -1.294615272872   -0.103078540185
               6 C      0.774256816144   -1.347117656739   -0.322979756554
               7 H     -0.932053901465    2.114790780291   -0.222290858740
               8 H      1.262592820356   -2.323150737410   -0.358853596097
               9 C      1.682181489452    2.281839721518   -0.657447632504
              10 H      2.755140459192    2.296583953603   -0.842673849083
              11 H      1.162652351116    3.241230196920   -0.627096865558
              12 C      3.066102757492   -0.388858283677   -0.697740214952
              13 H      3.262480883252   -1.405154896772   -1.080710192654
              14 H      3.433528860058    0.305527986227   -1.473508061918
              15 C      3.887274786082   -0.182432360589    0.592554087683
              16 H      3.688367544273    0.826444401925    0.994429565313
              17 H      3.528201376186   -0.891693174619    1.359532768330
              18 C      5.390181829221   -0.368914427191    0.373185209224
              19 H      5.781250082156    0.351972289911   -0.365652690414
              20 H      5.618720692686   -1.381441338467   -0.002445067857
              21 C     -1.463893472304   -2.531456405825    0.086049060116
              22 H     -2.000569141801   -2.437299452462    1.048739506005
              23 H     -2.266577346775   -2.516021543654   -0.675150200429
              24 C     -0.750675290419   -3.885280359250    0.036579830684
              25 H     -0.231388149183   -4.001584190636   -0.932616381369
              26 H      0.034650984713   -3.925419363738    0.813943262011
              27 C     -1.711368532020   -5.064579568260    0.233026841244
              28 H     -2.235633148271   -4.949111618203    1.199775049175
              29 H     -2.497582085439   -5.025077656412   -0.543584918290
              30 C     -1.013273281972   -6.426080448418    0.186891388076
              31 H     -0.245259876974   -6.509856938833    0.975231604985
              32 H     -0.509185465546   -6.585149663944   -0.782141088431
              33 C     -3.826218034678    0.249364577761    0.343367446770
              34 H     -4.878904577857    0.360832643781    0.514750388075
              35 H      5.953592697648   -0.225504117530    1.309596388302
              36 H     -1.728700488723   -7.252170140012    0.329745145549
