-------------------------------------------------------------
----------------------- !PROPERTIES! ------------------------
-------------------------------------------------------------
# -----------------------------------------------------------
$ PAL_Flags
   description: The PAL Flags
   geom. index: 1
   prop. index: 1
        Diskflag:     2
# -----------------------------------------------------------
$ SCF_Energy
   description: The SCF energy
   geom. index: 1
   prop. index: 1
        SCF Energy:     -621.8575420858
# -----------------------------------------------------------
$ DFT_Energy
   description: The DFT energy
   geom. index: 1
   prop. index: 1
   Number of Alpha Electrons                 59.0000178041 
   Number of Beta  Electrons                 58.0000124529 
   Total number of  Electrons               117.0000302570 
   Exchange energy                          -71.6205438945 
   Correlation energy                        -4.5083370839 
   Correlation energy NL                      0.0000000000 
   Exchange-Correlation energy              -76.1288809784 
   Embedding correction                       0.0000000000 
   Total DFT Energy (No VdW correction)    -621.8575420858 
# -----------------------------------------------------------
$ Mayer_Pop
   description: The Mayer population analysis
   geom. index: 1
   prop. index: 1
     Number of atoms                     : 37
     Threshold for printing              : 0.1000000
     Number of bond orders printed       : 37
  NA   - Mulliken gross atomic population
  ZA   - Total nuclear charge
  QA   - Mulliken gross atomic charge
  VA   - Mayer's total valence
  BVA  - Mayer's bonded valence
  FA   - Mayer's free valence
  ATOM       NA         ZA         QA         VA         BVA        FA
  0   0     5.3819     6.0000     0.6181     2.9090     2.9086     0.0004
  1   0     6.0619     6.0000    -0.0619     4.0900     4.0485     0.0415
  2   0     6.0462     6.0000    -0.0462     4.3054     4.2897     0.0157
  3   0     5.9754     6.0000     0.0246     3.8411     3.8033     0.0378
  4   0     6.0471     6.0000    -0.0471     3.8395     3.8321     0.0074
  5   0     6.0733     6.0000    -0.0733     4.1305     4.0833     0.0472
  6   0     5.9695     6.0000     0.0305     3.8923     3.8833     0.0090
  7   0     1.0519     1.0000    -0.0519     0.9910     0.9909     0.0001
  8   0     1.0628     1.0000    -0.0628     1.0003     1.0003     0.0000
  9   0     5.9578     6.0000     0.0422     3.9199     3.4962     0.4237
 10   0     0.9882     1.0000     0.0118     0.9812     0.9799     0.0013
 11   0     0.9921     1.0000     0.0079     0.9761     0.9749     0.0012
 12   0     5.9481     6.0000     0.0519     4.0151     4.0149     0.0002
 13   0     1.0007     1.0000    -0.0007     0.9754     0.9754     0.0000
 14   0     0.9917     1.0000     0.0083     0.9742     0.9742     0.0000
 15   0     6.0294     6.0000    -0.0294     4.0982     4.0981     0.0001
 16   0     0.9881     1.0000     0.0119     0.9761     0.9761     0.0000
 17   0     0.9929     1.0000     0.0071     0.9689     0.9689     0.0000
 18   0     6.0063     6.0000    -0.0063     4.0196     4.0196     0.0000
 19   0     0.9835     1.0000     0.0165     0.9774     0.9774     0.0000
 20   0     0.9831     1.0000     0.0169     0.9771     0.9771     0.0000
 21   0     5.9558     6.0000     0.0442     4.0268     4.0265     0.0003
 22   0     0.9682     1.0000     0.0318     0.9700     0.9699     0.0001
 23   0     0.9680     1.0000     0.0320     0.9699     0.9698     0.0001
 24   0     6.0360     6.0000    -0.0360     4.1134     4.1134     0.0000
 25   0     0.9847     1.0000     0.0153     0.9627     0.9627     0.0000
 26   0     0.9855     1.0000     0.0145     0.9629     0.9629     0.0000
 27   0     6.0243     6.0000    -0.0243     4.1180     4.1180     0.0000
 28   0     0.9940     1.0000     0.0060     0.9677     0.9677     0.0000
 29   0     0.9937     1.0000     0.0063     0.9677     0.9677     0.0000
 30   0     5.9968     6.0000     0.0032     4.0164     4.0164     0.0000
 31   0     0.9837     1.0000     0.0163     0.9772     0.9772     0.0000
 32   0     0.9835     1.0000     0.0165     0.9773     0.9773     0.0000
 33   0     6.5920     6.0000    -0.5920     3.4086     3.4071     0.0015
 34   0     1.0306     1.0000    -0.0306     1.0298     1.0298     0.0000
 35   0     0.9843     1.0000     0.0157     0.9734     0.9734     0.0000
 36   0     0.9869     1.0000     0.0131     0.9735     0.9735     0.0000
      Bond orders larger than 0.1000000
           Atom A     A.N. of A          Atom B    A.N. of B              Bond order
                0             6               4            6                0.897355
                0             6              33            6                2.146651
                1             6               2            6                1.275603
                1             6               6            6                1.427697
                1             6              12            6                1.108943
                2             6               3            6                1.264002
                2             6               9            6                1.511037
                3             6               4            6                1.458422
                3             6               7            1                0.925486
                4             6               5            6                1.354240
                5             6               6            6                1.383286
                5             6              21            6                1.093400
                6             6               8            1                0.913084
                9             6              10            1                0.905557
                9             6              11            1                0.912046
               12             6              13            1                0.911332
               12             6              14            1                0.904716
               12             6              15            6                1.059672
               15             6              16            1                0.944057
               15             6              17            1                0.943575
               15             6              18            6                1.101442
               18             6              19            1                0.966437
               18             6              20            1                0.966784
               18             6              35            1                0.964003
               21             6              22            1                0.896178
               21             6              23            1                0.896756
               21             6              24            6                1.102283
               24             6              25            1                0.929027
               24             6              26            1                0.929597
               24             6              27            6                1.075614
               27             6              28            1                0.941029
               27             6              29            1                0.941089
               27             6              30            6                1.105955
               30             6              31            1                0.966197
               30             6              32            1                0.966164
               30             6              36            1                0.961814
               33             6              34            1                1.116045
# -----------------------------------------------------------
$ Calculation_Info
   description: Details of the calculation
   geom. index: 1
   prop. index: 1
     Multiplicity:                          2
     Charge:                                0
     number of atoms:                       37
     number of electrons:                   0
     number of frozen core electrons:       1
     number of correlated electrons:        0
     number of basis functions:             329
     number of aux C basis functions:       2196
     number of aux J basis functions:       2196
     number of aux JK basis functions:      2196
     number of aux CABS basis functions:    0
     Total Energy                           -621.857542
# -----------------------------------------------------------
$ SCF_Electric_Properties
   description: The SCF Calculated Electric Properties
   geom. index: 1
   prop. index: 1
       Filename                          : cc-pVDZ.scfp 
       Do Dipole Moment Calculation      : true 
       Do Quadrupole Moment Calculation  : false 
       Do Polarizability Calculation     : false 
** Dipole moment part of electric properties **
        Magnitude of dipole moment (Debye) :        0.8953070701
        Electronic Contribution:
                  0    
      0     -11.730100
      1      14.804167
      2      -1.695188
        Nuclear Contribution:
                  0    
      0      11.949221
      1     -15.078107
      2       1.726988
        Total Dipole moment:
                  0    
      0       0.219122
      1      -0.273940
      2       0.031800
# -----------------------------------------------------------
$ EPRNMR_GTensor
   description: Electronic g tensor
   geom. index: 1
   prop. index: 1
 Source density: 1 SCF 
 Spin multiplicity: 2 
 raw g tensor: 
                  0          1          2    
      0       2.002871  -0.000050  -0.000092
      1      -0.000043   2.002778  -0.000016
      2      -0.000107  -0.000065   2.002387
 g tensor: 
                  0          1          2    
      0       0.200423   0.272452  -0.941063
      1       0.117034   0.947017   0.299101
      2       0.972694  -0.170083   0.157918
 G eigenvalues: 
                  0          1          2    
      0       2.002361   2.002772   2.002902
# -----------------------------------------------------------
$ EPRNMR_OrbitalShielding
   description: Orbital contribution to the NMR Shielding tensor (ppm)
   geom. index: 1
   prop. index: 1
 Number of stored nuclei 21
 Source density: 1 SCF 
 Nucleus: 7 H 
 Shielding tensor (ppm): 
                  0          1          2    
      0     -40.206470 -15.809575  -2.478367
      1     -77.924932  62.337285  25.126970
      2      20.113656 -23.894440  -1.775564
 P Tensor eigenvectors:
                   0          1          2    
      0       0.067505   0.601734  -0.795838
      1      -0.271155   0.778700   0.565776
      2       0.960166   0.177602   0.215729
 P Eigenvalues: 
                  0          1          2    
      0       5.301109 -18.680554  33.734696
P(iso)  6.785084
 Nucleus: 8 H 
 Shielding tensor (ppm): 
                  0          1          2    
      0      74.821549 -39.624312   7.693016
      1      -0.885758  72.128942 -11.868778
      2     -10.225462  25.156901 100.131107
 P Tensor eigenvectors:
                   0          1          2    
      0       0.780214  -0.502351  -0.372706
      1       0.621497   0.555157   0.552759
      2      -0.070768  -0.662906   0.745351
 P Eigenvalues: 
                  0          1          2    
      0      53.820299  90.677836 102.583463
P(iso)  82.360533
 Nucleus: 10 H 
 Shielding tensor (ppm): 
                  0          1          2    
      0       3.664147 -92.551322  -5.917795
      1     228.139897  10.538603 -56.301861
      2     -20.924387  29.784082  -3.278664
 P Tensor eigenvectors:
                   0          1          2    
      0       0.237707   0.025115   0.971012
      1      -0.021483  -0.999285   0.031105
      2       0.971099  -0.028254  -0.236997
 P Eigenvalues: 
                  0          1          2    
      0      -9.215336   6.390731  13.748689
P(iso)  3.641362
 Nucleus: 11 H 
 Shielding tensor (ppm): 
                  0          1          2    
      0     -82.393421 185.629295  -9.487587
      1     -180.658925  66.261677  32.952388
      2      23.276346 -50.998388 -29.683915
 P Tensor eigenvectors:
                   0          1          2    
      0       0.228012  -0.678389   0.698426
      1       0.113825  -0.693830  -0.711086
      2       0.966982   0.241635  -0.080984
 P Eigenvalues: 
                  0          1          2    
      0     -29.998241  -4.648521 -11.168898
P(iso)  -15.271886
 Nucleus: 13 H 
 Shielding tensor (ppm): 
                  0          1          2    
      0      72.455597 -278.769431 -140.666441
      1     211.746264  40.837037 -74.376446
      2      89.075053  84.391826  80.988820
 P Tensor eigenvectors:
                   0          1          2    
      0       0.266524  -0.935980   0.230012
      1      -0.436273  -0.329952  -0.837136
      2       0.859436   0.122769  -0.496283
 P Eigenvalues: 
                  0          1          2    
      0      64.960872  53.965877  75.354705
P(iso)  64.760485
 Nucleus: 14 H 
 Shielding tensor (ppm): 
                  0          1          2    
      0      29.754363 100.452125 -238.445109
      1     -30.165213  14.237057 -88.867069
      2     153.334821  45.423451  30.895354
 P Tensor eigenvectors:
                   0          1          2    
      0      -0.337512   0.939173  -0.063564
      1       0.884394   0.293250  -0.363114
      2       0.322387   0.178771   0.929574
 P Eigenvalues: 
                  0          1          2    
      0      -6.369842  31.246989  50.009627
P(iso)  24.962258
 Nucleus: 16 H 
 Shielding tensor (ppm): 
                  0          1          2    
      0      17.403639 297.696888 205.508077
      1     -199.267047  65.441023  55.903046
      2     -163.100646 -14.520627  45.664361
 P Tensor eigenvectors:
                   0          1          2    
      0       0.139733  -0.974440   0.175899
      1      -0.559899  -0.224271  -0.797631
      2       0.816693   0.012969  -0.576927
 P Eigenvalues: 
                  0          1          2    
      0      29.528226  40.678988  58.301810
P(iso)  42.836341
 Nucleus: 17 H 
 Shielding tensor (ppm): 
                  0          1          2    
      0      59.452481 -201.536638 311.750694
      1     140.756034  75.525395 111.200594
      2     -245.764327 -98.794596 113.148494
 P Tensor eigenvectors:
                   0          1          2    
      0       0.292568   0.952345   0.086276
      1      -0.820930   0.203875   0.533394
      2      -0.490385   0.226881  -0.841455
 P Eigenvalues: 
                  0          1          2    
      0      93.322468  65.914899  88.889003
P(iso)  82.708790
 Nucleus: 19 H 
 Shielding tensor (ppm): 
                  0          1          2    
      0      32.980188 227.260514 -292.292283
      1     -124.744755 -21.435488 -67.012275
      2     212.725563  53.245412 -39.204374
 P Tensor eigenvectors:
                   0          1          2    
      0      -0.192115   0.952432  -0.236572
      1       0.796536   0.010519  -0.604500
      2       0.573256   0.304571   0.760667
 P Eigenvalues: 
                  0          1          2    
      0     -38.477424   4.180099   6.637652
P(iso)  -9.219891
 Nucleus: 20 H 
 Shielding tensor (ppm): 
                  0          1          2    
      0      63.844720 -448.224415 -143.381660
      1     346.948189  -2.635085   1.507003
      2     105.292037 -14.412594  15.899575
 P Tensor eigenvectors:
                   0          1          2    
      0      -0.021484   0.949729  -0.312336
      1      -0.306773   0.291075   0.906182
      2       0.951540   0.115284   0.285097
 P Eigenvalues: 
                  0          1          2    
      0      18.055821  24.974509  34.078880
P(iso)  25.703070
 Nucleus: 22 H 
 Shielding tensor (ppm): 
                  0          1          2    
      0      79.609073 -52.106394 -172.131378
      1      81.071043  21.253686 -119.189711
      2     112.279629  91.386262  69.416731
 P Tensor eigenvectors:
                   0          1          2    
      0      -0.483962   0.783753  -0.389245
      1       0.793358   0.580668   0.182779
      2      -0.369276   0.220352   0.902818
 P Eigenvalues: 
                  0          1          2    
      0      27.817331  58.725999  83.736161
P(iso)  56.759830
 Nucleus: 23 H 
 Shielding tensor (ppm): 
                  0          1          2    
      0      85.835372 -61.962665 143.815333
      1     104.389522  13.206334  90.538017
      2     -95.459324 -65.977689  49.450337
 P Tensor eigenvectors:
                   0          1          2    
      0       0.378058  -0.686845   0.620739
      1      -0.786561  -0.591927  -0.175913
      2      -0.488257   0.421743   0.764027
 P Eigenvalues: 
                  0          1          2    
      0      20.117371  51.026598  77.348074
P(iso)  49.497348
 Nucleus: 25 H 
 Shielding tensor (ppm): 
                  0          1          2    
      0      62.966757 130.274785 103.571999
      1     -174.083378  73.274095 245.724462
      2     -76.879844 -173.832225  97.854586
 P Tensor eigenvectors:
                   0          1          2    
      0      -0.785161   0.342793  -0.515768
      1       0.320631   0.937533   0.135008
      2      -0.529829   0.059368   0.846024
 P Eigenvalues: 
                  0          1          2    
      0      83.739667  62.615095  87.740675
P(iso)  78.031812
 Nucleus: 26 H 
 Shielding tensor (ppm): 
                  0          1          2    
      0      67.124667 167.435745 -87.262104
      1     -232.147471  78.181050 -189.181237
      2      75.644925 140.703517 110.033202
 P Tensor eigenvectors:
                   0          1          2    
      0      -0.632588  -0.282175   0.721256
      1       0.279397  -0.951702  -0.127283
      2       0.722337   0.120999   0.680874
 P Eigenvalues: 
                  0          1          2    
      0      97.338160  66.368044  91.632716
P(iso)  85.112973
 Nucleus: 28 H 
 Shielding tensor (ppm): 
                  0          1          2    
      0      51.571580 -156.826785 -169.845054
      1     222.275531   1.366052 -337.381386
      2     106.083686 247.072263  30.698645
 P Tensor eigenvectors:
                   0          1          2    
      0      -0.769890   0.408997  -0.489889
      1       0.370993   0.911436   0.177900
      2      -0.519263   0.044782   0.853440
 P Eigenvalues: 
                  0          1          2    
      0      12.246940  29.366972  42.022366
P(iso)  27.878759
 Nucleus: 29 H 
 Shielding tensor (ppm): 
                  0          1          2    
      0      58.516185 -206.926419 151.059337
      1     301.695843  -0.547518 254.189521
      2     -109.491992 -183.571473   7.227816
 P Tensor eigenvectors:
                   0          1          2    
      0      -0.595905   0.358000   0.718842
      1       0.366609   0.917689  -0.153119
      2       0.714489  -0.172290   0.678101
 P Eigenvalues: 
                  0          1          2    
      0       4.491245  24.658786  36.046453
P(iso)  21.732161
 Nucleus: 31 H 
 Shielding tensor (ppm): 
                  0          1          2    
      0       3.694396 298.401666 -102.726289
      1     -378.506838  59.706772 -323.328210
      2      85.531225 230.314189  42.182890
 P Tensor eigenvectors:
                   0          1          2    
      0      -0.628507  -0.305146   0.715447
      1       0.201233  -0.952305  -0.229390
      2       0.751321  -0.000201   0.659936
 P Eigenvalues: 
                  0          1          2    
      0      31.876995  31.194363  42.512700
P(iso)  35.194686
 Nucleus: 32 H 
 Shielding tensor (ppm): 
                  0          1          2    
      0       3.108627 229.363524 104.139790
      1     -276.598108  60.543294 406.529160
      2     -71.712140 -294.725344  25.441868
 P Tensor eigenvectors:
                   0          1          2    
      0       0.803546   0.303854   0.511847
      1      -0.190806   0.946005  -0.262044
      2       0.563833  -0.112901  -0.818136
 P Eigenvalues: 
                  0          1          2    
      0      22.205310  28.162011  38.726469
P(iso)  29.697930
 Nucleus: 34 H 
 Shielding tensor (ppm): 
                  0          1          2    
      0      37.204391  27.834497 -42.841739
      1     -104.038769 -109.148681  20.355359
      2       7.306113  -8.774447 -102.884104
 P Tensor eigenvectors:
                   0          1          2    
      0       0.725547   0.149961  -0.671634
      1      -0.677663   0.325605  -0.659359
      2       0.119809   0.933538   0.337865
 P Eigenvalues: 
                  0          1          2    
      0       1.422871 -105.573419 -70.677846
P(iso)  -58.276131
 Nucleus: 35 H 
 Shielding tensor (ppm): 
                  0          1          2    
      0      29.480999  -2.341202 362.761291
      1      37.160497 -56.813527  70.282284
      2     -248.662758 -45.622297 -38.767849
 P Tensor eigenvectors:
                   0          1          2    
      0      -0.168558  -0.946902   0.273797
      1       0.984357  -0.176154  -0.003209
      2       0.051269   0.268973   0.961782
 P Eigenvalues: 
                  0          1          2    
      0     -59.833075  -2.554750  -3.712552
P(iso)  -22.033459
 Nucleus: 36 H 
 Shielding tensor (ppm): 
                  0          1          2    
      0     -73.330558 -57.460811  -9.519709
      1     173.752544  19.688831 -44.730525
      2      -1.414508  21.862737 -99.551590
 P Tensor eigenvectors:
                   0          1          2    
      0       0.199898   0.276801  -0.939905
      1      -0.973696  -0.050935  -0.222084
      2      -0.109347   0.959576   0.259338
 P Eigenvalues: 
                  0          1          2    
      0     -10.284586 -100.659363 -42.249368
P(iso)  -51.064439
# -----------------------------------------------------------
$ EPRNMR_ATensor
   description: Hyperfine A tensor
   geom. index: 1
   prop. index: 1
 Number of stored nuclei 21
 Source density: 1 SCF 
 Spin multiplicity: 2 
 Nucleus: 7 H  
 Isotope: 1 
 Nuclear Spin:  0.5 
 Prefactor (MHz): 533.551395 
 Raw A tensor (MHz): 
                  0          1          2    
      0     -15.922509  -6.439219   0.061734
      1      -6.441437 -11.063271   0.731128
      2       0.061744   0.730680 -17.322016
 A Tensor eigenvectors:
                   0          1          2    
      0       0.566502  -0.152295   0.809866
      1      -0.822372  -0.041603   0.567427
      2      -0.052724  -0.987459  -0.148812
 A Eigenvalues: 
                  0          1          2    
      0      -6.579643 -17.281712 -20.446440
A(iso)  -14.769265
 Nucleus: 8 H  
 Isotope: 1 
 Nuclear Spin:  0.5 
 Prefactor (MHz): 533.551395 
 Raw A tensor (MHz): 
                  0          1          2    
      0       8.311112   2.037302  -0.818794
      1       2.037561   6.331441  -0.432412
      2      -0.818961  -0.432665   4.082735
 A Tensor eigenvectors:
                   0          1          2    
      0       0.167735   0.519579   0.837796
      1       0.035076  -0.852444   0.521641
      2       0.985208  -0.058111  -0.161210
 A Eigenvalues: 
                  0          1          2    
      0       3.927901   5.060075   9.737312
A(iso)  6.241763
 Nucleus: 10 H  
 Isotope: 1 
 Nuclear Spin:  0.5 
 Prefactor (MHz): 533.551395 
 Raw A tensor (MHz): 
                  0          1          2    
      0     -17.493116   0.546039  -5.468057
      1       0.544858 -71.479182   1.502106
      2      -5.468101   1.501964 -44.529601
 A Tensor eigenvectors:
                   0          1          2    
      0      -0.981626   0.190145  -0.016009
      1      -0.004531   0.060645   0.998149
      2       0.190764   0.979881  -0.058669
 A Eigenvalues: 
                  0          1          2    
      0     -16.427960 -45.497732 -71.576207
A(iso)  -44.500633
 Nucleus: 11 H  
 Isotope: 1 
 Nuclear Spin:  0.5 
 Prefactor (MHz): 533.551395 
 Raw A tensor (MHz): 
                  0          1          2    
      0     -56.976120 -22.968442   3.384081
      1     -22.968448 -28.534402   2.952489
      2       3.383802   2.952807 -46.170304
 A Tensor eigenvectors:
                   0          1          2    
      0       0.484179   0.170007  -0.858294
      1      -0.874421   0.059300  -0.481531
      2      -0.030967   0.983657   0.177369
 A Eigenvalues: 
                  0          1          2    
      0     -15.711870 -45.407466 -70.561489
A(iso)  -43.893609
 Nucleus: 13 H  
 Isotope: 1 
 Nuclear Spin:  0.5 
 Prefactor (MHz): 533.551395 
 Raw A tensor (MHz): 
                  0          1          2    
      0       5.247398  -2.116024  -0.580322
      1      -2.116950   5.373123   0.448054
      2      -0.580186   0.447600   3.328532
 A Tensor eigenvectors:
                   0          1          2    
      0      -0.599153  -0.407181  -0.689361
      1      -0.422871  -0.570184   0.704323
      2      -0.679850   0.713508   0.169442
 A Eigenvalues: 
                  0          1          2    
      0       3.095279   3.301407   7.552366
A(iso)  4.649684
 Nucleus: 14 H  
 Isotope: 1 
 Nuclear Spin:  0.5 
 Prefactor (MHz): 533.551395 
 Raw A tensor (MHz): 
                  0          1          2    
      0       9.503496  -2.341116  -1.701477
      1      -2.341216   7.950093   0.893392
      2      -1.700594   0.893608   5.518915
 A Tensor eigenvectors:
                   0          1          2    
      0       0.339329  -0.519941   0.783911
      1      -0.014994  -0.836240  -0.548159
      2       0.940548   0.174253  -0.291557
 A Eigenvalues: 
                  0          1          2    
      0       4.891096   6.308196  11.773212
A(iso)  7.657501
 Nucleus: 16 H  
 Isotope: 1 
 Nuclear Spin:  0.5 
 Prefactor (MHz): 533.551395 
 Raw A tensor (MHz): 
                  0          1          2    
      0       0.787836  -1.978405   2.566164
      1      -1.979006  -0.264259  -0.815413
      2       2.565443  -0.814642  -1.452426
 A Tensor eigenvectors:
                   0          1          2    
      0       0.291832   0.593900  -0.749745
      1       0.858921   0.182153   0.478618
      2       0.420820  -0.783648  -0.456954
 A Eigenvalues: 
                  0          1          2    
      0      -1.336013  -3.206551   3.613715
A(iso)  -0.309616
 Nucleus: 17 H  
 Isotope: 1 
 Nuclear Spin:  0.5 
 Prefactor (MHz): 533.551395 
 Raw A tensor (MHz): 
                  0          1          2    
      0      -0.358453  -1.006368   1.047265
      1      -1.007046  -0.494914  -1.478364
      2       1.047089  -1.477629   0.179407
 A Tensor eigenvectors:
                   0          1          2    
      0       0.845765   0.198649   0.495196
      1       0.132146   0.821203  -0.555124
      2      -0.516932   0.534943   0.668295
 A Eigenvalues: 
                  0          1          2    
      0      -1.155871  -1.701014   2.182924
A(iso)  -0.224654
 Nucleus: 19 H  
 Isotope: 1 
 Nuclear Spin:  0.5 
 Prefactor (MHz): 533.551395 
 Raw A tensor (MHz): 
                  0          1          2    
      0       1.160525  -0.475261   0.034584
      1      -0.475455  -0.515424  -0.091252
      2       0.034407  -0.091287  -0.683131
 A Tensor eigenvectors:
                   0          1          2    
      0       0.220788  -0.133030  -0.966207
      1       0.764711  -0.591273   0.256152
      2      -0.605368  -0.795424  -0.028816
 A Eigenvalues: 
                  0          1          2    
      0      -0.580422  -0.745203   1.287595
A(iso)  -0.012677
 Nucleus: 20 H  
 Isotope: 1 
 Nuclear Spin:  0.5 
 Prefactor (MHz): 533.551395 
 Raw A tensor (MHz): 
                  0          1          2    
      0       0.868199  -0.699067   0.094877
      1      -0.699270   0.238372  -0.027360
      2       0.094812  -0.027332  -0.255873
 A Tensor eigenvectors:
                   0          1          2    
      0       0.469828  -0.274602   0.838961
      1       0.775293  -0.326096  -0.540909
      2       0.422116   0.904574   0.059688
 A Eigenvalues: 
                  0          1          2    
      0      -0.200296  -0.274756   1.325750
A(iso)  0.283566
 Nucleus: 22 H  
 Isotope: 1 
 Nuclear Spin:  0.5 
 Prefactor (MHz): 533.551395 
 Raw A tensor (MHz): 
                  0          1          2    
      0      24.592951   1.560636  -1.334089
      1       1.560196  24.391794  -0.768004
      2      -1.333506  -0.768331  23.687621
 A Tensor eigenvectors:
                   0          1          2    
      0       0.698200  -0.216625  -0.682341
      1      -0.343700   0.734666  -0.584925
      2       0.628002   0.642915   0.438490
 A Eigenvalues: 
                  0          1          2    
      0      22.625173  23.259366  26.787826
A(iso)  24.224122
 Nucleus: 23 H  
 Isotope: 1 
 Nuclear Spin:  0.5 
 Prefactor (MHz): 533.551395 
 Raw A tensor (MHz): 
                  0          1          2    
      0      25.511512   1.799498   0.666197
      1       1.798940  24.770639   0.127676
      2       0.665559   0.127748  23.253584
 A Tensor eigenvectors:
                   0          1          2    
      0      -0.482516   0.409978   0.774013
      1       0.412700  -0.673031   0.613765
      2       0.772565   0.615587   0.155550
 A Eigenvalues: 
                  0          1          2    
      0      22.906086  23.557653  27.071995
A(iso)  24.511911
 Nucleus: 25 H  
 Isotope: 1 
 Nuclear Spin:  0.5 
 Prefactor (MHz): 533.551395 
 Raw A tensor (MHz): 
                  0          1          2    
      0      -0.931064  -0.191832  -0.064512
      1      -0.191391   1.060526   0.401979
      2      -0.064386   0.401683  -0.965469
 A Tensor eigenvectors:
                   0          1          2    
      0       0.960062   0.262943   0.095619
      1       0.140459  -0.157377  -0.977499
      2      -0.241978   0.951890  -0.188024
 A Eigenvalues: 
                  0          1          2    
      0      -0.942834  -1.049708   1.156536
A(iso)  -0.278669
 Nucleus: 26 H  
 Isotope: 1 
 Nuclear Spin:  0.5 
 Prefactor (MHz): 533.551395 
 Raw A tensor (MHz): 
                  0          1          2    
      0      -0.893591  -0.321977   0.076731
      1      -0.321665   0.973357  -0.506418
      2       0.076487  -0.506101  -0.927269
 A Tensor eigenvectors:
                   0          1          2    
      0       0.986632   0.032860   0.159619
      1       0.146725   0.247132  -0.957809
      2      -0.070920   0.968425   0.239007
 A Eigenvalues: 
                  0          1          2    
      0      -0.946929  -1.053829   1.153255
A(iso)  -0.282501
 Nucleus: 28 H  
 Isotope: 1 
 Nuclear Spin:  0.5 
 Prefactor (MHz): 533.551395 
 Raw A tensor (MHz): 
                  0          1          2    
      0      -0.030257   0.334300  -0.108992
      1       0.334434   0.691288  -0.221838
      2      -0.109027  -0.221756  -0.067335
 A Tensor eigenvectors:
                   0          1          2    
      0      -0.328082   0.874197   0.357970
      1       0.372098  -0.228714   0.899574
      2       0.868277   0.428334  -0.250250
 A Eigenvalues: 
                  0          1          2    
      0      -0.121158  -0.171203   0.886056
A(iso)  0.197899
 Nucleus: 29 H  
 Isotope: 1 
 Nuclear Spin:  0.5 
 Prefactor (MHz): 533.551395 
 Raw A tensor (MHz): 
                  0          1          2    
      0       0.021676   0.380819   0.044659
      1       0.380980   0.723843   0.036956
      2       0.044644   0.036878  -0.136353
 A Tensor eigenvectors:
                   0          1          2    
      0      -0.590898   0.699450  -0.402006
      1       0.300966  -0.271208  -0.914257
      2      -0.748504  -0.661223  -0.050254
 A Eigenvalues: 
                  0          1          2    
      0      -0.115872  -0.168342   0.893379
A(iso)  0.203055
 Nucleus: 31 H  
 Isotope: 1 
 Nuclear Spin:  0.5 
 Prefactor (MHz): 533.551395 
 Raw A tensor (MHz): 
                  0          1          2    
      0      -0.114547   0.023529  -0.005822
      1       0.023605   0.400554  -0.099744
      2      -0.005841  -0.099720  -0.112978
 A Tensor eigenvectors:
                   0          1          2    
      0       0.995307   0.085566  -0.045195
      1      -0.060045   0.179833  -0.981863
      2      -0.075887   0.979969   0.184127
 A Eigenvalues: 
                  0          1          2    
      0      -0.115525  -0.131786   0.420341
A(iso)  0.057676
 Nucleus: 32 H  
 Isotope: 1 
 Nuclear Spin:  0.5 
 Prefactor (MHz): 533.551395 
 Raw A tensor (MHz): 
                  0          1          2    
      0      -0.114271   0.044953   0.000117
      1       0.045042   0.412870   0.040314
      2       0.000108   0.040277  -0.129960
 A Tensor eigenvectors:
                   0          1          2    
      0       0.976187  -0.200134   0.083696
      1      -0.067075   0.088448   0.993820
      2      -0.206300  -0.975768   0.072918
 A Eigenvalues: 
                  0          1          2    
      0      -0.117390  -0.133589   0.419618
A(iso)  0.056213
 Nucleus: 34 H  
 Isotope: 1 
 Nuclear Spin:  0.5 
 Prefactor (MHz): 533.551395 
 Raw A tensor (MHz): 
                  0          1          2    
      0       2.254807   0.348482   0.136611
      1       0.348365   4.625723  -0.131509
      2       0.136591  -0.131544   3.125079
 A Tensor eigenvectors:
                   0          1          2    
      0      -0.975760   0.170075   0.137723
      1       0.147683   0.047310   0.987903
      2       0.161502   0.984295  -0.071281
 A Eigenvalues: 
                  0          1          2    
      0       2.179471   3.142357   4.683781
A(iso)  3.335203
 Nucleus: 35 H  
 Isotope: 1 
 Nuclear Spin:  0.5 
 Prefactor (MHz): 533.551395 
 Raw A tensor (MHz): 
                  0          1          2    
      0       1.297098  -0.392406   0.456334
      1      -0.392658   0.278802  -0.147408
      2       0.456194  -0.147297   0.381896
 A Tensor eigenvectors:
                   0          1          2    
      0       0.363149  -0.297338   0.883014
      1       0.923509   0.240497  -0.298820
      2      -0.123511   0.923987   0.361930
 A Eigenvalues: 
                  0          1          2    
      0       0.144062   0.196792   1.616942
A(iso)  0.652599
 Nucleus: 36 H  
 Isotope: 1 
 Nuclear Spin:  0.5 
 Prefactor (MHz): 533.551395 
 Raw A tensor (MHz): 
                  0          1          2    
      0      -0.121401   0.092418  -0.007076
      1       0.092489   0.236663  -0.031433
      2      -0.007088  -0.031436  -0.137994
 A Tensor eigenvectors:
                   0          1          2    
      0       0.172682   0.956496   0.235150
      1       0.039704  -0.245302   0.968633
      2       0.984177  -0.157929  -0.080336
 A Eigenvalues: 
                  0          1          2    
      0      -0.140505  -0.143950   0.261723
A(iso)  -0.007577
# -------------------------------------------------------------
----------------------- !GEOMETRIES! ------------------------
# -------------------------------------------------------------
------------------------ !GEOMETRY! -------------------------
    Number of atoms:    37 
    Geometry Index:     1 
    Coordinates:
               0 C     -2.631253772349    0.130040056235    0.153618394820
               1 C      1.576072904854   -0.218268457636   -0.504915469913
               2 C      0.963883160712    1.083254671909   -0.473502379222
               3 C     -0.443221139416    1.138380631574   -0.249565408095
               4 C     -1.220095761040   -0.005181458505   -0.066164134098
               5 C     -0.610812589359   -1.294615272872   -0.103078540185
               6 C      0.774256816144   -1.347117656739   -0.322979756554
               7 H     -0.932053901465    2.114790780291   -0.222290858740
               8 H      1.262592820356   -2.323150737410   -0.358853596097
               9 C      1.682181489452    2.281839721518   -0.657447632504
              10 H      2.755140459192    2.296583953603   -0.842673849083
              11 H      1.162652351116    3.241230196920   -0.627096865558
              12 C      3.066102757492   -0.388858283677   -0.697740214952
              13 H      3.262480883252   -1.405154896772   -1.080710192654
              14 H      3.433528860058    0.305527986227   -1.473508061918
              15 C      3.887274786082   -0.182432360589    0.592554087683
              16 H      3.688367544273    0.826444401925    0.994429565313
              17 H      3.528201376186   -0.891693174619    1.359532768330
              18 C      5.390181829221   -0.368914427191    0.373185209224
              19 H      5.781250082156    0.351972289911   -0.365652690414
              20 H      5.618720692686   -1.381441338467   -0.002445067857
              21 C     -1.463893472304   -2.531456405825    0.086049060116
              22 H     -2.000569141801   -2.437299452462    1.048739506005
              23 H     -2.266577346775   -2.516021543654   -0.675150200429
              24 C     -0.750675290419   -3.885280359250    0.036579830684
              25 H     -0.231388149183   -4.001584190636   -0.932616381369
              26 H      0.034650984713   -3.925419363738    0.813943262011
              27 C     -1.711368532020   -5.064579568260    0.233026841244
              28 H     -2.235633148271   -4.949111618203    1.199775049175
              29 H     -2.497582085439   -5.025077656412   -0.543584918290
              30 C     -1.013273281972   -6.426080448418    0.186891388076
              31 H     -0.245259876974   -6.509856938833    0.975231604985
              32 H     -0.509185465546   -6.585149663944   -0.782141088431
              33 C     -3.826218034678    0.249364577761    0.343367446770
              34 H     -4.878904577857    0.360832643781    0.514750388075
              35 H      5.953592697648   -0.225504117530    1.309596388302
              36 H     -1.728700488723   -7.252170140012    0.329745145549
