-------------------------------------------------------------
----------------------- !PROPERTIES! ------------------------
-------------------------------------------------------------
# -----------------------------------------------------------
$ PAL_Flags
   description: The PAL Flags
   geom. index: 1
   prop. index: 1
        Diskflag:     2
# -----------------------------------------------------------
$ SCF_Energy
   description: The SCF energy
   geom. index: 1
   prop. index: 1
        SCF Energy:     -621.8575417607
# -----------------------------------------------------------
$ DFT_Energy
   description: The DFT energy
   geom. index: 1
   prop. index: 1
   Number of Alpha Electrons                 59.0000194039 
   Number of Beta  Electrons                 58.0000140102 
   Total number of  Electrons               117.0000334141 
   Exchange energy                          -71.6205552009 
   Correlation energy                        -4.5083362789 
   Correlation energy NL                      0.0000000000 
   Exchange-Correlation energy              -76.1288914798 
   Embedding correction                       0.0000000000 
   Total DFT Energy (No VdW correction)    -621.8575417607 
# -----------------------------------------------------------
$ Mayer_Pop
   description: The Mayer population analysis
   geom. index: 1
   prop. index: 1
     Number of atoms                     : 37
     Threshold for printing              : 0.1000000
     Number of bond orders printed       : 37
  NA   - Mulliken gross atomic population
  ZA   - Total nuclear charge
  QA   - Mulliken gross atomic charge
  VA   - Mayer's total valence
  BVA  - Mayer's bonded valence
  FA   - Mayer's free valence
  ATOM       NA         ZA         QA         VA         BVA        FA
  0   0     5.3819     6.0000     0.6181     2.9090     2.9086     0.0004
  1   0     6.0619     6.0000    -0.0619     4.0900     4.0485     0.0415
  2   0     6.0461     6.0000    -0.0461     4.3053     4.2896     0.0157
  3   0     5.9755     6.0000     0.0245     3.8411     3.8033     0.0378
  4   0     6.0470     6.0000    -0.0470     3.8394     3.8320     0.0074
  5   0     6.0733     6.0000    -0.0733     4.1305     4.0833     0.0472
  6   0     5.9696     6.0000     0.0304     3.8923     3.8833     0.0090
  7   0     1.0519     1.0000    -0.0519     0.9910     0.9909     0.0001
  8   0     1.0628     1.0000    -0.0628     1.0003     1.0003     0.0000
  9   0     5.9578     6.0000     0.0422     3.9199     3.4961     0.4238
 10   0     0.9882     1.0000     0.0118     0.9812     0.9799     0.0013
 11   0     0.9921     1.0000     0.0079     0.9761     0.9749     0.0012
 12   0     5.9481     6.0000     0.0519     4.0150     4.0148     0.0002
 13   0     1.0007     1.0000    -0.0007     0.9754     0.9754     0.0000
 14   0     0.9917     1.0000     0.0083     0.9742     0.9742     0.0000
 15   0     6.0294     6.0000    -0.0294     4.0982     4.0981     0.0001
 16   0     0.9881     1.0000     0.0119     0.9761     0.9761     0.0000
 17   0     0.9929     1.0000     0.0071     0.9689     0.9689     0.0000
 18   0     6.0064     6.0000    -0.0064     4.0195     4.0195     0.0000
 19   0     0.9835     1.0000     0.0165     0.9774     0.9774     0.0000
 20   0     0.9831     1.0000     0.0169     0.9771     0.9771     0.0000
 21   0     5.9557     6.0000     0.0443     4.0269     4.0266     0.0003
 22   0     0.9682     1.0000     0.0318     0.9701     0.9700     0.0001
 23   0     0.9680     1.0000     0.0320     0.9698     0.9697     0.0001
 24   0     6.0360     6.0000    -0.0360     4.1134     4.1134     0.0000
 25   0     0.9847     1.0000     0.0153     0.9627     0.9627     0.0000
 26   0     0.9856     1.0000     0.0144     0.9629     0.9629     0.0000
 27   0     6.0243     6.0000    -0.0243     4.1180     4.1180     0.0000
 28   0     0.9940     1.0000     0.0060     0.9677     0.9677     0.0000
 29   0     0.9937     1.0000     0.0063     0.9677     0.9677     0.0000
 30   0     5.9968     6.0000     0.0032     4.0164     4.0164     0.0000
 31   0     0.9837     1.0000     0.0163     0.9772     0.9772     0.0000
 32   0     0.9835     1.0000     0.0165     0.9773     0.9773     0.0000
 33   0     6.5921     6.0000    -0.5921     3.4085     3.4070     0.0015
 34   0     1.0306     1.0000    -0.0306     1.0298     1.0298     0.0000
 35   0     0.9843     1.0000     0.0157     0.9734     0.9734     0.0000
 36   0     0.9869     1.0000     0.0131     0.9735     0.9735     0.0000
      Bond orders larger than 0.1000000
           Atom A     A.N. of A          Atom B    A.N. of B              Bond order
                0             6               4            6                0.897332
                0             6              33            6                2.146645
                1             6               2            6                1.275646
                1             6               6            6                1.427668
                1             6              12            6                1.108938
                2             6               3            6                1.264040
                2             6               9            6                1.510885
                3             6               4            6                1.458403
                3             6               7            1                0.925499
                4             6               5            6                1.354235
                5             6               6            6                1.383333
                5             6              21            6                1.093425
                6             6               8            1                0.913087
                9             6              10            1                0.905558
                9             6              11            1                0.912053
               12             6              13            1                0.911343
               12             6              14            1                0.904718
               12             6              15            6                1.059663
               15             6              16            1                0.944050
               15             6              17            1                0.943575
               15             6              18            6                1.101438
               18             6              19            1                0.966433
               18             6              20            1                0.966786
               18             6              35            1                0.964004
               21             6              22            1                0.896181
               21             6              23            1                0.896730
               21             6              24            6                1.102287
               24             6              25            1                0.928958
               24             6              26            1                0.929678
               24             6              27            6                1.075616
               27             6              28            1                0.941032
               27             6              29            1                0.941103
               27             6              30            6                1.105941
               30             6              31            1                0.966208
               30             6              32            1                0.966165
               30             6              36            1                0.961820
               33             6              34            1                1.116046
# -----------------------------------------------------------
$ Calculation_Info
   description: Details of the calculation
   geom. index: 1
   prop. index: 1
     Multiplicity:                          2
     Charge:                                0
     number of atoms:                       37
     number of electrons:                   0
     number of frozen core electrons:       1
     number of correlated electrons:        0
     number of basis functions:             329
     number of aux C basis functions:       2196
     number of aux J basis functions:       2196
     number of aux JK basis functions:      2196
     number of aux CABS basis functions:    0
     Total Energy                           -621.857542
# -----------------------------------------------------------
$ SCF_Electric_Properties
   description: The SCF Calculated Electric Properties
   geom. index: 1
   prop. index: 1
       Filename                          : cc-pVDZ_i.scfp 
       Do Dipole Moment Calculation      : true 
       Do Quadrupole Moment Calculation  : false 
       Do Polarizability Calculation     : false 
** Dipole moment part of electric properties **
        Magnitude of dipole moment (Debye) :        0.8951672641
        Electronic Contribution:
                  0    
      0     -11.732528
      1      14.804911
      2      -1.696635
        Nuclear Contribution:
                  0    
      0      11.951686
      1     -15.078746
      2       1.728485
        Total Dipole moment:
                  0    
      0       0.219158
      1      -0.273835
      2       0.031850
# -----------------------------------------------------------
$ EPRNMR_GTensor
   description: Electronic g tensor
   geom. index: 1
   prop. index: 1
 Source density: 1 SCF 
 Spin multiplicity: 2 
 raw g tensor: 
                  0          1          2    
      0       2.002738  -0.000019  -0.000099
      1      -0.000018   2.002773  -0.000034
      2      -0.000111  -0.000093   2.002248
 g tensor: 
                  0          1          2    
      0       0.201162   0.950263  -0.237771
      1       0.117986   0.217461   0.968912
      2       0.972426  -0.222962  -0.068373
 G eigenvalues: 
                  0          1          2    
      0       2.002218   2.002758   2.002782
# -----------------------------------------------------------
$ EPRNMR_OrbitalShielding
   description: Orbital contribution to the NMR Shielding tensor (ppm)
   geom. index: 1
   prop. index: 1
 Number of stored nuclei 21
 Source density: 1 SCF 
 Nucleus: 7 H 
 Shielding tensor (ppm): 
                  0          1          2    
      0      27.435010   3.416601  -1.140776
      1       3.074966  24.911071  -0.748012
      2      -0.993297  -0.825707  21.074699
 P Tensor eigenvectors:
                   0          1          2    
      0       0.109818  -0.571080  -0.813516
      1       0.104835   0.820556  -0.561870
      2       0.988408  -0.023581   0.149980
 P Eigenvalues: 
                  0          1          2    
      0      20.873593  22.691820  29.855367
P(iso)  24.473593
 Nucleus: 8 H 
 Shielding tensor (ppm): 
                  0          1          2    
      0      29.409915   5.511536  -1.330104
      1       5.403041  25.011267  -0.649204
      2      -1.214592  -0.211673  19.946984
 P Tensor eigenvectors:
                   0          1          2    
      0       0.200668   0.527074   0.825788
      1      -0.122784  -0.822756   0.554975
      2       0.971935  -0.212759  -0.100384
 P Eigenvalues: 
                  0          1          2    
      0      19.741888  21.405528  33.220750
P(iso)  24.789389
 Nucleus: 10 H 
 Shielding tensor (ppm): 
                  0          1          2    
      0      24.682533  -0.524869   0.114220
      1       1.342862  30.650127  -1.550412
      2       0.158759  -0.400600  23.152389
 P Tensor eigenvectors:
                   0          1          2    
      0      -0.103024  -0.991438  -0.080231
      1       0.143502   0.065002  -0.987513
      2       0.984273  -0.113251   0.135577
 P Eigenvalues: 
                  0          1          2    
      0      23.007684  24.680419  30.796946
P(iso)  26.161683
 Nucleus: 11 H 
 Shielding tensor (ppm): 
                  0          1          2    
      0      26.984694   2.702317  -0.446950
      1       1.125683  27.959276  -0.616198
      2      -0.312420  -1.353558  24.213150
 P Tensor eigenvectors:
                   0          1          2    
      0      -0.041734  -0.812966  -0.580814
      1       0.249273   0.554465  -0.793997
      2       0.967534  -0.177918   0.179511
 P Eigenvalues: 
                  0          1          2    
      0      23.966524  25.555544  29.635053
P(iso)  26.385707
 Nucleus: 13 H 
 Shielding tensor (ppm): 
                  0          1          2    
      0      30.297309   0.143364   0.212978
      1       1.352269  30.781646   2.777929
      2      -1.091454   4.079741  26.693549
 P Tensor eigenvectors:
                   0          1          2    
      0       0.117079  -0.977568  -0.175083
      1      -0.486776   0.097179  -0.868104
      2       0.865645   0.186863  -0.464479
 P Eigenvalues: 
                  0          1          2    
      0      24.647703  30.318966  32.805836
P(iso)  29.257501
 Nucleus: 14 H 
 Shielding tensor (ppm): 
                  0          1          2    
      0      29.116018   0.499031  -0.848374
      1      -1.027327  28.396734  -2.381441
      2      -2.429324  -2.686062  28.620152
 P Tensor eigenvectors:
                   0          1          2    
      0       0.337261  -0.834490  -0.435753
      1       0.632398   0.543709  -0.551773
      2       0.697372  -0.089477   0.711102
 P Eigenvalues: 
                  0          1          2    
      0      25.468771  29.140905  31.523228
P(iso)  28.710968
 Nucleus: 16 H 
 Shielding tensor (ppm): 
                  0          1          2    
      0      30.297958  -2.010808   0.822973
      1      -1.563789  31.139444   2.778901
      2       3.009710   3.524182  27.678104
 P Tensor eigenvectors:
                   0          1          2    
      0      -0.400701   0.878644  -0.259658
      1      -0.481479   0.039177   0.875582
      2       0.779498   0.475867   0.407350
 P Eigenvalues: 
                  0          1          2    
      0      24.648779  31.302960  33.163767
P(iso)  29.705169
 Nucleus: 17 H 
 Shielding tensor (ppm): 
                  0          1          2    
      0      31.252514   1.736619  -0.581286
      1       1.419873  27.915892  -2.858649
      2       0.893173  -3.948508  31.037210
 P Tensor eigenvectors:
                   0          1          2    
      0      -0.231215  -0.915102  -0.330344
      1       0.824266  -0.003874  -0.566190
      2       0.516842  -0.403203   0.755184
 P Eigenvalues: 
                  0          1          2    
      0      25.389258  31.333096  33.483262
P(iso)  30.068539
 Nucleus: 19 H 
 Shielding tensor (ppm): 
                  0          1          2    
      0      32.588477   2.903009  -2.905765
      1       2.272085  29.776470  -2.599935
      2      -1.660441  -2.968923  28.668110
 P Tensor eigenvectors:
                   0          1          2    
      0       0.035137   0.685899  -0.726848
      1       0.617774  -0.586602  -0.523691
      2       0.785570   0.430627   0.444342
 P Eigenvalues: 
                  0          1          2    
      0      26.379651  28.869693  35.783713
P(iso)  30.344352
 Nucleus: 20 H 
 Shielding tensor (ppm): 
                  0          1          2    
      0      31.475856  -3.637875  -0.998006
      1      -2.587741  32.881608   1.601105
      2      -0.066518   1.705691  26.766046
 P Tensor eigenvectors:
                   0          1          2    
      0      -0.061100   0.802523  -0.593484
      1      -0.272526   0.558590   0.783395
      2       0.960206   0.209605   0.184579
 P Eigenvalues: 
                  0          1          2    
      0      26.331297  29.124838  35.667376
P(iso)  30.374503
 Nucleus: 22 H 
 Shielding tensor (ppm): 
                  0          1          2    
      0      27.120394  -1.641142  -3.355028
      1      -1.183393  31.248633   0.354533
      2      -4.891034  -0.379310  27.751774
 P Tensor eigenvectors:
                   0          1          2    
      0       0.728384  -0.387858   0.564821
      1       0.121970  -0.737787  -0.663923
      2       0.674225   0.552482  -0.490086
 P Eigenvalues: 
                  0          1          2    
      0      23.166249  30.529081  32.425471
P(iso)  28.706934
 Nucleus: 23 H 
 Shielding tensor (ppm): 
                  0          1          2    
      0      29.570465  -1.164486   3.011300
      1      -0.839426  31.258650  -0.437467
      2       4.549754   0.480287  25.338035
 P Tensor eigenvectors:
                   0          1          2    
      0      -0.498183  -0.495244   0.711721
      1      -0.055741  -0.800843  -0.596275
      2       0.865278  -0.336726   0.371361
 P Eigenvalues: 
                  0          1          2    
      0      23.089829  30.650953  32.426369
P(iso)  28.722383
 Nucleus: 25 H 
 Shielding tensor (ppm): 
                  0          1          2    
      0      29.264563   1.017401  -3.818566
      1       0.746327  31.148774   0.386507
      2      -3.657820   1.535751  29.151024
 P Tensor eigenvectors:
                   0          1          2    
      0       0.686360   0.168371  -0.707503
      1      -0.204816   0.978206   0.034097
      2       0.697825   0.121505   0.705887
 P Eigenvalues: 
                  0          1          2    
      0      25.184748  31.431876  32.947736
P(iso)  29.854787
 Nucleus: 26 H 
 Shielding tensor (ppm): 
                  0          1          2    
      0      31.432626   0.844342   3.217233
      1       0.927561  30.970766  -0.748223
      2       3.084696  -1.944145  27.209821
 P Tensor eigenvectors:
                   0          1          2    
      0      -0.459564  -0.051058   0.886676
      1       0.254709  -0.963987   0.076506
      2       0.850837   0.261004   0.456018
 P Eigenvalues: 
                  0          1          2    
      0      25.090638  31.396405  33.126170
P(iso)  29.871071
 Nucleus: 28 H 
 Shielding tensor (ppm): 
                  0          1          2    
      0      29.328378  -0.315408  -4.674023
      1      -0.133494  30.551789  -0.160327
      2      -4.505861  -0.804994  29.893266
 P Tensor eigenvectors:
                   0          1          2    
      0       0.725557  -0.099502  -0.680930
      1       0.083104   0.994919  -0.056834
      2       0.683126  -0.015352   0.730140
 P Eigenvalues: 
                  0          1          2    
      0      24.968590  30.584683  34.220161
P(iso)  29.924478
 Nucleus: 29 H 
 Shielding tensor (ppm): 
                  0          1          2    
      0      31.921440   0.304911   4.079504
      1       0.275671  30.617906   0.003837
      2       3.920932   0.683046  27.241470
 P Tensor eigenvectors:
                   0          1          2    
      0      -0.497550  -0.113186  -0.860019
      1      -0.021980   0.992777  -0.117942
      2       0.867157  -0.039779  -0.496444
 P Eigenvalues: 
                  0          1          2    
      0      24.943094  30.572918  34.264803
P(iso)  29.926938
 Nucleus: 31 H 
 Shielding tensor (ppm): 
                  0          1          2    
      0      30.603185  -1.632887   3.794341
      1      -2.537770  30.626946  -2.213551
      2       3.264736  -1.960603  29.799273
 P Tensor eigenvectors:
                   0          1          2    
      0      -0.649666   0.419369   0.634085
      1       0.056510   0.858413  -0.509837
      2       0.758117   0.295391   0.581380
 P Eigenvalues: 
                  0          1          2    
      0      26.638756  28.865177  35.525471
P(iso)  30.343135
 Nucleus: 32 H 
 Shielding tensor (ppm): 
                  0          1          2    
      0      28.629442  -1.323332  -3.323751
      1      -2.067501  31.028524   2.947227
      2      -2.730442   2.441479  31.362575
 P Tensor eigenvectors:
                   0          1          2    
      0      -0.839462   0.316111  -0.442015
      1       0.009379   0.821705   0.569836
      2      -0.543337  -0.474210   0.692755
 P Eigenvalues: 
                  0          1          2    
      0      26.674368  28.790920  35.555254
P(iso)  30.340180
 Nucleus: 34 H 
 Shielding tensor (ppm): 
                  0          1          2    
      0      35.083575  -1.533829  -1.735159
      1      -2.011242  25.736885   0.255008
      2      -1.661677   0.165437  24.334446
 P Tensor eigenvectors:
                   0          1          2    
      0       0.159766  -0.163780   0.973474
      1       0.045010  -0.983907  -0.172922
      2       0.986128   0.071443  -0.149823
 P Eigenvalues: 
                  0          1          2    
      0      24.069659  25.419366  35.665882
P(iso)  28.384969
 Nucleus: 35 H 
 Shielding tensor (ppm): 
                  0          1          2    
      0      33.263231   0.474517   5.095669
      1       0.276165  26.345088   0.553727
      2       4.278218   0.601429  30.850169
 P Tensor eigenvectors:
                   0          1          2    
      0      -0.092679   0.613839   0.783972
      1      -0.971886  -0.226926   0.062786
      2       0.216444  -0.756112   0.617613
 P Eigenvalues: 
                  0          1          2    
      0      26.252145  27.270337  36.936005
P(iso)  30.152829
 Nucleus: 36 H 
 Shielding tensor (ppm): 
                  0          1          2    
      0      28.942104   2.516967  -0.572344
      1       3.747950  35.571050  -0.964922
      2      -0.630038  -0.788255  25.851386
 P Tensor eigenvectors:
                   0          1          2    
      0       0.143551   0.914185   0.379024
      1       0.042337  -0.388313   0.920554
      2       0.988737  -0.116100  -0.094447
 P Eigenvalues: 
                  0          1          2    
      0      25.726525  27.724599  36.913415
P(iso)  30.121513
# -----------------------------------------------------------
$ EPRNMR_ATensor
   description: Hyperfine A tensor
   geom. index: 1
   prop. index: 1
 Number of stored nuclei 21
 Source density: 1 SCF 
 Spin multiplicity: 2 
 Nucleus: 7 H  
 Isotope: 1 
 Nuclear Spin:  0.5 
 Prefactor (MHz): 533.551395 
 Raw A tensor (MHz): 
                  0          1          2    
      0     -15.904926  -6.437779   0.055414
      1      -6.439997 -11.051498   0.736662
      2       0.055420   0.736212 -17.302584
 A Tensor eigenvectors:
                   0          1          2    
      0       0.566594  -0.152189   0.809821
      1      -0.822258  -0.040612   0.567664
      2      -0.053503  -0.987517  -0.148149
 A Eigenvalues: 
                  0          1          2    
      0      -6.566462 -17.263769 -20.428777
A(iso)  -14.753002
 Nucleus: 8 H  
 Isotope: 1 
 Nuclear Spin:  0.5 
 Prefactor (MHz): 533.551395 
 Raw A tensor (MHz): 
                  0          1          2    
      0       8.298407   2.036608  -0.817679
      1       2.036867   6.325209  -0.429784
      2      -0.817846  -0.430038   4.073557
 A Tensor eigenvectors:
                   0          1          2    
      0       0.168388   0.519720   0.837578
      1       0.033450  -0.852234   0.522090
      2       0.985153  -0.059897  -0.160891
 A Eigenvalues: 
                  0          1          2    
      0       3.919167   5.052895   9.725111
A(iso)  6.232391
 Nucleus: 10 H  
 Isotope: 1 
 Nuclear Spin:  0.5 
 Prefactor (MHz): 533.551395 
 Raw A tensor (MHz): 
                  0          1          2    
      0     -17.490778   0.548462  -5.439858
      1       0.547280 -71.505170   1.462990
      2      -5.439902   1.462848 -44.552277
 A Tensor eigenvectors:
                   0          1          2    
      0      -0.981827   0.189116  -0.015868
      1      -0.004738   0.059159   0.998237
      2       0.189721   0.980171  -0.057188
 A Eigenvalues: 
                  0          1          2    
      0     -16.436970 -45.513577 -71.597678
A(iso)  -44.516075
 Nucleus: 11 H  
 Isotope: 1 
 Nuclear Spin:  0.5 
 Prefactor (MHz): 533.551395 
 Raw A tensor (MHz): 
                  0          1          2    
      0     -57.007846 -22.975872   3.338390
      1     -22.975876 -28.552567   2.979212
      2       3.338116   2.979531 -46.176635
 A Tensor eigenvectors:
                   0          1          2    
      0       0.484033   0.169725  -0.858432
      1      -0.874446   0.057399  -0.481714
      2      -0.032486   0.983819   0.176198
 A Eigenvalues: 
                  0          1          2    
      0     -15.724025 -45.426919 -70.586103
A(iso)  -43.912349
 Nucleus: 13 H  
 Isotope: 1 
 Nuclear Spin:  0.5 
 Prefactor (MHz): 533.551395 
 Raw A tensor (MHz): 
                  0          1          2    
      0       5.242718  -2.115156  -0.583071
      1      -2.116082   5.370100   0.451295
      2      -0.582937   0.450841   3.327122
 A Tensor eigenvectors:
                   0          1          2    
      0      -0.599828  -0.406613  -0.689110
      1      -0.422401  -0.570533   0.704321
      2      -0.679546   0.713553   0.170468
 A Eigenvalues: 
                  0          1          2    
      0       3.092466   3.298293   7.549180
A(iso)  4.646647
 Nucleus: 14 H  
 Isotope: 1 
 Nuclear Spin:  0.5 
 Prefactor (MHz): 533.551395 
 Raw A tensor (MHz): 
                  0          1          2    
      0       9.491235  -2.339755  -1.705734
      1      -2.339856   7.941146   0.896477
      2      -1.704851   0.896690   5.513113
 A Tensor eigenvectors:
                   0          1          2    
      0       0.340092  -0.519900   0.783608
      1      -0.015425  -0.836249  -0.548132
      2       0.940266   0.174328  -0.292421
 A Eigenvalues: 
                  0          1          2    
      0       4.881726   6.299504  11.764264
A(iso)  7.648498
 Nucleus: 16 H  
 Isotope: 1 
 Nuclear Spin:  0.5 
 Prefactor (MHz): 533.551395 
 Raw A tensor (MHz): 
                  0          1          2    
      0       0.793049  -1.984271   2.564163
      1      -1.984873  -0.261375  -0.814184
      2       2.563440  -0.813413  -1.457701
 A Tensor eigenvectors:
                   0          1          2    
      0       0.292230   0.593390  -0.749993
      1       0.858373   0.183026   0.479268
      2       0.421661  -0.783830  -0.455864
 A Eigenvalues: 
                  0          1          2    
      0      -1.336925  -3.207621   3.618519
A(iso)  -0.308676
 Nucleus: 17 H  
 Isotope: 1 
 Nuclear Spin:  0.5 
 Prefactor (MHz): 533.551395 
 Raw A tensor (MHz): 
                  0          1          2    
      0      -0.356208  -1.007947   1.046619
      1      -1.008626  -0.490884  -1.478206
      2       1.046442  -1.477472   0.177968
 A Tensor eigenvectors:
                   0          1          2    
      0       0.845447   0.199329   0.495467
      1       0.132107   0.820851  -0.555654
      2      -0.517463   0.535230   0.667653
 A Eigenvalues: 
                  0          1          2    
      0      -1.154389  -1.699135   2.184399
A(iso)  -0.223042
 Nucleus: 19 H  
 Isotope: 1 
 Nuclear Spin:  0.5 
 Prefactor (MHz): 533.551395 
 Raw A tensor (MHz): 
                  0          1          2    
      0       1.160325  -0.475674   0.033124
      1      -0.475867  -0.515290  -0.090825
      2       0.032947  -0.090861  -0.683214
 A Tensor eigenvectors:
                   0          1          2    
      0       0.220466  -0.133776  -0.966177
      1       0.764672  -0.591238   0.256348
      2      -0.605534  -0.795325  -0.028053
 A Eigenvalues: 
                  0          1          2    
      0      -0.580527  -0.745187   1.287535
A(iso)  -0.012726
 Nucleus: 20 H  
 Isotope: 1 
 Nuclear Spin:  0.5 
 Prefactor (MHz): 533.551395 
 Raw A tensor (MHz): 
                  0          1          2    
      0       0.868650  -0.699247   0.093960
      1      -0.699450   0.239338  -0.026782
      2       0.093894  -0.026755  -0.255331
 A Tensor eigenvectors:
                   0          1          2    
      0       0.470191  -0.274229   0.838879
      1       0.774978  -0.326511  -0.541110
      2       0.422291   0.904538   0.058999
 A Eigenvalues: 
                  0          1          2    
      0      -0.199637  -0.274093   1.326387
A(iso)  0.284219
 Nucleus: 22 H  
 Isotope: 1 
 Nuclear Spin:  0.5 
 Prefactor (MHz): 533.551395 
 Raw A tensor (MHz): 
                  0          1          2    
      0      24.514264   1.560104  -1.332467
      1       1.559663  24.302573  -0.765180
      2      -1.331883  -0.765508  23.597631
 A Tensor eigenvectors:
                   0          1          2    
      0       0.696731  -0.217658  -0.683514
      1      -0.343459   0.735312  -0.584253
      2       0.629763   0.641826   0.437558
 A Eigenvalues: 
                  0          1          2    
      0      22.541231  23.172709  26.700528
A(iso)  24.138156
 Nucleus: 23 H  
 Isotope: 1 
 Nuclear Spin:  0.5 
 Prefactor (MHz): 533.551395 
 Raw A tensor (MHz): 
                  0          1          2    
      0      25.546258   1.798586   0.671429
      1       1.798030  24.810366   0.129004
      2       0.670792   0.129075  23.296438
 A Tensor eigenvectors:
                   0          1          2    
      0      -0.484670   0.408198   0.773608
      1       0.413678  -0.672296   0.613912
      2       0.770691   0.617570   0.156979
 A Eigenvalues: 
                  0          1          2    
      0      22.943817  23.599774  27.109471
A(iso)  24.551021
 Nucleus: 25 H  
 Isotope: 1 
 Nuclear Spin:  0.5 
 Prefactor (MHz): 533.551395 
 Raw A tensor (MHz): 
                  0          1          2    
      0      -0.927419  -0.192524  -0.064107
      1      -0.192083   1.060594   0.400668
      2      -0.063982   0.400374  -0.962883
 A Tensor eigenvectors:
                   0          1          2    
      0       0.961299   0.258213   0.096074
      1       0.140031  -0.157608  -0.977523
      2      -0.237267   0.953145  -0.187666
 A Eigenvalues: 
                  0          1          2    
      0      -0.939605  -1.046462   1.156359
A(iso)  -0.276569
 Nucleus: 26 H  
 Isotope: 1 
 Nuclear Spin:  0.5 
 Prefactor (MHz): 533.551395 
 Raw A tensor (MHz): 
                  0          1          2    
      0      -0.894724  -0.320967   0.077185
      1      -0.320655   0.972909  -0.507496
      2       0.076941  -0.507178  -0.928019
 A Tensor eigenvectors:
                   0          1          2    
      0       0.986866   0.027743   0.159143
      1       0.147514   0.246789  -0.957776
      2      -0.065846   0.968672   0.239455
 A Eigenvalues: 
                  0          1          2    
      0      -0.947792  -1.055034   1.152993
A(iso)  -0.283278
 Nucleus: 28 H  
 Isotope: 1 
 Nuclear Spin:  0.5 
 Prefactor (MHz): 533.551395 
 Raw A tensor (MHz): 
                  0          1          2    
      0      -0.029883   0.334599  -0.108988
      1       0.334733   0.690249  -0.221812
      2      -0.109023  -0.221731  -0.067761
 A Tensor eigenvectors:
                   0          1          2    
      0      -0.328959   0.873620   0.358571
      1       0.372651  -0.228800   0.899323
      2       0.867708   0.429462  -0.250290
 A Eigenvalues: 
                  0          1          2    
      0      -0.121641  -0.171172   0.885418
A(iso)  0.197535
 Nucleus: 29 H  
 Isotope: 1 
 Nuclear Spin:  0.5 
 Prefactor (MHz): 533.551395 
 Raw A tensor (MHz): 
                  0          1          2    
      0       0.021139   0.380032   0.044815
      1       0.380194   0.723958   0.037029
      2       0.044800   0.036951  -0.136149
 A Tensor eigenvectors:
                   0          1          2    
      0      -0.591028   0.699728  -0.401331
      1       0.300612  -0.270628  -0.914545
      2      -0.748544  -0.661167  -0.050398
 A Eigenvalues: 
                  0          1          2    
      0      -0.115550  -0.168327   0.892824
A(iso)  0.202982
 Nucleus: 31 H  
 Isotope: 1 
 Nuclear Spin:  0.5 
 Prefactor (MHz): 533.551395 
 Raw A tensor (MHz): 
                  0          1          2    
      0      -0.114251   0.023669  -0.005789
      1       0.023744   0.400490  -0.100083
      2      -0.005808  -0.100058  -0.112591
 A Tensor eigenvectors:
                   0          1          2    
      0       0.995691   0.080825  -0.045459
      1      -0.059497   0.180797  -0.981719
      2      -0.071128   0.980194   0.184827
 A Eigenvalues: 
                  0          1          2    
      0      -0.115255  -0.131525   0.420428
A(iso)  0.057883
 Nucleus: 32 H  
 Isotope: 1 
 Nuclear Spin:  0.5 
 Prefactor (MHz): 533.551395 
 Raw A tensor (MHz): 
                  0          1          2    
      0      -0.114577   0.044678   0.000124
      1       0.044766   0.412337   0.039939
      2       0.000115   0.039903  -0.130341
 A Tensor eigenvectors:
                   0          1          2    
      0       0.977015  -0.196246   0.083242
      1      -0.067113   0.087461   0.993905
      2      -0.202330  -0.976646   0.072280
 A Eigenvalues: 
                  0          1          2    
      0      -0.117677  -0.133892   0.418988
A(iso)  0.055806
 Nucleus: 34 H  
 Isotope: 1 
 Nuclear Spin:  0.5 
 Prefactor (MHz): 533.551395 
 Raw A tensor (MHz): 
                  0          1          2    
      0       2.214496   0.347959   0.133042
      1       0.347843   4.563166  -0.130166
      2       0.133020  -0.130201   3.062321
 A Tensor eigenvectors:
                   0          1          2    
      0      -0.975582   0.170140   0.138897
      1       0.148735   0.046446   0.987786
      2       0.161610   0.984325  -0.070618
 A Eigenvalues: 
                  0          1          2    
      0       2.139427   3.079169   4.621387
A(iso)  3.279994
 Nucleus: 35 H  
 Isotope: 1 
 Nuclear Spin:  0.5 
 Prefactor (MHz): 533.551395 
 Raw A tensor (MHz): 
                  0          1          2    
      0       1.298202  -0.392922   0.455690
      1      -0.393173   0.279565  -0.147250
      2       0.455550  -0.147140   0.381752
 A Tensor eigenvectors:
                   0          1          2    
      0       0.363563  -0.296312   0.883188
      1       0.923221   0.241251  -0.299102
      2      -0.124442   0.924120   0.361271
 A Eigenvalues: 
                  0          1          2    
      0       0.144532   0.197309   1.617679
A(iso)  0.653173
 Nucleus: 36 H  
 Isotope: 1 
 Nuclear Spin:  0.5 
 Prefactor (MHz): 533.551395 
 Raw A tensor (MHz): 
                  0          1          2    
      0      -0.121329   0.092348  -0.007094
      1       0.092419   0.236574  -0.031523
      2      -0.007106  -0.031526  -0.137914
 A Tensor eigenvectors:
                   0          1          2    
      0       0.174695   0.956147   0.235085
      1       0.039466  -0.245364   0.968627
      2       0.983831  -0.159936  -0.080599
 A Eigenvalues: 
                  0          1          2    
      0      -0.140440  -0.143856   0.261626
A(iso)  -0.007556
# -------------------------------------------------------------
----------------------- !GEOMETRIES! ------------------------
# -------------------------------------------------------------
------------------------ !GEOMETRY! -------------------------
    Number of atoms:    37 
    Geometry Index:     1 
    Coordinates:
               0 C     -2.631596667306    0.129889056167    0.152945660997
               1 C      1.575863751616   -0.218018106198   -0.504991674990
               2 C      0.963822236894    1.083546150547   -0.471920518152
               3 C     -0.443340409728    1.138551394679   -0.248119470535
               4 C     -1.220279462930   -0.005180195686   -0.065902253881
               5 C     -0.611009688932   -1.294596183980   -0.103795310691
               6 C      0.773999003472   -1.347004716245   -0.323994569268
               7 H     -0.932112507223    2.114973023982   -0.219803535234
               8 H      1.262338023533   -2.323048991435   -0.360687531385
               9 C      1.682286845310    2.282285514375   -0.654362986470
              10 H      2.755458673111    2.297222888458   -0.838416136795
              11 H      1.162942845679    3.241729780971   -0.622223720578
              12 C      3.065834263570   -0.388546374398   -0.698656259180
              13 H      3.262023016831   -1.404532897680   -1.082470370225
              14 H      3.432977268000    0.306368906862   -1.474054360059
              15 C      3.887514619749   -0.182955373764    0.591464873261
              16 H      3.688811484633    0.825725389621    0.993912494431
              17 H      3.528648897195   -0.892623508955    1.358202099458
              18 C      5.390342003544   -0.369448302589    0.371431233994
              19 H      5.781137441371    0.351469258984   -0.367553654061
              20 H      5.618741961510   -1.381977642043   -0.004349992781
              21 C     -1.464202088442   -2.531527255849    0.084085752423
              22 H     -2.003034320049   -2.436934094025    1.045487762953
              23 H     -2.265136750413   -2.516674575657   -0.678829269109
              24 C     -0.750621911671   -3.885261028910    0.036885917963
              25 H     -0.229467741759   -4.002280682809   -0.931185635577
              26 H      0.033199406658   -3.924469459783    0.815700093003
              27 C     -1.711359315995   -5.064692728481    0.232430088222
              28 H     -2.238009741762   -4.948280734752    1.197733160710
              29 H     -2.495639347783   -5.026357890648   -0.546048378100
              30 C     -1.012746581909   -6.426102365588    0.189580042516
              31 H     -0.246895486624   -6.508810912067    0.980041363025
              32 H     -0.505960978228   -6.586065420645   -0.777902351380
              33 C     -3.826625612104    0.249482410163    0.342032398379
              34 H     -4.879280355505    0.361415692228    0.513223901194
              35 H      5.954179522577   -0.226136058439    1.307646319552
              36 H     -1.728335856888   -7.252291586408    0.331363446369
