-------------------------------------------------------------
----------------------- !PROPERTIES! ------------------------
-------------------------------------------------------------
# -----------------------------------------------------------
$ PAL_Flags
   description: The PAL Flags
   geom. index: 1
   prop. index: 1
        Diskflag:     2
# -----------------------------------------------------------
$ SCF_Energy
   description: The SCF energy
   geom. index: 1
   prop. index: 1
        SCF Energy:     -621.8575405562
# -----------------------------------------------------------
$ DFT_Energy
   description: The DFT energy
   geom. index: 1
   prop. index: 1
   Number of Alpha Electrons                 59.0000194030 
   Number of Beta  Electrons                 58.0000140107 
   Total number of  Electrons               117.0000334137 
   Exchange energy                          -71.6205483265 
   Correlation energy                        -4.5083358847 
   Correlation energy NL                      0.0000000000 
   Exchange-Correlation energy              -76.1288842112 
   Embedding correction                       0.0000000000 
   Total DFT Energy (No VdW correction)    -621.8575405562 
# -----------------------------------------------------------
$ Mayer_Pop
   description: The Mayer population analysis
   geom. index: 1
   prop. index: 1
     Number of atoms                     : 37
     Threshold for printing              : 0.1000000
     Number of bond orders printed       : 37
  NA   - Mulliken gross atomic population
  ZA   - Total nuclear charge
  QA   - Mulliken gross atomic charge
  VA   - Mayer's total valence
  BVA  - Mayer's bonded valence
  FA   - Mayer's free valence
  ATOM       NA         ZA         QA         VA         BVA        FA
  0   0     5.3818     6.0000     0.6182     2.9090     2.9086     0.0004
  1   0     6.0619     6.0000    -0.0619     4.0900     4.0485     0.0415
  2   0     6.0461     6.0000    -0.0461     4.3053     4.2896     0.0157
  3   0     5.9755     6.0000     0.0245     3.8411     3.8033     0.0378
  4   0     6.0471     6.0000    -0.0471     3.8394     3.8320     0.0074
  5   0     6.0733     6.0000    -0.0733     4.1305     4.0833     0.0472
  6   0     5.9696     6.0000     0.0304     3.8923     3.8833     0.0090
  7   0     1.0519     1.0000    -0.0519     0.9910     0.9909     0.0001
  8   0     1.0628     1.0000    -0.0628     1.0003     1.0003     0.0000
  9   0     5.9578     6.0000     0.0422     3.9199     3.4961     0.4238
 10   0     0.9882     1.0000     0.0118     0.9812     0.9799     0.0013
 11   0     0.9921     1.0000     0.0079     0.9761     0.9749     0.0012
 12   0     5.9480     6.0000     0.0520     4.0150     4.0148     0.0002
 13   0     1.0007     1.0000    -0.0007     0.9754     0.9754     0.0000
 14   0     0.9917     1.0000     0.0083     0.9742     0.9742     0.0000
 15   0     6.0294     6.0000    -0.0294     4.0982     4.0981     0.0001
 16   0     0.9881     1.0000     0.0119     0.9761     0.9761     0.0000
 17   0     0.9929     1.0000     0.0071     0.9689     0.9689     0.0000
 18   0     6.0064     6.0000    -0.0064     4.0195     4.0195     0.0000
 19   0     0.9835     1.0000     0.0165     0.9774     0.9774     0.0000
 20   0     0.9831     1.0000     0.0169     0.9771     0.9771     0.0000
 21   0     5.9557     6.0000     0.0443     4.0269     4.0266     0.0003
 22   0     0.9682     1.0000     0.0318     0.9701     0.9700     0.0001
 23   0     0.9680     1.0000     0.0320     0.9698     0.9697     0.0001
 24   0     6.0360     6.0000    -0.0360     4.1134     4.1134     0.0000
 25   0     0.9847     1.0000     0.0153     0.9627     0.9627     0.0000
 26   0     0.9856     1.0000     0.0144     0.9629     0.9629     0.0000
 27   0     6.0243     6.0000    -0.0243     4.1180     4.1180     0.0000
 28   0     0.9940     1.0000     0.0060     0.9677     0.9677     0.0000
 29   0     0.9937     1.0000     0.0063     0.9677     0.9677     0.0000
 30   0     5.9969     6.0000     0.0031     4.0164     4.0164     0.0000
 31   0     0.9837     1.0000     0.0163     0.9772     0.9772     0.0000
 32   0     0.9835     1.0000     0.0165     0.9773     0.9773     0.0000
 33   0     6.5921     6.0000    -0.5921     3.4085     3.4070     0.0015
 34   0     1.0306     1.0000    -0.0306     1.0298     1.0298     0.0000
 35   0     0.9843     1.0000     0.0157     0.9734     0.9734     0.0000
 36   0     0.9869     1.0000     0.0131     0.9735     0.9735     0.0000
      Bond orders larger than 0.1000000
           Atom A     A.N. of A          Atom B    A.N. of B              Bond order
                0             6               4            6                0.897330
                0             6              33            6                2.146651
                1             6               2            6                1.275635
                1             6               6            6                1.427671
                1             6              12            6                1.108941
                2             6               3            6                1.264029
                2             6               9            6                1.510910
                3             6               4            6                1.458415
                3             6               7            1                0.925497
                4             6               5            6                1.354224
                5             6               6            6                1.383324
                5             6              21            6                1.093426
                6             6               8            1                0.913089
                9             6              10            1                0.905558
                9             6              11            1                0.912053
               12             6              13            1                0.911343
               12             6              14            1                0.904717
               12             6              15            6                1.059661
               15             6              16            1                0.944050
               15             6              17            1                0.943574
               15             6              18            6                1.101437
               18             6              19            1                0.966433
               18             6              20            1                0.966786
               18             6              35            1                0.964004
               21             6              22            1                0.896181
               21             6              23            1                0.896730
               21             6              24            6                1.102286
               24             6              25            1                0.928958
               24             6              26            1                0.929678
               24             6              27            6                1.075615
               27             6              28            1                0.941032
               27             6              29            1                0.941103
               27             6              30            6                1.105941
               30             6              31            1                0.966209
               30             6              32            1                0.966166
               30             6              36            1                0.961821
               33             6              34            1                1.116044
# -----------------------------------------------------------
$ Calculation_Info
   description: Details of the calculation
   geom. index: 1
   prop. index: 1
     Multiplicity:                          2
     Charge:                                0
     number of atoms:                       37
     number of electrons:                   0
     number of frozen core electrons:       1
     number of correlated electrons:        0
     number of basis functions:             329
     number of aux C basis functions:       2196
     number of aux J basis functions:       2196
     number of aux JK basis functions:      2196
     number of aux CABS basis functions:    0
     Total Energy                           -621.857541
# -----------------------------------------------------------
$ SCF_Electric_Properties
   description: The SCF Calculated Electric Properties
   geom. index: 1
   prop. index: 1
       Filename                          : cc-pVDZ.scfp 
       Do Dipole Moment Calculation      : true 
       Do Quadrupole Moment Calculation  : false 
       Do Polarizability Calculation     : false 
** Dipole moment part of electric properties **
        Magnitude of dipole moment (Debye) :        0.8950216417
        Electronic Contribution:
                  0    
      0     -11.732470
      1      14.805033
      2      -1.696625
        Nuclear Contribution:
                  0    
      0      11.951686
      1     -15.078746
      2       1.728485
        Total Dipole moment:
                  0    
      0       0.219216
      1      -0.273713
      2       0.031859
# -----------------------------------------------------------
$ EPRNMR_GTensor
   description: Electronic g tensor
   geom. index: 1
   prop. index: 1
 Source density: 1 SCF 
 Spin multiplicity: 2 
 raw g tensor: 
                  0          1          2    
      0       2.002738  -0.000019  -0.000099
      1      -0.000018   2.002774  -0.000034
      2      -0.000111  -0.000093   2.002248
 g tensor: 
                  0          1          2    
      0       0.201112   0.951886  -0.231230
      1       0.117960   0.210802   0.970386
      2       0.972440  -0.222433  -0.069890
 G eigenvalues: 
                  0          1          2    
      0       2.002218   2.002759   2.002782
# -----------------------------------------------------------
$ EPRNMR_OrbitalShielding
   description: Orbital contribution to the NMR Shielding tensor (ppm)
   geom. index: 1
   prop. index: 1
 Number of stored nuclei 21
 Source density: 1 SCF 
 Nucleus: 7 H 
 Shielding tensor (ppm): 
                  0          1          2    
      0      27.434936   3.416578  -1.140646
      1       3.074600  24.910652  -0.747650
      2      -0.992968  -0.825621  21.075421
 P Tensor eigenvectors:
                   0          1          2    
      0       0.109806  -0.571055  -0.813535
      1       0.104825   0.820573  -0.561847
      2       0.988410  -0.023585   0.149965
 P Eigenvalues: 
                  0          1          2    
      0      20.874384  22.691693  29.854932
P(iso)  24.473670
 Nucleus: 8 H 
 Shielding tensor (ppm): 
                  0          1          2    
      0      29.409710   5.512100  -1.330504
      1       5.404671  25.009188  -0.649499
      2      -1.214858  -0.211682  19.944444
 P Tensor eigenvectors:
                   0          1          2    
      0       0.200667   0.527033   0.825814
      1      -0.122783  -0.822783   0.554934
      2       0.971935  -0.212753  -0.100394
 P Eigenvalues: 
                  0          1          2    
      0      19.739301  21.403018  33.221022
P(iso)  24.787780
 Nucleus: 10 H 
 Shielding tensor (ppm): 
                  0          1          2    
      0      24.682812  -0.524591   0.114507
      1       1.339800  30.648703  -1.549349
      2       0.160025  -0.400233  23.152633
 P Tensor eigenvectors:
                   0          1          2    
      0      -0.103363  -0.991422  -0.079984
      1       0.143431   0.064718  -0.987542
      2       0.984248  -0.113548   0.135512
 P Eigenvalues: 
                  0          1          2    
      0      23.007953  24.680996  30.795199
P(iso)  26.161383
 Nucleus: 11 H 
 Shielding tensor (ppm): 
                  0          1          2    
      0      26.984159   2.701475  -0.446744
      1       1.124788  27.958782  -0.615423
      2      -0.311711  -1.353193  24.213928
 P Tensor eigenvectors:
                   0          1          2    
      0      -0.041811  -0.812993  -0.580770
      1       0.249255   0.554412  -0.794040
      2       0.967535  -0.177960   0.179462
 P Eigenvalues: 
                  0          1          2    
      0      23.967481  25.555872  29.633517
P(iso)  26.385623
 Nucleus: 13 H 
 Shielding tensor (ppm): 
                  0          1          2    
      0      30.297414   0.143330   0.212887
      1       1.354878  30.781923   2.777477
      2      -1.091266   4.079662  26.693406
 P Tensor eigenvectors:
                   0          1          2    
      0       0.117172  -0.977472  -0.175554
      1      -0.486755   0.097557  -0.868074
      2       0.865644   0.187166  -0.464359
 P Eigenvalues: 
                  0          1          2    
      0      24.647736  30.318811  32.806196
P(iso)  29.257581
 Nucleus: 14 H 
 Shielding tensor (ppm): 
                  0          1          2    
      0      29.115656   0.498884  -0.847972
      1      -1.029066  28.397154  -2.381360
      2      -2.427902  -2.686672  28.620644
 P Tensor eigenvectors:
                   0          1          2    
      0       0.337275  -0.834710  -0.435321
      1       0.632459   0.543425  -0.551983
      2       0.697310  -0.089152   0.711204
 P Eigenvalues: 
                  0          1          2    
      0      25.468922  29.141788  31.522744
P(iso)  28.711151
 Nucleus: 16 H 
 Shielding tensor (ppm): 
                  0          1          2    
      0      30.297639  -2.011079   0.822931
      1      -1.565995  31.139061   2.780373
      2       3.009767   3.524454  27.678192
 P Tensor eigenvectors:
                   0          1          2    
      0      -0.400737   0.878546  -0.259936
      1      -0.481583   0.039371   0.875516
      2       0.779415   0.476032   0.407316
 P Eigenvalues: 
                  0          1          2    
      0      24.647527  31.302692  33.164674
P(iso)  29.704964
 Nucleus: 17 H 
 Shielding tensor (ppm): 
                  0          1          2    
      0      31.252761   1.736540  -0.581606
      1       1.421926  27.914495  -2.859671
      2       0.892584  -3.948561  31.037556
 P Tensor eigenvectors:
                   0          1          2    
      0      -0.231240  -0.914994  -0.330626
      1       0.824318  -0.003763  -0.566115
      2       0.516748  -0.403449   0.755116
 P Eigenvalues: 
                  0          1          2    
      0      25.387668  31.333022  33.484122
P(iso)  30.068271
 Nucleus: 19 H 
 Shielding tensor (ppm): 
                  0          1          2    
      0      32.588441   2.903091  -2.905829
      1       2.270972  29.778211  -2.601093
      2      -1.659985  -2.968461  28.669160
 P Tensor eigenvectors:
                   0          1          2    
      0       0.035215   0.685994  -0.726754
      1       0.617713  -0.586598  -0.523768
      2       0.785615   0.430481   0.444404
 P Eigenvalues: 
                  0          1          2    
      0      26.380617  28.871191  35.784003
P(iso)  30.345271
 Nucleus: 20 H 
 Shielding tensor (ppm): 
                  0          1          2    
      0      31.476066  -3.637837  -0.997929
      1      -2.586307  32.883160   1.601933
      2      -0.066696   1.704926  26.766696
 P Tensor eigenvectors:
                   0          1          2    
      0      -0.061019   0.802610  -0.593375
      1      -0.272467   0.558511   0.783471
      2       0.960228   0.209482   0.184605
 P Eigenvalues: 
                  0          1          2    
      0      26.332029  29.126150  35.667743
P(iso)  30.375307
 Nucleus: 22 H 
 Shielding tensor (ppm): 
                  0          1          2    
      0      27.120719  -1.641499  -3.355470
      1      -1.183044  31.248289   0.354740
      2      -4.890916  -0.378707  27.750160
 P Tensor eigenvectors:
                   0          1          2    
      0       0.728313  -0.387984   0.564826
      1       0.121917  -0.737751  -0.663973
      2       0.674311   0.552442  -0.490012
 P Eigenvalues: 
                  0          1          2    
      0      23.165620  30.528161  32.425388
P(iso)  28.706389
 Nucleus: 23 H 
 Shielding tensor (ppm): 
                  0          1          2    
      0      29.570667  -1.164722   3.011703
      1      -0.839091  31.257973  -0.437922
      2       4.549169   0.479749  25.336518
 P Tensor eigenvectors:
                   0          1          2    
      0      -0.498109  -0.495255   0.711766
      1      -0.055672  -0.800885  -0.596225
      2       0.865326  -0.336610   0.371356
 P Eigenvalues: 
                  0          1          2    
      0      23.088899  30.650112  32.426147
P(iso)  28.721719
 Nucleus: 25 H 
 Shielding tensor (ppm): 
                  0          1          2    
      0      29.265311   1.016953  -3.818637
      1       0.746736  31.148313   0.386527
      2      -3.658308   1.535344  29.151088
 P Tensor eigenvectors:
                   0          1          2    
      0       0.686329   0.168272  -0.707557
      1      -0.204821   0.978210   0.033963
      2       0.697855   0.121613   0.705839
 P Eigenvalues: 
                  0          1          2    
      0      25.184906  31.431392  32.948414
P(iso)  29.854904
 Nucleus: 26 H 
 Shielding tensor (ppm): 
                  0          1          2    
      0      31.433462   0.843946   3.217288
      1       0.928032  30.970198  -0.748229
      2       3.085111  -1.943663  27.209678
 P Tensor eigenvectors:
                   0          1          2    
      0      -0.459535  -0.051013   0.886693
      1       0.254707  -0.963984   0.076544
      2       0.850854   0.261022   0.455978
 P Eigenvalues: 
                  0          1          2    
      0      25.090585  31.395745  33.127008
P(iso)  29.871113
 Nucleus: 28 H 
 Shielding tensor (ppm): 
                  0          1          2    
      0      29.328316  -0.314980  -4.673747
      1      -0.133172  30.551377  -0.160448
      2      -4.506361  -0.804662  29.893548
 P Tensor eigenvectors:
                   0          1          2    
      0       0.725568  -0.099492  -0.680920
      1       0.083052   0.994921  -0.056874
      2       0.683121  -0.015286   0.730146
 P Eigenvalues: 
                  0          1          2    
      0      24.968636  30.584194  34.220411
P(iso)  29.924414
 Nucleus: 29 H 
 Shielding tensor (ppm): 
                  0          1          2    
      0      31.921545   0.305212   4.079115
      1       0.275962  30.617546   0.003937
      2       3.921468   0.682757  27.241744
 P Tensor eigenvectors:
                   0          1          2    
      0      -0.497555  -0.113200  -0.860014
      1      -0.021944   0.992774  -0.117979
      2       0.867155  -0.039829  -0.496443
 P Eigenvalues: 
                  0          1          2    
      0      24.943274  30.572506  34.265054
P(iso)  29.926945
 Nucleus: 31 H 
 Shielding tensor (ppm): 
                  0          1          2    
      0      30.602796  -1.632773   3.793646
      1      -2.537374  30.626666  -2.213414
      2       3.263477  -1.959898  29.800389
 P Tensor eigenvectors:
                   0          1          2    
      0      -0.649772   0.419264   0.634046
      1       0.056404   0.858424  -0.509831
      2       0.758033   0.295511   0.581428
 P Eigenvalues: 
                  0          1          2    
      0      26.640218  28.865151  35.524481
P(iso)  30.343283
 Nucleus: 32 H 
 Shielding tensor (ppm): 
                  0          1          2    
      0      28.629726  -1.323290  -3.322743
      1      -2.067180  31.028237   2.946950
      2      -2.728916   2.440725  31.363146
 P Tensor eigenvectors:
                   0          1          2    
      0      -0.839557   0.315928  -0.441966
      1       0.009234   0.821708   0.569834
      2      -0.543194  -0.474327   0.692787
 P Eigenvalues: 
                  0          1          2    
      0      26.675902  28.790993  35.554213
P(iso)  30.340370
 Nucleus: 34 H 
 Shielding tensor (ppm): 
                  0          1          2    
      0      35.083941  -1.533809  -1.735082
      1      -2.011289  25.736815   0.255057
      2      -1.661593   0.165485  24.334811
 P Tensor eigenvectors:
                   0          1          2    
      0       0.159756  -0.163779   0.973476
      1       0.044984  -0.983909  -0.172916
      2       0.986131   0.071415  -0.149818
 P Eigenvalues: 
                  0          1          2    
      0      24.070052  25.419296  35.666218
P(iso)  28.385189
 Nucleus: 35 H 
 Shielding tensor (ppm): 
                  0          1          2    
      0      33.263636   0.474712   5.095781
      1       0.276273  26.347965   0.553016
      2       4.277762   0.600826  30.850561
 P Tensor eigenvectors:
                   0          1          2    
      0      -0.092671   0.613836   0.783975
      1      -0.971892  -0.226903   0.062776
      2       0.216420  -0.756122   0.617610
 P Eigenvalues: 
                  0          1          2    
      0      26.255195  27.270753  36.936214
P(iso)  30.154054
 Nucleus: 36 H 
 Shielding tensor (ppm): 
                  0          1          2    
      0      28.941896   2.516394  -0.572253
      1       3.748154  35.570792  -0.964951
      2      -0.630014  -0.788066  25.851595
 P Tensor eigenvectors:
                   0          1          2    
      0       0.143561   0.914186   0.379018
      1       0.042331  -0.388307   0.920557
      2       0.988736  -0.116112  -0.094444
 P Eigenvalues: 
                  0          1          2    
      0      25.726746  27.724514  36.913023
P(iso)  30.121428
# -----------------------------------------------------------
$ EPRNMR_ATensor
   description: Hyperfine A tensor
   geom. index: 1
   prop. index: 1
 Number of stored nuclei 21
 Source density: 1 SCF 
 Spin multiplicity: 2 
 Nucleus: 7 H  
 Isotope: 1 
 Nuclear Spin:  0.5 
 Prefactor (MHz): 533.551395 
 Raw A tensor (MHz): 
                  0          1          2    
      0     -15.910594  -6.438030   0.055420
      1      -6.440248 -11.055920   0.736638
      2       0.055426   0.736189 -17.308309
 A Tensor eigenvectors:
                   0          1          2    
      0       0.566565  -0.152188   0.809841
      1      -0.822279  -0.040613   0.567634
      2      -0.053497  -0.987517  -0.148151
 A Eigenvalues: 
                  0          1          2    
      0      -6.571056 -17.269493 -20.434273
A(iso)  -14.758274
 Nucleus: 8 H  
 Isotope: 1 
 Nuclear Spin:  0.5 
 Prefactor (MHz): 533.551395 
 Raw A tensor (MHz): 
                  0          1          2    
      0       8.301133   2.036856  -0.817772
      1       2.037115   6.326989  -0.429802
      2      -0.817939  -0.430055   4.075836
 A Tensor eigenvectors:
                   0          1          2    
      0       0.168392   0.519662   0.837613
      1       0.033443  -0.852270   0.522032
      2       0.985153  -0.059894  -0.160895
 A Eigenvalues: 
                  0          1          2    
      0       3.921428   5.054716   9.727813
A(iso)  6.234652
 Nucleus: 10 H  
 Isotope: 1 
 Nuclear Spin:  0.5 
 Prefactor (MHz): 533.551395 
 Raw A tensor (MHz): 
                  0          1          2    
      0     -17.488277   0.548473  -5.439663
      1       0.547290 -71.499918   1.462935
      2      -5.439707   1.462794 -44.548264
 A Tensor eigenvectors:
                   0          1          2    
      0      -0.981826   0.189119  -0.015869
      1      -0.004739   0.059160   0.998237
      2       0.189724   0.980170  -0.057189
 A Eigenvalues: 
                  0          1          2    
      0     -16.434486 -45.509547 -71.592425
A(iso)  -44.512153
 Nucleus: 11 H  
 Isotope: 1 
 Nuclear Spin:  0.5 
 Prefactor (MHz): 533.551395 
 Raw A tensor (MHz): 
                  0          1          2    
      0     -57.003363 -22.974691   3.338272
      1     -22.974695 -28.549436   2.979034
      2       3.337998   2.979352 -46.172607
 A Tensor eigenvectors:
                   0          1          2    
      0       0.484033   0.169725  -0.858432
      1      -0.874447   0.057401  -0.481714
      2      -0.032484   0.983818   0.176199
 A Eigenvalues: 
                  0          1          2    
      0     -15.721583 -45.422918 -70.580905
A(iso)  -43.908469
 Nucleus: 13 H  
 Isotope: 1 
 Nuclear Spin:  0.5 
 Prefactor (MHz): 533.551395 
 Raw A tensor (MHz): 
                  0          1          2    
      0       5.243782  -2.115165  -0.583076
      1      -2.116091   5.370835   0.451223
      2      -0.582942   0.450770   3.328082
 A Tensor eigenvectors:
                   0          1          2    
      0      -0.599883  -0.406483  -0.689138
      1      -0.422534  -0.570468   0.704295
      2      -0.679415   0.713679   0.170461
 A Eigenvalues: 
                  0          1          2    
      0       3.093374   3.299254   7.550070
A(iso)  4.647566
 Nucleus: 14 H  
 Isotope: 1 
 Nuclear Spin:  0.5 
 Prefactor (MHz): 533.551395 
 Raw A tensor (MHz): 
                  0          1          2    
      0       9.492699  -2.339655  -1.705683
      1      -2.339755   7.942373   0.896562
      2      -1.704801   0.896776   5.514417
 A Tensor eigenvectors:
                   0          1          2    
      0       0.340037  -0.519920   0.783619
      1      -0.015511  -0.836259  -0.548115
      2       0.940284   0.174225  -0.292423
 A Eigenvalues: 
                  0          1          2    
      0       4.883077   6.300852  11.765561
A(iso)  7.649830
 Nucleus: 16 H  
 Isotope: 1 
 Nuclear Spin:  0.5 
 Prefactor (MHz): 533.551395 
 Raw A tensor (MHz): 
                  0          1          2    
      0       0.792737  -1.984175   2.564128
      1      -1.984776  -0.261675  -0.814108
      2       2.563405  -0.813337  -1.458049
 A Tensor eigenvectors:
                   0          1          2    
      0       0.292232   0.593382  -0.749999
      1       0.858378   0.183018   0.479261
      2       0.421648  -0.783838  -0.455863
 A Eigenvalues: 
                  0          1          2    
      0      -1.337140  -3.207923   3.618075
A(iso)  -0.308996
 Nucleus: 17 H  
 Isotope: 1 
 Nuclear Spin:  0.5 
 Prefactor (MHz): 533.551395 
 Raw A tensor (MHz): 
                  0          1          2    
      0      -0.356557  -1.007923   1.046631
      1      -1.008602  -0.491321  -1.478251
      2       1.046455  -1.477517   0.177630
 A Tensor eigenvectors:
                   0          1          2    
      0       0.845459   0.199284   0.495464
      1       0.132141   0.820851  -0.555646
      2      -0.517434   0.535247   0.667662
 A Eigenvalues: 
                  0          1          2    
      0      -1.154736  -1.699569   2.184057
A(iso)  -0.223416
 Nucleus: 19 H  
 Isotope: 1 
 Nuclear Spin:  0.5 
 Prefactor (MHz): 533.551395 
 Raw A tensor (MHz): 
                  0          1          2    
      0       1.160327  -0.475651   0.033122
      1      -0.475844  -0.515295  -0.090822
      2       0.032945  -0.090858  -0.683206
 A Tensor eigenvectors:
                   0          1          2    
      0       0.220456  -0.133771  -0.966180
      1       0.764674  -0.591240   0.256337
      2      -0.605535  -0.795324  -0.028051
 A Eigenvalues: 
                  0          1          2    
      0      -0.580522  -0.745177   1.287525
A(iso)  -0.012725
 Nucleus: 20 H  
 Isotope: 1 
 Nuclear Spin:  0.5 
 Prefactor (MHz): 533.551395 
 Raw A tensor (MHz): 
                  0          1          2    
      0       0.868714  -0.699238   0.093957
      1      -0.699441   0.239355  -0.026784
      2       0.093891  -0.026757  -0.255290
 A Tensor eigenvectors:
                   0          1          2    
      0       0.470186  -0.274212   0.838888
      1       0.774993  -0.326496  -0.541097
      2       0.422268   0.904549   0.058998
 A Eigenvalues: 
                  0          1          2    
      0      -0.199601  -0.274049   1.326429
A(iso)  0.284260
 Nucleus: 22 H  
 Isotope: 1 
 Nuclear Spin:  0.5 
 Prefactor (MHz): 533.551395 
 Raw A tensor (MHz): 
                  0          1          2    
      0      24.519235   1.560300  -1.332378
      1       1.559859  24.308017  -0.765432
      2      -1.331794  -0.765761  23.602373
 A Tensor eigenvectors:
                   0          1          2    
      0       0.696705  -0.217875  -0.683471
      1      -0.343291   0.735321  -0.584341
      2       0.629884   0.641743   0.437508
 A Eigenvalues: 
                  0          1          2    
      0      22.546260  23.177515  26.705850
A(iso)  24.143208
 Nucleus: 23 H  
 Isotope: 1 
 Nuclear Spin:  0.5 
 Prefactor (MHz): 533.551395 
 Raw A tensor (MHz): 
                  0          1          2    
      0      25.551195   1.798826   0.671270
      1       1.798269  24.815885   0.129123
      2       0.670632   0.129194  23.301270
 A Tensor eigenvectors:
                   0          1          2    
      0      -0.484614   0.408373   0.773551
      1       0.413530  -0.672311   0.613995
      2       0.770806   0.617437   0.156936
 A Eigenvalues: 
                  0          1          2    
      0      22.948890  23.604624  27.114836
A(iso)  24.556117
 Nucleus: 25 H  
 Isotope: 1 
 Nuclear Spin:  0.5 
 Prefactor (MHz): 533.551395 
 Raw A tensor (MHz): 
                  0          1          2    
      0      -0.927587  -0.192584  -0.064104
      1      -0.192142   1.060654   0.400719
      2      -0.063978   0.400425  -0.963025
 A Tensor eigenvectors:
                   0          1          2    
      0       0.961316   0.258144   0.096090
      1       0.140035  -0.157618  -0.977521
      2      -0.237195   0.953162  -0.187670
 A Eigenvalues: 
                  0          1          2    
      0      -0.939788  -1.046610   1.156440
A(iso)  -0.276652
 Nucleus: 26 H  
 Isotope: 1 
 Nuclear Spin:  0.5 
 Prefactor (MHz): 533.551395 
 Raw A tensor (MHz): 
                  0          1          2    
      0      -0.894893  -0.321040   0.077197
      1      -0.320728   0.972958  -0.507545
      2       0.076953  -0.507226  -0.928157
 A Tensor eigenvectors:
                   0          1          2    
      0       0.986861   0.027806   0.159159
      1       0.147514   0.246798  -0.957774
      2      -0.065912   0.968668   0.239453
 A Eigenvalues: 
                  0          1          2    
      0      -0.947978  -1.055185   1.153071
A(iso)  -0.283364
 Nucleus: 28 H  
 Isotope: 1 
 Nuclear Spin:  0.5 
 Prefactor (MHz): 533.551395 
 Raw A tensor (MHz): 
                  0          1          2    
      0      -0.029904   0.334631  -0.108993
      1       0.334765   0.690303  -0.221825
      2      -0.109028  -0.221744  -0.067772
 A Tensor eigenvectors:
                   0          1          2    
      0      -0.328833   0.873669   0.358569
      1       0.372612  -0.228855   0.899325
      2       0.867773   0.429335  -0.250284
 A Eigenvalues: 
                  0          1          2    
      0      -0.121657  -0.171201   0.885485
A(iso)  0.197543
 Nucleus: 29 H  
 Isotope: 1 
 Nuclear Spin:  0.5 
 Prefactor (MHz): 533.551395 
 Raw A tensor (MHz): 
                  0          1          2    
      0       0.021125   0.380065   0.044820
      1       0.380227   0.724017   0.037026
      2       0.044805   0.036947  -0.136161
 A Tensor eigenvectors:
                   0          1          2    
      0      -0.590939   0.699805  -0.401328
      1       0.300570  -0.270667  -0.914547
      2      -0.748631  -0.661069  -0.050393
 A Eigenvalues: 
                  0          1          2    
      0      -0.115562  -0.168353   0.892896
A(iso)  0.202994
 Nucleus: 31 H  
 Isotope: 1 
 Nuclear Spin:  0.5 
 Prefactor (MHz): 533.551395 
 Raw A tensor (MHz): 
                  0          1          2    
      0      -0.114248   0.023666  -0.005790
      1       0.023742   0.400532  -0.100089
      2      -0.005809  -0.100064  -0.112583
 A Tensor eigenvectors:
                   0          1          2    
      0       0.995684   0.080923  -0.045451
      1      -0.059507   0.180791  -0.981720
      2      -0.071226   0.980187   0.184827
 A Eigenvalues: 
                  0          1          2    
      0      -0.115251  -0.131518   0.420471
A(iso)  0.057900
 Nucleus: 32 H  
 Isotope: 1 
 Nuclear Spin:  0.5 
 Prefactor (MHz): 533.551395 
 Raw A tensor (MHz): 
                  0          1          2    
      0      -0.114572   0.044677   0.000126
      1       0.044765   0.412381   0.039943
      2       0.000117   0.039906  -0.130334
 A Tensor eigenvectors:
                   0          1          2    
      0       0.977036  -0.196145   0.083235
      1      -0.067115   0.087455   0.993905
      2      -0.202229  -0.976667   0.072282
 A Eigenvalues: 
                  0          1          2    
      0      -0.117673  -0.133885   0.419032
A(iso)  0.055825
 Nucleus: 34 H  
 Isotope: 1 
 Nuclear Spin:  0.5 
 Prefactor (MHz): 533.551395 
 Raw A tensor (MHz): 
                  0          1          2    
      0       2.225824   0.348466   0.133890
      1       0.348350   4.579338  -0.130238
      2       0.133869  -0.130273   3.078669
 A Tensor eigenvectors:
                   0          1          2    
      0      -0.975599   0.170120   0.138802
      1       0.148638   0.046451   0.987800
      2       0.161597   0.984328  -0.070604
 A Eigenvalues: 
                  0          1          2    
      0       2.150575   3.095657   4.637598
A(iso)  3.294610
 Nucleus: 35 H  
 Isotope: 1 
 Nuclear Spin:  0.5 
 Prefactor (MHz): 533.551395 
 Raw A tensor (MHz): 
                  0          1          2    
      0       1.298270  -0.392909   0.455685
      1      -0.393161   0.279612  -0.147246
      2       0.455544  -0.147136   0.381798
 A Tensor eigenvectors:
                   0          1          2    
      0       0.363531  -0.296334   0.883194
      1       0.923241   0.241182  -0.299092
      2      -0.124380   0.924130   0.361265
 A Eigenvalues: 
                  0          1          2    
      0       0.144590   0.197359   1.617731
A(iso)  0.653227
 Nucleus: 36 H  
 Isotope: 1 
 Nuclear Spin:  0.5 
 Prefactor (MHz): 533.551395 
 Raw A tensor (MHz): 
                  0          1          2    
      0      -0.121349   0.092353  -0.007093
      1       0.092424   0.236578  -0.031525
      2      -0.007105  -0.031528  -0.137930
 A Tensor eigenvectors:
                   0          1          2    
      0       0.174665   0.956153   0.235082
      1       0.039474  -0.245360   0.968628
      2       0.983836  -0.159905  -0.080599
 A Eigenvalues: 
                  0          1          2    
      0      -0.140456  -0.143878   0.261631
A(iso)  -0.007567
# -------------------------------------------------------------
----------------------- !GEOMETRIES! ------------------------
# -------------------------------------------------------------
------------------------ !GEOMETRY! -------------------------
    Number of atoms:    37 
    Geometry Index:     1 
    Coordinates:
               0 C     -2.631596667306    0.129889056167    0.152945660997
               1 C      1.575863751616   -0.218018106198   -0.504991674990
               2 C      0.963822236894    1.083546150547   -0.471920518152
               3 C     -0.443340409728    1.138551394679   -0.248119470535
               4 C     -1.220279462930   -0.005180195686   -0.065902253881
               5 C     -0.611009688932   -1.294596183980   -0.103795310691
               6 C      0.773999003472   -1.347004716245   -0.323994569268
               7 H     -0.932112507223    2.114973023982   -0.219803535234
               8 H      1.262338023533   -2.323048991435   -0.360687531385
               9 C      1.682286845310    2.282285514375   -0.654362986470
              10 H      2.755458673111    2.297222888458   -0.838416136795
              11 H      1.162942845679    3.241729780971   -0.622223720578
              12 C      3.065834263570   -0.388546374398   -0.698656259180
              13 H      3.262023016831   -1.404532897680   -1.082470370225
              14 H      3.432977268000    0.306368906862   -1.474054360059
              15 C      3.887514619749   -0.182955373764    0.591464873261
              16 H      3.688811484633    0.825725389621    0.993912494431
              17 H      3.528648897195   -0.892623508955    1.358202099458
              18 C      5.390342003544   -0.369448302589    0.371431233994
              19 H      5.781137441371    0.351469258984   -0.367553654061
              20 H      5.618741961510   -1.381977642043   -0.004349992781
              21 C     -1.464202088442   -2.531527255849    0.084085752423
              22 H     -2.003034320049   -2.436934094025    1.045487762953
              23 H     -2.265136750413   -2.516674575657   -0.678829269109
              24 C     -0.750621911671   -3.885261028910    0.036885917963
              25 H     -0.229467741759   -4.002280682809   -0.931185635577
              26 H      0.033199406658   -3.924469459783    0.815700093003
              27 C     -1.711359315995   -5.064692728481    0.232430088222
              28 H     -2.238009741762   -4.948280734752    1.197733160710
              29 H     -2.495639347783   -5.026357890648   -0.546048378100
              30 C     -1.012746581909   -6.426102365588    0.189580042516
              31 H     -0.246895486624   -6.508810912067    0.980041363025
              32 H     -0.505960978228   -6.586065420645   -0.777902351380
              33 C     -3.826625612104    0.249482410163    0.342032398379
              34 H     -4.879280355505    0.361415692228    0.513223901194
              35 H      5.954179522577   -0.226136058439    1.307646319552
              36 H     -1.728335856888   -7.252291586408    0.331363446369
