-------------------------------------------------------------
----------------------- !PROPERTIES! ------------------------
-------------------------------------------------------------
# -----------------------------------------------------------
$ PAL_Flags
   description: The PAL Flags
   geom. index: 1
   prop. index: 1
        Diskflag:     2
# -----------------------------------------------------------
$ SCF_Energy
   description: The SCF energy
   geom. index: 1
   prop. index: 1
        SCF Energy:     -621.8575424790
# -----------------------------------------------------------
$ DFT_Energy
   description: The DFT energy
   geom. index: 1
   prop. index: 1
   Number of Alpha Electrons                 59.0000194024 
   Number of Beta  Electrons                 58.0000140104 
   Total number of  Electrons               117.0000334129 
   Exchange energy                          -71.6205366879 
   Correlation energy                        -4.5083352183 
   Correlation energy NL                      0.0000000000 
   Exchange-Correlation energy              -76.1288719062 
   Embedding correction                       0.0000000000 
   Total DFT Energy (No VdW correction)    -621.8575424790 
# -----------------------------------------------------------
$ Mayer_Pop
   description: The Mayer population analysis
   geom. index: 1
   prop. index: 1
     Number of atoms                     : 37
     Threshold for printing              : 0.1000000
     Number of bond orders printed       : 37
  NA   - Mulliken gross atomic population
  ZA   - Total nuclear charge
  QA   - Mulliken gross atomic charge
  VA   - Mayer's total valence
  BVA  - Mayer's bonded valence
  FA   - Mayer's free valence
  ATOM       NA         ZA         QA         VA         BVA        FA
  0   0     5.3818     6.0000     0.6182     2.9090     2.9086     0.0004
  1   0     6.0619     6.0000    -0.0619     4.0900     4.0485     0.0415
  2   0     6.0461     6.0000    -0.0461     4.3053     4.2896     0.0157
  3   0     5.9755     6.0000     0.0245     3.8411     3.8033     0.0378
  4   0     6.0471     6.0000    -0.0471     3.8394     3.8320     0.0074
  5   0     6.0733     6.0000    -0.0733     4.1305     4.0833     0.0472
  6   0     5.9696     6.0000     0.0304     3.8923     3.8833     0.0090
  7   0     1.0519     1.0000    -0.0519     0.9910     0.9909     0.0001
  8   0     1.0628     1.0000    -0.0628     1.0003     1.0003     0.0000
  9   0     5.9578     6.0000     0.0422     3.9199     3.4961     0.4238
 10   0     0.9882     1.0000     0.0118     0.9812     0.9799     0.0013
 11   0     0.9921     1.0000     0.0079     0.9761     0.9749     0.0012
 12   0     5.9480     6.0000     0.0520     4.0150     4.0148     0.0002
 13   0     1.0007     1.0000    -0.0007     0.9754     0.9754     0.0000
 14   0     0.9917     1.0000     0.0083     0.9742     0.9742     0.0000
 15   0     6.0294     6.0000    -0.0294     4.0982     4.0981     0.0001
 16   0     0.9881     1.0000     0.0119     0.9761     0.9761     0.0000
 17   0     0.9929     1.0000     0.0071     0.9689     0.9689     0.0000
 18   0     6.0064     6.0000    -0.0064     4.0195     4.0195     0.0000
 19   0     0.9835     1.0000     0.0165     0.9774     0.9774     0.0000
 20   0     0.9831     1.0000     0.0169     0.9771     0.9771     0.0000
 21   0     5.9557     6.0000     0.0443     4.0269     4.0266     0.0003
 22   0     0.9682     1.0000     0.0318     0.9701     0.9700     0.0001
 23   0     0.9680     1.0000     0.0320     0.9698     0.9697     0.0001
 24   0     6.0360     6.0000    -0.0360     4.1134     4.1134     0.0000
 25   0     0.9847     1.0000     0.0153     0.9627     0.9627     0.0000
 26   0     0.9856     1.0000     0.0144     0.9629     0.9629     0.0000
 27   0     6.0243     6.0000    -0.0243     4.1180     4.1180     0.0000
 28   0     0.9940     1.0000     0.0060     0.9677     0.9677     0.0000
 29   0     0.9937     1.0000     0.0063     0.9677     0.9677     0.0000
 30   0     5.9969     6.0000     0.0031     4.0164     4.0164     0.0000
 31   0     0.9837     1.0000     0.0163     0.9772     0.9772     0.0000
 32   0     0.9835     1.0000     0.0165     0.9773     0.9773     0.0000
 33   0     6.5921     6.0000    -0.5921     3.4085     3.4070     0.0015
 34   0     1.0306     1.0000    -0.0306     1.0298     1.0298     0.0000
 35   0     0.9843     1.0000     0.0157     0.9734     0.9734     0.0000
 36   0     0.9869     1.0000     0.0131     0.9735     0.9735     0.0000
      Bond orders larger than 0.1000000
           Atom A     A.N. of A          Atom B    A.N. of B              Bond order
                0             6               4            6                0.897335
                0             6              33            6                2.146645
                1             6               2            6                1.275626
                1             6               6            6                1.427677
                1             6              12            6                1.108940
                2             6               3            6                1.264015
                2             6               9            6                1.510936
                3             6               4            6                1.458420
                3             6               7            1                0.925499
                4             6               5            6                1.354215
                5             6               6            6                1.383316
                5             6              21            6                1.093425
                6             6               8            1                0.913089
                9             6              10            1                0.905558
                9             6              11            1                0.912053
               12             6              13            1                0.911343
               12             6              14            1                0.904718
               12             6              15            6                1.059662
               15             6              16            1                0.944050
               15             6              17            1                0.943574
               15             6              18            6                1.101438
               18             6              19            1                0.966433
               18             6              20            1                0.966786
               18             6              35            1                0.964004
               21             6              22            1                0.896181
               21             6              23            1                0.896730
               21             6              24            6                1.102285
               24             6              25            1                0.928958
               24             6              26            1                0.929679
               24             6              27            6                1.075615
               27             6              28            1                0.941031
               27             6              29            1                0.941103
               27             6              30            6                1.105941
               30             6              31            1                0.966209
               30             6              32            1                0.966166
               30             6              36            1                0.961821
               33             6              34            1                1.116044
# -----------------------------------------------------------
$ Calculation_Info
   description: Details of the calculation
   geom. index: 1
   prop. index: 1
     Multiplicity:                          2
     Charge:                                0
     number of atoms:                       37
     number of electrons:                   0
     number of frozen core electrons:       1
     number of correlated electrons:        0
     number of basis functions:             329
     number of aux C basis functions:       2196
     number of aux J basis functions:       2196
     number of aux JK basis functions:      2196
     number of aux CABS basis functions:    0
     Total Energy                           -621.857542
# -----------------------------------------------------------
$ SCF_Electric_Properties
   description: The SCF Calculated Electric Properties
   geom. index: 1
   prop. index: 1
       Filename                          : cc-pVDZ.scfp 
       Do Dipole Moment Calculation      : true 
       Do Quadrupole Moment Calculation  : false 
       Do Polarizability Calculation     : false 
** Dipole moment part of electric properties **
        Magnitude of dipole moment (Debye) :        0.8951282702
        Electronic Contribution:
                  0    
      0     -11.732484
      1      14.804966
      2      -1.696630
        Nuclear Contribution:
                  0    
      0      11.951686
      1     -15.078746
      2       1.728485
        Total Dipole moment:
                  0    
      0       0.219201
      1      -0.273779
      2       0.031854
# -----------------------------------------------------------
$ EPRNMR_GTensor
   description: Electronic g tensor
   geom. index: 1
   prop. index: 1
 Source density: 1 SCF 
 Spin multiplicity: 2 
 raw g tensor: 
                  0          1          2    
      0       2.002871  -0.000050  -0.000092
      1      -0.000043   2.002778  -0.000015
      2      -0.000107  -0.000065   2.002387
 g tensor: 
                  0          1          2    
      0       0.200124   0.272616  -0.941080
      1       0.115558   0.947239   0.298973
      2       0.972932  -0.168581   0.158062
 G eigenvalues: 
                  0          1          2    
      0       2.002361   2.002772   2.002902
# -----------------------------------------------------------
$ EPRNMR_OrbitalShielding
   description: Orbital contribution to the NMR Shielding tensor (ppm)
   geom. index: 1
   prop. index: 1
 Number of stored nuclei 21
 Source density: 1 SCF 
 Nucleus: 7 H 
 Shielding tensor (ppm): 
                  0          1          2    
      0     -40.213816 -15.837651  -2.554631
      1     -77.904132  62.339824  25.288691
      2      20.078886 -23.955902  -1.766682
 P Tensor eigenvectors:
                   0          1          2    
      0       0.067175   0.602383  -0.795376
      1      -0.273439   0.777770   0.565955
      2       0.959541   0.179469   0.216962
 P Eigenvalues: 
                  0          1          2    
      0       5.354752 -18.777031  33.781605
P(iso)  6.786442
 Nucleus: 8 H 
 Shielding tensor (ppm): 
                  0          1          2    
      0      74.809259 -39.608514   7.684789
      1      -0.885828  72.119647 -11.903337
      2     -10.245686  25.225007 100.136231
 P Tensor eigenvectors:
                   0          1          2    
      0       0.780270  -0.502413  -0.372506
      1       0.621415   0.555264   0.552743
      2      -0.070866  -0.662770   0.745463
 P Eigenvalues: 
                  0          1          2    
      0      53.818237  90.646715 102.600186
P(iso)  82.355046
 Nucleus: 10 H 
 Shielding tensor (ppm): 
                  0          1          2    
      0       3.678238 -92.501881  -5.801625
      1     228.137035  10.576796 -55.905509
      2     -20.859929  29.501802  -3.307722
 P Tensor eigenvectors:
                   0          1          2    
      0       0.236112   0.025713   0.971386
      1      -0.020754  -0.999288   0.031496
      2       0.971504  -0.027597  -0.235410
 P Eigenvalues: 
                  0          1          2    
      0      -9.160285   6.367317  13.740280
P(iso)  3.649104
 Nucleus: 11 H 
 Shielding tensor (ppm): 
                  0          1          2    
      0     -82.385595 185.621758  -9.227574
      1     -180.637328  66.289294  33.356113
      2      23.017995 -51.151825 -29.697938
 P Tensor eigenvectors:
                   0          1          2    
      0       0.229513  -0.678159   0.698157
      1       0.112861  -0.693923  -0.711149
      2       0.966740   0.242013  -0.082727
 P Eigenvalues: 
                  0          1          2    
      0     -30.003397  -4.637454 -11.153388
P(iso)  -15.264746
 Nucleus: 13 H 
 Shielding tensor (ppm): 
                  0          1          2    
      0      72.422501 -278.636537 -140.867257
      1     211.652012  40.823949 -74.512928
      2      89.227494  84.515034  81.013522
 P Tensor eigenvectors:
                   0          1          2    
      0       0.266969  -0.935923   0.229728
      1      -0.436881  -0.330015  -0.836795
      2       0.858989   0.123035  -0.496991
 P Eigenvalues: 
                  0          1          2    
      0      64.947324  53.961994  75.350655
P(iso)  64.753324
 Nucleus: 14 H 
 Shielding tensor (ppm): 
                  0          1          2    
      0      29.708764 100.661625 -238.385202
      1     -30.335732  14.258985 -88.853544
      2     153.325972  45.350760  30.897379
 P Tensor eigenvectors:
                   0          1          2    
      0      -0.337271   0.939291  -0.063090
      1       0.884173   0.293043  -0.363818
      2       0.323243   0.178488   0.929331
 P Eigenvalues: 
                  0          1          2    
      0      -6.376724  31.241513  50.000339
P(iso)  24.955042
 Nucleus: 16 H 
 Shielding tensor (ppm): 
                  0          1          2    
      0      17.434522 297.545435 205.678972
      1     -199.101384  65.407617  56.005166
      2     -163.190454 -14.649977  45.669086
 P Tensor eigenvectors:
                   0          1          2    
      0       0.140155  -0.974449   0.175518
      1      -0.560380  -0.224211  -0.797311
      2       0.816291   0.013390  -0.577485
 P Eigenvalues: 
                  0          1          2    
      0      29.524843  40.680910  58.305472
P(iso)  42.837075
 Nucleus: 17 H 
 Shielding tensor (ppm): 
                  0          1          2    
      0      59.483797 -201.740367 311.652071
      1     140.936879  75.527494 111.099151
      2     -245.661003 -98.705429 113.132099
 P Tensor eigenvectors:
                   0          1          2    
      0       0.292298   0.952459   0.085933
      1      -0.820682   0.203693   0.533846
      2      -0.490962   0.226566  -0.841204
 P Eigenvalues: 
                  0          1          2    
      0      93.330387  65.919385  88.893618
P(iso)  82.714463
 Nucleus: 19 H 
 Shielding tensor (ppm): 
                  0          1          2    
      0      32.962621 227.280338 -292.331812
      1     -124.775325 -21.435144 -66.950869
      2     212.721136  53.155065 -39.164725
 P Tensor eigenvectors:
                   0          1          2    
      0      -0.191865   0.952537  -0.236351
      1       0.796549   0.010456  -0.604483
      2       0.573321   0.304245   0.760748
 P Eigenvalues: 
                  0          1          2    
      0     -38.469190   4.185729   6.646214
P(iso)  -9.212416
 Nucleus: 20 H 
 Shielding tensor (ppm): 
                  0          1          2    
      0      63.819162 -448.208735 -143.440799
      1     346.924251  -2.630591   1.394665
      2     105.312441 -14.265224  15.904021
 P Tensor eigenvectors:
                   0          1          2    
      0      -0.021173   0.949790  -0.312172
      1      -0.306869   0.290996   0.906175
      2       0.951516   0.114982   0.285299
 P Eigenvalues: 
                  0          1          2    
      0      18.048281  24.970723  34.073588
P(iso)  25.697531
 Nucleus: 22 H 
 Shielding tensor (ppm): 
                  0          1          2    
      0      79.706939 -52.278581 -171.941848
      1      81.334544  21.200286 -118.958936
      2     112.154939  91.222316  69.316813
 P Tensor eigenvectors:
                   0          1          2    
      0      -0.483085   0.783324  -0.391193
      1       0.793313   0.580651   0.183029
      2      -0.370518   0.221920   0.901925
 P Eigenvalues: 
                  0          1          2    
      0      27.775781  58.718010  83.730247
P(iso)  56.741346
 Nucleus: 23 H 
 Shielding tensor (ppm): 
                  0          1          2    
      0      85.750298 -61.811842 144.107830
      1     104.199295  13.242474  90.842679
      2     -95.592451 -66.186079  49.509315
 P Tensor eigenvectors:
                   0          1          2    
      0       0.379358  -0.687729   0.618964
      1      -0.786711  -0.591864  -0.175449
      2      -0.487004   0.420388   0.765572
 P Eigenvalues: 
                  0          1          2    
      0      20.111982  51.038042  77.352063
P(iso)  49.500696
 Nucleus: 25 H 
 Shielding tensor (ppm): 
                  0          1          2    
      0      62.924974 130.667003 103.366062
      1     -174.586588  73.334494 245.419936
      2     -76.747149 -173.575834  97.843710
 P Tensor eigenvectors:
                   0          1          2    
      0      -0.784259   0.342559  -0.517291
      1       0.320025   0.937636   0.135732
      2      -0.531527   0.059097   0.844977
 P Eigenvalues: 
                  0          1          2    
      0      83.754810  62.611648  87.736719
P(iso)  78.034392
 Nucleus: 26 H 
 Shielding tensor (ppm): 
                  0          1          2    
      0      67.173113 167.129539 -87.473290
      1     -231.755802  78.135850 -189.605455
      2      75.790428 141.053766 110.086859
 P Tensor eigenvectors:
                   0          1          2    
      0      -0.633943  -0.282222   0.720047
      1       0.280012  -0.951630  -0.126464
      2       0.720909   0.121450   0.682305
 P Eigenvalues: 
                  0          1          2    
      0      97.345724  66.389056  91.661041
P(iso)  85.131940
 Nucleus: 28 H 
 Shielding tensor (ppm): 
                  0          1          2    
      0      51.705404 -157.569218 -169.521492
      1     223.201229   1.270448 -336.810288
      2     105.818020 246.690324  30.641708
 P Tensor eigenvectors:
                   0          1          2    
      0      -0.768692   0.408701  -0.492012
      1       0.370276   0.911568   0.178717
      2      -0.521544   0.044802   0.852047
 P Eigenvalues: 
                  0          1          2    
      0      12.244716  29.358695  42.014148
P(iso)  27.872520
 Nucleus: 29 H 
 Shielding tensor (ppm): 
                  0          1          2    
      0      58.392093 -206.319882 151.424224
      1     300.999991  -0.448563 255.018251
      2     -109.708285 -184.158442   7.233817
 P Tensor eigenvectors:
                   0          1          2    
      0      -0.597759   0.358249   0.717176
      1       0.367335   0.917555  -0.152174
      2       0.712565  -0.172481   0.680074
 P Eigenvalues: 
                  0          1          2    
      0       4.466185  24.662319  36.048844
P(iso)  21.725782
 Nucleus: 31 H 
 Shielding tensor (ppm): 
                  0          1          2    
      0       3.749623 297.682502 -103.116982
      1     -377.585745  59.576756 -324.397570
      2      85.849943 231.105012  42.251265
 P Tensor eigenvectors:
                   0          1          2    
      0      -0.630538  -0.304918   0.713755
      1       0.201994  -0.952378  -0.228416
      2       0.749413   0.000149   0.662103
 P Eigenvalues: 
                  0          1          2    
      0      31.864538  31.196555  42.516551
P(iso)  35.192548
 Nucleus: 32 H 
 Shielding tensor (ppm): 
                  0          1          2    
      0       3.057254 230.257937 103.709736
      1     -277.790959  60.671675 405.769690
      2     -71.357865 -294.181868  25.420921
 P Tensor eigenvectors:
                   0          1          2    
      0       0.802085   0.303895   0.514109
      1      -0.189915   0.945956  -0.262869
      2       0.566209  -0.113207  -0.816451
 P Eigenvalues: 
                  0          1          2    
      0      22.238816  28.171949  38.739085
P(iso)  29.716617
 Nucleus: 34 H 
 Shielding tensor (ppm): 
                  0          1          2    
      0      37.190746  27.690984 -42.835574
      1     -103.958840 -109.154253  20.328185
      2       7.368084  -8.763678 -102.917222
 P Tensor eigenvectors:
                   0          1          2    
      0       0.725719   0.149733  -0.671500
      1      -0.677375   0.326314  -0.659305
      2       0.120400   0.933327   0.338237
 P Eigenvalues: 
                  0          1          2    
      0       1.461181 -105.601097 -70.740812
P(iso)  -58.293576
 Nucleus: 35 H 
 Shielding tensor (ppm): 
                  0          1          2    
      0      29.524616  -2.395261 362.696669
      1      37.203689 -56.823117  70.222541
      2     -248.648253 -45.593374 -38.810432
 P Tensor eigenvectors:
                   0          1          2    
      0      -0.168442  -0.946816   0.274165
      1       0.984370  -0.176084  -0.003318
      2       0.051418   0.269321   0.961677
 P Eigenvalues: 
                  0          1          2    
      0     -59.838315  -2.556092  -3.714526
P(iso)  -22.036311
 Nucleus: 36 H 
 Shielding tensor (ppm): 
                  0          1          2    
      0     -73.327840 -57.519282  -9.338058
      1     173.803599  19.692604 -44.315883
      2      -1.578264  21.481929 -99.546271
 P Tensor eigenvectors:
                   0          1          2    
      0       0.200551   0.273646  -0.940690
      1      -0.973803  -0.049363  -0.221970
      2      -0.107176   0.960563   0.256577
 P Eigenvalues: 
                  0          1          2    
      0     -10.276871 -100.649897 -42.254739
P(iso)  -51.060502
# -----------------------------------------------------------
$ EPRNMR_ATensor
   description: Hyperfine A tensor
   geom. index: 1
   prop. index: 1
 Number of stored nuclei 21
 Source density: 1 SCF 
 Spin multiplicity: 2 
 Nucleus: 7 H  
 Isotope: 1 
 Nuclear Spin:  0.5 
 Prefactor (MHz): 533.551395 
 Raw A tensor (MHz): 
                  0          1          2    
      0     -15.915841  -6.438392   0.055429
      1      -6.440610 -11.059880   0.736633
      2       0.055436   0.736183 -17.313617
 A Tensor eigenvectors:
                   0          1          2    
      0       0.566537  -0.152188   0.809861
      1      -0.822298  -0.040613   0.567606
      2      -0.053491  -0.987517  -0.148153
 A Eigenvalues: 
                  0          1          2    
      0      -6.575098 -17.274800 -20.439441
A(iso)  -14.763113
 Nucleus: 8 H  
 Isotope: 1 
 Nuclear Spin:  0.5 
 Prefactor (MHz): 533.551395 
 Raw A tensor (MHz): 
                  0          1          2    
      0       8.304094   2.037135  -0.817882
      1       2.037394   6.328893  -0.429821
      2      -0.818050  -0.430075   4.078255
 A Tensor eigenvectors:
                   0          1          2    
      0       0.168398   0.519596   0.837653
      1       0.033433  -0.852310   0.521967
      2       0.985152  -0.059892  -0.160899
 A Eigenvalues: 
                  0          1          2    
      0       3.923827   5.056666   9.730749
A(iso)  6.237080
 Nucleus: 10 H  
 Isotope: 1 
 Nuclear Spin:  0.5 
 Prefactor (MHz): 533.551395 
 Raw A tensor (MHz): 
                  0          1          2    
      0     -17.485649   0.548500  -5.439444
      1       0.547317 -71.494518   1.462875
      2      -5.439488   1.462733 -44.544162
 A Tensor eigenvectors:
                   0          1          2    
      0      -0.981825   0.189121  -0.015870
      1      -0.004740   0.059161   0.998237
      2       0.189727   0.980170  -0.057189
 A Eigenvalues: 
                  0          1          2    
      0     -16.431886 -45.505419 -71.587024
A(iso)  -44.508110
 Nucleus: 11 H  
 Isotope: 1 
 Nuclear Spin:  0.5 
 Prefactor (MHz): 533.551395 
 Raw A tensor (MHz): 
                  0          1          2    
      0     -56.998731 -22.973486   3.338144
      1     -22.973490 -28.546129   2.978860
      2       3.337870   2.979179 -46.168435
 A Tensor eigenvectors:
                   0          1          2    
      0       0.484031   0.169725  -0.858433
      1      -0.874447   0.057402  -0.481712
      2      -0.032483   0.983818   0.176200
 A Eigenvalues: 
                  0          1          2    
      0     -15.718991 -45.418774 -70.575531
A(iso)  -43.904432
 Nucleus: 13 H  
 Isotope: 1 
 Nuclear Spin:  0.5 
 Prefactor (MHz): 533.551395 
 Raw A tensor (MHz): 
                  0          1          2    
      0       5.244870  -2.115187  -0.583083
      1      -2.116113   5.371594   0.451154
      2      -0.582948   0.450701   3.329053
 A Tensor eigenvectors:
                   0          1          2    
      0      -0.599936  -0.406355  -0.689167
      1      -0.422665  -0.570403   0.704268
      2      -0.679287   0.713803   0.170453
 A Eigenvalues: 
                  0          1          2    
      0       3.094293   3.300226   7.550998
A(iso)  4.648506
 Nucleus: 14 H  
 Isotope: 1 
 Nuclear Spin:  0.5 
 Prefactor (MHz): 533.551395 
 Raw A tensor (MHz): 
                  0          1          2    
      0       9.494301  -2.339541  -1.705647
      1      -2.339641   7.943697   0.896641
      2      -1.704764   0.896855   5.515823
 A Tensor eigenvectors:
                   0          1          2    
      0       0.339982  -0.519935   0.783632
      1      -0.015595  -0.836271  -0.548094
      2       0.940303   0.174121  -0.292426
 A Eigenvalues: 
                  0          1          2    
      0       4.884526   6.302323  11.766973
A(iso)  7.651274
 Nucleus: 16 H  
 Isotope: 1 
 Nuclear Spin:  0.5 
 Prefactor (MHz): 533.551395 
 Raw A tensor (MHz): 
                  0          1          2    
      0       0.792389  -1.984057   2.564097
      1      -1.984658  -0.262017  -0.814017
      2       2.563375  -0.813246  -1.458431
 A Tensor eigenvectors:
                   0          1          2    
      0       0.292231   0.593374  -0.750006
      1       0.858386   0.183011   0.479251
      2       0.421634  -0.783846  -0.455862
 A Eigenvalues: 
                  0          1          2    
      0      -1.337372  -3.208264   3.617576
A(iso)  -0.309353
 Nucleus: 17 H  
 Isotope: 1 
 Nuclear Spin:  0.5 
 Prefactor (MHz): 533.551395 
 Raw A tensor (MHz): 
                  0          1          2    
      0      -0.356906  -1.007907   1.046650
      1      -1.008586  -0.491771  -1.478304
      2       1.046473  -1.477570   0.177284
 A Tensor eigenvectors:
                   0          1          2    
      0       0.845470   0.199240   0.495463
      1       0.132176   0.820852  -0.555637
      2      -0.517407   0.535263   0.667671
 A Eigenvalues: 
                  0          1          2    
      0      -1.155091  -1.700022   2.183720
A(iso)  -0.223798
 Nucleus: 19 H  
 Isotope: 1 
 Nuclear Spin:  0.5 
 Prefactor (MHz): 533.551395 
 Raw A tensor (MHz): 
                  0          1          2    
      0       1.160340  -0.475626   0.033121
      1      -0.475819  -0.515293  -0.090819
      2       0.032943  -0.090855  -0.683191
 A Tensor eigenvectors:
                   0          1          2    
      0       0.220445  -0.133764  -0.966184
      1       0.764677  -0.591242   0.256324
      2      -0.605535  -0.795324  -0.028050
 A Eigenvalues: 
                  0          1          2    
      0      -0.580509  -0.745161   1.287524
A(iso)  -0.012715
 Nucleus: 20 H  
 Isotope: 1 
 Nuclear Spin:  0.5 
 Prefactor (MHz): 533.551395 
 Raw A tensor (MHz): 
                  0          1          2    
      0       0.868779  -0.699230   0.093955
      1      -0.699433   0.239370  -0.026785
      2       0.093889  -0.026758  -0.255252
 A Tensor eigenvectors:
                   0          1          2    
      0       0.470180  -0.274194   0.838897
      1       0.775009  -0.326482  -0.541083
      2       0.422247   0.904559   0.058998
 A Eigenvalues: 
                  0          1          2    
      0      -0.199567  -0.274008   1.326471
A(iso)  0.284299
 Nucleus: 22 H  
 Isotope: 1 
 Nuclear Spin:  0.5 
 Prefactor (MHz): 533.551395 
 Raw A tensor (MHz): 
                  0          1          2    
      0      24.524169   1.560519  -1.332292
      1       1.560078  24.313463  -0.765708
      2      -1.331707  -0.766036  23.607084
 A Tensor eigenvectors:
                   0          1          2    
      0       0.696682  -0.218096  -0.683424
      1      -0.343119   0.735327  -0.584435
      2       0.630002   0.641661   0.437456
 A Eigenvalues: 
                  0          1          2    
      0      22.551256  23.182279  26.711180
A(iso)  24.148239
 Nucleus: 23 H  
 Isotope: 1 
 Nuclear Spin:  0.5 
 Prefactor (MHz): 533.551395 
 Raw A tensor (MHz): 
                  0          1          2    
      0      25.556100   1.799093   0.671110
      1       1.798537  24.821412   0.129254
      2       0.670473   0.129326  23.306069
 A Tensor eigenvectors:
                   0          1          2    
      0      -0.484560   0.408554   0.773489
      1       0.413379  -0.672324   0.614083
      2       0.770922   0.617304   0.156894
 A Eigenvalues: 
                  0          1          2    
      0      22.953934  23.609433  27.120214
A(iso)  24.561194
 Nucleus: 25 H  
 Isotope: 1 
 Nuclear Spin:  0.5 
 Prefactor (MHz): 533.551395 
 Raw A tensor (MHz): 
                  0          1          2    
      0      -0.927782  -0.192650  -0.064105
      1      -0.192209   1.060705   0.400776
      2      -0.063980   0.400481  -0.963188
 A Tensor eigenvectors:
                   0          1          2    
      0       0.961322   0.258115   0.096109
      1       0.140050  -0.157623  -0.977518
      2      -0.237163   0.953169  -0.187675
 A Eigenvalues: 
                  0          1          2    
      0      -0.939997  -1.046782   1.156514
A(iso)  -0.276755
 Nucleus: 26 H  
 Isotope: 1 
 Nuclear Spin:  0.5 
 Prefactor (MHz): 533.551395 
 Raw A tensor (MHz): 
                  0          1          2    
      0      -0.895087  -0.321122   0.077216
      1      -0.320810   0.972997  -0.507597
      2       0.076971  -0.507279  -0.928320
 A Tensor eigenvectors:
                   0          1          2    
      0       0.986858   0.027829   0.159178
      1       0.147527   0.246801  -0.957771
      2      -0.065939   0.968666   0.239452
 A Eigenvalues: 
                  0          1          2    
      0      -0.948192  -1.055360   1.153143
A(iso)  -0.283470
 Nucleus: 28 H  
 Isotope: 1 
 Nuclear Spin:  0.5 
 Prefactor (MHz): 533.551395 
 Raw A tensor (MHz): 
                  0          1          2    
      0      -0.029921   0.334667  -0.109000
      1       0.334801   0.690368  -0.221840
      2      -0.109034  -0.221759  -0.067778
 A Tensor eigenvectors:
                   0          1          2    
      0      -0.328691   0.873723   0.358568
      1       0.372568  -0.228917   0.899327
      2       0.867845   0.429192  -0.250278
 A Eigenvalues: 
                  0          1          2    
      0      -0.121670  -0.171228   0.885566
A(iso)  0.197556
 Nucleus: 29 H  
 Isotope: 1 
 Nuclear Spin:  0.5 
 Prefactor (MHz): 533.551395 
 Raw A tensor (MHz): 
                  0          1          2    
      0       0.021113   0.380103   0.044825
      1       0.380265   0.724086   0.037022
      2       0.044810   0.036944  -0.136170
 A Tensor eigenvectors:
                   0          1          2    
      0      -0.590837   0.699893  -0.401324
      1       0.300524  -0.270713  -0.914549
      2      -0.748730  -0.660957  -0.050387
 A Eigenvalues: 
                  0          1          2    
      0      -0.115573  -0.168378   0.892979
A(iso)  0.203009
 Nucleus: 31 H  
 Isotope: 1 
 Nuclear Spin:  0.5 
 Prefactor (MHz): 533.551395 
 Raw A tensor (MHz): 
                  0          1          2    
      0      -0.114247   0.023664  -0.005791
      1       0.023739   0.400577  -0.100096
      2      -0.005810  -0.100071  -0.112577
 A Tensor eigenvectors:
                   0          1          2    
      0       0.995675   0.081029  -0.045443
      1      -0.059519   0.180785  -0.981720
      2      -0.071332   0.980179   0.184826
 A Eigenvalues: 
                  0          1          2    
      0      -0.115249  -0.131513   0.420516
A(iso)  0.057918
 Nucleus: 32 H  
 Isotope: 1 
 Nuclear Spin:  0.5 
 Prefactor (MHz): 533.551395 
 Raw A tensor (MHz): 
                  0          1          2    
      0      -0.114570   0.044676   0.000129
      1       0.044765   0.412426   0.039947
      2       0.000119   0.039910  -0.130329
 A Tensor eigenvectors:
                   0          1          2    
      0       0.977058  -0.196036   0.083227
      1      -0.067117   0.087448   0.993906
      2      -0.202119  -0.976690   0.072284
 A Eigenvalues: 
                  0          1          2    
      0      -0.117671  -0.133879   0.419077
A(iso)  0.055842
 Nucleus: 34 H  
 Isotope: 1 
 Nuclear Spin:  0.5 
 Prefactor (MHz): 533.551395 
 Raw A tensor (MHz): 
                  0          1          2    
      0       2.237201   0.349005   0.134789
      1       0.348889   4.595878  -0.130316
      2       0.134768  -0.130351   3.095372
 A Tensor eigenvectors:
                   0          1          2    
      0      -0.975617   0.170098   0.138700
      1       0.148534   0.046456   0.987816
      2       0.161582   0.984331  -0.070589
 A Eigenvalues: 
                  0          1          2    
      0       2.161762   3.112508   4.654181
A(iso)  3.309484
 Nucleus: 35 H  
 Isotope: 1 
 Nuclear Spin:  0.5 
 Prefactor (MHz): 533.551395 
 Raw A tensor (MHz): 
                  0          1          2    
      0       1.298342  -0.392895   0.455680
      1      -0.393147   0.279660  -0.147242
      2       0.455539  -0.147132   0.381848
 A Tensor eigenvectors:
                   0          1          2    
      0       0.363500  -0.296356   0.883199
      1       0.923262   0.241118  -0.299082
      2      -0.124321   0.924140   0.361260
 A Eigenvalues: 
                  0          1          2    
      0       0.144650   0.197413   1.617786
A(iso)  0.653283
 Nucleus: 36 H  
 Isotope: 1 
 Nuclear Spin:  0.5 
 Prefactor (MHz): 533.551395 
 Raw A tensor (MHz): 
                  0          1          2    
      0      -0.121366   0.092359  -0.007093
      1       0.092430   0.236588  -0.031527
      2      -0.007105  -0.031530  -0.137942
 A Tensor eigenvectors:
                   0          1          2    
      0       0.174629   0.956160   0.235080
      1       0.039483  -0.245356   0.968629
      2       0.983842  -0.159869  -0.080599
 A Eigenvalues: 
                  0          1          2    
      0      -0.140468  -0.143896   0.261643
A(iso)  -0.007573
# -------------------------------------------------------------
----------------------- !GEOMETRIES! ------------------------
# -------------------------------------------------------------
------------------------ !GEOMETRY! -------------------------
    Number of atoms:    37 
    Geometry Index:     1 
    Coordinates:
               0 C     -2.631596667306    0.129889056167    0.152945660997
               1 C      1.575863751616   -0.218018106198   -0.504991674990
               2 C      0.963822236894    1.083546150547   -0.471920518152
               3 C     -0.443340409728    1.138551394679   -0.248119470535
               4 C     -1.220279462930   -0.005180195686   -0.065902253881
               5 C     -0.611009688932   -1.294596183980   -0.103795310691
               6 C      0.773999003472   -1.347004716245   -0.323994569268
               7 H     -0.932112507223    2.114973023982   -0.219803535234
               8 H      1.262338023533   -2.323048991435   -0.360687531385
               9 C      1.682286845310    2.282285514375   -0.654362986470
              10 H      2.755458673111    2.297222888458   -0.838416136795
              11 H      1.162942845679    3.241729780971   -0.622223720578
              12 C      3.065834263570   -0.388546374398   -0.698656259180
              13 H      3.262023016831   -1.404532897680   -1.082470370225
              14 H      3.432977268000    0.306368906862   -1.474054360059
              15 C      3.887514619749   -0.182955373764    0.591464873261
              16 H      3.688811484633    0.825725389621    0.993912494431
              17 H      3.528648897195   -0.892623508955    1.358202099458
              18 C      5.390342003544   -0.369448302589    0.371431233994
              19 H      5.781137441371    0.351469258984   -0.367553654061
              20 H      5.618741961510   -1.381977642043   -0.004349992781
              21 C     -1.464202088442   -2.531527255849    0.084085752423
              22 H     -2.003034320049   -2.436934094025    1.045487762953
              23 H     -2.265136750413   -2.516674575657   -0.678829269109
              24 C     -0.750621911671   -3.885261028910    0.036885917963
              25 H     -0.229467741759   -4.002280682809   -0.931185635577
              26 H      0.033199406658   -3.924469459783    0.815700093003
              27 C     -1.711359315995   -5.064692728481    0.232430088222
              28 H     -2.238009741762   -4.948280734752    1.197733160710
              29 H     -2.495639347783   -5.026357890648   -0.546048378100
              30 C     -1.012746581909   -6.426102365588    0.189580042516
              31 H     -0.246895486624   -6.508810912067    0.980041363025
              32 H     -0.505960978228   -6.586065420645   -0.777902351380
              33 C     -3.826625612104    0.249482410163    0.342032398379
              34 H     -4.879280355505    0.361415692228    0.513223901194
              35 H      5.954179522577   -0.226136058439    1.307646319552
              36 H     -1.728335856888   -7.252291586408    0.331363446369
