-------------------------------------------------------------
----------------------- !PROPERTIES! ------------------------
-------------------------------------------------------------
# -----------------------------------------------------------
$ PAL_Flags
   description: The PAL Flags
   geom. index: 1
   prop. index: 1
        Diskflag:     2
# -----------------------------------------------------------
$ SCF_Energy
   description: The SCF energy
   geom. index: 1
   prop. index: 1
        SCF Energy:     -621.9212319195
# -----------------------------------------------------------
$ DFT_Energy
   description: The DFT energy
   geom. index: 1
   prop. index: 1
   Number of Alpha Electrons                 59.0000439325 
   Number of Beta  Electrons                 58.0000382751 
   Total number of  Electrons               117.0000822076 
   Exchange energy                          -71.5707478324 
   Correlation energy                        -4.5100242890 
   Correlation energy NL                      0.0000000000 
   Exchange-Correlation energy              -76.0807721213 
   Embedding correction                       0.0000000000 
   Total DFT Energy (No VdW correction)    -621.9212319195 
# -----------------------------------------------------------
$ Mayer_Pop
   description: The Mayer population analysis
   geom. index: 1
   prop. index: 1
     Number of atoms                     : 37
     Threshold for printing              : 0.1000000
     Number of bond orders printed       : 42
  NA   - Mulliken gross atomic population
  ZA   - Total nuclear charge
  QA   - Mulliken gross atomic charge
  VA   - Mayer's total valence
  BVA  - Mayer's bonded valence
  FA   - Mayer's free valence
  ATOM       NA         ZA         QA         VA         BVA        FA
  0   0     5.9859     6.0000     0.0141     3.8431     3.8427     0.0004
  1   0     5.7576     6.0000     0.2424     3.9791     3.9383     0.0408
  2   0     5.5242     6.0000     0.4758     3.8676     3.8527     0.0149
  3   0     6.4459     6.0000    -0.4459     4.2966     4.2589     0.0377
  4   0     5.5638     6.0000     0.4362     3.9584     3.9512     0.0072
  5   0     5.7188     6.0000     0.2812     3.8422     3.7955     0.0467
  6   0     6.3819     6.0000    -0.3819     4.4018     4.3927     0.0091
  7   0     0.8789     1.0000     0.1211     0.9637     0.9635     0.0002
  8   0     0.8825     1.0000     0.1175     0.9714     0.9714     0.0000
  9   0     6.5863     6.0000    -0.5863     3.8698     3.4361     0.4337
 10   0     0.8482     1.0000     0.1518     0.9738     0.9726     0.0012
 11   0     0.8502     1.0000     0.1498     0.9723     0.9711     0.0012
 12   0     6.4269     6.0000    -0.4269     3.9524     3.9522     0.0002
 13   0     0.8632     1.0000     0.1368     0.9734     0.9734     0.0000
 14   0     0.8584     1.0000     0.1416     0.9703     0.9703     0.0000
 15   0     6.2640     6.0000    -0.2640     3.8867     3.8866     0.0001
 16   0     0.8416     1.0000     0.1584     0.9691     0.9691     0.0000
 17   0     0.8450     1.0000     0.1550     0.9680     0.9680     0.0000
 18   0     6.5125     6.0000    -0.5125     3.8786     3.8786     0.0000
 19   0     0.8385     1.0000     0.1615     0.9647     0.9647     0.0000
 20   0     0.8374     1.0000     0.1626     0.9638     0.9638     0.0000
 21   0     6.3884     6.0000    -0.3884     4.0578     4.0575     0.0003
 22   0     0.8437     1.0000     0.1563     0.9619     0.9618     0.0001
 23   0     0.8445     1.0000     0.1555     0.9621     0.9620     0.0001
 24   0     6.2682     6.0000    -0.2682     4.0095     4.0095     0.0000
 25   0     0.8589     1.0000     0.1411     0.9663     0.9663     0.0000
 26   0     0.8592     1.0000     0.1408     0.9663     0.9663     0.0000
 27   0     6.2633     6.0000    -0.2633     3.8893     3.8893     0.0000
 28   0     0.8546     1.0000     0.1454     0.9669     0.9669     0.0000
 29   0     0.8545     1.0000     0.1455     0.9670     0.9670     0.0000
 30   0     6.5126     6.0000    -0.5126     3.8991     3.8991     0.0000
 31   0     0.8408     1.0000     0.1592     0.9654     0.9654     0.0000
 32   0     0.8404     1.0000     0.1596     0.9652     0.9652     0.0000
 33   0     6.5393     6.0000    -0.5393     3.8879     3.8864     0.0015
 34   0     0.8173     1.0000     0.1827     0.9774     0.9774     0.0000
 35   0     0.8484     1.0000     0.1516     0.9667     0.9667     0.0000
 36   0     0.8542     1.0000     0.1458     0.9665     0.9665     0.0000
      Bond orders larger than 0.1000000
           Atom A     A.N. of A          Atom B    A.N. of B              Bond order
                0             6               4            6                0.920410
                0             6              33            6                2.716102
                1             6               2            6                1.368210
                1             6               5            6                0.111025
                1             6               6            6                1.504520
                1             6               9            6                0.111109
                1             6              12            6                0.820158
                2             6               3            6                1.257367
                2             6               4            6                0.112806
                2             6               6            6                0.140755
                2             6               9            6                1.099494
                3             6               4            6                1.471487
                3             6               7            1                0.981547
                3             6               9            6                0.138979
                4             6               5            6                1.337197
                5             6               6            6                1.410270
                5             6              21            6                0.940907
                6             6               8            1                0.978357
                9             6              10            1                0.964672
                9             6              11            1                0.981616
               12             6              13            1                0.991524
               12             6              14            1                0.971424
               12             6              15            6                0.975226
               15             6              16            1                0.971023
               15             6              17            1                0.973773
               15             6              18            6                0.952192
               18             6              19            1                0.973208
               18             6              20            1                0.972376
               18             6              35            1                0.970909
               21             6              22            1                0.958126
               21             6              23            1                0.958354
               21             6              24            6                1.018436
               24             6              25            1                0.961868
               24             6              26            1                0.962003
               24             6              27            6                0.985595
               27             6              28            1                0.971521
               27             6              29            1                0.971836
               27             6              30            6                0.953970
               30             6              31            1                0.973189
               30             6              32            1                0.973019
               30             6              36            1                0.967750
               33             6              34            1                0.981092
# -----------------------------------------------------------
$ Calculation_Info
   description: Details of the calculation
   geom. index: 1
   prop. index: 1
     Multiplicity:                          2
     Charge:                                0
     number of atoms:                       37
     number of electrons:                   0
     number of frozen core electrons:       1
     number of correlated electrons:        0
     number of basis functions:             419
     number of aux C basis functions:       2878
     number of aux J basis functions:       2878
     number of aux JK basis functions:      2878
     number of aux CABS basis functions:    0
     Total Energy                           -621.921232
# -----------------------------------------------------------
$ SCF_Electric_Properties
   description: The SCF Calculated Electric Properties
   geom. index: 1
   prop. index: 1
       Filename                          : EPRII.scfp 
       Do Dipole Moment Calculation      : true 
       Do Quadrupole Moment Calculation  : false 
       Do Polarizability Calculation     : false 
** Dipole moment part of electric properties **
        Magnitude of dipole moment (Debye) :        1.1252150312
        Electronic Contribution:
                  0    
      0     -11.634386
      1      14.704310
      2      -1.626374
        Nuclear Contribution:
                  0    
      0      11.923045
      1     -15.037324
      2       1.668175
        Total Dipole moment:
                  0    
      0       0.288659
      1      -0.333014
      2       0.041801
# -----------------------------------------------------------
$ EPRNMR_GTensor
   description: Electronic g tensor
   geom. index: 1
   prop. index: 1
 Source density: 1 SCF 
 Spin multiplicity: 2 
 raw g tensor: 
                  0          1          2    
      0       2.002877   0.000000  -0.000099
      1      -0.000069   2.002780  -0.000014
      2      -0.000115  -0.000070   2.002393
 g tensor: 
                  0          1          2    
      0       0.210591   0.176683  -0.961475
      1       0.115875   0.972086   0.204012
      2       0.970682  -0.154374   0.184239
 G eigenvalues: 
                  0          1          2    
      0       2.002365   2.002780   2.002905
# -----------------------------------------------------------
$ EPRNMR_OrbitalShielding
   description: Orbital contribution to the NMR Shielding tensor (ppm)
   geom. index: 1
   prop. index: 1
 Number of stored nuclei 21
 Source density: 1 SCF 
 Nucleus: 7 H 
 Shielding tensor (ppm): 
                  0          1          2    
      0     -41.964760 -14.309358  -1.950855
      1     -77.015224  59.958926  24.223359
      2      20.028885 -23.383117  -2.932362
 P Tensor eigenvectors:
                   0          1          2    
      0       0.065800   0.582490  -0.810170
      1      -0.275592   0.790957   0.546294
      2       0.959020   0.187330   0.212575
 P Eigenvalues: 
                  0          1          2    
      0       4.250075 -16.808656  27.620386
P(iso)  5.020601
 Nucleus: 8 H 
 Shielding tensor (ppm): 
                  0          1          2    
      0      70.689098 -37.857934   8.006426
      1      -0.574925  68.410800 -11.701059
      2      -9.313705  24.410733  97.054588
 P Tensor eigenvectors:
                   0          1          2    
      0       0.784179  -0.530717  -0.321562
      1       0.615833   0.601923   0.508368
      2      -0.076244  -0.596681   0.798849
 P Eigenvalues: 
                  0          1          2    
      0      50.899600  86.549174  98.705712
P(iso)  78.718162
 Nucleus: 10 H 
 Shielding tensor (ppm): 
                  0          1          2    
      0       5.707983 -91.032446  -6.504241
      1     227.256949   7.226044 -57.801707
      2     -20.153732  31.174143  -1.168962
 P Tensor eigenvectors:
                   0          1          2    
      0       0.245175  -0.002616  -0.969475
      1      -0.027536   0.999574  -0.009661
      2       0.969088   0.029064   0.244998
 P Eigenvalues: 
                  0          1          2    
      0      -7.292158   6.091159  12.966064
P(iso)  3.921688
 Nucleus: 11 H 
 Shielding tensor (ppm): 
                  0          1          2    
      0     -83.591596 185.379659  -9.637981
      1     -181.188840  65.675553  31.124688
      2      25.068583 -49.549774 -27.735495
 P Tensor eigenvectors:
                   0          1          2    
      0       0.218899  -0.676194   0.703452
      1       0.116164  -0.697750  -0.706860
      2       0.968808   0.236447  -0.074188
 P Eigenvalues: 
                  0          1          2    
      0     -27.846066  -5.247498 -12.557974
P(iso)  -15.217179
 Nucleus: 13 H 
 Shielding tensor (ppm): 
                  0          1          2    
      0      71.092729 -284.552514 -133.614890
      1     217.160038  39.406159 -72.520482
      2      86.611678  81.961284  79.109459
 P Tensor eigenvectors:
                   0          1          2    
      0       0.255527  -0.938252   0.233215
      1      -0.414255  -0.324212  -0.850458
      2       0.873555   0.120705  -0.471521
 P Eigenvalues: 
                  0          1          2    
      0      64.998057  52.332236  72.278054
P(iso)  63.202782
 Nucleus: 14 H 
 Shielding tensor (ppm): 
                  0          1          2    
      0      28.624309  96.059539 -243.219801
      1     -28.054713  13.228131 -89.846821
      2     160.817359  47.576119  29.563710
 P Tensor eigenvectors:
                   0          1          2    
      0      -0.330174   0.941729  -0.064274
      1       0.893186   0.289680  -0.343953
      2       0.305291   0.170973   0.936785
 P Eigenvalues: 
                  0          1          2    
      0      -6.846397  30.550366  47.712180
P(iso)  23.805383
 Nucleus: 16 H 
 Shielding tensor (ppm): 
                  0          1          2    
      0      16.176494 301.322204 203.169681
      1     -204.904698  64.524482  54.412522
      2     -164.844346 -14.866775  43.110340
 P Tensor eigenvectors:
                   0          1          2    
      0       0.132365  -0.974197   0.182808
      1      -0.551204  -0.225629  -0.803285
      2       0.823805   0.005562  -0.566846
 P Eigenvalues: 
                  0          1          2    
      0      28.332002  39.574610  55.904704
P(iso)  41.270438
 Nucleus: 17 H 
 Shielding tensor (ppm): 
                  0          1          2    
      0      58.276882 -203.117986 317.110574
      1     141.729819  71.780172 115.300426
      2     -252.692598 -101.129564 109.424086
 P Tensor eigenvectors:
                   0          1          2    
      0       0.292705   0.952623   0.082666
      1      -0.822353   0.206676   0.530114
      2      -0.487913   0.223147  -0.843887
 P Eigenvalues: 
                  0          1          2    
      0      90.847342  63.661360  84.972438
P(iso)  79.827047
 Nucleus: 19 H 
 Shielding tensor (ppm): 
                  0          1          2    
      0      31.678670 230.128962 -300.019443
      1     -127.771219 -17.250962 -69.151522
      2     220.799960  56.591781 -34.890152
 P Tensor eigenvectors:
                   0          1          2    
      0      -0.196719   0.954267  -0.225114
      1       0.797803   0.022333  -0.602504
      2       0.569923   0.298121   0.765710
 P Eigenvalues: 
                  0          1          2    
      0     -33.980300   5.298795   8.219061
P(iso)  -6.820814
 Nucleus: 20 H 
 Shielding tensor (ppm): 
                  0          1          2    
      0      63.574917 -454.424881 -141.185933
      1     354.501252  -2.700980   0.340598
      2     106.234808 -14.196690  18.920257
 P Tensor eigenvectors:
                   0          1          2    
      0      -0.020145   0.948650  -0.315686
      1      -0.298602   0.295630   0.907436
      2       0.954165   0.112544   0.277313
 P Eigenvalues: 
                  0          1          2    
      0      21.029121  25.000915  33.764158
P(iso)  26.598065
 Nucleus: 22 H 
 Shielding tensor (ppm): 
                  0          1          2    
      0      76.050864 -52.428833 -174.082516
      1      80.455157  21.512917 -121.660474
      2     114.135047  92.701544  67.133105
 P Tensor eigenvectors:
                   0          1          2    
      0      -0.494864   0.783771  -0.375250
      1       0.790151   0.585567   0.181032
      2      -0.361622   0.206918   0.909073
 P Eigenvalues: 
                  0          1          2    
      0      27.422517  56.600458  80.673911
P(iso)  54.898962
 Nucleus: 23 H 
 Shielding tensor (ppm): 
                  0          1          2    
      0      83.048106 -64.285138 144.474942
      1     106.170220  13.252988  90.508717
      2     -96.101185 -65.992252  46.856333
 P Tensor eigenvectors:
                   0          1          2    
      0       0.382858  -0.684965   0.619873
      1      -0.780182  -0.599066  -0.180103
      2      -0.494709   0.414660   0.763754
 P Eigenvalues: 
                  0          1          2    
      0      19.496826  49.134632  74.525968
P(iso)  47.719142
 Nucleus: 25 H 
 Shielding tensor (ppm): 
                  0          1          2    
      0      60.582118 131.791827 106.904384
      1     -172.931988  70.982164 248.500895
      2     -77.578413 -176.886965  95.597286
 P Tensor eigenvectors:
                   0          1          2    
      0      -0.789506   0.346560  -0.506534
      1       0.323049   0.936393   0.137142
      2      -0.521843   0.055361   0.851243
 P Eigenvalues: 
                  0          1          2    
      0      81.705063  60.732990  84.723514
P(iso)  75.720522
 Nucleus: 26 H 
 Shielding tensor (ppm): 
                  0          1          2    
      0      63.675664 172.110818 -88.810317
      1     -234.811043  76.336642 -189.865666
      2      75.557148 140.854654 107.626467
 P Tensor eigenvectors:
                   0          1          2    
      0      -0.629380  -0.288719   0.721473
      1       0.279300  -0.950424  -0.136693
      2       0.725171   0.115475   0.678817
 P Eigenvalues: 
                  0          1          2    
      0      94.919821  64.313991  88.404961
P(iso)  82.546258
 Nucleus: 28 H 
 Shielding tensor (ppm): 
                  0          1          2    
      0      49.230373 -158.072562 -173.675293
      1     219.763806   2.418355 -342.008861
      2     108.562504 250.998396  28.176567
 P Tensor eigenvectors:
                   0          1          2    
      0      -0.776637   0.407874  -0.480076
      1       0.371776   0.911986   0.173389
      2      -0.508544   0.043821   0.859920
 P Eigenvalues: 
                  0          1          2    
      0      10.993103  28.402248  40.429945
P(iso)  26.608432
 Nucleus: 29 H 
 Shielding tensor (ppm): 
                  0          1          2    
      0      57.389153 -213.728322 152.330620
      1     305.255661  -0.371304 254.633541
      2     -109.725060 -184.097462   4.790303
 P Tensor eigenvectors:
                   0          1          2    
      0      -0.594856   0.357415  -0.720000
      1       0.361154   0.919050   0.157843
      2       0.718132  -0.166137  -0.675785
 P Eigenvalues: 
                  0          1          2    
      0       3.159624  23.914943  34.733584
P(iso)  20.602717
 Nucleus: 31 H 
 Shielding tensor (ppm): 
                  0          1          2    
      0       5.571790 306.979818 -103.721999
      1     -385.115257  59.252147 -324.365781
      2      84.462533 231.275761  43.589926
 P Tensor eigenvectors:
                   0          1          2    
      0      -0.624446  -0.304939   0.719082
      1       0.199650  -0.952372  -0.230495
      2       0.755121  -0.000367   0.655585
 P Eigenvalues: 
                  0          1          2    
      0      34.178128  31.534040  42.701695
P(iso)  36.137954
 Nucleus: 32 H 
 Shielding tensor (ppm): 
                  0          1          2    
      0       6.247573 232.165676 108.217828
      1     -276.295269  58.976567 413.559000
      2     -73.991505 -300.810748  27.415449
 P Tensor eigenvectors:
                   0          1          2    
      0       0.808185   0.303135   0.504923
      1      -0.196304   0.946986  -0.254326
      2       0.555250  -0.106424  -0.824846
 P Eigenvalues: 
                  0          1          2    
      0      24.876326  28.638568  39.124695
P(iso)  30.879863
 Nucleus: 34 H 
 Shielding tensor (ppm): 
                  0          1          2    
      0      37.073285  29.600614 -42.295383
      1     -105.881867 -114.104945  19.937228
      2       5.371114  -8.669810 -109.665358
 P Tensor eigenvectors:
                   0          1          2    
      0       0.733819   0.154057  -0.661646
      1      -0.672149   0.306028  -0.674213
      2       0.098615   0.939475   0.328119
 P Eigenvalues: 
                  0          1          2    
      0       1.552090 -112.299549 -75.949558
P(iso)  -62.232339
 Nucleus: 35 H 
 Shielding tensor (ppm): 
                  0          1          2    
      0      29.115405   4.906758 365.249580
      1      32.146688 -53.807131  73.193768
      2     -254.782642 -47.085271 -36.787368
 P Tensor eigenvectors:
                   0          1          2    
      0      -0.172380  -0.946633   0.272345
      1       0.984538  -0.174322   0.017245
      2       0.031151   0.271107   0.962045
 P Eigenvalues: 
                  0          1          2    
      0     -57.407552  -1.717648  -2.353894
P(iso)  -20.493031
 Nucleus: 36 H 
 Shielding tensor (ppm): 
                  0          1          2    
      0     -69.504586 -61.410400  -9.962203
      1     175.041780  20.091109 -44.779183
      2      -0.772837  23.180463 -97.005046
 P Tensor eigenvectors:
                   0          1          2    
      0       0.205838   0.278582  -0.938095
      1      -0.971760  -0.054839  -0.229510
      2      -0.115382   0.958846   0.259427
 P Eigenvalues: 
                  0          1          2    
      0     -10.159753 -97.986418 -38.272352
P(iso)  -48.806174
# -----------------------------------------------------------
$ EPRNMR_ATensor
   description: Hyperfine A tensor
   geom. index: 1
   prop. index: 1
 Number of stored nuclei 21
 Source density: 1 SCF 
 Spin multiplicity: 2 
 Nucleus: 7 H  
 Isotope: 1 
 Nuclear Spin:  0.5 
 Prefactor (MHz): 533.551395 
 Raw A tensor (MHz): 
                  0          1          2    
      0     -17.380457  -6.521699   0.108306
      1      -6.524157 -12.192484   0.702947
      2       0.108308   0.702434 -18.630880
 A Tensor eigenvectors:
                   0          1          2    
      0       0.559425  -0.149560   0.815277
      1      -0.827498  -0.043975   0.559744
      2      -0.047863  -0.987774  -0.148362
 A Eigenvalues: 
                  0          1          2    
      0      -7.741753 -18.583214 -21.878854
A(iso)  -16.067940
 Nucleus: 8 H  
 Isotope: 1 
 Nuclear Spin:  0.5 
 Prefactor (MHz): 533.551395 
 Raw A tensor (MHz): 
                  0          1          2    
      0       8.886520   2.071634  -0.830803
      1       2.072015   6.729765  -0.436675
      2      -0.830984  -0.436906   4.581904
 A Tensor eigenvectors:
                   0          1          2    
      0       0.166149   0.508885   0.844648
      1       0.037371  -0.859188   0.510294
      2       0.985392  -0.053220  -0.161771
 A Eigenvalues: 
                  0          1          2    
      0       4.425222   5.475545  10.297422
A(iso)  6.732730
 Nucleus: 10 H  
 Isotope: 1 
 Nuclear Spin:  0.5 
 Prefactor (MHz): 533.551395 
 Raw A tensor (MHz): 
                  0          1          2    
      0     -20.847935   0.204149  -5.496970
      1       0.202650 -75.268014   1.781029
      2      -5.496980   1.780881 -47.823923
 A Tensor eigenvectors:
                   0          1          2    
      0      -0.981304   0.192179  -0.010441
      1       0.002566   0.067310   0.997729
      2       0.192446   0.979049  -0.066545
 A Eigenvalues: 
                  0          1          2    
      0     -19.770440 -48.780513 -75.388918
A(iso)  -47.979957
 Nucleus: 11 H  
 Isotope: 1 
 Nuclear Spin:  0.5 
 Prefactor (MHz): 533.551395 
 Raw A tensor (MHz): 
                  0          1          2    
      0     -60.942860 -22.984857   3.686079
      1     -22.984862 -31.863042   2.845649
      2       3.685753   2.845930 -49.512754
 A Tensor eigenvectors:
                   0          1          2    
      0       0.480483   0.170509  -0.860269
      1      -0.876679   0.066692  -0.476430
      2      -0.023863   0.983097   0.181526
 A Eigenvalues: 
                  0          1          2    
      0     -19.188225 -48.680427 -74.450003
A(iso)  -47.439552
 Nucleus: 13 H  
 Isotope: 1 
 Nuclear Spin:  0.5 
 Prefactor (MHz): 533.551395 
 Raw A tensor (MHz): 
                  0          1          2    
      0       5.587934  -2.107801  -0.543014
      1      -2.108656   5.733909   0.421692
      2      -0.542922   0.421179   3.690565
 A Tensor eigenvectors:
                   0          1          2    
      0      -0.614882  -0.384806  -0.688364
      1      -0.451756  -0.543591   0.707407
      2      -0.646403   0.745945   0.160406
 A Eigenvalues: 
                  0          1          2    
      0       3.468216   3.663259   7.880932
A(iso)  5.004136
 Nucleus: 14 H  
 Isotope: 1 
 Nuclear Spin:  0.5 
 Prefactor (MHz): 533.551395 
 Raw A tensor (MHz): 
                  0          1          2    
      0      10.986743  -2.314109  -1.668100
      1      -2.314157   9.544548   0.865641
      2      -1.667189   0.865943   7.097447
 A Tensor eigenvectors:
                   0          1          2    
      0       0.345058  -0.521904   0.780097
      1      -0.004553  -0.832066  -0.554658
      2       0.938570   0.187837  -0.289488
 A Eigenvalues: 
                  0          1          2    
      0       6.480278   7.897508  13.250952
A(iso)  9.209579
 Nucleus: 16 H  
 Isotope: 1 
 Nuclear Spin:  0.5 
 Prefactor (MHz): 533.551395 
 Raw A tensor (MHz): 
                  0          1          2    
      0       0.742062  -2.035020   2.605188
      1      -2.035539  -0.257621  -0.862946
      2       2.604490  -0.862093  -1.521180
 A Tensor eigenvectors:
                   0          1          2    
      0       0.302678   0.594245  -0.745157
      1       0.855742   0.174787   0.486986
      2       0.419633  -0.785062  -0.455616
 A Eigenvalues: 
                  0          1          2    
      0      -1.400629  -3.299866   3.663756
A(iso)  -0.345580
 Nucleus: 17 H  
 Isotope: 1 
 Nuclear Spin:  0.5 
 Prefactor (MHz): 533.551395 
 Raw A tensor (MHz): 
                  0          1          2    
      0      -0.423467  -0.982860   1.065355
      1      -0.983460  -0.583077  -1.448169
      2       1.065179  -1.447460   0.113652
 A Tensor eigenvectors:
                   0          1          2    
      0      -0.848095   0.177438  -0.499251
      1      -0.150331   0.822955   0.547856
      2       0.508071   0.539687  -0.671269
 A Eigenvalues: 
                  0          1          2    
      0      -1.235985  -1.744286   2.087379
A(iso)  -0.297631
 Nucleus: 19 H  
 Isotope: 1 
 Nuclear Spin:  0.5 
 Prefactor (MHz): 533.551395 
 Raw A tensor (MHz): 
                  0          1          2    
      0       1.160327  -0.478556   0.035770
      1      -0.478731  -0.531879  -0.093500
      2       0.035636  -0.093529  -0.697774
 A Tensor eigenvectors:
                   0          1          2    
      0       0.219459  -0.134338  -0.966329
      1       0.759026  -0.598780   0.255621
      2      -0.612958  -0.789567  -0.029441
 A Eigenvalues: 
                  0          1          2    
      0      -0.594758  -0.762614   1.288047
A(iso)  -0.023108
 Nucleus: 20 H  
 Isotope: 1 
 Nuclear Spin:  0.5 
 Prefactor (MHz): 533.551395 
 Raw A tensor (MHz): 
                  0          1          2    
      0       0.915920  -0.696482   0.096937
      1      -0.696665   0.267669  -0.027357
      2       0.096906  -0.027307  -0.219306
 A Tensor eigenvectors:
                   0          1          2    
      0       0.464314  -0.273933   0.842243
      1       0.778047  -0.328187  -0.535664
      2       0.423149   0.904021   0.060750
 A Eigenvalues: 
                  0          1          2    
      0      -0.162969  -0.238700   1.365952
A(iso)  0.321428
 Nucleus: 22 H  
 Isotope: 1 
 Nuclear Spin:  0.5 
 Prefactor (MHz): 533.551395 
 Raw A tensor (MHz): 
                  0          1          2    
      0      28.558840   1.549846  -1.372344
      1       1.549497  28.383157  -0.761378
      2      -1.371730  -0.761721  27.660162
 A Tensor eigenvectors:
                   0          1          2    
      0      -0.693241  -0.234176   0.681600
      1       0.320519   0.746890   0.582600
      2      -0.645512   0.622348  -0.442716
 A Eigenvalues: 
                  0          1          2    
      0      26.564830  27.262619  30.774709
A(iso)  28.200719
 Nucleus: 23 H  
 Isotope: 1 
 Nuclear Spin:  0.5 
 Prefactor (MHz): 533.551395 
 Raw A tensor (MHz): 
                  0          1          2    
      0      28.959967   1.783062   0.681619
      1       1.782567  28.164854   0.117267
      2       0.680932   0.117394  26.610548
 A Tensor eigenvectors:
                   0          1          2    
      0      -0.458345   0.427183   0.779381
      1       0.383092  -0.696316   0.606947
      2       0.801972   0.576766   0.155502
 A Eigenvalues: 
                  0          1          2    
      0      26.277388  26.973754  30.484226
A(iso)  27.911790
 Nucleus: 25 H  
 Isotope: 1 
 Nuclear Spin:  0.5 
 Prefactor (MHz): 533.551395 
 Raw A tensor (MHz): 
                  0          1          2    
      0      -0.986203  -0.180766  -0.060522
      1      -0.180177   1.002861   0.402672
      2      -0.060328   0.402408  -1.016320
 A Tensor eigenvectors:
                   0          1          2    
      0      -0.963750   0.089771   0.251251
      1      -0.133585  -0.977517  -0.163141
      2       0.230956  -0.190790   0.954075
 A Eigenvalues: 
                  0          1          2    
      0      -0.996723   1.097223  -1.100162
A(iso)  -0.333221
 Nucleus: 26 H  
 Isotope: 1 
 Nuclear Spin:  0.5 
 Prefactor (MHz): 533.551395 
 Raw A tensor (MHz): 
                  0          1          2    
      0      -0.933173  -0.313556   0.067292
      1      -0.313096   0.928133  -0.489326
      2       0.066974  -0.488998  -0.966423
 A Tensor eigenvectors:
                   0          1          2    
      0       0.984322   0.082422   0.155941
      1       0.131363   0.247429  -0.959960
      2      -0.117706   0.965394   0.232722
 A Eigenvalues: 
                  0          1          2    
      0      -0.982972  -1.085995   1.097504
A(iso)  -0.323821
 Nucleus: 28 H  
 Isotope: 1 
 Nuclear Spin:  0.5 
 Prefactor (MHz): 533.551395 
 Raw A tensor (MHz): 
                  0          1          2    
      0      -0.028174   0.335289  -0.102447
      1       0.335472   0.693464  -0.219646
      2      -0.102491  -0.219537  -0.064516
 A Tensor eigenvectors:
                   0          1          2    
      0      -0.236791   0.903319   0.357693
      1       0.342826  -0.266796   0.900717
      2       0.909066   0.335908  -0.246506
 A Eigenvalues: 
                  0          1          2    
      0      -0.120602  -0.165389   0.886765
A(iso)  0.200258
 Nucleus: 29 H  
 Isotope: 1 
 Nuclear Spin:  0.5 
 Prefactor (MHz): 533.551395 
 Raw A tensor (MHz): 
                  0          1          2    
      0       0.026420   0.384527   0.040932
      1       0.384742   0.723023   0.040808
      2       0.040919   0.040723  -0.127427
 A Tensor eigenvectors:
                   0          1          2    
      0      -0.514892   0.755134  -0.405782
      1       0.275769  -0.302286  -0.912455
      2      -0.811688  -0.581718  -0.052598
 A Eigenvalues: 
                  0          1          2    
      0      -0.115236  -0.159204   0.896456
A(iso)  0.207339
 Nucleus: 31 H  
 Isotope: 1 
 Nuclear Spin:  0.5 
 Prefactor (MHz): 533.551395 
 Raw A tensor (MHz): 
                  0          1          2    
      0      -0.114773   0.026039  -0.006620
      1       0.026152   0.395992  -0.095858
      2      -0.006646  -0.095826  -0.113991
 A Tensor eigenvectors:
                   0          1          2    
      0       0.991627   0.118826  -0.050550
      1      -0.070677   0.171806  -0.982592
      2      -0.108073   0.977938   0.178766
 A Eigenvalues: 
                  0          1          2    
      0      -0.115913  -0.131631   0.414772
A(iso)  0.055743
 Nucleus: 32 H  
 Isotope: 1 
 Nuclear Spin:  0.5 
 Prefactor (MHz): 533.551395 
 Raw A tensor (MHz): 
                  0          1          2    
      0      -0.111531   0.048017   0.000539
      1       0.048144   0.409708   0.041425
      2       0.000534   0.041392  -0.127012
 A Tensor eigenvectors:
                   0          1          2    
      0       0.974832  -0.203853   0.090256
      1      -0.072537   0.092795   0.993040
      2      -0.210809  -0.974594   0.075673
 A Eigenvalues: 
                  0          1          2    
      0      -0.115230  -0.130843   0.417238
A(iso)  0.057055
 Nucleus: 34 H  
 Isotope: 1 
 Nuclear Spin:  0.5 
 Prefactor (MHz): 533.551395 
 Raw A tensor (MHz): 
                  0          1          2    
      0       2.808605   0.325815   0.131726
      1       0.325648   5.216901  -0.132184
      2       0.131707  -0.132231   3.683248
 A Tensor eigenvectors:
                   0          1          2    
      0      -0.978174   0.164319   0.127182
      1       0.137108   0.050500   0.989268
      2       0.156133   0.985114  -0.071927
 A Eigenvalues: 
                  0          1          2    
      0       2.741935   3.698437   5.268382
A(iso)  3.902918
 Nucleus: 35 H  
 Isotope: 1 
 Nuclear Spin:  0.5 
 Prefactor (MHz): 533.551395 
 Raw A tensor (MHz): 
                  0          1          2    
      0       1.413498  -0.388576   0.461011
      1      -0.388794   0.369395  -0.145168
      2       0.460895  -0.145037   0.475395
 A Tensor eigenvectors:
                   0          1          2    
      0       0.355304  -0.297256   0.886227
      1       0.926520   0.237532  -0.291786
      2      -0.123772   0.924780   0.359810
 A Eigenvalues: 
                  0          1          2    
      0       0.239657   0.290018   1.728612
A(iso)  0.752763
 Nucleus: 36 H  
 Isotope: 1 
 Nuclear Spin:  0.5 
 Prefactor (MHz): 533.551395 
 Raw A tensor (MHz): 
                  0          1          2    
      0      -0.122344   0.092825  -0.006780
      1       0.092917   0.230550  -0.029698
      2      -0.006793  -0.029697  -0.139432
 A Tensor eigenvectors:
                   0          1          2    
      0       0.161349   0.957526   0.238977
      1       0.038436  -0.248063   0.967981
      2       0.986149  -0.146997  -0.076828
 A Eigenvalues: 
                  0          1          2    
      0      -0.141700  -0.145372   0.255845
A(iso)  -0.010409
# -------------------------------------------------------------
----------------------- !GEOMETRIES! ------------------------
# -------------------------------------------------------------
------------------------ !GEOMETRY! -------------------------
    Number of atoms:    37 
    Geometry Index:     1 
    Coordinates:
               0 C     -2.631135263092    0.136091960275    0.158158827444
               1 C      1.583586680723   -0.229530999005   -0.498371687383
               2 C      0.972297063131    1.076576534500   -0.473268908829
               3 C     -0.437260909956    1.141039436851   -0.247916474356
               4 C     -1.217518593697   -0.004301854979   -0.061468694187
               5 C     -0.612769869916   -1.298720140885   -0.094606740671
               6 C      0.776447199775   -1.359050523376   -0.313968716685
               7 H     -0.919968112504    2.114042597706   -0.224748780533
               8 H      1.255317302819   -2.333399006657   -0.347294232727
               9 C      1.697853221278    2.276430674074   -0.666396151429
              10 H      2.764407132369    2.285723816166   -0.852533045709
              11 H      1.186985343680    3.233503170549   -0.643843995681
              12 C      3.076798396093   -0.402683992710   -0.692801030131
              13 H      3.274958490287   -1.422277408880   -1.045015612056
              14 H      3.439862340733    0.272421092287   -1.477924020459
              15 C      3.899103212672   -0.160579248221    0.597831993851
              16 H      3.687596561176    0.844664293201    0.979705277636
              17 H      3.558833004694   -0.862550917957    1.368882294871
              18 C      5.411564300033   -0.325853003827    0.372392909069
              19 H      5.780492057293    0.389290289000   -0.371627718966
              20 H      5.649364117614   -1.332683528708    0.010611285989
              21 C     -1.475198950315   -2.534705447202    0.096261819081
              22 H     -1.995412156152   -2.445170767204    1.060021096870
              23 H     -2.273793199462   -2.514644715380   -0.658142980287
              24 C     -0.761574709241   -3.894276570712    0.034736773094
              25 H     -0.255166319517   -4.007360685632   -0.933225802359
              26 H      0.019091146338   -3.943050203493    0.805681571215
              27 C     -1.732454240438   -5.072972504185    0.230700815867
              28 H     -2.242415463565   -4.963898360975    1.197029773993
              29 H     -2.514907348799   -5.026960752630   -0.538305909669
              30 C     -1.035667307484   -6.443315291664    0.170758879350
              31 H     -0.269787912243   -6.530091006567    0.949819019743
              32 H     -0.543315330517   -6.592334044631   -0.796918133145
              33 C     -3.831533946110    0.245077134141    0.347929659175
              34 H     -4.879254158418    0.347223968816    0.514954628062
              35 H      5.969680379875   -0.162327571618    1.300027167170
              36 H     -1.750637719156   -7.260504040468    0.311773472781
