-------------------------------------------------------------
----------------------- !PROPERTIES! ------------------------
-------------------------------------------------------------
# -----------------------------------------------------------
$ PAL_Flags
   description: The PAL Flags
   geom. index: 1
   prop. index: 1
        Diskflag:     2
# -----------------------------------------------------------
$ SCF_Energy
   description: The SCF energy
   geom. index: 1
   prop. index: 1
        SCF Energy:     -621.9212319705
# -----------------------------------------------------------
$ DFT_Energy
   description: The DFT energy
   geom. index: 1
   prop. index: 1
   Number of Alpha Electrons                 59.0000439326 
   Number of Beta  Electrons                 58.0000382751 
   Total number of  Electrons               117.0000822077 
   Exchange energy                          -71.5707472415 
   Correlation energy                        -4.5100242881 
   Correlation energy NL                      0.0000000000 
   Exchange-Correlation energy              -76.0807715296 
   Embedding correction                       0.0000000000 
   Total DFT Energy (No VdW correction)    -621.9212319705 
# -----------------------------------------------------------
$ Mayer_Pop
   description: The Mayer population analysis
   geom. index: 1
   prop. index: 1
     Number of atoms                     : 37
     Threshold for printing              : 0.1000000
     Number of bond orders printed       : 42
  NA   - Mulliken gross atomic population
  ZA   - Total nuclear charge
  QA   - Mulliken gross atomic charge
  VA   - Mayer's total valence
  BVA  - Mayer's bonded valence
  FA   - Mayer's free valence
  ATOM       NA         ZA         QA         VA         BVA        FA
  0   0     5.9859     6.0000     0.0141     3.8431     3.8427     0.0004
  1   0     5.7576     6.0000     0.2424     3.9791     3.9383     0.0408
  2   0     5.5242     6.0000     0.4758     3.8676     3.8527     0.0149
  3   0     6.4459     6.0000    -0.4459     4.2966     4.2589     0.0377
  4   0     5.5638     6.0000     0.4362     3.9584     3.9512     0.0072
  5   0     5.7188     6.0000     0.2812     3.8422     3.7956     0.0466
  6   0     6.3819     6.0000    -0.3819     4.4018     4.3927     0.0091
  7   0     0.8789     1.0000     0.1211     0.9637     0.9635     0.0002
  8   0     0.8825     1.0000     0.1175     0.9714     0.9714     0.0000
  9   0     6.5863     6.0000    -0.5863     3.8698     3.4361     0.4337
 10   0     0.8482     1.0000     0.1518     0.9738     0.9726     0.0012
 11   0     0.8502     1.0000     0.1498     0.9723     0.9711     0.0012
 12   0     6.4269     6.0000    -0.4269     3.9524     3.9522     0.0002
 13   0     0.8632     1.0000     0.1368     0.9734     0.9734     0.0000
 14   0     0.8584     1.0000     0.1416     0.9703     0.9703     0.0000
 15   0     6.2640     6.0000    -0.2640     3.8867     3.8866     0.0001
 16   0     0.8416     1.0000     0.1584     0.9691     0.9691     0.0000
 17   0     0.8450     1.0000     0.1550     0.9680     0.9680     0.0000
 18   0     6.5125     6.0000    -0.5125     3.8786     3.8786     0.0000
 19   0     0.8385     1.0000     0.1615     0.9647     0.9647     0.0000
 20   0     0.8374     1.0000     0.1626     0.9638     0.9638     0.0000
 21   0     6.3884     6.0000    -0.3884     4.0578     4.0575     0.0003
 22   0     0.8437     1.0000     0.1563     0.9619     0.9618     0.0001
 23   0     0.8445     1.0000     0.1555     0.9621     0.9620     0.0001
 24   0     6.2682     6.0000    -0.2682     4.0095     4.0095     0.0000
 25   0     0.8589     1.0000     0.1411     0.9663     0.9663     0.0000
 26   0     0.8592     1.0000     0.1408     0.9663     0.9663     0.0000
 27   0     6.2633     6.0000    -0.2633     3.8893     3.8893     0.0000
 28   0     0.8546     1.0000     0.1454     0.9669     0.9669     0.0000
 29   0     0.8545     1.0000     0.1455     0.9670     0.9670     0.0000
 30   0     6.5126     6.0000    -0.5126     3.8991     3.8991     0.0000
 31   0     0.8408     1.0000     0.1592     0.9654     0.9654     0.0000
 32   0     0.8404     1.0000     0.1596     0.9652     0.9652     0.0000
 33   0     6.5393     6.0000    -0.5393     3.8879     3.8864     0.0015
 34   0     0.8173     1.0000     0.1827     0.9774     0.9774     0.0000
 35   0     0.8484     1.0000     0.1516     0.9667     0.9667     0.0000
 36   0     0.8542     1.0000     0.1458     0.9665     0.9665     0.0000
      Bond orders larger than 0.1000000
           Atom A     A.N. of A          Atom B    A.N. of B              Bond order
                0             6               4            6                0.920409
                0             6              33            6                2.716102
                1             6               2            6                1.368211
                1             6               5            6                0.111022
                1             6               6            6                1.504516
                1             6               9            6                0.111108
                1             6              12            6                0.820155
                2             6               3            6                1.257368
                2             6               4            6                0.112805
                2             6               6            6                0.140757
                2             6               9            6                1.099495
                3             6               4            6                1.471489
                3             6               7            1                0.981548
                3             6               9            6                0.138979
                4             6               5            6                1.337201
                5             6               6            6                1.410267
                5             6              21            6                0.940905
                6             6               8            1                0.978355
                9             6              10            1                0.964671
                9             6              11            1                0.981616
               12             6              13            1                0.991525
               12             6              14            1                0.971424
               12             6              15            6                0.975226
               15             6              16            1                0.971023
               15             6              17            1                0.973773
               15             6              18            6                0.952192
               18             6              19            1                0.973208
               18             6              20            1                0.972376
               18             6              35            1                0.970909
               21             6              22            1                0.958127
               21             6              23            1                0.958354
               21             6              24            6                1.018436
               24             6              25            1                0.961868
               24             6              26            1                0.962003
               24             6              27            6                0.985594
               27             6              28            1                0.971521
               27             6              29            1                0.971836
               27             6              30            6                0.953970
               30             6              31            1                0.973189
               30             6              32            1                0.973019
               30             6              36            1                0.967750
               33             6              34            1                0.981092
# -----------------------------------------------------------
$ Calculation_Info
   description: Details of the calculation
   geom. index: 1
   prop. index: 1
     Multiplicity:                          2
     Charge:                                0
     number of atoms:                       37
     number of electrons:                   0
     number of frozen core electrons:       1
     number of correlated electrons:        0
     number of basis functions:             419
     number of aux C basis functions:       2878
     number of aux J basis functions:       2878
     number of aux JK basis functions:      2878
     number of aux CABS basis functions:    0
     Total Energy                           -621.921232
# -----------------------------------------------------------
$ SCF_Electric_Properties
   description: The SCF Calculated Electric Properties
   geom. index: 1
   prop. index: 1
       Filename                          : EPRII_i.scfp 
       Do Dipole Moment Calculation      : true 
       Do Quadrupole Moment Calculation  : false 
       Do Polarizability Calculation     : false 
** Dipole moment part of electric properties **
        Magnitude of dipole moment (Debye) :        1.1252627919
        Electronic Contribution:
                  0    
      0     -11.634390
      1      14.704281
      2      -1.626372
        Nuclear Contribution:
                  0    
      0      11.923045
      1     -15.037324
      2       1.668175
        Total Dipole moment:
                  0    
      0       0.288655
      1      -0.333042
      2       0.041803
# -----------------------------------------------------------
$ EPRNMR_GTensor
   description: Electronic g tensor
   geom. index: 1
   prop. index: 1
 Source density: 1 SCF 
 Spin multiplicity: 2 
 raw g tensor: 
                  0          1          2    
      0       2.002734  -0.000018  -0.000102
      1      -0.000013   2.002782  -0.000041
      2      -0.000135  -0.000104   2.002251
 g tensor: 
                  0          1          2    
      0       0.223059   0.974794   0.004509
      1       0.129883  -0.034304   0.990936
      2       0.966113  -0.220452  -0.134261
 G eigenvalues: 
                  0          1          2    
      0       2.002214   2.002762   2.002792
# -----------------------------------------------------------
$ EPRNMR_OrbitalShielding
   description: Orbital contribution to the NMR Shielding tensor (ppm)
   geom. index: 1
   prop. index: 1
 Number of stored nuclei 21
 Source density: 1 SCF 
 Nucleus: 7 H 
 Shielding tensor (ppm): 
                  0          1          2    
      0      27.644481   3.876629  -1.164331
      1       3.473655  24.376317  -0.749833
      2      -1.056673  -0.889697  21.358099
 P Tensor eigenvectors:
                   0          1          2    
      0       0.076509  -0.559114  -0.825553
      1       0.161530   0.823993  -0.543088
      2       0.983898  -0.091801   0.153357
 P Eigenvalues: 
                  0          1          2    
      0      21.136727  21.996239  30.245930
P(iso)  24.459632
 Nucleus: 8 H 
 Shielding tensor (ppm): 
                  0          1          2    
      0      29.723546   5.914663  -1.393305
      1       5.848361  24.748087  -0.698543
      2      -1.121283  -0.280112  20.326923
 P Tensor eigenvectors:
                   0          1          2    
      0       0.272329   0.486556   0.830120
      1      -0.238973  -0.801496   0.548176
      2       0.932056  -0.347660  -0.101997
 P Eigenvalues: 
                  0          1          2    
      0      20.090475  20.956986  33.751096
P(iso)  24.932852
 Nucleus: 10 H 
 Shielding tensor (ppm): 
                  0          1          2    
      0      24.911133  -0.766251   0.260326
      1       1.266630  31.005520  -1.522457
      2       0.196085  -0.429602  23.624035
 P Tensor eigenvectors:
                   0          1          2    
      0      -0.165285  -0.984802  -0.053349
      1       0.144450   0.029336  -0.989077
      2       0.975610  -0.171186   0.137405
 P Eigenvalues: 
                  0          1          2    
      0      23.452576  24.950951  31.137162
P(iso)  26.513563
 Nucleus: 11 H 
 Shielding tensor (ppm): 
                  0          1          2    
      0      27.574091   2.768041  -0.496289
      1       0.999953  27.904574  -0.561235
      2      -0.375850  -1.398604  24.536088
 P Tensor eigenvectors:
                   0          1          2    
      0      -0.029271  -0.768664  -0.638983
      1       0.264101   0.610593  -0.746610
      2       0.964051  -0.190610   0.185132
 P Eigenvalues: 
                  0          1          2    
      0      24.270134  25.918767  29.825851
P(iso)  26.671584
 Nucleus: 13 H 
 Shielding tensor (ppm): 
                  0          1          2    
      0      30.656049   0.406329   0.265563
      1       1.745607  31.299953   2.626059
      2      -0.927063   4.101811  26.730352
 P Tensor eigenvectors:
                   0          1          2    
      0       0.122805  -0.947362  -0.295675
      1      -0.464953   0.208289  -0.860485
      2       0.876777   0.243147  -0.414900
 P Eigenvalues: 
                  0          1          2    
      0      24.840636  30.520372  33.325346
P(iso)  29.562118
 Nucleus: 14 H 
 Shielding tensor (ppm): 
                  0          1          2    
      0      29.438816   0.509122  -0.668852
      1      -1.134752  28.666625  -2.311429
      2      -2.258213  -2.643762  29.026741
 P Tensor eigenvectors:
                   0          1          2    
      0       0.320918  -0.857482  -0.402165
      1       0.653553   0.507820  -0.561237
      2       0.685479  -0.082725   0.723378
 P Eigenvalues: 
                  0          1          2    
      0      25.920337  29.509824  31.702022
P(iso)  29.044061
 Nucleus: 16 H 
 Shielding tensor (ppm): 
                  0          1          2    
      0      30.733280  -2.318999   0.755595
      1      -1.764067  31.540056   2.918503
      2       2.955580   3.538298  27.826306
 P Tensor eigenvectors:
                   0          1          2    
      0      -0.394869   0.847781  -0.354043
      1      -0.485778   0.134424   0.863684
      2       0.779806   0.513028   0.358754
 P Eigenvalues: 
                  0          1          2    
      0      24.784060  31.576838  33.738744
P(iso)  30.033214
 Nucleus: 17 H 
 Shielding tensor (ppm): 
                  0          1          2    
      0      31.613645   1.823243  -0.666855
      1       1.480670  28.078369  -2.898207
      2       0.858732  -3.954208  31.560405
 P Tensor eigenvectors:
                   0          1          2    
      0      -0.233911   0.911045  -0.339534
      1       0.834812   0.009190  -0.550458
      2       0.498371   0.412205   0.762701
 P Eigenvalues: 
                  0          1          2    
      0      25.618194  31.678061  33.956164
P(iso)  30.417473
 Nucleus: 19 H 
 Shielding tensor (ppm): 
                  0          1          2    
      0      33.114300   2.968757  -2.943349
      1       2.228588  30.481157  -2.716144
      2      -1.671003  -3.112221  29.402336
 P Tensor eigenvectors:
                   0          1          2    
      0       0.031872   0.703125  -0.710352
      1       0.624704  -0.568802  -0.534986
      2       0.780211   0.426708   0.457373
 P Eigenvalues: 
                  0          1          2    
      0      26.975109  29.538067  36.484616
P(iso)  30.999264
 Nucleus: 20 H 
 Shielding tensor (ppm): 
                  0          1          2    
      0      32.224724  -3.709062  -0.999681
      1      -2.592104  33.567044   1.597071
      2      -0.045556   1.758787  27.285771
 P Tensor eigenvectors:
                   0          1          2    
      0      -0.059802   0.799240  -0.598029
      1      -0.268770   0.564084   0.780751
      2       0.961346   0.207423   0.181079
 P Eigenvalues: 
                  0          1          2    
      0      26.848899  29.817903  36.410737
P(iso)  31.025846
 Nucleus: 22 H 
 Shielding tensor (ppm): 
                  0          1          2    
      0      27.362130  -1.754133  -3.436281
      1      -1.228618  31.629637   0.454464
      2      -4.855777  -0.292258  28.154360
 P Tensor eigenvectors:
                   0          1          2    
      0       0.736645  -0.388891   0.553280
      1       0.121115  -0.729032  -0.673679
      2       0.665347   0.563272  -0.489937
 P Eigenvalues: 
                  0          1          2    
      0      23.458257  30.785741  32.902129
P(iso)  29.048709
 Nucleus: 23 H 
 Shielding tensor (ppm): 
                  0          1          2    
      0      29.941571  -1.394665   3.076212
      1      -0.973056  31.736221  -0.565839
      2       4.535857   0.403747  25.512399
 P Tensor eigenvectors:
                   0          1          2    
      0      -0.492770  -0.539682   0.682584
      1      -0.052593  -0.764529  -0.642440
      2       0.868569  -0.352474   0.348353
 P Eigenvalues: 
                  0          1          2    
      0      23.293157  30.867672  33.029362
P(iso)  29.063397
 Nucleus: 25 H 
 Shielding tensor (ppm): 
                  0          1          2    
      0      29.623372   1.226207  -3.973303
      1       0.821895  31.517805   0.278715
      2      -3.653763   1.495993  29.636538
 P Tensor eigenvectors:
                   0          1          2    
      0       0.695185   0.111034  -0.710203
      1      -0.209949   0.976281  -0.052877
      2       0.687487   0.185866   0.702008
 P Eigenvalues: 
                  0          1          2    
      0      25.512802  31.816105  33.448808
P(iso)  30.259238
 Nucleus: 26 H 
 Shielding tensor (ppm): 
                  0          1          2    
      0      31.935452   1.029626   3.299227
      1       0.991666  31.336258  -0.720058
      2       3.097519  -1.910667  27.457891
 P Tensor eigenvectors:
                   0          1          2    
      0      -0.455453  -0.011172  -0.890190
      1       0.254499   0.956559  -0.142216
      2       0.853108  -0.291325  -0.432824
 P Eigenvalues: 
                  0          1          2    
      0      25.346984  31.739496  33.643121
P(iso)  30.243200
 Nucleus: 28 H 
 Shielding tensor (ppm): 
                  0          1          2    
      0      29.620718  -0.431316  -4.868549
      1      -0.147876  31.101898  -0.081740
      2      -4.521603  -0.697026  30.398516
 P Tensor eigenvectors:
                   0          1          2    
      0       0.734959  -0.074102  -0.674050
      1       0.075883   0.996755  -0.026839
      2       0.673852  -0.031424   0.738198
 P Eigenvalues: 
                  0          1          2    
      0      25.259794  31.138377  34.722960
P(iso)  30.373711
 Nucleus: 29 H 
 Shielding tensor (ppm): 
                  0          1          2    
      0      32.435242   0.109723   4.248751
      1       0.170071  31.165794  -0.092170
      2       3.933800   0.622773  27.531424
 P Tensor eigenvectors:
                   0          1          2    
      0      -0.494508  -0.073171  -0.866088
      1      -0.021467   0.997174  -0.071988
      2       0.868908  -0.017007  -0.494681
 P Eigenvalues: 
                  0          1          2    
      0      25.209448  31.152309  34.770703
P(iso)  30.377487
 Nucleus: 31 H 
 Shielding tensor (ppm): 
                  0          1          2    
      0      31.317211  -1.694582   3.933371
      1      -2.645907  31.269930  -2.271842
      2       3.332137  -1.947515  30.357790
 P Tensor eigenvectors:
                   0          1          2    
      0      -0.645550   0.416168   0.640367
      1       0.050365   0.859859  -0.508040
      2       0.762055   0.295713   0.576043
 P Eigenvalues: 
                  0          1          2    
      0      27.164878  29.466406  36.313647
P(iso)  30.981644
 Nucleus: 32 H 
 Shielding tensor (ppm): 
                  0          1          2    
      0      29.156532  -1.293467  -3.461379
      1      -2.059429  31.606555   3.031746
      2      -2.764498   2.474921  32.191251
 P Tensor eigenvectors:
                   0          1          2    
      0      -0.847940   0.301975  -0.435671
      1       0.009066   0.830019   0.557662
      2      -0.530015  -0.468914   0.706544
 P Eigenvalues: 
                  0          1          2    
      0      27.210510  29.409668  36.334159
P(iso)  30.984779
 Nucleus: 34 H 
 Shielding tensor (ppm): 
                  0          1          2    
      0      35.600487  -1.585330  -1.732867
      1      -2.055643  26.101328   0.247353
      2      -1.680046   0.161658  24.657231
 P Tensor eigenvectors:
                   0          1          2    
      0       0.158635  -0.164771   0.973491
      1       0.050722  -0.983315  -0.174699
      2       0.986034   0.077091  -0.147630
 P Eigenvalues: 
                  0          1          2    
      0      24.393648  25.773073  36.192324
P(iso)  28.786348
 Nucleus: 35 H 
 Shielding tensor (ppm): 
                  0          1          2    
      0      33.937821   0.634398   5.133366
      1       0.414543  26.856190   0.738788
      2       4.361781   0.769969  31.490550
 P Tensor eigenvectors:
                   0          1          2    
      0      -0.087043   0.616248   0.782727
      1      -0.967038  -0.240998   0.082202
      2       0.239293  -0.749772   0.616913
 P Eigenvalues: 
                  0          1          2    
      0      26.716599  27.880414  37.687548
P(iso)  30.761520
 Nucleus: 36 H 
 Shielding tensor (ppm): 
                  0          1          2    
      0      29.617890   2.578125  -0.628099
      1       3.782938  36.301408  -0.949225
      2      -0.658511  -0.747001  26.292657
 P Tensor eigenvectors:
                   0          1          2    
      0       0.151843   0.912150   0.380692
      1       0.035156  -0.389898   0.920187
      2       0.987779  -0.126340  -0.091271
 P Eigenvalues: 
                  0          1          2    
      0      26.163773  28.383277  37.664907
P(iso)  30.737319
# -----------------------------------------------------------
$ EPRNMR_ATensor
   description: Hyperfine A tensor
   geom. index: 1
   prop. index: 1
 Number of stored nuclei 21
 Source density: 1 SCF 
 Spin multiplicity: 2 
 Nucleus: 7 H  
 Isotope: 1 
 Nuclear Spin:  0.5 
 Prefactor (MHz): 533.551395 
 Raw A tensor (MHz): 
                  0          1          2    
      0     -17.379997  -6.521635   0.108294
      1      -6.524092 -12.192205   0.702944
      2       0.108295   0.702432 -18.630471
 A Tensor eigenvectors:
                   0          1          2    
      0       0.559428  -0.149560   0.815274
      1      -0.827496  -0.043975   0.559747
      2      -0.047864  -0.987774  -0.148361
 A Eigenvalues: 
                  0          1          2    
      0      -7.741476 -18.582807 -21.878390
A(iso)  -16.067558
 Nucleus: 8 H  
 Isotope: 1 
 Nuclear Spin:  0.5 
 Prefactor (MHz): 533.551395 
 Raw A tensor (MHz): 
                  0          1          2    
      0       8.886033   2.071550  -0.830786
      1       2.071931   6.729420  -0.436664
      2      -0.830967  -0.436896   4.581496
 A Tensor eigenvectors:
                   0          1          2    
      0       0.166149   0.508890   0.844645
      1       0.037372  -0.859185   0.510298
      2       0.985392  -0.053220  -0.161771
 A Eigenvalues: 
                  0          1          2    
      0       4.424818   5.475237  10.296895
A(iso)  6.732316
 Nucleus: 10 H  
 Isotope: 1 
 Nuclear Spin:  0.5 
 Prefactor (MHz): 533.551395 
 Raw A tensor (MHz): 
                  0          1          2    
      0     -20.848185   0.204143  -5.496988
      1       0.202644 -75.268447   1.781032
      2      -5.496998   1.780884 -47.824288
 A Tensor eigenvectors:
                   0          1          2    
      0      -0.981304   0.192179  -0.010441
      1       0.002566   0.067310   0.997729
      2       0.192446   0.979049  -0.066545
 A Eigenvalues: 
                  0          1          2    
      0     -19.770688 -48.780881 -75.389351
A(iso)  -47.980307
 Nucleus: 11 H  
 Isotope: 1 
 Nuclear Spin:  0.5 
 Prefactor (MHz): 533.551395 
 Raw A tensor (MHz): 
                  0          1          2    
      0     -60.943221 -22.984941   3.686085
      1     -22.984946 -31.863309   2.845662
      2       3.685759   2.845944 -49.513092
 A Tensor eigenvectors:
                   0          1          2    
      0       0.480483   0.170509  -0.860269
      1      -0.876679   0.066692  -0.476430
      2      -0.023863   0.983097   0.181526
 A Eigenvalues: 
                  0          1          2    
      0     -19.188443 -48.680765 -74.450415
A(iso)  -47.439874
 Nucleus: 13 H  
 Isotope: 1 
 Nuclear Spin:  0.5 
 Prefactor (MHz): 533.551395 
 Raw A tensor (MHz): 
                  0          1          2    
      0       5.587841  -2.107788  -0.543012
      1      -2.108642   5.733830   0.421693
      2      -0.542920   0.421180   3.690482
 A Tensor eigenvectors:
                   0          1          2    
      0      -0.614873  -0.384822  -0.688363
      1      -0.451741  -0.543602   0.707409
      2      -0.646422   0.745928   0.160406
 A Eigenvalues: 
                  0          1          2    
      0       3.468139   3.663180   7.880833
A(iso)  5.004051
 Nucleus: 14 H  
 Isotope: 1 
 Nuclear Spin:  0.5 
 Prefactor (MHz): 533.551395 
 Raw A tensor (MHz): 
                  0          1          2    
      0      10.986514  -2.314118  -1.668095
      1      -2.314166   9.544348   0.865639
      2      -1.667184   0.865942   7.097241
 A Tensor eigenvectors:
                   0          1          2    
      0       0.345061  -0.521904   0.780095
      1      -0.004550  -0.832064  -0.554660
      2       0.938569   0.187842  -0.289487
 A Eigenvalues: 
                  0          1          2    
      0       6.480072   7.897292  13.250739
A(iso)  9.209368
 Nucleus: 16 H  
 Isotope: 1 
 Nuclear Spin:  0.5 
 Prefactor (MHz): 533.551395 
 Raw A tensor (MHz): 
                  0          1          2    
      0       0.742098  -2.035030   2.605184
      1      -2.035549  -0.257589  -0.862960
      2       2.604486  -0.862107  -1.521142
 A Tensor eigenvectors:
                   0          1          2    
      0       0.302680   0.594245  -0.745156
      1       0.855741   0.174786   0.486987
      2       0.419633  -0.785062  -0.455616
 A Eigenvalues: 
                  0          1          2    
      0      -1.400611  -3.299824   3.663802
A(iso)  -0.345545
 Nucleus: 17 H  
 Isotope: 1 
 Nuclear Spin:  0.5 
 Prefactor (MHz): 533.551395 
 Raw A tensor (MHz): 
                  0          1          2    
      0      -0.423434  -0.982857   1.065349
      1      -0.983456  -0.583037  -1.448158
      2       1.065173  -1.447449   0.113676
 A Tensor eigenvectors:
                   0          1          2    
      0      -0.848094   0.177438  -0.499251
      1      -0.150331   0.822954   0.547857
      2       0.508072   0.539688  -0.671268
 A Eigenvalues: 
                  0          1          2    
      0      -1.235951  -1.744241   2.087397
A(iso)  -0.297598
 Nucleus: 19 H  
 Isotope: 1 
 Nuclear Spin:  0.5 
 Prefactor (MHz): 533.551395 
 Raw A tensor (MHz): 
                  0          1          2    
      0       1.160324  -0.478558   0.035771
      1      -0.478733  -0.531875  -0.093499
      2       0.035636  -0.093528  -0.697772
 A Tensor eigenvectors:
                   0          1          2    
      0       0.219460  -0.134338  -0.966328
      1       0.759027  -0.598778   0.255622
      2      -0.612956  -0.789568  -0.029442
 A Eigenvalues: 
                  0          1          2    
      0      -0.594757  -0.762611   1.288045
A(iso)  -0.023108
 Nucleus: 20 H  
 Isotope: 1 
 Nuclear Spin:  0.5 
 Prefactor (MHz): 533.551395 
 Raw A tensor (MHz): 
                  0          1          2    
      0       0.915917  -0.696480   0.096937
      1      -0.696663   0.267670  -0.027358
      2       0.096906  -0.027308  -0.219303
 A Tensor eigenvectors:
                   0          1          2    
      0       0.464316  -0.273932   0.842242
      1       0.778048  -0.328184  -0.535665
      2       0.423146   0.904023   0.060751
 A Eigenvalues: 
                  0          1          2    
      0      -0.162967  -0.238697   1.365949
A(iso)  0.321428
 Nucleus: 22 H  
 Isotope: 1 
 Nuclear Spin:  0.5 
 Prefactor (MHz): 533.551395 
 Raw A tensor (MHz): 
                  0          1          2    
      0      28.558404   1.549827  -1.372346
      1       1.549478  28.382670  -0.761354
      2      -1.371732  -0.761697  27.659730
 A Tensor eigenvectors:
                   0          1          2    
      0      -0.693241  -0.234162   0.681605
      1       0.320531   0.746891   0.582593
      2      -0.645506   0.622352  -0.442719
 A Eigenvalues: 
                  0          1          2    
      0      26.564387  27.262186  30.774230
A(iso)  28.200268
 Nucleus: 23 H  
 Isotope: 1 
 Nuclear Spin:  0.5 
 Prefactor (MHz): 533.551395 
 Raw A tensor (MHz): 
                  0          1          2    
      0      28.959547   1.783038   0.681624
      1       1.782543  28.164376   0.117255
      2       0.680937   0.117381  26.610129
 A Tensor eigenvectors:
                   0          1          2    
      0      -0.458348   0.427170   0.779386
      1       0.383104  -0.696316   0.606939
      2       0.801965   0.576775   0.155504
 A Eigenvalues: 
                  0          1          2    
      0      26.276958  26.973334  30.483761
A(iso)  27.911351
 Nucleus: 25 H  
 Isotope: 1 
 Nuclear Spin:  0.5 
 Prefactor (MHz): 533.551395 
 Raw A tensor (MHz): 
                  0          1          2    
      0      -0.986174  -0.180758  -0.060521
      1      -0.180169   1.002874   0.402667
      2      -0.060326   0.402403  -1.016295
 A Tensor eigenvectors:
                   0          1          2    
      0      -0.963753   0.089762   0.251244
      1      -0.133580  -0.977514  -0.163166
      2       0.230948  -0.190813   0.954072
 A Eigenvalues: 
                  0          1          2    
      0      -0.996693   1.097233  -1.100136
A(iso)  -0.333199
 Nucleus: 26 H  
 Isotope: 1 
 Nuclear Spin:  0.5 
 Prefactor (MHz): 533.551395 
 Raw A tensor (MHz): 
                  0          1          2    
      0      -0.933146  -0.313547   0.067289
      1      -0.313087   0.928146  -0.489323
      2       0.066971  -0.488995  -0.966397
 A Tensor eigenvectors:
                   0          1          2    
      0       0.984321   0.082430   0.155938
      1       0.131358   0.247429  -0.959960
      2      -0.117713   0.965393   0.232722
 A Eigenvalues: 
                  0          1          2    
      0      -0.982942  -1.085969   1.097514
A(iso)  -0.323799
 Nucleus: 28 H  
 Isotope: 1 
 Nuclear Spin:  0.5 
 Prefactor (MHz): 533.551395 
 Raw A tensor (MHz): 
                  0          1          2    
      0      -0.028175   0.335285  -0.102447
      1       0.335468   0.693456  -0.219644
      2      -0.102491  -0.219535  -0.064519
 A Tensor eigenvectors:
                   0          1          2    
      0      -0.236815   0.903313   0.357693
      1       0.342833  -0.266787   0.900717
      2       0.909057   0.335932  -0.246506
 A Eigenvalues: 
                  0          1          2    
      0      -0.120603  -0.165389   0.886754
A(iso)  0.200254
 Nucleus: 29 H  
 Isotope: 1 
 Nuclear Spin:  0.5 
 Prefactor (MHz): 533.551395 
 Raw A tensor (MHz): 
                  0          1          2    
      0       0.026418   0.384523   0.040931
      1       0.384738   0.723015   0.040808
      2       0.040919   0.040723  -0.127429
 A Tensor eigenvectors:
                   0          1          2    
      0      -0.514912   0.755120  -0.405782
      1       0.275777  -0.302279  -0.912455
      2      -0.811672  -0.581740  -0.052598
 A Eigenvalues: 
                  0          1          2    
      0      -0.115237  -0.159204   0.896446
A(iso)  0.207335
 Nucleus: 31 H  
 Isotope: 1 
 Nuclear Spin:  0.5 
 Prefactor (MHz): 533.551395 
 Raw A tensor (MHz): 
                  0          1          2    
      0      -0.114773   0.026039  -0.006620
      1       0.026152   0.395989  -0.095857
      2      -0.006646  -0.095826  -0.113991
 A Tensor eigenvectors:
                   0          1          2    
      0       0.991628   0.118820  -0.050550
      1      -0.070676   0.171806  -0.982592
      2      -0.108066   0.977939   0.178766
 A Eigenvalues: 
                  0          1          2    
      0      -0.115913  -0.131631   0.414769
A(iso)  0.055742
 Nucleus: 32 H  
 Isotope: 1 
 Nuclear Spin:  0.5 
 Prefactor (MHz): 533.551395 
 Raw A tensor (MHz): 
                  0          1          2    
      0      -0.111531   0.048017   0.000539
      1       0.048143   0.409705   0.041425
      2       0.000534   0.041392  -0.127012
 A Tensor eigenvectors:
                   0          1          2    
      0       0.974831  -0.203860   0.090256
      1      -0.072536   0.092796   0.993039
      2      -0.210816  -0.974592   0.075673
 A Eigenvalues: 
                  0          1          2    
      0      -0.115230  -0.130843   0.417235
A(iso)  0.057054
 Nucleus: 34 H  
 Isotope: 1 
 Nuclear Spin:  0.5 
 Prefactor (MHz): 533.551395 
 Raw A tensor (MHz): 
                  0          1          2    
      0       2.807241   0.325748   0.131622
      1       0.325581   5.214864  -0.132172
      2       0.131603  -0.132219   3.681249
 A Tensor eigenvectors:
                   0          1          2    
      0      -0.978172   0.164320   0.127194
      1       0.137119   0.050499   0.989266
      2       0.156133   0.985114  -0.071929
 A Eigenvalues: 
                  0          1          2    
      0       2.740593   3.696422   5.266339
A(iso)  3.901118
 Nucleus: 35 H  
 Isotope: 1 
 Nuclear Spin:  0.5 
 Prefactor (MHz): 533.551395 
 Raw A tensor (MHz): 
                  0          1          2    
      0       1.413487  -0.388577   0.461010
      1      -0.388794   0.369390  -0.145168
      2       0.460894  -0.145038   0.475387
 A Tensor eigenvectors:
                   0          1          2    
      0       0.355305  -0.297255   0.886226
      1       0.926520   0.237533  -0.291787
      2      -0.123772   0.924780   0.359810
 A Eigenvalues: 
                  0          1          2    
      0       0.239651   0.290010   1.728602
A(iso)  0.752754
 Nucleus: 36 H  
 Isotope: 1 
 Nuclear Spin:  0.5 
 Prefactor (MHz): 533.551395 
 Raw A tensor (MHz): 
                  0          1          2    
      0      -0.122343   0.092824  -0.006780
      1       0.092917   0.230549  -0.029698
      2      -0.006793  -0.029697  -0.139432
 A Tensor eigenvectors:
                   0          1          2    
      0       0.161348   0.957526   0.238976
      1       0.038436  -0.248062   0.967981
      2       0.986149  -0.146997  -0.076828
 A Eigenvalues: 
                  0          1          2    
      0      -0.141700  -0.145371   0.255844
A(iso)  -0.010409
# -------------------------------------------------------------
----------------------- !GEOMETRIES! ------------------------
# -------------------------------------------------------------
------------------------ !GEOMETRY! -------------------------
    Number of atoms:    37 
    Geometry Index:     1 
    Coordinates:
               0 C     -2.631135263092    0.136091960275    0.158158827444
               1 C      1.583586680723   -0.229530999005   -0.498371687383
               2 C      0.972297063131    1.076576534500   -0.473268908829
               3 C     -0.437260909956    1.141039436851   -0.247916474356
               4 C     -1.217518593697   -0.004301854979   -0.061468694187
               5 C     -0.612769869916   -1.298720140885   -0.094606740671
               6 C      0.776447199775   -1.359050523376   -0.313968716685
               7 H     -0.919968112504    2.114042597706   -0.224748780533
               8 H      1.255317302819   -2.333399006657   -0.347294232727
               9 C      1.697853221278    2.276430674074   -0.666396151429
              10 H      2.764407132369    2.285723816166   -0.852533045709
              11 H      1.186985343680    3.233503170549   -0.643843995681
              12 C      3.076798396093   -0.402683992710   -0.692801030131
              13 H      3.274958490287   -1.422277408880   -1.045015612056
              14 H      3.439862340733    0.272421092287   -1.477924020459
              15 C      3.899103212672   -0.160579248221    0.597831993851
              16 H      3.687596561176    0.844664293201    0.979705277636
              17 H      3.558833004694   -0.862550917957    1.368882294871
              18 C      5.411564300033   -0.325853003827    0.372392909069
              19 H      5.780492057293    0.389290289000   -0.371627718966
              20 H      5.649364117614   -1.332683528708    0.010611285989
              21 C     -1.475198950315   -2.534705447202    0.096261819081
              22 H     -1.995412156152   -2.445170767204    1.060021096870
              23 H     -2.273793199462   -2.514644715380   -0.658142980287
              24 C     -0.761574709241   -3.894276570712    0.034736773094
              25 H     -0.255166319517   -4.007360685632   -0.933225802359
              26 H      0.019091146338   -3.943050203493    0.805681571215
              27 C     -1.732454240438   -5.072972504185    0.230700815867
              28 H     -2.242415463565   -4.963898360975    1.197029773993
              29 H     -2.514907348799   -5.026960752630   -0.538305909669
              30 C     -1.035667307484   -6.443315291664    0.170758879350
              31 H     -0.269787912243   -6.530091006567    0.949819019743
              32 H     -0.543315330517   -6.592334044631   -0.796918133145
              33 C     -3.831533946110    0.245077134141    0.347929659175
              34 H     -4.879254158418    0.347223968816    0.514954628062
              35 H      5.969680379875   -0.162327571618    1.300027167170
              36 H     -1.750637719156   -7.260504040468    0.311773472781
