-------------------------------------------------------------
----------------------- !PROPERTIES! ------------------------
-------------------------------------------------------------
# -----------------------------------------------------------
$ PAL_Flags
   description: The PAL Flags
   geom. index: 1
   prop. index: 1
        Diskflag:     2
# -----------------------------------------------------------
$ SCF_Energy
   description: The SCF energy
   geom. index: 1
   prop. index: 1
        SCF Energy:     -621.9203195890
# -----------------------------------------------------------
$ DFT_Energy
   description: The DFT energy
   geom. index: 1
   prop. index: 1
   Number of Alpha Electrons                 59.0000316893 
   Number of Beta  Electrons                 58.0000266769 
   Total number of  Electrons               117.0000583661 
   Exchange energy                          -71.5566535505 
   Correlation energy                        -4.5099073257 
   Correlation energy NL                      0.0000000000 
   Exchange-Correlation energy              -76.0665608762 
   Embedding correction                       0.0000000000 
   Total DFT Energy (No VdW correction)    -621.9203195890 
# -----------------------------------------------------------
$ Mayer_Pop
   description: The Mayer population analysis
   geom. index: 1
   prop. index: 1
     Number of atoms                     : 37
     Threshold for printing              : 0.1000000
     Number of bond orders printed       : 42
  NA   - Mulliken gross atomic population
  ZA   - Total nuclear charge
  QA   - Mulliken gross atomic charge
  VA   - Mayer's total valence
  BVA  - Mayer's bonded valence
  FA   - Mayer's free valence
  ATOM       NA         ZA         QA         VA         BVA        FA
  0   0     5.9808     6.0000     0.0192     3.8446     3.8442     0.0004
  1   0     5.7549     6.0000     0.2451     3.9865     3.9454     0.0411
  2   0     5.5150     6.0000     0.4850     3.8660     3.8513     0.0147
  3   0     6.4503     6.0000    -0.4503     4.3050     4.2676     0.0374
  4   0     5.5598     6.0000     0.4402     3.9723     3.9652     0.0071
  5   0     5.7110     6.0000     0.2890     3.8431     3.7964     0.0467
  6   0     6.3842     6.0000    -0.3842     4.4171     4.4081     0.0090
  7   0     0.8813     1.0000     0.1187     0.9644     0.9642     0.0002
  8   0     0.8844     1.0000     0.1156     0.9720     0.9720     0.0000
  9   0     6.5887     6.0000    -0.5887     3.8672     3.4379     0.4293
 10   0     0.8498     1.0000     0.1502     0.9744     0.9732     0.0012
 11   0     0.8511     1.0000     0.1489     0.9726     0.9714     0.0012
 12   0     6.4249     6.0000    -0.4249     3.9549     3.9547     0.0002
 13   0     0.8657     1.0000     0.1343     0.9739     0.9739     0.0000
 14   0     0.8618     1.0000     0.1382     0.9714     0.9714     0.0000
 15   0     6.2556     6.0000    -0.2556     3.8878     3.8877     0.0001
 16   0     0.8448     1.0000     0.1552     0.9695     0.9695     0.0000
 17   0     0.8478     1.0000     0.1522     0.9688     0.9688     0.0000
 18   0     6.5093     6.0000    -0.5093     3.8788     3.8788     0.0000
 19   0     0.8404     1.0000     0.1596     0.9652     0.9652     0.0000
 20   0     0.8395     1.0000     0.1605     0.9644     0.9644     0.0000
 21   0     6.3861     6.0000    -0.3861     4.0610     4.0607     0.0003
 22   0     0.8465     1.0000     0.1535     0.9627     0.9626     0.0001
 23   0     0.8468     1.0000     0.1532     0.9626     0.9624     0.0002
 24   0     6.2619     6.0000    -0.2619     4.0143     4.0143     0.0000
 25   0     0.8623     1.0000     0.1377     0.9670     0.9670     0.0000
 26   0     0.8617     1.0000     0.1383     0.9668     0.9668     0.0000
 27   0     6.2551     6.0000    -0.2551     3.8902     3.8902     0.0000
 28   0     0.8575     1.0000     0.1425     0.9675     0.9675     0.0000
 29   0     0.8574     1.0000     0.1426     0.9676     0.9676     0.0000
 30   0     6.5097     6.0000    -0.5097     3.8997     3.8997     0.0000
 31   0     0.8428     1.0000     0.1572     0.9659     0.9659     0.0000
 32   0     0.8426     1.0000     0.1574     0.9658     0.9658     0.0000
 33   0     6.5442     6.0000    -0.5442     3.8860     3.8846     0.0014
 34   0     0.8185     1.0000     0.1815     0.9776     0.9776     0.0000
 35   0     0.8501     1.0000     0.1499     0.9671     0.9671     0.0000
 36   0     0.8559     1.0000     0.1441     0.9669     0.9669     0.0000
      Bond orders larger than 0.1000000
           Atom A     A.N. of A          Atom B    A.N. of B              Bond order
                0             6               4            6                0.923166
                0             6              33            6                2.711271
                1             6               2            6                1.373460
                1             6               5            6                0.115733
                1             6               6            6                1.506722
                1             6               9            6                0.114447
                1             6              12            6                0.816408
                2             6               3            6                1.254435
                2             6               4            6                0.118185
                2             6               6            6                0.142822
                2             6               9            6                1.096286
                3             6               4            6                1.473623
                3             6               7            1                0.983313
                3             6               9            6                0.141548
                4             6               5            6                1.338068
                5             6               6            6                1.411160
                5             6              21            6                0.940818
                6             6               8            1                0.979244
                9             6              10            1                0.964386
                9             6              11            1                0.982076
               12             6              13            1                0.991469
               12             6              14            1                0.971709
               12             6              15            6                0.977468
               15             6              16            1                0.970968
               15             6              17            1                0.973664
               15             6              18            6                0.951993
               18             6              19            1                0.972939
               18             6              20            1                0.972530
               18             6              35            1                0.971044
               21             6              22            1                0.958092
               21             6              23            1                0.957939
               21             6              24            6                1.019885
               24             6              25            1                0.960523
               24             6              26            1                0.961490
               24             6              27            6                0.987361
               27             6              28            1                0.970830
               27             6              29            1                0.971347
               27             6              30            6                0.953721
               30             6              31            1                0.973121
               30             6              32            1                0.972982
               30             6              36            1                0.967596
               33             6              34            1                0.982260
# -----------------------------------------------------------
$ Calculation_Info
   description: Details of the calculation
   geom. index: 1
   prop. index: 1
     Multiplicity:                          2
     Charge:                                0
     number of atoms:                       37
     number of electrons:                   0
     number of frozen core electrons:       1
     number of correlated electrons:        0
     number of basis functions:             419
     number of aux C basis functions:       2878
     number of aux J basis functions:       2878
     number of aux JK basis functions:      2878
     number of aux CABS basis functions:    0
     Total Energy                           -621.920320
# -----------------------------------------------------------
$ SCF_Electric_Properties
   description: The SCF Calculated Electric Properties
   geom. index: 1
   prop. index: 1
       Filename                          : EPRII_i.scfp 
       Do Dipole Moment Calculation      : true 
       Do Quadrupole Moment Calculation  : false 
       Do Polarizability Calculation     : false 
** Dipole moment part of electric properties **
        Magnitude of dipole moment (Debye) :        1.0904384082
        Electronic Contribution:
                  0    
      0     -11.676388
      1      14.753045
      2      -1.681862
        Nuclear Contribution:
                  0    
      0      11.951686
      1     -15.078746
      2       1.728485
        Total Dipole moment:
                  0    
      0       0.275297
      1      -0.325701
      2       0.046622
# -----------------------------------------------------------
$ EPRNMR_GTensor
   description: Electronic g tensor
   geom. index: 1
   prop. index: 1
 Source density: 1 SCF 
 Spin multiplicity: 2 
 raw g tensor: 
                  0          1          2    
      0       2.002736  -0.000018  -0.000101
      1      -0.000015   2.002780  -0.000038
      2      -0.000134  -0.000103   2.002249
 g tensor: 
                  0          1          2    
      0       0.221309   0.974206  -0.044104
      1       0.126119   0.016254   0.991882
      2       0.967014  -0.225075  -0.119269
 G eigenvalues: 
                  0          1          2    
      0       2.002213   2.002763   2.002789
# -----------------------------------------------------------
$ EPRNMR_OrbitalShielding
   description: Orbital contribution to the NMR Shielding tensor (ppm)
   geom. index: 1
   prop. index: 1
 Number of stored nuclei 21
 Source density: 1 SCF 
 Nucleus: 7 H 
 Shielding tensor (ppm): 
                  0          1          2    
      0      27.589325   3.805477  -1.150280
      1       3.422657  24.476987  -0.746739
      2      -1.039743  -0.880096  21.225684
 P Tensor eigenvectors:
                   0          1          2    
      0       0.087276  -0.561524  -0.822845
      1       0.140106   0.824706  -0.547933
      2       0.986283  -0.067464   0.150650
 P Eigenvalues: 
                  0          1          2    
      0      21.013046  22.103797  30.175153
P(iso)  24.430665
 Nucleus: 8 H 
 Shielding tensor (ppm): 
                  0          1          2    
      0      29.611849   5.893061  -1.405769
      1       5.816901  24.846280  -0.692247
      2      -1.110205  -0.263901  20.188832
 P Tensor eigenvectors:
                   0          1          2    
      0       0.249487   0.504725   0.826444
      1      -0.199052  -0.808478   0.553843
      2       0.947700  -0.302682  -0.101239
 P Eigenvalues: 
                  0          1          2    
      0      19.963861  21.005631  33.677470
P(iso)  24.882320
 Nucleus: 10 H 
 Shielding tensor (ppm): 
                  0          1          2    
      0      24.857127  -0.800649   0.192093
      1       1.203760  30.919372  -1.440089
      2       0.176997  -0.317971  23.425970
 P Tensor eigenvectors:
                   0          1          2    
      0      -0.122073  -0.991406  -0.047036
      1       0.129128   0.031124  -0.991139
      2       0.984085  -0.127065   0.124219
 P Eigenvalues: 
                  0          1          2    
      0      23.298147  24.880903  31.023419
P(iso)  26.400823
 Nucleus: 11 H 
 Shielding tensor (ppm): 
                  0          1          2    
      0      27.490005   2.714341  -0.483508
      1       0.952545  27.888901  -0.543656
      2      -0.381854  -1.338924  24.364296
 P Tensor eigenvectors:
                   0          1          2    
      0      -0.010115  -0.773661  -0.633519
      1       0.238080   0.613468  -0.752977
      2       0.971193  -0.158444   0.177988
 P Eigenvalues: 
                  0          1          2    
      0      24.128775  25.898201  29.716226
P(iso)  26.581067
 Nucleus: 13 H 
 Shielding tensor (ppm): 
                  0          1          2    
      0      30.496456   0.412662   0.253291
      1       1.725900  30.980973   2.665479
      2      -0.997597   4.175402  26.755529
 P Tensor eigenvectors:
                   0          1          2    
      0       0.131617  -0.948965  -0.286604
      1      -0.483185   0.191035  -0.854423
      2       0.865569   0.250940  -0.433382
 P Eigenvalues: 
                  0          1          2    
      0      24.724981  30.396063  33.111915
P(iso)  29.410986
 Nucleus: 14 H 
 Shielding tensor (ppm): 
                  0          1          2    
      0      29.215327   0.466947  -0.673674
      1      -1.185745  28.722480  -2.406191
      2      -2.273902  -2.685468  28.680657
 P Tensor eigenvectors:
                   0          1          2    
      0       0.333595  -0.869157  -0.365075
      1       0.626050   0.493786  -0.603521
      2       0.704824  -0.027224   0.708860
 P Eigenvalues: 
                  0          1          2    
      0      25.666663  29.401956  31.549845
P(iso)  28.872821
 Nucleus: 16 H 
 Shielding tensor (ppm): 
                  0          1          2    
      0      30.424342  -2.249786   0.785627
      1      -1.708744  31.302892   2.974738
      2       2.977828   3.541789  27.761587
 P Tensor eigenvectors:
                   0          1          2    
      0      -0.402672   0.861584  -0.309077
      1      -0.490311   0.082108   0.867671
      2       0.772949   0.500931   0.389381
 P Eigenvalues: 
                  0          1          2    
      0      24.622110  31.374369  33.492343
P(iso)  29.829607
 Nucleus: 17 H 
 Shielding tensor (ppm): 
                  0          1          2    
      0      31.504697   1.811023  -0.702624
      1       1.479221  27.945382  -2.944496
      2       0.832718  -3.982334  31.204751
 P Tensor eigenvectors:
                   0          1          2    
      0      -0.224995   0.900958   0.371015
      1       0.829336  -0.022793   0.558285
      2       0.511447   0.433308  -0.742069
 P Eigenvalues: 
                  0          1          2    
      0      25.411129  31.498164  33.745537
P(iso)  30.218276
 Nucleus: 19 H 
 Shielding tensor (ppm): 
                  0          1          2    
      0      32.983841   2.974098  -2.934464
      1       2.218068  30.234965  -2.613991
      2      -1.658209  -3.014690  29.067820
 P Tensor eigenvectors:
                   0          1          2    
      0       0.039204   0.689927  -0.722817
      1       0.612416  -0.588178  -0.528198
      2       0.789563   0.421957   0.445581
 P Eigenvalues: 
                  0          1          2    
      0      26.772380  29.288582  36.225663
P(iso)  30.762209
 Nucleus: 20 H 
 Shielding tensor (ppm): 
                  0          1          2    
      0      31.879460  -3.665566  -1.022494
      1      -2.525071  33.362631   1.638682
      2      -0.032103   1.767294  27.108590
 P Tensor eigenvectors:
                   0          1          2    
      0      -0.060033   0.807468  -0.586849
      1      -0.272596   0.552300   0.787817
      2       0.960254   0.207267   0.186957
 P Eigenvalues: 
                  0          1          2    
      0      26.658446  29.579514  36.112721
P(iso)  30.783560
 Nucleus: 22 H 
 Shielding tensor (ppm): 
                  0          1          2    
      0      27.222042  -1.810194  -3.407846
      1      -1.262700  31.463488   0.422561
      2      -4.873956  -0.307544  27.884157
 P Tensor eigenvectors:
                   0          1          2    
      0       0.731359  -0.398966   0.553119
      1       0.125433  -0.718508  -0.684114
      2       0.670359   0.569713  -0.475444
 P Eigenvalues: 
                  0          1          2    
      0      23.253749  30.581070  32.734867
P(iso)  28.856562
 Nucleus: 23 H 
 Shielding tensor (ppm): 
                  0          1          2    
      0      29.694784  -1.339017   3.077800
      1      -0.928476  31.472619  -0.554652
      2       4.570765   0.429598  25.469613
 P Tensor eigenvectors:
                   0          1          2    
      0      -0.501889  -0.518086   0.692600
      1      -0.053809  -0.780503  -0.622832
      2       0.863257  -0.349861   0.363848
 P Eigenvalues: 
                  0          1          2    
      0      23.182046  30.695956  32.759013
P(iso)  28.879005
 Nucleus: 25 H 
 Shielding tensor (ppm): 
                  0          1          2    
      0      29.468260   1.197943  -3.933918
      1       0.807369  31.309053   0.266022
      2      -3.674708   1.470775  29.403150
 P Tensor eigenvectors:
                   0          1          2    
      0       0.691869   0.106053  -0.714192
      1      -0.206688   0.976850  -0.055172
      2       0.691807   0.185786   0.697772
 P Eigenvalues: 
                  0          1          2    
      0      25.338840  31.595599  33.246023
P(iso)  30.060154
 Nucleus: 26 H 
 Shielding tensor (ppm): 
                  0          1          2    
      0      31.666778   1.037386   3.274700
      1       1.012023  31.126612  -0.707743
      2       3.123363  -1.936121  27.407411
 P Tensor eigenvectors:
                   0          1          2    
      0      -0.464190  -0.002000  -0.885733
      1       0.260581   0.955434  -0.138721
      2       0.846537  -0.295198  -0.442982
 P Eigenvalues: 
                  0          1          2    
      0      25.232476  31.548059  33.420267
P(iso)  30.066934
 Nucleus: 28 H 
 Shielding tensor (ppm): 
                  0          1          2    
      0      29.484194  -0.478645  -4.816116
      1      -0.190418  30.876013  -0.099044
      2      -4.530712  -0.736234  30.128950
 P Tensor eigenvectors:
                   0          1          2    
      0       0.729420  -0.078306  -0.679569
      1       0.085202   0.996091  -0.023326
      2       0.678739  -0.040886   0.733240
 P Eigenvalues: 
                  0          1          2    
      0      25.073959  30.922509  34.492688
P(iso)  30.163052
 Nucleus: 29 H 
 Shielding tensor (ppm): 
                  0          1          2    
      0      32.129218   0.145025   4.235110
      1       0.203619  30.935210  -0.084095
      2       3.970559   0.643732  27.429015
 P Tensor eigenvectors:
                   0          1          2    
      0      -0.502645  -0.082008  -0.860594
      1      -0.020455   0.996340  -0.082996
      2       0.864251  -0.024114  -0.502483
 P Eigenvalues: 
                  0          1          2    
      0      25.047053  30.915496  34.530895
P(iso)  30.164481
 Nucleus: 31 H 
 Shielding tensor (ppm): 
                  0          1          2    
      0      31.015359  -1.625990   3.904951
      1      -2.597559  30.981594  -2.288176
      2       3.314667  -1.962396  30.221960
 P Tensor eigenvectors:
                   0          1          2    
      0      -0.651110   0.415433   0.635193
      1       0.058126   0.861736  -0.504016
      2       0.756754   0.291249   0.585233
 P Eigenvalues: 
                  0          1          2    
      0      26.976435  29.217707  36.024772
P(iso)  30.739638
 Nucleus: 32 H 
 Shielding tensor (ppm): 
                  0          1          2    
      0      28.999571  -1.325017  -3.443506
      1      -2.108889  31.393256   3.013421
      2      -2.745044   2.449118  31.826610
 P Tensor eigenvectors:
                   0          1          2    
      0      -0.841681   0.309383  -0.442556
      1       0.007223   0.825963   0.563678
      2      -0.539927  -0.471240   0.697432
 P Eigenvalues: 
                  0          1          2    
      0      27.011048  29.158959  36.049431
P(iso)  30.739813
 Nucleus: 34 H 
 Shielding tensor (ppm): 
                  0          1          2    
      0      35.424621  -1.654852  -1.752850
      1      -1.986092  25.980736   0.245211
      2      -1.674734   0.172878  24.538242
 P Tensor eigenvectors:
                   0          1          2    
      0       0.160068  -0.166868   0.972899
      1       0.049249  -0.983030  -0.176708
      2       0.985877   0.076200  -0.149134
 P Eigenvalues: 
                  0          1          2    
      0      24.271369  25.650343  36.021888
P(iso)  28.647866
 Nucleus: 35 H 
 Shielding tensor (ppm): 
                  0          1          2    
      0      33.666200   0.449959   5.108828
      1       0.257708  26.638163   0.600402
      2       4.304161   0.633670  31.253154
 P Tensor eigenvectors:
                   0          1          2    
      0      -0.103122   0.612634   0.783611
      1      -0.967996  -0.243030   0.062616
      2       0.228801  -0.752075   0.618088
 P Eigenvalues: 
                  0          1          2    
      0      26.529721  27.669437  37.358359
P(iso)  30.519172
 Nucleus: 36 H 
 Shielding tensor (ppm): 
                  0          1          2    
      0      29.370622   2.484656  -0.608774
      1       3.719054  36.020912  -0.982134
      2      -0.650791  -0.791246  26.093940
 P Tensor eigenvectors:
                   0          1          2    
      0       0.143911   0.915305   0.376174
      1       0.042891  -0.385543   0.921693
      2       0.988661  -0.116507  -0.094743
 P Eigenvalues: 
                  0          1          2    
      0      25.963946  28.180106  37.341422
P(iso)  30.495158
# -----------------------------------------------------------
$ EPRNMR_ATensor
   description: Hyperfine A tensor
   geom. index: 1
   prop. index: 1
 Number of stored nuclei 21
 Source density: 1 SCF 
 Spin multiplicity: 2 
 Nucleus: 7 H  
 Isotope: 1 
 Nuclear Spin:  0.5 
 Prefactor (MHz): 533.551395 
 Raw A tensor (MHz): 
                  0          1          2    
      0     -17.272437  -6.490219   0.054115
      1      -6.492639 -12.304955   0.734442
      2       0.054105   0.733929 -18.697584
 A Tensor eigenvectors:
                   0          1          2    
      0       0.564599  -0.151503   0.811341
      1      -0.823677  -0.040593   0.565604
      2      -0.052755  -0.987623  -0.147708
 A Eigenvalues: 
                  0          1          2    
      0      -7.808012 -18.659123 -21.807842
A(iso)  -16.091659
 Nucleus: 8 H  
 Isotope: 1 
 Nuclear Spin:  0.5 
 Prefactor (MHz): 533.551395 
 Raw A tensor (MHz): 
                  0          1          2    
      0       8.774419   2.033876  -0.815624
      1       2.034255   6.796339  -0.426870
      2      -0.815809  -0.427114   4.562826
 A Tensor eigenvectors:
                   0          1          2    
      0       0.169092   0.518826   0.837990
      1       0.032090  -0.852680   0.521446
      2       0.985078  -0.061281  -0.160831
 A Eigenvalues: 
                  0          1          2    
      0       4.408878   5.527946  10.196761
A(iso)  6.711195
 Nucleus: 10 H  
 Isotope: 1 
 Nuclear Spin:  0.5 
 Prefactor (MHz): 533.551395 
 Raw A tensor (MHz): 
                  0          1          2    
      0     -21.184021   0.458826  -5.415912
      1       0.457260 -74.933717   1.479176
      2      -5.415927   1.479044 -48.105954
 A Tensor eigenvectors:
                   0          1          2    
      0      -0.981792   0.189421  -0.014313
      1      -0.003094   0.059395   0.998230
      2       0.189936   0.980098  -0.057727
 A Eigenvalues: 
                  0          1          2    
      0     -20.134823 -49.063058 -75.025810
A(iso)  -48.074564
 Nucleus: 11 H  
 Isotope: 1 
 Nuclear Spin:  0.5 
 Prefactor (MHz): 533.551395 
 Raw A tensor (MHz): 
                  0          1          2    
      0     -60.513200 -22.879874   3.329582
      1     -22.879796 -32.357427   2.962074
      2       3.329268   2.962373 -49.692574
 A Tensor eigenvectors:
                   0          1          2    
      0       0.485297   0.169179  -0.857826
      1      -0.873755   0.057654  -0.482938
      2      -0.032246   0.983898   0.175801
 A Eigenvalues: 
                  0          1          2    
      0     -19.540296 -48.946523 -74.076383
A(iso)  -47.521067
 Nucleus: 13 H  
 Isotope: 1 
 Nuclear Spin:  0.5 
 Prefactor (MHz): 533.551395 
 Raw A tensor (MHz): 
                  0          1          2    
      0       6.118207  -2.108470  -0.585101
      1      -2.109297   6.240836   0.450598
      2      -0.585006   0.450072   4.202665
 A Tensor eigenvectors:
                   0          1          2    
      0      -0.594962  -0.413105  -0.689467
      1      -0.415651  -0.576064   0.703835
      2      -0.687935   0.705333   0.171029
 A Eigenvalues: 
                  0          1          2    
      0       3.968434   4.177191   8.416083
A(iso)  5.520569
 Nucleus: 14 H  
 Isotope: 1 
 Nuclear Spin:  0.5 
 Prefactor (MHz): 533.551395 
 Raw A tensor (MHz): 
                  0          1          2    
      0      10.786328  -2.310799  -1.692584
      1      -2.310860   9.239281   0.870185
      2      -1.691672   0.870493   6.836817
 A Tensor eigenvectors:
                   0          1          2    
      0       0.343467  -0.515465   0.785065
      1      -0.007769  -0.837449  -0.546460
      2       0.939133   0.181592  -0.291640
 A Eigenvalues: 
                  0          1          2    
      0       6.210887   7.628127  13.023412
A(iso)  8.954142
 Nucleus: 16 H  
 Isotope: 1 
 Nuclear Spin:  0.5 
 Prefactor (MHz): 533.551395 
 Raw A tensor (MHz): 
                  0          1          2    
      0       0.717125  -1.956181   2.543791
      1      -1.956679  -0.301751  -0.803635
      2       2.543089  -0.802790  -1.500486
 A Tensor eigenvectors:
                   0          1          2    
      0       0.293602   0.593704  -0.749208
      1       0.858622   0.180726   0.479694
      2       0.420198  -0.784126  -0.456706
 A Eigenvalues: 
                  0          1          2    
      0      -1.363994  -3.239991   3.518872
A(iso)  -0.361704
 Nucleus: 17 H  
 Isotope: 1 
 Nuclear Spin:  0.5 
 Prefactor (MHz): 533.551395 
 Raw A tensor (MHz): 
                  0          1          2    
      0      -0.398968  -1.000355   1.048315
      1      -1.000946  -0.531038  -1.463509
      2       1.048136  -1.462774   0.105448
 A Tensor eigenvectors:
                   0          1          2    
      0      -0.846942   0.184836  -0.498523
      1      -0.148974   0.817572   0.556222
      2       0.510388   0.545355  -0.664900
 A Eigenvalues: 
                  0          1          2    
      0      -1.206742  -1.733065   2.115249
A(iso)  -0.274852
 Nucleus: 19 H  
 Isotope: 1 
 Nuclear Spin:  0.5 
 Prefactor (MHz): 533.551395 
 Raw A tensor (MHz): 
                  0          1          2    
      0       1.136586  -0.476204   0.033128
      1      -0.476373  -0.520107  -0.091797
      2       0.032997  -0.091821  -0.690548
 A Tensor eigenvectors:
                   0          1          2    
      0       0.223057  -0.134636  -0.965463
      1       0.765060  -0.589589   0.258976
      2      -0.604094  -0.796403  -0.028507
 A Eigenvalues: 
                  0          1          2    
      0      -0.586485  -0.752923   1.265339
A(iso)  -0.024689
 Nucleus: 20 H  
 Isotope: 1 
 Nuclear Spin:  0.5 
 Prefactor (MHz): 533.551395 
 Raw A tensor (MHz): 
                  0          1          2    
      0       0.901103  -0.695974   0.094227
      1      -0.696155   0.275339  -0.024199
      2       0.094198  -0.024144  -0.217111
 A Tensor eigenvectors:
                   0          1          2    
      0       0.464484  -0.283869   0.838852
      1       0.767698  -0.343132  -0.541202
      2       0.441468   0.895365   0.058546
 A Eigenvalues: 
                  0          1          2    
      0      -0.159788  -0.237661   1.356780
A(iso)  0.319777
 Nucleus: 22 H  
 Isotope: 1 
 Nuclear Spin:  0.5 
 Prefactor (MHz): 533.551395 
 Raw A tensor (MHz): 
                  0          1          2    
      0      29.148025   1.535297  -1.367363
      1       1.534932  28.937704  -0.756899
      2      -1.366746  -0.757253  28.198419
 A Tensor eigenvectors:
                   0          1          2    
      0      -0.683335  -0.251627   0.685374
      1       0.303566   0.755823   0.580154
      2      -0.664004   0.604496  -0.440095
 A Eigenvalues: 
                  0          1          2    
      0      27.137721  27.821036  31.325391
A(iso)  28.761383
 Nucleus: 23 H  
 Isotope: 1 
 Nuclear Spin:  0.5 
 Prefactor (MHz): 533.551395 
 Raw A tensor (MHz): 
                  0          1          2    
      0      30.296596   1.777387   0.696173
      1       1.776895  29.544586   0.125583
      2       0.695475   0.125692  27.978190
 A Tensor eigenvectors:
                   0          1          2    
      0      -0.462303   0.429143   0.775959
      1       0.377769  -0.696380   0.610201
      2       0.802226   0.575231   0.159822
 A Eigenvalues: 
                  0          1          2    
      0      27.636524  28.345469  31.837379
A(iso)  29.273124
 Nucleus: 25 H  
 Isotope: 1 
 Nuclear Spin:  0.5 
 Prefactor (MHz): 533.551395 
 Raw A tensor (MHz): 
                  0          1          2    
      0      -0.988088  -0.194306  -0.061203
      1      -0.193715   0.997880   0.400233
      2      -0.061013   0.399969  -1.031633
 A Tensor eigenvectors:
                   0          1          2    
      0       0.970952  -0.096636   0.218893
      1       0.133944   0.977564  -0.162568
      2      -0.198272   0.187165   0.962111
 A Eigenvalues: 
                  0          1          2    
      0      -1.002356   1.093514  -1.112999
A(iso)  -0.340614
 Nucleus: 26 H  
 Isotope: 1 
 Nuclear Spin:  0.5 
 Prefactor (MHz): 533.551395 
 Raw A tensor (MHz): 
                  0          1          2    
      0      -0.957384  -0.322032   0.073013
      1      -0.321576   0.911727  -0.505346
      2       0.072683  -0.505017  -0.995068
 A Tensor eigenvectors:
                   0          1          2    
      0      -0.985405   0.159156   0.060388
      1      -0.139454  -0.958202   0.249801
      2       0.097621   0.237734   0.966412
 A Eigenvalues: 
                  0          1          2    
      0      -1.010098   1.090437  -1.121064
A(iso)  -0.346908
 Nucleus: 28 H  
 Isotope: 1 
 Nuclear Spin:  0.5 
 Prefactor (MHz): 533.551395 
 Raw A tensor (MHz): 
                  0          1          2    
      0      -0.019576   0.336894  -0.105817
      1       0.337077   0.712047  -0.226167
      2      -0.105862  -0.226059  -0.054585
 A Tensor eigenvectors:
                   0          1          2    
      0      -0.267049   0.895676   0.355598
      1       0.354868  -0.251670   0.900406
      2       0.895965   0.366643  -0.250639
 A Eigenvalues: 
                  0          1          2    
      0      -0.112553  -0.157651   0.908091
A(iso)  0.212629
 Nucleus: 29 H  
 Isotope: 1 
 Nuclear Spin:  0.5 
 Prefactor (MHz): 533.551395 
 Raw A tensor (MHz): 
                  0          1          2    
      0       0.030324   0.383101   0.042978
      1       0.383320   0.746817   0.039952
      2       0.042963   0.039863  -0.121517
 A Tensor eigenvectors:
                   0          1          2    
      0      -0.546314   0.736635  -0.398636
      1       0.282438  -0.286043  -0.915646
      2      -0.788524  -0.612820  -0.051784
 A Eigenvalues: 
                  0          1          2    
      0      -0.105944  -0.154372   0.915939
A(iso)  0.218541
 Nucleus: 31 H  
 Isotope: 1 
 Nuclear Spin:  0.5 
 Prefactor (MHz): 533.551395 
 Raw A tensor (MHz): 
                  0          1          2    
      0      -0.108731   0.023392  -0.005797
      1       0.023505   0.405950  -0.099985
      2      -0.005824  -0.099954  -0.107367
 A Tensor eigenvectors:
                   0          1          2    
      0       0.995506   0.083347  -0.044964
      1      -0.059453   0.180454  -0.981785
      2      -0.073715   0.980046   0.184598
 A Eigenvalues: 
                  0          1          2    
      0      -0.109703  -0.126265   0.425820
A(iso)  0.063284
 Nucleus: 32 H  
 Isotope: 1 
 Nuclear Spin:  0.5 
 Prefactor (MHz): 533.551395 
 Raw A tensor (MHz): 
                  0          1          2    
      0      -0.109106   0.044314   0.000106
      1       0.044441   0.417613   0.040093
      2       0.000100   0.040058  -0.125094
 A Tensor eigenvectors:
                   0          1          2    
      0       0.977709  -0.193036   0.082600
      1      -0.066718   0.087384   0.993938
      2      -0.199084  -0.977293   0.072557
 A Eigenvalues: 
                  0          1          2    
      0      -0.112160  -0.128657   0.424231
A(iso)  0.061138
 Nucleus: 34 H  
 Isotope: 1 
 Nuclear Spin:  0.5 
 Prefactor (MHz): 533.551395 
 Raw A tensor (MHz): 
                  0          1          2    
      0       2.781454   0.343926   0.128754
      1       0.343790   5.087098  -0.128850
      2       0.128730  -0.128893   3.599570
 A Tensor eigenvectors:
                   0          1          2    
      0      -0.975307   0.170923   0.139862
      1       0.149735   0.046241   0.987644
      2       0.162344   0.984199  -0.070693
 A Eigenvalues: 
                  0          1          2    
      0       2.707243   3.615870   5.145009
A(iso)  3.822707
 Nucleus: 35 H  
 Isotope: 1 
 Nuclear Spin:  0.5 
 Prefactor (MHz): 533.551395 
 Raw A tensor (MHz): 
                  0          1          2    
      0       1.407197  -0.394584   0.454233
      1      -0.394798   0.391792  -0.148146
      2       0.454117  -0.148016   0.489076
 A Tensor eigenvectors:
                   0          1          2    
      0       0.365228  -0.294657   0.883055
      1       0.922532   0.241598  -0.300939
      2      -0.124670   0.924558   0.360068
 A Eigenvalues: 
                  0          1          2    
      0       0.255482   0.305692   1.726890
A(iso)  0.762688
 Nucleus: 36 H  
 Isotope: 1 
 Nuclear Spin:  0.5 
 Prefactor (MHz): 533.551395 
 Raw A tensor (MHz): 
                  0          1          2    
      0      -0.123874   0.091902  -0.007049
      1       0.091996   0.233965  -0.031421
      2      -0.007063  -0.031422  -0.140538
 A Tensor eigenvectors:
                   0          1          2    
      0       0.183660   0.954690   0.234172
      1       0.037093  -0.244785   0.968868
      2       0.982290  -0.169256  -0.080370
 A Eigenvalues: 
                  0          1          2    
      0      -0.143043  -0.146209   0.258806
A(iso)  -0.010149
# -------------------------------------------------------------
----------------------- !GEOMETRIES! ------------------------
# -------------------------------------------------------------
------------------------ !GEOMETRY! -------------------------
    Number of atoms:    37 
    Geometry Index:     1 
    Coordinates:
               0 C     -2.631596667306    0.129889056167    0.152945660997
               1 C      1.575863751616   -0.218018106198   -0.504991674990
               2 C      0.963822236894    1.083546150547   -0.471920518152
               3 C     -0.443340409728    1.138551394679   -0.248119470535
               4 C     -1.220279462930   -0.005180195686   -0.065902253881
               5 C     -0.611009688932   -1.294596183980   -0.103795310691
               6 C      0.773999003472   -1.347004716245   -0.323994569268
               7 H     -0.932112507223    2.114973023982   -0.219803535234
               8 H      1.262338023533   -2.323048991435   -0.360687531385
               9 C      1.682286845310    2.282285514375   -0.654362986470
              10 H      2.755458673111    2.297222888458   -0.838416136795
              11 H      1.162942845679    3.241729780971   -0.622223720578
              12 C      3.065834263570   -0.388546374398   -0.698656259180
              13 H      3.262023016831   -1.404532897680   -1.082470370225
              14 H      3.432977268000    0.306368906862   -1.474054360059
              15 C      3.887514619749   -0.182955373764    0.591464873261
              16 H      3.688811484633    0.825725389621    0.993912494431
              17 H      3.528648897195   -0.892623508955    1.358202099458
              18 C      5.390342003544   -0.369448302589    0.371431233994
              19 H      5.781137441371    0.351469258984   -0.367553654061
              20 H      5.618741961510   -1.381977642043   -0.004349992781
              21 C     -1.464202088442   -2.531527255849    0.084085752423
              22 H     -2.003034320049   -2.436934094025    1.045487762953
              23 H     -2.265136750413   -2.516674575657   -0.678829269109
              24 C     -0.750621911671   -3.885261028910    0.036885917963
              25 H     -0.229467741759   -4.002280682809   -0.931185635577
              26 H      0.033199406658   -3.924469459783    0.815700093003
              27 C     -1.711359315995   -5.064692728481    0.232430088222
              28 H     -2.238009741762   -4.948280734752    1.197733160710
              29 H     -2.495639347783   -5.026357890648   -0.546048378100
              30 C     -1.012746581909   -6.426102365588    0.189580042516
              31 H     -0.246895486624   -6.508810912067    0.980041363025
              32 H     -0.505960978228   -6.586065420645   -0.777902351380
              33 C     -3.826625612104    0.249482410163    0.342032398379
              34 H     -4.879280355505    0.361415692228    0.513223901194
              35 H      5.954179522577   -0.226136058439    1.307646319552
              36 H     -1.728335856888   -7.252291586408    0.331363446369
