-------------------------------------------------------------
----------------------- !PROPERTIES! ------------------------
-------------------------------------------------------------
# -----------------------------------------------------------
$ PAL_Flags
   description: The PAL Flags
   geom. index: 1
   prop. index: 1
        Diskflag:     2
# -----------------------------------------------------------
$ SCF_Energy
   description: The SCF energy
   geom. index: 1
   prop. index: 1
        SCF Energy:     -621.9203205096
# -----------------------------------------------------------
$ DFT_Energy
   description: The DFT energy
   geom. index: 1
   prop. index: 1
   Number of Alpha Electrons                 59.0000316890 
   Number of Beta  Electrons                 58.0000266766 
   Total number of  Electrons               117.0000583657 
   Exchange energy                          -71.5566487059 
   Correlation energy                        -4.5099071031 
   Correlation energy NL                      0.0000000000 
   Exchange-Correlation energy              -76.0665558090 
   Embedding correction                       0.0000000000 
   Total DFT Energy (No VdW correction)    -621.9203205096 
# -----------------------------------------------------------
$ Mayer_Pop
   description: The Mayer population analysis
   geom. index: 1
   prop. index: 1
     Number of atoms                     : 37
     Threshold for printing              : 0.1000000
     Number of bond orders printed       : 42
  NA   - Mulliken gross atomic population
  ZA   - Total nuclear charge
  QA   - Mulliken gross atomic charge
  VA   - Mayer's total valence
  BVA  - Mayer's bonded valence
  FA   - Mayer's free valence
  ATOM       NA         ZA         QA         VA         BVA        FA
  0   0     5.9808     6.0000     0.0192     3.8446     3.8442     0.0004
  1   0     5.7549     6.0000     0.2451     3.9865     3.9454     0.0411
  2   0     5.5151     6.0000     0.4849     3.8660     3.8513     0.0147
  3   0     6.4503     6.0000    -0.4503     4.3050     4.2676     0.0374
  4   0     5.5598     6.0000     0.4402     3.9723     3.9652     0.0071
  5   0     5.7110     6.0000     0.2890     3.8432     3.7965     0.0467
  6   0     6.3842     6.0000    -0.3842     4.4171     4.4081     0.0090
  7   0     0.8813     1.0000     0.1187     0.9644     0.9642     0.0002
  8   0     0.8844     1.0000     0.1156     0.9720     0.9720     0.0000
  9   0     6.5887     6.0000    -0.5887     3.8672     3.4380     0.4292
 10   0     0.8498     1.0000     0.1502     0.9744     0.9732     0.0012
 11   0     0.8511     1.0000     0.1489     0.9726     0.9714     0.0012
 12   0     6.4249     6.0000    -0.4249     3.9549     3.9547     0.0002
 13   0     0.8657     1.0000     0.1343     0.9739     0.9739     0.0000
 14   0     0.8618     1.0000     0.1382     0.9714     0.9714     0.0000
 15   0     6.2556     6.0000    -0.2556     3.8878     3.8877     0.0001
 16   0     0.8448     1.0000     0.1552     0.9695     0.9695     0.0000
 17   0     0.8478     1.0000     0.1522     0.9688     0.9688     0.0000
 18   0     6.5093     6.0000    -0.5093     3.8788     3.8788     0.0000
 19   0     0.8404     1.0000     0.1596     0.9652     0.9652     0.0000
 20   0     0.8395     1.0000     0.1605     0.9644     0.9644     0.0000
 21   0     6.3861     6.0000    -0.3861     4.0610     4.0607     0.0003
 22   0     0.8465     1.0000     0.1535     0.9627     0.9626     0.0001
 23   0     0.8468     1.0000     0.1532     0.9626     0.9624     0.0002
 24   0     6.2619     6.0000    -0.2619     4.0143     4.0143     0.0000
 25   0     0.8623     1.0000     0.1377     0.9670     0.9670     0.0000
 26   0     0.8617     1.0000     0.1383     0.9668     0.9668     0.0000
 27   0     6.2551     6.0000    -0.2551     3.8901     3.8901     0.0000
 28   0     0.8575     1.0000     0.1425     0.9675     0.9675     0.0000
 29   0     0.8574     1.0000     0.1426     0.9676     0.9676     0.0000
 30   0     6.5097     6.0000    -0.5097     3.8997     3.8997     0.0000
 31   0     0.8428     1.0000     0.1572     0.9659     0.9659     0.0000
 32   0     0.8426     1.0000     0.1574     0.9658     0.9658     0.0000
 33   0     6.5442     6.0000    -0.5442     3.8860     3.8846     0.0014
 34   0     0.8185     1.0000     0.1815     0.9776     0.9776     0.0000
 35   0     0.8501     1.0000     0.1499     0.9671     0.9671     0.0000
 36   0     0.8559     1.0000     0.1441     0.9669     0.9669     0.0000
      Bond orders larger than 0.1000000
           Atom A     A.N. of A          Atom B    A.N. of B              Bond order
                0             6               4            6                0.923157
                0             6              33            6                2.711271
                1             6               2            6                1.373455
                1             6               5            6                0.115730
                1             6               6            6                1.506727
                1             6               9            6                0.114447
                1             6              12            6                0.816404
                2             6               3            6                1.254427
                2             6               4            6                0.118180
                2             6               6            6                0.142827
                2             6               9            6                1.096314
                3             6               4            6                1.473632
                3             6               7            1                0.983310
                3             6               9            6                0.141549
                4             6               5            6                1.338058
                5             6               6            6                1.411151
                5             6              21            6                0.940820
                6             6               8            1                0.979239
                9             6              10            1                0.964385
                9             6              11            1                0.982076
               12             6              13            1                0.991468
               12             6              14            1                0.971709
               12             6              15            6                0.977467
               15             6              16            1                0.970968
               15             6              17            1                0.973664
               15             6              18            6                0.951993
               18             6              19            1                0.972939
               18             6              20            1                0.972530
               18             6              35            1                0.971044
               21             6              22            1                0.958092
               21             6              23            1                0.957938
               21             6              24            6                1.019883
               24             6              25            1                0.960522
               24             6              26            1                0.961490
               24             6              27            6                0.987361
               27             6              28            1                0.970831
               27             6              29            1                0.971347
               27             6              30            6                0.953718
               30             6              31            1                0.973122
               30             6              32            1                0.972983
               30             6              36            1                0.967596
               33             6              34            1                0.982259
# -----------------------------------------------------------
$ Calculation_Info
   description: Details of the calculation
   geom. index: 1
   prop. index: 1
     Multiplicity:                          2
     Charge:                                0
     number of atoms:                       37
     number of electrons:                   0
     number of frozen core electrons:       1
     number of correlated electrons:        0
     number of basis functions:             419
     number of aux C basis functions:       2878
     number of aux J basis functions:       2878
     number of aux JK basis functions:      2878
     number of aux CABS basis functions:    0
     Total Energy                           -621.920321
# -----------------------------------------------------------
$ SCF_Electric_Properties
   description: The SCF Calculated Electric Properties
   geom. index: 1
   prop. index: 1
       Filename                          : EPRII.scfp 
       Do Dipole Moment Calculation      : true 
       Do Quadrupole Moment Calculation  : false 
       Do Polarizability Calculation     : false 
** Dipole moment part of electric properties **
        Magnitude of dipole moment (Debye) :        1.0905747971
        Electronic Contribution:
                  0    
      0     -11.676399
      1      14.752965
      2      -1.681866
        Nuclear Contribution:
                  0    
      0      11.951686
      1     -15.078746
      2       1.728485
        Total Dipole moment:
                  0    
      0       0.275287
      1      -0.325781
      2       0.046619
# -----------------------------------------------------------
$ EPRNMR_GTensor
   description: Electronic g tensor
   geom. index: 1
   prop. index: 1
 Source density: 1 SCF 
 Spin multiplicity: 2 
 raw g tensor: 
                  0          1          2    
      0       2.002879   0.000003  -0.000099
      1      -0.000069   2.002778  -0.000011
      2      -0.000112  -0.000066   2.002392
 g tensor: 
                  0          1          2    
      0       0.206729   0.169587  -0.963589
      1       0.107031   0.975033   0.194564
      2       0.972526  -0.143356   0.183416
 G eigenvalues: 
                  0          1          2    
      0       2.002365   2.002778   2.002905
# -----------------------------------------------------------
$ EPRNMR_OrbitalShielding
   description: Orbital contribution to the NMR Shielding tensor (ppm)
   geom. index: 1
   prop. index: 1
 Number of stored nuclei 21
 Source density: 1 SCF 
 Nucleus: 7 H 
 Shielding tensor (ppm): 
                  0          1          2    
      0     -41.172996 -14.653391  -2.473027
      1     -76.946654  59.886363  25.237425
      2      20.186390 -23.932105  -2.297818
 P Tensor eigenvectors:
                   0          1          2    
      0       0.065014   0.588153  -0.806132
      1      -0.286196   0.784894   0.549576
      2       0.955963   0.194982   0.219356
 P Eigenvalues: 
                  0          1          2    
      0       5.079411 -17.491481  28.827620
P(iso)  5.471850
 Nucleus: 8 H 
 Shielding tensor (ppm): 
                  0          1          2    
      0      71.177281 -38.423079   7.942096
      1       0.112615  68.629770 -11.961702
      2      -9.682617  25.035363  97.495903
 P Tensor eigenvectors:
                   0          1          2    
      0       0.784681  -0.525367  -0.329038
      1       0.615390   0.596271   0.515516
      2      -0.074639  -0.607002   0.791188
 P Eigenvalues: 
                  0          1          2    
      0      51.361040  86.682940  99.258974
P(iso)  79.100985
 Nucleus: 10 H 
 Shielding tensor (ppm): 
                  0          1          2    
      0       5.242404 -90.520090  -5.298083
      1     226.065320   7.936076 -55.386331
      2     -20.435737  29.249683  -1.588252
 P Tensor eigenvectors:
                   0          1          2    
      0       0.236371   0.010725   0.971604
      1      -0.018144  -0.999716   0.015449
      2       0.971493  -0.021280  -0.236110
 P Eigenvalues: 
                  0          1          2    
      0      -7.233426   5.927976  12.895678
P(iso)  3.863409
 Nucleus: 11 H 
 Shielding tensor (ppm): 
                  0          1          2    
      0     -82.668281 182.716171  -8.380920
      1     -179.859907  65.590276  33.434524
      2      23.768759 -50.431813 -27.532698
 P Tensor eigenvectors:
                   0          1          2    
      0       0.230001  -0.671403   0.704498
      1       0.113557  -0.700445  -0.704614
      2       0.966542   0.242063  -0.084861
 P Eigenvalues: 
                  0          1          2    
      0     -27.618733  -4.974165 -12.017805
P(iso)  -14.870234
 Nucleus: 13 H 
 Shielding tensor (ppm): 
                  0          1          2    
      0      70.380744 -277.834358 -140.267027
      1     212.578997  39.303390 -74.731933
      2      91.129972  83.419273  79.332368
 P Tensor eigenvectors:
                   0          1          2    
      0       0.264182  -0.937084   0.228212
      1      -0.437755  -0.327344  -0.837387
      2       0.859406   0.121321  -0.496692
 P Eigenvalues: 
                  0          1          2    
      0      64.159162  52.406765  72.450575
P(iso)  63.005501
 Nucleus: 14 H 
 Shielding tensor (ppm): 
                  0          1          2    
      0      28.084220  99.436132 -237.229320
      1     -29.872682  13.709851 -88.542925
      2     155.986185  46.317441  28.625848
 P Tensor eigenvectors:
                   0          1          2    
      0      -0.333371   0.940630  -0.063876
      1       0.885813   0.289305  -0.362821
      2       0.322800   0.177536   0.929667
 P Eigenvalues: 
                  0          1          2    
      0      -7.011983  30.092407  47.339495
P(iso)  23.473306
 Nucleus: 16 H 
 Shielding tensor (ppm): 
                  0          1          2    
      0      16.632066 295.591757 205.859889
      1     -199.676129  62.897963  55.151792
      2     -165.960738 -15.541978  42.854907
 P Tensor eigenvectors:
                   0          1          2    
      0       0.136341  -0.974933   0.175829
      1      -0.563545  -0.222299  -0.795613
      2       0.814756   0.009387  -0.579728
 P Eigenvalues: 
                  0          1          2    
      0      27.608439  39.260336  55.516160
P(iso)  40.794979
 Nucleus: 17 H 
 Shielding tensor (ppm): 
                  0          1          2    
      0      58.343160 -201.617966 311.139527
      1     140.708318  73.158650 111.630435
      2     -248.200150 -98.035645 110.183160
 P Tensor eigenvectors:
                   0          1          2    
      0       0.287977   0.953681   0.086960
      1      -0.821569   0.199383   0.534107
      2      -0.492029   0.225255  -0.840933
 P Eigenvalues: 
                  0          1          2    
      0      91.881592  64.111941  85.691437
P(iso)  80.561656
 Nucleus: 19 H 
 Shielding tensor (ppm): 
                  0          1          2    
      0      32.325201 226.038338 -291.996039
      1     -124.861068 -19.213320 -65.333168
      2     214.777941  53.779922 -35.865258
 P Tensor eigenvectors:
                   0          1          2    
      0      -0.191385   0.952972  -0.234983
      1       0.796472   0.010878  -0.604577
      2       0.573589   0.302864   0.761097
 P Eigenvalues: 
                  0          1          2    
      0     -35.028194   4.788244   7.486574
P(iso)  -7.584459
 Nucleus: 20 H 
 Shielding tensor (ppm): 
                  0          1          2    
      0      62.557915 -447.845759 -143.200216
      1     348.246267  -1.221301   0.786060
      2     107.227747 -14.221989  19.161391
 P Tensor eigenvectors:
                   0          1          2    
      0      -0.021112   0.951063  -0.308276
      1      -0.306523   0.287338   0.907458
      2       0.951629   0.113652   0.285456
 P Eigenvalues: 
                  0          1          2    
      0      21.263036  25.186363  34.048606
P(iso)  26.832668
 Nucleus: 22 H 
 Shielding tensor (ppm): 
                  0          1          2    
      0      76.699164 -52.584154 -170.833956
      1      81.262517  21.166833 -118.946857
      2     112.122783  90.844562  67.012072
 P Tensor eigenvectors:
                   0          1          2    
      0      -0.487889   0.782073  -0.387719
      1       0.791038   0.583930   0.182443
      2      -0.369084   0.217688   0.903542
 P Eigenvalues: 
                  0          1          2    
      0      27.195101  56.834075  80.848893
P(iso)  54.959357
 Nucleus: 23 H 
 Shielding tensor (ppm): 
                  0          1          2    
      0      82.491633 -62.124245 143.399056
      1     104.102695  13.328549  90.642327
      2     -95.165679 -65.929090  47.468901
 P Tensor eigenvectors:
                   0          1          2    
      0       0.385948  -0.687586   0.615036
      1      -0.783077  -0.596620  -0.175601
      2      -0.487683   0.413847   0.768697
 P Eigenvalues: 
                  0          1          2    
      0      19.422866  49.268038  74.598179
P(iso)  47.763028
 Nucleus: 25 H 
 Shielding tensor (ppm): 
                  0          1          2    
      0      60.490566 132.121854 104.022979
      1     -173.925552  71.100115 244.600885
      2     -75.674866 -173.685718  95.298319
 P Tensor eigenvectors:
                   0          1          2    
      0      -0.785392   0.343289  -0.515084
      1       0.318213   0.937667   0.139721
      2      -0.530942   0.054171   0.845675
 P Eigenvalues: 
                  0          1          2    
      0      81.664628  60.593868  84.630505
P(iso)  75.629667
 Nucleus: 26 H 
 Shielding tensor (ppm): 
                  0          1          2    
      0      64.329169 168.466797 -88.068349
      1     -230.960013  75.886210 -188.977061
      2      75.068365 140.679751 107.845553
 P Tensor eigenvectors:
                   0          1          2    
      0      -0.634487  -0.284668   0.718603
      1       0.279795  -0.951247  -0.129784
      2       0.720514   0.118715   0.683203
 P Eigenvalues: 
                  0          1          2    
      0      95.125709  64.370963  88.564260
P(iso)  82.686977
 Nucleus: 28 H 
 Shielding tensor (ppm): 
                  0          1          2    
      0      49.688667 -159.815458 -168.832968
      1     222.436869   1.968979 -336.043685
      2     105.226762 246.808801  28.550159
 P Tensor eigenvectors:
                   0          1          2    
      0      -0.771126   0.404900  -0.491346
      1       0.366247   0.913359   0.177871
      2      -0.520795   0.042794   0.852608
 P Eigenvalues: 
                  0          1          2    
      0      11.345102  28.409644  40.453058
P(iso)  26.735935
 Nucleus: 29 H 
 Shielding tensor (ppm): 
                  0          1          2    
      0      56.312752 -208.612666 150.937952
      1     300.051019   0.259764 254.292103
      2     -108.989698 -183.865504   5.216328
 P Tensor eigenvectors:
                   0          1          2    
      0      -0.600181   0.355274   0.716633
      1       0.363399   0.919253  -0.151377
      2       0.712547  -0.169570   0.680825
 P Eigenvalues: 
                  0          1          2    
      0       3.321115  23.834811  34.632918
P(iso)  20.596281
 Nucleus: 31 H 
 Shielding tensor (ppm): 
                  0          1          2    
      0       5.629644 300.538251 -103.366414
      1     -377.690767  58.105618 -323.699082
      2      84.899308 230.802999  43.132174
 P Tensor eigenvectors:
                   0          1          2    
      0      -0.630449  -0.302975   0.714661
      1       0.202256  -0.952996  -0.225592
      2       0.749417   0.002320   0.662094
 P Eigenvalues: 
                  0          1          2    
      0      33.321091  31.230363  42.315982
P(iso)  35.622479
 Nucleus: 32 H 
 Shielding tensor (ppm): 
                  0          1          2    
      0       5.322120 233.086157 103.460056
      1     -278.073151  59.225278 405.193080
      2     -70.566008 -294.594196  26.129372
 P Tensor eigenvectors:
                   0          1          2    
      0       0.802113   0.302565   0.514849
      1      -0.189811   0.946609  -0.260584
      2       0.566204  -0.111294  -0.816717
 P Eigenvalues: 
                  0          1          2    
      0      23.836840  28.236569  38.603362
P(iso)  30.225590
 Nucleus: 34 H 
 Shielding tensor (ppm): 
                  0          1          2    
      0      36.506521  26.786091 -43.276922
      1     -103.650177 -112.451055  20.127080
      2       6.528710  -8.719515 -108.390640
 P Tensor eigenvectors:
                   0          1          2    
      0       0.735260   0.156930  -0.659368
      1      -0.668577   0.327735  -0.667528
      2       0.111343   0.931645   0.345890
 P Eigenvalues: 
                  0          1          2    
      0       2.053919 -111.101211 -75.287882
P(iso)  -61.445058
 Nucleus: 35 H 
 Shielding tensor (ppm): 
                  0          1          2    
      0      29.586692  -3.339912 361.800879
      1      36.724505 -53.309609  70.034792
      2     -251.832382 -45.563815 -35.921039
 P Tensor eigenvectors:
                   0          1          2    
      0      -0.167015  -0.946786   0.275141
      1       0.984575  -0.174911  -0.004232
      2       0.052132   0.270190   0.961395
 P Eigenvalues: 
                  0          1          2    
      0     -56.141204  -1.490812  -2.011940
P(iso)  -19.881319
 Nucleus: 36 H 
 Shielding tensor (ppm): 
                  0          1          2    
      0     -69.596474 -59.863469  -9.177395
      1     171.938491  20.305353 -44.013577
      2      -1.438856  21.917251 -95.586219
 P Tensor eigenvectors:
                   0          1          2    
      0       0.209082   0.275262  -0.938358
      1      -0.971637  -0.049934  -0.231145
      2      -0.110482   0.960072   0.257014
 P Eigenvalues: 
                  0          1          2    
      0      -9.934357 -96.614763 -38.328220
P(iso)  -48.292447
# -----------------------------------------------------------
$ EPRNMR_ATensor
   description: Hyperfine A tensor
   geom. index: 1
   prop. index: 1
 Number of stored nuclei 21
 Source density: 1 SCF 
 Spin multiplicity: 2 
 Nucleus: 7 H  
 Isotope: 1 
 Nuclear Spin:  0.5 
 Prefactor (MHz): 533.551395 
 Raw A tensor (MHz): 
                  0          1          2    
      0     -17.278091  -6.490519   0.054118
      1      -6.492938 -12.309428   0.734433
      2       0.054108   0.733920 -18.703319
 A Tensor eigenvectors:
                   0          1          2    
      0       0.564573  -0.151503   0.811359
      1      -0.823695  -0.040594   0.565577
      2      -0.052750  -0.987623  -0.147710
 A Eigenvalues: 
                  0          1          2    
      0      -7.812587 -18.664857 -21.813394
A(iso)  -16.096946
 Nucleus: 8 H  
 Isotope: 1 
 Nuclear Spin:  0.5 
 Prefactor (MHz): 533.551395 
 Raw A tensor (MHz): 
                  0          1          2    
      0       8.777372   2.034115  -0.815727
      1       2.034494   6.798303  -0.426883
      2      -0.815912  -0.427128   4.565271
 A Tensor eigenvectors:
                   0          1          2    
      0       0.169098   0.518763   0.838028
      1       0.032080  -0.852719   0.521384
      2       0.985077  -0.061281  -0.160835
 A Eigenvalues: 
                  0          1          2    
      0       4.411304   5.529972  10.199670
A(iso)  6.713649
 Nucleus: 10 H  
 Isotope: 1 
 Nuclear Spin:  0.5 
 Prefactor (MHz): 533.551395 
 Raw A tensor (MHz): 
                  0          1          2    
      0     -21.180244   0.458861  -5.415603
      1       0.457295 -74.926808   1.479111
      2      -5.415619   1.478979 -48.100394
 A Tensor eigenvectors:
                   0          1          2    
      0      -0.981791   0.189422  -0.014315
      1      -0.003095   0.059395   0.998230
      2       0.189937   0.980098  -0.057728
 A Eigenvalues: 
                  0          1          2    
      0     -20.131096 -49.057450 -75.018899
A(iso)  -48.069148
 Nucleus: 11 H  
 Isotope: 1 
 Nuclear Spin:  0.5 
 Prefactor (MHz): 533.551395 
 Raw A tensor (MHz): 
                  0          1          2    
      0     -60.507241 -22.878515   3.329461
      1     -22.878437 -32.352972   2.961876
      2       3.329147   2.962176 -49.686988
 A Tensor eigenvectors:
                   0          1          2    
      0       0.485296   0.169179  -0.857826
      1      -0.873755   0.057656  -0.482937
      2      -0.032244   0.983897   0.175801
 A Eigenvalues: 
                  0          1          2    
      0     -19.536645 -48.940965 -74.069590
A(iso)  -47.515734
 Nucleus: 13 H  
 Isotope: 1 
 Nuclear Spin:  0.5 
 Prefactor (MHz): 533.551395 
 Raw A tensor (MHz): 
                  0          1          2    
      0       6.119424  -2.108491  -0.585109
      1      -2.109318   6.241736   0.450533
      2      -0.585015   0.450007   4.203768
 A Tensor eigenvectors:
                   0          1          2    
      0      -0.595013  -0.412984  -0.689495
      1      -0.415776  -0.576006   0.703809
      2      -0.687815   0.705451   0.171022
 A Eigenvalues: 
                  0          1          2    
      0       3.969488   4.178295   8.417146
A(iso)  5.521643
 Nucleus: 14 H  
 Isotope: 1 
 Nuclear Spin:  0.5 
 Prefactor (MHz): 533.551395 
 Raw A tensor (MHz): 
                  0          1          2    
      0      10.788007  -2.310684  -1.692553
      1      -2.310745   9.240691   0.870258
      2      -1.691641   0.870567   6.838309
 A Tensor eigenvectors:
                   0          1          2    
      0       0.343416  -0.515478   0.785078
      1      -0.007849  -0.837462  -0.546439
      2       0.939151   0.181493  -0.291644
 A Eigenvalues: 
                  0          1          2    
      0       6.212419   7.629683  13.024904
A(iso)  8.955669
 Nucleus: 16 H  
 Isotope: 1 
 Nuclear Spin:  0.5 
 Prefactor (MHz): 533.551395 
 Raw A tensor (MHz): 
                  0          1          2    
      0       0.716760  -1.956064   2.543760
      1      -1.956562  -0.302126  -0.803551
      2       2.543057  -0.802706  -1.500886
 A Tensor eigenvectors:
                   0          1          2    
      0       0.293601   0.593696  -0.749215
      1       0.858630   0.180717   0.479683
      2       0.420182  -0.784134  -0.456706
 A Eigenvalues: 
                  0          1          2    
      0      -1.364260  -3.240347   3.518356
A(iso)  -0.362084
 Nucleus: 17 H  
 Isotope: 1 
 Nuclear Spin:  0.5 
 Prefactor (MHz): 533.551395 
 Raw A tensor (MHz): 
                  0          1          2    
      0      -0.399346  -1.000338   1.048334
      1      -1.000930  -0.531515  -1.463553
      2       1.048154  -1.462817   0.105066
 A Tensor eigenvectors:
                   0          1          2    
      0      -0.846951   0.184794  -0.498523
      1      -0.149008   0.817572   0.556213
      2       0.510363   0.545369  -0.664907
 A Eigenvalues: 
                  0          1          2    
      0      -1.207128  -1.733541   2.114874
A(iso)  -0.275265
 Nucleus: 19 H  
 Isotope: 1 
 Nuclear Spin:  0.5 
 Prefactor (MHz): 533.551395 
 Raw A tensor (MHz): 
                  0          1          2    
      0       1.136616  -0.476179   0.033128
      1      -0.476348  -0.520085  -0.091795
      2       0.032997  -0.091820  -0.690512
 A Tensor eigenvectors:
                   0          1          2    
      0       0.223047  -0.134630  -0.965466
      1       0.765062  -0.589591   0.258965
      2      -0.604095  -0.796402  -0.028506
 A Eigenvalues: 
                  0          1          2    
      0      -0.586450  -0.752887   1.265357
A(iso)  -0.024660
 Nucleus: 20 H  
 Isotope: 1 
 Nuclear Spin:  0.5 
 Prefactor (MHz): 533.551395 
 Raw A tensor (MHz): 
                  0          1          2    
      0       0.901181  -0.695966   0.094227
      1      -0.696147   0.275367  -0.024199
      2       0.094197  -0.024145  -0.217059
 A Tensor eigenvectors:
                   0          1          2    
      0       0.464475  -0.283857   0.838861
      1       0.767711  -0.343126  -0.541188
      2       0.441455   0.895371   0.058546
 A Eigenvalues: 
                  0          1          2    
      0      -0.159739  -0.237608   1.356836
A(iso)  0.319830
 Nucleus: 22 H  
 Isotope: 1 
 Nuclear Spin:  0.5 
 Prefactor (MHz): 533.551395 
 Raw A tensor (MHz): 
                  0          1          2    
      0      29.153739   1.535509  -1.367293
      1       1.535144  28.943919  -0.757170
      2      -1.366675  -0.757523  28.203914
 A Tensor eigenvectors:
                   0          1          2    
      0      -0.683299  -0.251849   0.685328
      1       0.303389   0.755824   0.580246
      2      -0.664121   0.604403  -0.440046
 A Eigenvalues: 
                  0          1          2    
      0      27.143470  27.826607  31.331495
A(iso)  28.767191
 Nucleus: 23 H  
 Isotope: 1 
 Nuclear Spin:  0.5 
 Prefactor (MHz): 533.551395 
 Raw A tensor (MHz): 
                  0          1          2    
      0      30.302274   1.777650   0.696032
      1       1.777158  29.550867   0.125711
      2       0.695334   0.125820  27.983753
 A Tensor eigenvectors:
                   0          1          2    
      0      -0.462241   0.429319   0.775899
      1       0.377615  -0.696388   0.610288
      2       0.802334   0.575091   0.159782
 A Eigenvalues: 
                  0          1          2    
      0      27.642303  28.351072  31.843518
A(iso)  29.278965
 Nucleus: 25 H  
 Isotope: 1 
 Nuclear Spin:  0.5 
 Prefactor (MHz): 533.551395 
 Raw A tensor (MHz): 
                  0          1          2    
      0      -0.988293  -0.194372  -0.061202
      1      -0.193782   0.997915   0.400289
      2      -0.061011   0.400024  -1.031810
 A Tensor eigenvectors:
                   0          1          2    
      0       0.970966  -0.096655   0.218822
      1       0.133951   0.977561  -0.162577
      2      -0.198198   0.187168   0.962126
 A Eigenvalues: 
                  0          1          2    
      0      -1.002576   1.093572  -1.113184
A(iso)  -0.340729
 Nucleus: 26 H  
 Isotope: 1 
 Nuclear Spin:  0.5 
 Prefactor (MHz): 533.551395 
 Raw A tensor (MHz): 
                  0          1          2    
      0      -0.957588  -0.322113   0.073026
      1      -0.321657   0.911752  -0.505397
      2       0.072697  -0.505068  -0.995242
 A Tensor eigenvectors:
                   0          1          2    
      0      -0.985397   0.159174   0.060461
      1      -0.139453  -0.958200   0.249812
      2       0.097697   0.237732   0.966405
 A Eigenvalues: 
                  0          1          2    
      0      -1.010321   1.090494  -1.121251
A(iso)  -0.347026
 Nucleus: 28 H  
 Isotope: 1 
 Nuclear Spin:  0.5 
 Prefactor (MHz): 533.551395 
 Raw A tensor (MHz): 
                  0          1          2    
      0      -0.019583   0.336929  -0.105824
      1       0.337113   0.712126  -0.226183
      2      -0.105869  -0.226075  -0.054579
 A Tensor eigenvectors:
                   0          1          2    
      0      -0.266904   0.895720   0.355595
      1       0.354821  -0.251728   0.900408
      2       0.896027   0.366495  -0.250633
 A Eigenvalues: 
                  0          1          2    
      0      -0.112552  -0.157668   0.908185
A(iso)  0.212655
 Nucleus: 29 H  
 Isotope: 1 
 Nuclear Spin:  0.5 
 Prefactor (MHz): 533.551395 
 Raw A tensor (MHz): 
                  0          1          2    
      0       0.030320   0.383139   0.042983
      1       0.383358   0.746897   0.039951
      2       0.042968   0.039861  -0.121517
 A Tensor eigenvectors:
                   0          1          2    
      0      -0.546200   0.736721  -0.398632
      1       0.282388  -0.286087  -0.915648
      2      -0.788621  -0.612696  -0.051780
 A Eigenvalues: 
                  0          1          2    
      0      -0.105944  -0.154389   0.916034
A(iso)  0.218567
 Nucleus: 31 H  
 Isotope: 1 
 Nuclear Spin:  0.5 
 Prefactor (MHz): 533.551395 
 Raw A tensor (MHz): 
                  0          1          2    
      0      -0.108729   0.023390  -0.005798
      1       0.023504   0.405994  -0.099993
      2      -0.005825  -0.099961  -0.107360
 A Tensor eigenvectors:
                   0          1          2    
      0       0.995497   0.083453  -0.044957
      1      -0.059465   0.180449  -0.981785
      2      -0.073820   0.980038   0.184599
 A Eigenvalues: 
                  0          1          2    
      0      -0.109701  -0.126259   0.425865
A(iso)  0.063302
 Nucleus: 32 H  
 Isotope: 1 
 Nuclear Spin:  0.5 
 Prefactor (MHz): 533.551395 
 Raw A tensor (MHz): 
                  0          1          2    
      0      -0.109104   0.044313   0.000109
      1       0.044441   0.417658   0.040097
      2       0.000103   0.040063  -0.125089
 A Tensor eigenvectors:
                   0          1          2    
      0       0.977732  -0.192922   0.082594
      1      -0.066722   0.087378   0.993938
      2      -0.198969  -0.977316   0.072560
 A Eigenvalues: 
                  0          1          2    
      0      -0.112159  -0.128651   0.424276
A(iso)  0.061155
 Nucleus: 34 H  
 Isotope: 1 
 Nuclear Spin:  0.5 
 Prefactor (MHz): 533.551395 
 Raw A tensor (MHz): 
                  0          1          2    
      0       2.795208   0.344443   0.129623
      1       0.344307   5.105813  -0.128922
      2       0.129598  -0.128966   3.618474
 A Tensor eigenvectors:
                   0          1          2    
      0      -0.975327   0.170896   0.139760
      1       0.149630   0.046247   0.987660
      2       0.162323   0.984203  -0.070677
 A Eigenvalues: 
                  0          1          2    
      0       2.720815   3.634917   5.163764
A(iso)  3.839832
 Nucleus: 35 H  
 Isotope: 1 
 Nuclear Spin:  0.5 
 Prefactor (MHz): 533.551395 
 Raw A tensor (MHz): 
                  0          1          2    
      0       1.407282  -0.394570   0.454228
      1      -0.394784   0.391855  -0.148142
      2       0.454113  -0.148012   0.489139
 A Tensor eigenvectors:
                   0          1          2    
      0       0.365196  -0.294679   0.883061
      1       0.922553   0.241532  -0.300929
      2      -0.124610   0.924568   0.360063
 A Eigenvalues: 
                  0          1          2    
      0       0.255557   0.305760   1.726959
A(iso)  0.762759
 Nucleus: 36 H  
 Isotope: 1 
 Nuclear Spin:  0.5 
 Prefactor (MHz): 533.551395 
 Raw A tensor (MHz): 
                  0          1          2    
      0      -0.123890   0.091908  -0.007049
      1       0.092002   0.233976  -0.031423
      2      -0.007063  -0.031424  -0.140550
 A Tensor eigenvectors:
                   0          1          2    
      0       0.183620   0.954698   0.234170
      1       0.037104  -0.244782   0.968868
      2       0.982297  -0.169215  -0.080369
 A Eigenvalues: 
                  0          1          2    
      0      -0.143056  -0.146226   0.258818
A(iso)  -0.010155
# -------------------------------------------------------------
----------------------- !GEOMETRIES! ------------------------
# -------------------------------------------------------------
------------------------ !GEOMETRY! -------------------------
    Number of atoms:    37 
    Geometry Index:     1 
    Coordinates:
               0 C     -2.631596667306    0.129889056167    0.152945660997
               1 C      1.575863751616   -0.218018106198   -0.504991674990
               2 C      0.963822236894    1.083546150547   -0.471920518152
               3 C     -0.443340409728    1.138551394679   -0.248119470535
               4 C     -1.220279462930   -0.005180195686   -0.065902253881
               5 C     -0.611009688932   -1.294596183980   -0.103795310691
               6 C      0.773999003472   -1.347004716245   -0.323994569268
               7 H     -0.932112507223    2.114973023982   -0.219803535234
               8 H      1.262338023533   -2.323048991435   -0.360687531385
               9 C      1.682286845310    2.282285514375   -0.654362986470
              10 H      2.755458673111    2.297222888458   -0.838416136795
              11 H      1.162942845679    3.241729780971   -0.622223720578
              12 C      3.065834263570   -0.388546374398   -0.698656259180
              13 H      3.262023016831   -1.404532897680   -1.082470370225
              14 H      3.432977268000    0.306368906862   -1.474054360059
              15 C      3.887514619749   -0.182955373764    0.591464873261
              16 H      3.688811484633    0.825725389621    0.993912494431
              17 H      3.528648897195   -0.892623508955    1.358202099458
              18 C      5.390342003544   -0.369448302589    0.371431233994
              19 H      5.781137441371    0.351469258984   -0.367553654061
              20 H      5.618741961510   -1.381977642043   -0.004349992781
              21 C     -1.464202088442   -2.531527255849    0.084085752423
              22 H     -2.003034320049   -2.436934094025    1.045487762953
              23 H     -2.265136750413   -2.516674575657   -0.678829269109
              24 C     -0.750621911671   -3.885261028910    0.036885917963
              25 H     -0.229467741759   -4.002280682809   -0.931185635577
              26 H      0.033199406658   -3.924469459783    0.815700093003
              27 C     -1.711359315995   -5.064692728481    0.232430088222
              28 H     -2.238009741762   -4.948280734752    1.197733160710
              29 H     -2.495639347783   -5.026357890648   -0.546048378100
              30 C     -1.012746581909   -6.426102365588    0.189580042516
              31 H     -0.246895486624   -6.508810912067    0.980041363025
              32 H     -0.505960978228   -6.586065420645   -0.777902351380
              33 C     -3.826625612104    0.249482410163    0.342032398379
              34 H     -4.879280355505    0.361415692228    0.513223901194
              35 H      5.954179522577   -0.226136058439    1.307646319552
              36 H     -1.728335856888   -7.252291586408    0.331363446369
