-------------------------------------------------------------
----------------------- !PROPERTIES! ------------------------
-------------------------------------------------------------
# -----------------------------------------------------------
$ PAL_Flags
   description: The PAL Flags
   geom. index: 1
   prop. index: 1
        Diskflag:     2
# -----------------------------------------------------------
$ SCF_Energy
   description: The SCF energy
   geom. index: 1
   prop. index: 1
        SCF Energy:     -621.9203202442
# -----------------------------------------------------------
$ DFT_Energy
   description: The DFT energy
   geom. index: 1
   prop. index: 1
   Number of Alpha Electrons                 59.0000316853 
   Number of Beta  Electrons                 58.0000266855 
   Total number of  Electrons               117.0000583708 
   Exchange energy                          -71.5566564150 
   Correlation energy                        -4.5099074673 
   Correlation energy NL                      0.0000000000 
   Exchange-Correlation energy              -76.0665638824 
   Embedding correction                       0.0000000000 
   Total DFT Energy (No VdW correction)    -621.9203202442 
# -----------------------------------------------------------
$ Mayer_Pop
   description: The Mayer population analysis
   geom. index: 1
   prop. index: 1
     Number of atoms                     : 37
     Threshold for printing              : 0.1000000
     Number of bond orders printed       : 42
  NA   - Mulliken gross atomic population
  ZA   - Total nuclear charge
  QA   - Mulliken gross atomic charge
  VA   - Mayer's total valence
  BVA  - Mayer's bonded valence
  FA   - Mayer's free valence
  ATOM       NA         ZA         QA         VA         BVA        FA
  0   0     5.9808     6.0000     0.0192     3.8446     3.8442     0.0004
  1   0     5.7549     6.0000     0.2451     3.9865     3.9454     0.0411
  2   0     5.5151     6.0000     0.4849     3.8660     3.8513     0.0147
  3   0     6.4503     6.0000    -0.4503     4.3050     4.2676     0.0374
  4   0     5.5598     6.0000     0.4402     3.9723     3.9652     0.0071
  5   0     5.7110     6.0000     0.2890     3.8431     3.7964     0.0467
  6   0     6.3842     6.0000    -0.3842     4.4171     4.4081     0.0090
  7   0     0.8813     1.0000     0.1187     0.9644     0.9642     0.0002
  8   0     0.8844     1.0000     0.1156     0.9720     0.9720     0.0000
  9   0     6.5887     6.0000    -0.5887     3.8672     3.4379     0.4293
 10   0     0.8498     1.0000     0.1502     0.9744     0.9732     0.0012
 11   0     0.8511     1.0000     0.1489     0.9726     0.9714     0.0012
 12   0     6.4249     6.0000    -0.4249     3.9549     3.9547     0.0002
 13   0     0.8657     1.0000     0.1343     0.9739     0.9739     0.0000
 14   0     0.8618     1.0000     0.1382     0.9714     0.9714     0.0000
 15   0     6.2556     6.0000    -0.2556     3.8878     3.8877     0.0001
 16   0     0.8448     1.0000     0.1552     0.9695     0.9695     0.0000
 17   0     0.8478     1.0000     0.1522     0.9688     0.9688     0.0000
 18   0     6.5093     6.0000    -0.5093     3.8788     3.8788     0.0000
 19   0     0.8404     1.0000     0.1596     0.9652     0.9652     0.0000
 20   0     0.8395     1.0000     0.1605     0.9644     0.9644     0.0000
 21   0     6.3861     6.0000    -0.3861     4.0611     4.0608     0.0003
 22   0     0.8465     1.0000     0.1535     0.9627     0.9626     0.0001
 23   0     0.8468     1.0000     0.1532     0.9626     0.9624     0.0002
 24   0     6.2619     6.0000    -0.2619     4.0143     4.0143     0.0000
 25   0     0.8623     1.0000     0.1377     0.9670     0.9670     0.0000
 26   0     0.8617     1.0000     0.1383     0.9668     0.9668     0.0000
 27   0     6.2551     6.0000    -0.2551     3.8902     3.8902     0.0000
 28   0     0.8575     1.0000     0.1425     0.9675     0.9675     0.0000
 29   0     0.8574     1.0000     0.1426     0.9676     0.9676     0.0000
 30   0     6.5097     6.0000    -0.5097     3.8997     3.8997     0.0000
 31   0     0.8428     1.0000     0.1572     0.9659     0.9659     0.0000
 32   0     0.8426     1.0000     0.1574     0.9658     0.9658     0.0000
 33   0     6.5442     6.0000    -0.5442     3.8860     3.8846     0.0014
 34   0     0.8185     1.0000     0.1815     0.9776     0.9776     0.0000
 35   0     0.8501     1.0000     0.1499     0.9671     0.9671     0.0000
 36   0     0.8559     1.0000     0.1441     0.9669     0.9669     0.0000
      Bond orders larger than 0.1000000
           Atom A     A.N. of A          Atom B    A.N. of B              Bond order
                0             6               4            6                0.923151
                0             6              33            6                2.711279
                1             6               2            6                1.373457
                1             6               5            6                0.115745
                1             6               6            6                1.506720
                1             6               9            6                0.114443
                1             6              12            6                0.816409
                2             6               3            6                1.254451
                2             6               4            6                0.118182
                2             6               6            6                0.142815
                2             6               9            6                1.096263
                3             6               4            6                1.473615
                3             6               7            1                0.983309
                3             6               9            6                0.141545
                4             6               5            6                1.338071
                5             6               6            6                1.411173
                5             6              21            6                0.940813
                6             6               8            1                0.979254
                9             6              10            1                0.964386
                9             6              11            1                0.982074
               12             6              13            1                0.991468
               12             6              14            1                0.971709
               12             6              15            6                0.977471
               15             6              16            1                0.970967
               15             6              17            1                0.973661
               15             6              18            6                0.951997
               18             6              19            1                0.972939
               18             6              20            1                0.972530
               18             6              35            1                0.971043
               21             6              22            1                0.958092
               21             6              23            1                0.957941
               21             6              24            6                1.019890
               24             6              25            1                0.960522
               24             6              26            1                0.961490
               24             6              27            6                0.987360
               27             6              28            1                0.970828
               27             6              29            1                0.971346
               27             6              30            6                0.953732
               30             6              31            1                0.973123
               30             6              32            1                0.972983
               30             6              36            1                0.967597
               33             6              34            1                0.982256
# -----------------------------------------------------------
$ Calculation_Info
   description: Details of the calculation
   geom. index: 1
   prop. index: 1
     Multiplicity:                          2
     Charge:                                0
     number of atoms:                       37
     number of electrons:                   0
     number of frozen core electrons:       1
     number of correlated electrons:        0
     number of basis functions:             419
     number of aux C basis functions:       2878
     number of aux J basis functions:       2878
     number of aux JK basis functions:      2878
     number of aux CABS basis functions:    0
     Total Energy                           -621.920320
# -----------------------------------------------------------
$ SCF_Electric_Properties
   description: The SCF Calculated Electric Properties
   geom. index: 1
   prop. index: 1
       Filename                          : EPRII.scfp 
       Do Dipole Moment Calculation      : true 
       Do Quadrupole Moment Calculation  : false 
       Do Polarizability Calculation     : false 
** Dipole moment part of electric properties **
        Magnitude of dipole moment (Debye) :        1.0906970675
        Electronic Contribution:
                  0    
      0     -11.676407
      1      14.752893
      2      -1.681873
        Nuclear Contribution:
                  0    
      0      11.951686
      1     -15.078746
      2       1.728485
        Total Dipole moment:
                  0    
      0       0.275278
      1      -0.325853
      2       0.046612
# -----------------------------------------------------------
$ EPRNMR_GTensor
   description: Electronic g tensor
   geom. index: 1
   prop. index: 1
 Source density: 1 SCF 
 Spin multiplicity: 2 
 raw g tensor: 
                  0          1          2    
      0       2.002736  -0.000019  -0.000101
      1      -0.000015   2.002780  -0.000037
      2      -0.000134  -0.000103   2.002249
 g tensor: 
                  0          1          2    
      0       0.221443   0.973447  -0.058007
      1       0.126224   0.030371   0.991537
      2       0.966970  -0.226891  -0.116147
 G eigenvalues: 
                  0          1          2    
      0       2.002213   2.002762   2.002789
# -----------------------------------------------------------
$ EPRNMR_OrbitalShielding
   description: Orbital contribution to the NMR Shielding tensor (ppm)
   geom. index: 1
   prop. index: 1
 Number of stored nuclei 21
 Source density: 1 SCF 
 Nucleus: 7 H 
 Shielding tensor (ppm): 
                  0          1          2    
      0      27.589054   3.805765  -1.150325
      1       3.423731  24.476261  -0.747297
      2      -1.040105  -0.880184  21.223722
 P Tensor eigenvectors:
                   0          1          2    
      0       0.087227  -0.561533  -0.822844
      1       0.140178   0.824693  -0.547934
      2       0.986277  -0.067550   0.150650
 P Eigenvalues: 
                  0          1          2    
      0      21.011014  22.102599  30.175425
P(iso)  24.429679
 Nucleus: 8 H 
 Shielding tensor (ppm): 
                  0          1          2    
      0      29.611597   5.893193  -1.405241
      1       5.815424  24.847898  -0.691817
      2      -1.110276  -0.263900  20.190661
 P Tensor eigenvectors:
                   0          1          2    
      0       0.249561   0.504742   0.826411
      1      -0.199162  -0.808415   0.553895
      2       0.947657  -0.302820  -0.101224
 P Eigenvalues: 
                  0          1          2    
      0      19.965645  21.007375  33.677135
P(iso)  24.883385
 Nucleus: 10 H 
 Shielding tensor (ppm): 
                  0          1          2    
      0      24.856401  -0.801016   0.192480
      1       1.205633  30.919987  -1.440859
      2       0.176600  -0.318098  23.427420
 P Tensor eigenvectors:
                   0          1          2    
      0      -0.122282  -0.991374  -0.047168
      1       0.129222   0.031218  -0.991124
      2       0.984047  -0.127292   0.124290
 P Eigenvalues: 
                  0          1          2    
      0      23.299425  24.880199  31.024184
P(iso)  26.401269
 Nucleus: 11 H 
 Shielding tensor (ppm): 
                  0          1          2    
      0      27.490167   2.714880  -0.483964
      1       0.951953  27.889108  -0.544460
      2      -0.382261  -1.339139  24.362098
 P Tensor eigenvectors:
                   0          1          2    
      0      -0.009914  -0.773679  -0.633500
      1       0.237966   0.613505  -0.752984
      2       0.971223  -0.158216   0.178027
 P Eigenvalues: 
                  0          1          2    
      0      24.126489  25.898338  29.716547
P(iso)  26.580458
 Nucleus: 13 H 
 Shielding tensor (ppm): 
                  0          1          2    
      0      30.496491   0.413466   0.253315
      1       1.723968  30.980750   2.665477
      2      -0.997011   4.176188  26.756173
 P Tensor eigenvectors:
                   0          1          2    
      0       0.131553  -0.949027  -0.286429
      1      -0.483232   0.190893  -0.854428
      2       0.865552   0.250814  -0.433488
 P Eigenvalues: 
                  0          1          2    
      0      24.725226  30.396211  33.111977
P(iso)  29.411138
 Nucleus: 14 H 
 Shielding tensor (ppm): 
                  0          1          2    
      0      29.215505   0.467425  -0.674617
      1      -1.184152  28.722336  -2.406114
      2      -2.275538  -2.685935  28.679355
 P Tensor eigenvectors:
                   0          1          2    
      0       0.333590  -0.868929  -0.365624
      1       0.625900   0.494169  -0.603363
      2       0.704959  -0.027568   0.708712
 P Eigenvalues: 
                  0          1          2    
      0      25.665645  29.401125  31.550426
P(iso)  28.872399
 Nucleus: 16 H 
 Shielding tensor (ppm): 
                  0          1          2    
      0      30.424501  -2.249254   0.785628
      1      -1.707260  31.303531   2.973209
      2       2.978118   3.541076  27.761743
 P Tensor eigenvectors:
                   0          1          2    
      0      -0.402682   0.861634  -0.308924
      1      -0.490203   0.082018   0.867741
      2       0.773012   0.500859   0.389348
 P Eigenvalues: 
                  0          1          2    
      0      24.623555  31.374705  33.491514
P(iso)  29.829925
 Nucleus: 17 H 
 Shielding tensor (ppm): 
                  0          1          2    
      0      31.504543   1.811399  -0.702270
      1       1.477952  27.946904  -2.943440
      2       0.833252  -3.982332  31.204727
 P Tensor eigenvectors:
                   0          1          2    
      0      -0.225034   0.901019   0.370844
      1       0.829288  -0.022694   0.558361
      2       0.511510   0.433186  -0.742097
 P Eigenvalues: 
                  0          1          2    
      0      25.412686  31.498399  33.745088
P(iso)  30.218724
 Nucleus: 19 H 
 Shielding tensor (ppm): 
                  0          1          2    
      0      32.983823   2.974306  -2.934527
      1       2.219300  30.233691  -2.613379
      2      -1.658639  -3.015297  29.066598
 P Tensor eigenvectors:
                   0          1          2    
      0       0.039139   0.689866  -0.722878
      1       0.612441  -0.588184  -0.528163
      2       0.789547   0.422049   0.445523
 P Eigenvalues: 
                  0          1          2    
      0      26.771160  29.287175  36.225777
P(iso)  30.761371
 Nucleus: 20 H 
 Shielding tensor (ppm): 
                  0          1          2    
      0      31.879213  -3.665328  -1.022567
      1      -2.526418  33.361659   1.638262
      2      -0.032052   1.767576  27.107681
 P Tensor eigenvectors:
                   0          1          2    
      0      -0.060052   0.807413  -0.586922
      1      -0.272600   0.552368   0.787769
      2       0.960252   0.207302   0.186930
 P Eigenvalues: 
                  0          1          2    
      0      26.657553  29.578491  36.112508
P(iso)  30.782851
 Nucleus: 22 H 
 Shielding tensor (ppm): 
                  0          1          2    
      0      27.221330  -1.810160  -3.407731
      1      -1.262799  31.463820   0.422259
      2      -4.874873  -0.308021  27.883796
 P Tensor eigenvectors:
                   0          1          2    
      0       0.731359  -0.399016   0.553082
      1       0.125447  -0.718433  -0.684191
      2       0.670356   0.569771  -0.475377
 P Eigenvalues: 
                  0          1          2    
      0      23.252744  30.581496  32.734706
P(iso)  28.856315
 Nucleus: 23 H 
 Shielding tensor (ppm): 
                  0          1          2    
      0      29.694458  -1.339195   3.077194
      1      -0.928400  31.473161  -0.553981
      2       4.571349   0.430175  25.469030
 P Tensor eigenvectors:
                   0          1          2    
      0      -0.501870  -0.518215   0.692517
      1      -0.053867  -0.780370  -0.622994
      2       0.863264  -0.349966   0.363730
 P Eigenvalues: 
                  0          1          2    
      0      23.181476  30.696428  32.758744
P(iso)  28.878883
 Nucleus: 25 H 
 Shielding tensor (ppm): 
                  0          1          2    
      0      29.467079   1.198506  -3.933920
      1       0.807447  31.309225   0.265879
      2      -3.675326   1.469952  29.402233
 P Tensor eigenvectors:
                   0          1          2    
      0       0.691898   0.105756  -0.714208
      1      -0.206623   0.976844  -0.055522
      2       0.691798   0.185987   0.697728
 P Eigenvalues: 
                  0          1          2    
      0      25.337603  31.595584  33.245350
P(iso)  30.059512
 Nucleus: 26 H 
 Shielding tensor (ppm): 
                  0          1          2    
      0      31.665560   1.038259   3.274603
      1       1.012022  31.126882  -0.707705
      2       3.123587  -1.935310  27.406236
 P Tensor eigenvectors:
                   0          1          2    
      0      -0.464220  -0.002378  -0.885717
      1       0.260503   0.955400  -0.139100
      2       0.846545  -0.295305  -0.442896
 P Eigenvalues: 
                  0          1          2    
      0      25.231432  31.547946  33.419300
P(iso)  30.066226
 Nucleus: 28 H 
 Shielding tensor (ppm): 
                  0          1          2    
      0      29.483918  -0.479455  -4.816318
      1      -0.190530  30.876360  -0.098899
      2      -4.530755  -0.735141  30.128138
 P Tensor eigenvectors:
                   0          1          2    
      0       0.729408  -0.078132  -0.679602
      1       0.085173   0.996098  -0.023103
      2       0.678755  -0.041032   0.733217
 P Eigenvalues: 
                  0          1          2    
      0      25.073335  30.922866  34.492215
P(iso)  30.162805
 Nucleus: 29 H 
 Shielding tensor (ppm): 
                  0          1          2    
      0      32.129075   0.143920   4.235280
      1       0.203505  30.935531  -0.084217
      2       3.970421   0.642644  27.428215
 P Tensor eigenvectors:
                   0          1          2    
      0      -0.502625  -0.081796  -0.860626
      1      -0.020418   0.996359  -0.082772
      2       0.864263  -0.024031  -0.502466
 P Eigenvalues: 
                  0          1          2    
      0      25.046416  30.915935  34.530470
P(iso)  30.164273
 Nucleus: 31 H 
 Shielding tensor (ppm): 
                  0          1          2    
      0      31.016555  -1.625740   3.905344
      1      -2.597825  30.981671  -2.288307
      2       3.317135  -1.962236  30.220654
 P Tensor eigenvectors:
                   0          1          2    
      0      -0.650957   0.415491   0.635313
      1       0.058232   0.861778  -0.503932
      2       0.756878   0.291042   0.585175
 P Eigenvalues: 
                  0          1          2    
      0      26.974775  29.218223  36.025882
P(iso)  30.739627
 Nucleus: 32 H 
 Shielding tensor (ppm): 
                  0          1          2    
      0      28.999914  -1.324893  -3.444185
      1      -2.109156  31.393357   3.013646
      2      -2.747924   2.449055  31.826239
 P Tensor eigenvectors:
                   0          1          2    
      0      -0.841545   0.309576  -0.442679
      1       0.007389   0.826012   0.563604
      2      -0.540137  -0.471027   0.697414
 P Eigenvalues: 
                  0          1          2    
      0      27.009551  29.159414  36.050544
P(iso)  30.739837
 Nucleus: 34 H 
 Shielding tensor (ppm): 
                  0          1          2    
      0      35.423931  -1.655086  -1.752721
      1      -1.986083  25.981779   0.245183
      2      -1.674715   0.172851  24.538234
 P Tensor eigenvectors:
                   0          1          2    
      0       0.160071  -0.166908   0.972892
      1       0.049249  -0.983023  -0.176749
      2       0.985876   0.076206  -0.149134
 P Eigenvalues: 
                  0          1          2    
      0      24.271364  25.651294  36.021285
P(iso)  28.647981
 Nucleus: 35 H 
 Shielding tensor (ppm): 
                  0          1          2    
      0      33.665852   0.450027   5.108812
      1       0.257757  26.635942   0.600944
      2       4.304782   0.634020  31.252608
 P Tensor eigenvectors:
                   0          1          2    
      0      -0.103068   0.612640   0.783613
      1      -0.968011  -0.242966   0.062633
      2       0.228763  -0.752090   0.618084
 P Eigenvalues: 
                  0          1          2    
      0      26.527407  27.668733  37.358262
P(iso)  30.518134
 Nucleus: 36 H 
 Shielding tensor (ppm): 
                  0          1          2    
      0      29.371732   2.485074  -0.608483
      1       3.718674  36.021483  -0.982073
      2      -0.650364  -0.791229  26.097075
 P Tensor eigenvectors:
                   0          1          2    
      0       0.143881   0.915305   0.376185
      1       0.042909  -0.385553   0.921687
      2       0.988664  -0.116472  -0.094749
 P Eigenvalues: 
                  0          1          2    
      0      25.967141  28.181079  37.342072
P(iso)  30.496764
# -----------------------------------------------------------
$ EPRNMR_ATensor
   description: Hyperfine A tensor
   geom. index: 1
   prop. index: 1
 Number of stored nuclei 21
 Source density: 1 SCF 
 Spin multiplicity: 2 
 Nucleus: 7 H  
 Isotope: 1 
 Nuclear Spin:  0.5 
 Prefactor (MHz): 533.551395 
 Raw A tensor (MHz): 
                  0          1          2    
      0     -17.266301  -6.490041   0.054116
      1      -6.492461 -12.299909   0.734467
      2       0.054106   0.733954 -18.691373
 A Tensor eigenvectors:
                   0          1          2    
      0       0.564625  -0.151503   0.811323
      1      -0.823659  -0.040593   0.565630
      2      -0.052761  -0.987623  -0.147707
 A Eigenvalues: 
                  0          1          2    
      0      -7.802779 -18.652910 -21.801894
A(iso)  -16.085861
 Nucleus: 8 H  
 Isotope: 1 
 Nuclear Spin:  0.5 
 Prefactor (MHz): 533.551395 
 Raw A tensor (MHz): 
                  0          1          2    
      0       8.771699   2.033673  -0.815536
      1       2.034052   6.794514  -0.426862
      2      -0.815721  -0.427106   4.560528
 A Tensor eigenvectors:
                   0          1          2    
      0       0.169086   0.518885   0.837955
      1       0.032100  -0.852645   0.521504
      2       0.985078  -0.061281  -0.160827
 A Eigenvalues: 
                  0          1          2    
      0       4.406596   5.526053  10.194092
A(iso)  6.708914
 Nucleus: 10 H  
 Isotope: 1 
 Nuclear Spin:  0.5 
 Prefactor (MHz): 533.551395 
 Raw A tensor (MHz): 
                  0          1          2    
      0     -21.187697   0.458818  -5.416199
      1       0.457252 -74.940449   1.479232
      2      -5.416215   1.479100 -48.111390
 A Tensor eigenvectors:
                   0          1          2    
      0      -0.981792   0.189419  -0.014313
      1      -0.003093   0.059394   0.998230
      2       0.189934   0.980098  -0.057726
 A Eigenvalues: 
                  0          1          2    
      0     -20.138455 -49.068537 -75.032544
A(iso)  -48.079845
 Nucleus: 11 H  
 Isotope: 1 
 Nuclear Spin:  0.5 
 Prefactor (MHz): 533.551395 
 Raw A tensor (MHz): 
                  0          1          2    
      0     -60.518924 -22.881179   3.329706
      1     -22.881101 -32.361607   2.962273
      2       3.329392   2.962572 -49.697861
 A Tensor eigenvectors:
                   0          1          2    
      0       0.485297   0.169180  -0.857826
      1      -0.873754   0.057653  -0.482939
      2      -0.032247   0.983898   0.175800
 A Eigenvalues: 
                  0          1          2    
      0     -19.543726 -48.951779 -74.082886
A(iso)  -47.526131
 Nucleus: 13 H  
 Isotope: 1 
 Nuclear Spin:  0.5 
 Prefactor (MHz): 533.551395 
 Raw A tensor (MHz): 
                  0          1          2    
      0       6.116993  -2.108456  -0.585091
      1      -2.109283   6.239936   0.450663
      2      -0.584997   0.450137   4.201557
 A Tensor eigenvectors:
                   0          1          2    
      0      -0.594912  -0.413222  -0.689440
      1      -0.415530  -0.576120   0.703861
      2      -0.688051   0.705218   0.171035
 A Eigenvalues: 
                  0          1          2    
      0       3.967376   4.176083   8.415027
A(iso)  5.519495
 Nucleus: 14 H  
 Isotope: 1 
 Nuclear Spin:  0.5 
 Prefactor (MHz): 533.551395 
 Raw A tensor (MHz): 
                  0          1          2    
      0      10.784738  -2.310909  -1.692622
      1      -2.310970   9.237924   0.870110
      2      -1.691710   0.870418   6.835388
 A Tensor eigenvectors:
                   0          1          2    
      0       0.343517  -0.515449   0.785053
      1      -0.007690  -0.837438  -0.546479
      2       0.939115   0.181688  -0.291638
 A Eigenvalues: 
                  0          1          2    
      0       6.209417   7.626641  13.021993
A(iso)  8.952684
 Nucleus: 16 H  
 Isotope: 1 
 Nuclear Spin:  0.5 
 Prefactor (MHz): 533.551395 
 Raw A tensor (MHz): 
                  0          1          2    
      0       0.717474  -1.956285   2.543825
      1      -1.956782  -0.301401  -0.803704
      2       2.543123  -0.802859  -1.500105
 A Tensor eigenvectors:
                   0          1          2    
      0       0.293600   0.593712  -0.749203
      1       0.858615   0.180736   0.479703
      2       0.420213  -0.784118  -0.456706
 A Eigenvalues: 
                  0          1          2    
      0      -1.363732  -3.239656   3.519356
A(iso)  -0.361344
 Nucleus: 17 H  
 Isotope: 1 
 Nuclear Spin:  0.5 
 Prefactor (MHz): 533.551395 
 Raw A tensor (MHz): 
                  0          1          2    
      0      -0.398582  -1.000379   1.048300
      1      -1.000970  -0.530562  -1.463473
      2       1.048120  -1.462737   0.105834
 A Tensor eigenvectors:
                   0          1          2    
      0      -0.846931   0.184881  -0.498524
      1      -0.148938   0.817572   0.556231
      2       0.510416   0.545339  -0.664892
 A Eigenvalues: 
                  0          1          2    
      0      -1.206352  -1.732597   2.115639
A(iso)  -0.274437
 Nucleus: 19 H  
 Isotope: 1 
 Nuclear Spin:  0.5 
 Prefactor (MHz): 533.551395 
 Raw A tensor (MHz): 
                  0          1          2    
      0       1.136563  -0.476228   0.033129
      1      -0.476396  -0.520125  -0.091799
      2       0.032998  -0.091823  -0.690580
 A Tensor eigenvectors:
                   0          1          2    
      0       0.223067  -0.134642  -0.965460
      1       0.765058  -0.589586   0.258987
      2      -0.604092  -0.796405  -0.028508
 A Eigenvalues: 
                  0          1          2    
      0      -0.586515  -0.752956   1.265328
A(iso)  -0.024714
 Nucleus: 20 H  
 Isotope: 1 
 Nuclear Spin:  0.5 
 Prefactor (MHz): 533.551395 
 Raw A tensor (MHz): 
                  0          1          2    
      0       0.901024  -0.695982   0.094228
      1      -0.696163   0.275308  -0.024198
      2       0.094199  -0.024143  -0.217165
 A Tensor eigenvectors:
                   0          1          2    
      0       0.464493  -0.283881   0.838843
      1       0.767686  -0.343138  -0.541216
      2       0.441480   0.895359   0.058546
 A Eigenvalues: 
                  0          1          2    
      0      -0.159839  -0.237717   1.356723
A(iso)  0.319722
 Nucleus: 22 H  
 Isotope: 1 
 Nuclear Spin:  0.5 
 Prefactor (MHz): 533.551395 
 Raw A tensor (MHz): 
                  0          1          2    
      0      29.142304   1.535105  -1.367431
      1       1.534740  28.931532  -0.756655
      2      -1.366813  -0.757008  28.192924
 A Tensor eigenvectors:
                   0          1          2    
      0      -0.683371  -0.251415   0.685415
      1       0.303736   0.755820   0.580070
      2      -0.663889   0.604588  -0.440142
 A Eigenvalues: 
                  0          1          2    
      0      27.131978  27.815457  31.319325
A(iso)  28.755587
 Nucleus: 23 H  
 Isotope: 1 
 Nuclear Spin:  0.5 
 Prefactor (MHz): 533.551395 
 Raw A tensor (MHz): 
                  0          1          2    
      0      30.290907   1.777148   0.696309
      1       1.776656  29.538349   0.125472
      2       0.695612   0.125581  27.972620
 A Tensor eigenvectors:
                   0          1          2    
      0      -0.462364   0.428979   0.776013
      1       0.377913  -0.696372   0.610121
      2       0.802123   0.575364   0.159861
 A Eigenvalues: 
                  0          1          2    
      0      27.630748  28.339853  31.831276
A(iso)  29.267292
 Nucleus: 25 H  
 Isotope: 1 
 Nuclear Spin:  0.5 
 Prefactor (MHz): 533.551395 
 Raw A tensor (MHz): 
                  0          1          2    
      0      -0.987911  -0.194247  -0.061209
      1      -0.193656   0.997830   0.400183
      2      -0.061019   0.399918  -1.031477
 A Tensor eigenvectors:
                   0          1          2    
      0       0.970929  -0.096620   0.219002
      1       0.133946   0.977566  -0.162554
      2      -0.198382   0.187163   0.962089
 A Eigenvalues: 
                  0          1          2    
      0      -1.002163   1.093444  -1.112838
A(iso)  -0.340519
 Nucleus: 26 H  
 Isotope: 1 
 Nuclear Spin:  0.5 
 Prefactor (MHz): 533.551395 
 Raw A tensor (MHz): 
                  0          1          2    
      0      -0.957204  -0.321959   0.073007
      1      -0.321504   0.911687  -0.505298
      2       0.072677  -0.504970  -0.994917
 A Tensor eigenvectors:
                   0          1          2    
      0      -0.985414   0.159141   0.060272
      1      -0.139468  -0.958204   0.249786
      2       0.097504   0.237737   0.966423
 A Eigenvalues: 
                  0          1          2    
      0      -1.009903   1.090369  -1.120900
A(iso)  -0.346811
 Nucleus: 28 H  
 Isotope: 1 
 Nuclear Spin:  0.5 
 Prefactor (MHz): 533.551395 
 Raw A tensor (MHz): 
                  0          1          2    
      0      -0.019567   0.336862  -0.105812
      1       0.337046   0.711977  -0.226153
      2      -0.105857  -0.226044  -0.054589
 A Tensor eigenvectors:
                   0          1          2    
      0      -0.267177   0.895636   0.355601
      1       0.354911  -0.251620   0.900403
      2       0.895910   0.366774  -0.250644
 A Eigenvalues: 
                  0          1          2    
      0      -0.112552  -0.157634   0.908007
A(iso)  0.212607
 Nucleus: 29 H  
 Isotope: 1 
 Nuclear Spin:  0.5 
 Prefactor (MHz): 533.551395 
 Raw A tensor (MHz): 
                  0          1          2    
      0       0.030330   0.383067   0.042973
      1       0.383286   0.746745   0.039954
      2       0.042958   0.039865  -0.121516
 A Tensor eigenvectors:
                   0          1          2    
      0      -0.546417   0.736555  -0.398641
      1       0.282485  -0.286005  -0.915644
      2      -0.788435  -0.612934  -0.051788
 A Eigenvalues: 
                  0          1          2    
      0      -0.105941  -0.154355   0.915855
A(iso)  0.218520
 Nucleus: 31 H  
 Isotope: 1 
 Nuclear Spin:  0.5 
 Prefactor (MHz): 533.551395 
 Raw A tensor (MHz): 
                  0          1          2    
      0      -0.108732   0.023393  -0.005796
      1       0.023507   0.405909  -0.099979
      2      -0.005823  -0.099947  -0.107375
 A Tensor eigenvectors:
                   0          1          2    
      0       0.995514   0.083246  -0.044970
      1      -0.059440   0.180459  -0.981785
      2      -0.073615   0.980053   0.184597
 A Eigenvalues: 
                  0          1          2    
      0      -0.109705  -0.126271   0.425778
A(iso)  0.063267
 Nucleus: 32 H  
 Isotope: 1 
 Nuclear Spin:  0.5 
 Prefactor (MHz): 533.551395 
 Raw A tensor (MHz): 
                  0          1          2    
      0      -0.109109   0.044313   0.000104
      1       0.044441   0.417571   0.040089
      2       0.000098   0.040054  -0.125099
 A Tensor eigenvectors:
                   0          1          2    
      0       0.977686  -0.193147   0.082605
      1      -0.066714   0.087391   0.993938
      2      -0.199195  -0.977270   0.072555
 A Eigenvalues: 
                  0          1          2    
      0      -0.112162  -0.128663   0.424189
A(iso)  0.061121
 Nucleus: 34 H  
 Isotope: 1 
 Nuclear Spin:  0.5 
 Prefactor (MHz): 533.551395 
 Raw A tensor (MHz): 
                  0          1          2    
      0       2.767615   0.343444   0.127941
      1       0.343308   5.068636  -0.128783
      2       0.127916  -0.128826   3.580911
 A Tensor eigenvectors:
                   0          1          2    
      0      -0.975289   0.170949   0.139958
      1       0.149833   0.046236   0.987630
      2       0.162363   0.984194  -0.070707
 A Eigenvalues: 
                  0          1          2    
      0       2.693575   3.597076   5.126510
A(iso)  3.805720
 Nucleus: 35 H  
 Isotope: 1 
 Nuclear Spin:  0.5 
 Prefactor (MHz): 533.551395 
 Raw A tensor (MHz): 
                  0          1          2    
      0       1.407105  -0.394598   0.454238
      1      -0.394811   0.391720  -0.148149
      2       0.454122  -0.148019   0.489004
 A Tensor eigenvectors:
                   0          1          2    
      0       0.365259  -0.294634   0.883050
      1       0.922512   0.241663  -0.300949
      2      -0.124731   0.924548   0.360073
 A Eigenvalues: 
                  0          1          2    
      0       0.255399   0.305617   1.726814
A(iso)  0.762610
 Nucleus: 36 H  
 Isotope: 1 
 Nuclear Spin:  0.5 
 Prefactor (MHz): 533.551395 
 Raw A tensor (MHz): 
                  0          1          2    
      0      -0.123856   0.091897  -0.007049
      1       0.091990   0.233956  -0.031419
      2      -0.007063  -0.031420  -0.140524
 A Tensor eigenvectors:
                   0          1          2    
      0       0.183692   0.954683   0.234174
      1       0.037085  -0.244789   0.968867
      2       0.982284  -0.169289  -0.080370
 A Eigenvalues: 
                  0          1          2    
      0      -0.143029  -0.146190   0.258795
A(iso)  -0.010141
# -------------------------------------------------------------
----------------------- !GEOMETRIES! ------------------------
# -------------------------------------------------------------
------------------------ !GEOMETRY! -------------------------
    Number of atoms:    37 
    Geometry Index:     1 
    Coordinates:
               0 C     -2.631596667306    0.129889056167    0.152945660997
               1 C      1.575863751616   -0.218018106198   -0.504991674990
               2 C      0.963822236894    1.083546150547   -0.471920518152
               3 C     -0.443340409728    1.138551394679   -0.248119470535
               4 C     -1.220279462930   -0.005180195686   -0.065902253881
               5 C     -0.611009688932   -1.294596183980   -0.103795310691
               6 C      0.773999003472   -1.347004716245   -0.323994569268
               7 H     -0.932112507223    2.114973023982   -0.219803535234
               8 H      1.262338023533   -2.323048991435   -0.360687531385
               9 C      1.682286845310    2.282285514375   -0.654362986470
              10 H      2.755458673111    2.297222888458   -0.838416136795
              11 H      1.162942845679    3.241729780971   -0.622223720578
              12 C      3.065834263570   -0.388546374398   -0.698656259180
              13 H      3.262023016831   -1.404532897680   -1.082470370225
              14 H      3.432977268000    0.306368906862   -1.474054360059
              15 C      3.887514619749   -0.182955373764    0.591464873261
              16 H      3.688811484633    0.825725389621    0.993912494431
              17 H      3.528648897195   -0.892623508955    1.358202099458
              18 C      5.390342003544   -0.369448302589    0.371431233994
              19 H      5.781137441371    0.351469258984   -0.367553654061
              20 H      5.618741961510   -1.381977642043   -0.004349992781
              21 C     -1.464202088442   -2.531527255849    0.084085752423
              22 H     -2.003034320049   -2.436934094025    1.045487762953
              23 H     -2.265136750413   -2.516674575657   -0.678829269109
              24 C     -0.750621911671   -3.885261028910    0.036885917963
              25 H     -0.229467741759   -4.002280682809   -0.931185635577
              26 H      0.033199406658   -3.924469459783    0.815700093003
              27 C     -1.711359315995   -5.064692728481    0.232430088222
              28 H     -2.238009741762   -4.948280734752    1.197733160710
              29 H     -2.495639347783   -5.026357890648   -0.546048378100
              30 C     -1.012746581909   -6.426102365588    0.189580042516
              31 H     -0.246895486624   -6.508810912067    0.980041363025
              32 H     -0.505960978228   -6.586065420645   -0.777902351380
              33 C     -3.826625612104    0.249482410163    0.342032398379
              34 H     -4.879280355505    0.361415692228    0.513223901194
              35 H      5.954179522577   -0.226136058439    1.307646319552
              36 H     -1.728335856888   -7.252291586408    0.331363446369
