-------------------------------------------------------------
----------------------- !PROPERTIES! ------------------------
-------------------------------------------------------------
# -----------------------------------------------------------
$ PAL_Flags
   description: The PAL Flags
   geom. index: 1
   prop. index: 1
        Diskflag:     2
# -----------------------------------------------------------
$ SCF_Energy
   description: The SCF energy
   geom. index: 1
   prop. index: 1
        SCF Energy:    -1312.0490958631
# -----------------------------------------------------------
$ DFT_Energy
   description: The DFT energy
   geom. index: 1
   prop. index: 1
   Number of Alpha Electrons                117.0001582158 
   Number of Beta  Electrons                116.0001452874 
   Total number of  Electrons               233.0003035032 
   Exchange energy                         -147.8975025244 
   Correlation energy                        -9.1235329456 
   Correlation energy NL                      0.0000000000 
   Exchange-Correlation energy             -157.0210354700 
   Embedding correction                       0.0000000000 
   Total DFT Energy (No VdW correction)   -1312.0490958631 
# -----------------------------------------------------------
$ Mayer_Pop
   description: The Mayer population analysis
   geom. index: 1
   prop. index: 1
     Number of atoms                     : 63
     Threshold for printing              : 0.1000000
     Number of bond orders printed       : 71
  NA   - Mulliken gross atomic population
  ZA   - Total nuclear charge
  QA   - Mulliken gross atomic charge
  VA   - Mayer's total valence
  BVA  - Mayer's bonded valence
  FA   - Mayer's free valence
  ATOM       NA         ZA         QA         VA         BVA        FA
  0   0     5.8158     6.0000     0.1842     2.5445     2.5386     0.0059
  1   0     5.7495     6.0000     0.2505     2.4498     2.4476     0.0022
  2   0     5.7607     6.0000     0.2393     2.5047     2.5041     0.0006
  3   0     6.1887     6.0000    -0.1887     3.7521     3.7184     0.0337
  4   0     5.9285     6.0000     0.0715     4.1417     4.1268     0.0149
  5   0     6.0276     6.0000    -0.0276     3.8708     3.8364     0.0344
  6   0     6.1526     6.0000    -0.1526     3.8269     3.8200     0.0069
  7   0     6.0865     6.0000    -0.0865     4.1481     4.1117     0.0364
  8   0     5.9907     6.0000     0.0093     3.9058     3.8980     0.0078
  9   0     1.0523     1.0000    -0.0523     1.0034     1.0033     0.0001
 10   0     1.0538     1.0000    -0.0538     1.0039     1.0039     0.0000
 11   0     6.0994     6.0000    -0.0994     3.9304     3.5696     0.3608
 12   0     1.0259     1.0000    -0.0259     1.0082     1.0070     0.0012
 13   0     5.9661     6.0000     0.0339     4.0096     4.0082     0.0014
 14   0     0.9700     1.0000     0.0300     0.9628     0.9617     0.0011
 15   0     0.9700     1.0000     0.0300     0.9628     0.9617     0.0011
 16   0     6.0398     6.0000    -0.0398     4.1317     4.1317     0.0000
 17   0     0.9871     1.0000     0.0129     0.9640     0.9640     0.0000
 18   0     0.9871     1.0000     0.0129     0.9640     0.9640     0.0000
 19   0     5.9940     6.0000     0.0060     4.0163     4.0163     0.0000
 20   0     0.9820     1.0000     0.0180     0.9776     0.9776     0.0000
 21   0     0.9820     1.0000     0.0180     0.9776     0.9776     0.0000
 22   0     5.9613     6.0000     0.0387     4.0306     4.0304     0.0002
 23   0     0.9675     1.0000     0.0325     0.9689     0.9688     0.0001
 24   0     0.9675     1.0000     0.0325     0.9689     0.9688     0.0001
 25   0     6.0343     6.0000    -0.0343     4.1141     4.1141     0.0000
 26   0     0.9828     1.0000     0.0172     0.9630     0.9630     0.0000
 27   0     0.9829     1.0000     0.0171     0.9630     0.9630     0.0000
 28   0     6.0253     6.0000    -0.0253     4.1178     4.1178     0.0000
 29   0     0.9941     1.0000     0.0059     0.9674     0.9674     0.0000
 30   0     0.9941     1.0000     0.0059     0.9674     0.9674     0.0000
 31   0     5.9967     6.0000     0.0033     4.0169     4.0169     0.0000
 32   0     0.9823     1.0000     0.0177     0.9774     0.9774     0.0000
 33   0     0.9823     1.0000     0.0177     0.9774     0.9774     0.0000
 34   0     5.8303     6.0000     0.1697     2.5803     2.5791     0.0012
 35   0     0.9857     1.0000     0.0143     0.9735     0.9735     0.0000
 36   0     0.9866     1.0000     0.0134     0.9736     0.9736     0.0000
 37   0     6.2429     6.0000    -0.2429     3.8865     3.8864     0.0001
 38   0     5.9641     6.0000     0.0359     3.9746     3.9745     0.0001
 39   0     5.9526     6.0000     0.0474     3.9628     3.9628     0.0000
 40   0     6.1010     6.0000    -0.1010     3.8890     3.8889     0.0001
 41   0     5.9530     6.0000     0.0470     3.9629     3.9629     0.0000
 42   0     5.9661     6.0000     0.0339     3.9732     3.9731     0.0001
 43   0     1.0252     1.0000    -0.0252     1.0297     1.0297     0.0000
 44   0     1.0318     1.0000    -0.0318     0.9824     0.9824     0.0000
 45   0     1.0353     1.0000    -0.0353     0.9842     0.9842     0.0000
 46   0     1.0342     1.0000    -0.0342     0.9838     0.9838     0.0000
 47   0     1.0316     1.0000    -0.0316     0.9823     0.9823     0.0000
 48   0     6.2470     6.0000    -0.2470     3.8881     3.8877     0.0004
 49   0     5.9696     6.0000     0.0304     3.9740     3.9735     0.0005
 50   0     5.9532     6.0000     0.0468     3.9629     3.9627     0.0002
 51   0     6.1014     6.0000    -0.1014     3.8879     3.8873     0.0006
 52   0     5.9525     6.0000     0.0475     3.9632     3.9630     0.0002
 53   0     5.9641     6.0000     0.0359     3.9730     3.9725     0.0005
 54   0     1.0258     1.0000    -0.0258     1.0297     1.0297     0.0000
 55   0     1.0323     1.0000    -0.0323     0.9822     0.9822     0.0000
 56   0     1.0342     1.0000    -0.0342     0.9817     0.9817     0.0000
 57   0     1.0361     1.0000    -0.0361     0.9843     0.9843     0.0000
 58   0     1.0327     1.0000    -0.0327     0.9824     0.9824     0.0000
 59   0     5.3529     6.0000     0.6471     2.8981     2.8981     0.0000
 60   0     6.5624     6.0000    -0.5624     3.3968     3.3966     0.0002
 61   0     5.3528     6.0000     0.6472     2.8972     2.8972     0.0000
 62   0     6.5615     6.0000    -0.5615     3.3961     3.3961     0.0000
      Bond orders larger than 0.1000000
           Atom A     A.N. of A          Atom B    A.N. of B              Bond order
                0             6               1            6                1.675852
                0             6               3            6               -0.110034
                0             6              48            6                0.910163
                1             6               3            6                0.882035
                1             6              48            6               -0.179176
                2             6               6            6                0.881578
                2             6              34            6                1.719258
                2             6              37            6               -0.172169
                3             6               4            6                1.277530
                3             6               8            6                1.395971
                3             6              48            6                0.108431
                4             6               5            6                1.290573
                4             6              11            6                1.382690
                5             6               6            6                1.447950
                5             6               9            1                0.917635
                6             6               7            6                1.341825
                6             6              34            6               -0.107795
                6             6              37            6                0.100081
                7             6               8            6                1.431131
                7             6              22            6                1.095588
                8             6              10            1                0.919976
               11             6              12            1                0.898505
               11             6              13            6                1.084429
               13             6              14            1                0.911302
               13             6              15            1                0.911295
               13             6              16            6                1.071226
               16             6              17            1                0.943787
               16             6              18            1                0.943780
               16             6              19            6                1.106738
               19             6              20            1                0.965256
               19             6              21            1                0.965261
               19             6              35            1                0.960739
               22             6              23            1                0.895558
               22             6              24            1                0.895612
               22             6              25            6                1.104643
               25             6              26            1                0.929197
               25             6              27            1                0.929265
               25             6              28            6                1.074589
               28             6              29            1                0.940980
               28             6              30            1                0.940983
               28             6              31            6                1.106356
               31             6              32            1                0.966176
               31             6              33            1                0.966171
               31             6              36            1                0.961603
               34             6              37            6                0.906915
               37             6              38            6                1.425277
               37             6              42            6                1.420937
               38             6              39            6                1.470935
               38             6              45            1                0.938280
               39             6              40            6                1.410042
               39             6              47            1                0.937929
               40             6              41            6                1.409874
               40             6              61            6                0.904450
               41             6              42            6                1.471145
               41             6              44            1                0.937926
               42             6              46            1                0.938629
               43             1              62            6                1.111876
               48             6              49            6                1.418617
               48             6              53            6                1.420372
               49             6              50            6                1.473081
               49             6              56            1                0.938646
               50             6              51            6                1.407465
               50             6              58            1                0.937900
               51             6              52            6                1.408013
               51             6              59            6                0.905617
               52             6              53            6                1.473912
               52             6              55            1                0.937740
               53             6              57            1                0.938035
               54             1              60            6                1.111893
               59             6              60            6                2.153615
               61             6              62            6                2.154172
# -----------------------------------------------------------
$ Calculation_Info
   description: Details of the calculation
   geom. index: 1
   prop. index: 1
     Multiplicity:                          2
     Charge:                                0
     number of atoms:                       63
     number of electrons:                   0
     number of frozen core electrons:       1
     number of correlated electrons:        0
     number of basis functions:             621
     number of aux C basis functions:       4354
     number of aux J basis functions:       4354
     number of aux JK basis functions:      4354
     number of aux CABS basis functions:    0
     Total Energy                           -1312.049096
# -----------------------------------------------------------
$ SCF_Electric_Properties
   description: The SCF Calculated Electric Properties
   geom. index: 1
   prop. index: 1
       Filename                          : cc-pVDZ.scfp 
       Do Dipole Moment Calculation      : true 
       Do Quadrupole Moment Calculation  : false 
       Do Polarizability Calculation     : false 
** Dipole moment part of electric properties **
        Magnitude of dipole moment (Debye) :        0.4344823475
        Electronic Contribution:
                  0    
      0       0.394452
      1      -1.967855
      2       0.003798
        Nuclear Contribution:
                  0    
      0      -0.559269
      1       1.922532
      2      -0.003895
        Total Dipole moment:
                  0    
      0      -0.164817
      1      -0.045322
      2      -0.000097
# -----------------------------------------------------------
$ EPRNMR_GTensor
   description: Electronic g tensor
   geom. index: 1
   prop. index: 1
 Source density: 1 SCF 
 Spin multiplicity: 2 
 raw g tensor: 
                  0          1          2    
      0       2.002779  -0.000066  -0.000001
      1      -0.000052   2.002737   0.000002
      2      -0.000000   0.000002   2.002163
 g tensor: 
                  0          1          2    
      0       0.000502   0.578298  -0.815825
      1      -0.003036   0.815823   0.578294
      2       0.999995   0.002187   0.002166
 G eigenvalues: 
                  0          1          2    
      0       2.002163   2.002695   2.002820
# -----------------------------------------------------------
$ EPRNMR_OrbitalShielding
   description: Orbital contribution to the NMR Shielding tensor (ppm)
   geom. index: 1
   prop. index: 1
 Number of stored nuclei 29
 Source density: 1 SCF 
 Nucleus: 9 H 
 Shielding tensor (ppm): 
                  0          1          2    
      0      27.535683  -5.318251  -0.020627
      1      -4.950721  26.636767   0.023828
      2      -0.021181   0.024912  19.087642
 P Tensor eigenvectors:
                   0          1          2    
      0       0.000859   0.678072  -0.734995
      1      -0.002627   0.734994   0.678068
      2       0.999996   0.001348   0.002412
 P Eigenvalues: 
                  0          1          2    
      0      19.087559  21.932228  32.240304
P(iso)  24.420031
 Nucleus: 10 H 
 Shielding tensor (ppm): 
                  0          1          2    
      0      28.294849  -5.541001  -0.019208
      1      -5.430625  26.361605   0.022358
      2      -0.021554   0.023137  18.807298
 P Tensor eigenvectors:
                   0          1          2    
      0       0.000675   0.643609  -0.765354
      1      -0.002497   0.765353   0.643606
      2       0.999997   0.001477   0.002123
 P Eigenvalues: 
                  0          1          2    
      0      18.807227  21.757922  32.898604
P(iso)  24.487918
 Nucleus: 12 H 
 Shielding tensor (ppm): 
                  0          1          2    
      0      23.764719   2.472050   0.006515
      1       1.774675  32.400938   0.038878
      2       0.003857   0.039877  19.565512
 P Tensor eigenvectors:
                   0          1          2    
      0       0.000338  -0.975394  -0.220470
      1      -0.003113   0.220468  -0.975389
      2       0.999995   0.001016  -0.002962
 P Eigenvalues: 
                  0          1          2    
      0      19.565391  23.271267  32.894512
P(iso)  25.243723
 Nucleus: 14 H 
 Shielding tensor (ppm): 
                  0          1          2    
      0      28.992273  -1.132847  -3.156471
      1      -0.639119  30.455907  -0.442590
      2      -4.004716  -1.396089  27.375247
 P Tensor eigenvectors:
                   0          1          2    
      0       0.609209  -0.043385  -0.791822
      1       0.191388   0.977030   0.093717
      2       0.769568  -0.208638   0.603519
 P Eigenvalues: 
                  0          1          2    
      0      24.253447  30.704148  31.865832
P(iso)  28.941142
 Nucleus: 15 H 
 Shielding tensor (ppm): 
                  0          1          2    
      0      29.003581  -1.155156   3.146983
      1      -0.666670  30.444781   0.461040
      2       3.998204   1.415594  27.373898
 P Tensor eigenvectors:
                   0          1          2    
      0      -0.607992  -0.040161  -0.792927
      1      -0.196308   0.975314   0.101125
      2       0.769291   0.217141  -0.600867
 P Eigenvalues: 
                  0          1          2    
      0      24.251845  30.704148  31.866267
P(iso)  28.940754
 Nucleus: 17 H 
 Shielding tensor (ppm): 
                  0          1          2    
      0      30.857396   0.721020  -4.395473
      1       0.374409  29.995525  -0.355451
      2      -4.270579   0.934050  28.012307
 P Tensor eigenvectors:
                   0          1          2    
      0       0.587149  -0.003377   0.809471
      1      -0.095540  -0.993291   0.065156
      2       0.803821  -0.115593  -0.583533
 P Eigenvalues: 
                  0          1          2    
      0      24.815300  30.035760  34.014168
P(iso)  29.621743
 Nucleus: 18 H 
 Shielding tensor (ppm): 
                  0          1          2    
      0      30.875123   0.692522   4.396589
      1       0.348274  29.999882   0.365839
      2       4.269516  -0.920631  27.990412
 P Tensor eigenvectors:
                   0          1          2    
      0      -0.585554  -0.002991   0.810628
      1       0.090422  -0.993994   0.061649
      2       0.805574   0.109398   0.582308
 P Eigenvalues: 
                  0          1          2    
      0      24.812548  30.036428  34.016441
P(iso)  29.621806
 Nucleus: 20 H 
 Shielding tensor (ppm): 
                  0          1          2    
      0      29.846111   1.630017   3.776964
      1       2.308962  30.671417   2.537770
      2       3.195071   2.195459  30.351694
 P Tensor eigenvectors:
                   0          1          2    
      0       0.715915   0.405619   0.568277
      1       0.059103  -0.846219   0.529547
      2      -0.695681   0.345524   0.629794
 P Eigenvalues: 
                  0          1          2    
      0      26.593322  28.738631  35.537268
P(iso)  30.289741
 Nucleus: 21 H 
 Shielding tensor (ppm): 
                  0          1          2    
      0      29.831186   1.650745  -3.763500
      1       2.324855  30.701829  -2.541757
      2      -3.177826  -2.196838  30.335857
 P Tensor eigenvectors:
                   0          1          2    
      0       0.717397   0.404959  -0.566877
      1       0.054603  -0.843883  -0.533741
      2       0.694521  -0.351951   0.627512
 P Eigenvalues: 
                  0          1          2    
      0      26.594747  28.737033  35.537092
P(iso)  30.289624
 Nucleus: 23 H 
 Shielding tensor (ppm): 
                  0          1          2    
      0      29.334062   1.836608   3.248920
      1       1.390228  30.931422   0.039867
      2       4.469251  -1.009432  25.750166
 P Tensor eigenvectors:
                   0          1          2    
      0      -0.539331  -0.431969  -0.722859
      1       0.152740   0.793987  -0.588434
      2       0.828126  -0.427771  -0.362243
 P Eigenvalues: 
                  0          1          2    
      0      23.077864  30.334019  32.603766
P(iso)  28.671883
 Nucleus: 24 H 
 Shielding tensor (ppm): 
                  0          1          2    
      0      29.311203   1.845140  -3.241895
      1       1.409707  30.917186  -0.015892
      2      -4.462917   1.038668  25.791786
 P Tensor eigenvectors:
                   0          1          2    
      0       0.541939  -0.428791  -0.722800
      1      -0.157547   0.792967  -0.588542
      2       0.825518   0.432829   0.362185
 P Eigenvalues: 
                  0          1          2    
      0      23.094742  30.336003  32.589430
P(iso)  28.673392
 Nucleus: 26 H 
 Shielding tensor (ppm): 
                  0          1          2    
      0      30.440533  -0.697672   3.732309
      1      -0.647964  31.231018   0.215163
      2       3.722668   1.429551  27.712887
 P Tensor eigenvectors:
                   0          1          2    
      0      -0.566728  -0.054472  -0.822102
      1      -0.156827   0.986701   0.042733
      2       0.808841   0.153146  -0.567734
 P Eigenvalues: 
                  0          1          2    
      0      24.929944  31.404825  33.049669
P(iso)  29.794813
 Nucleus: 27 H 
 Shielding tensor (ppm): 
                  0          1          2    
      0      30.422053  -0.680484  -3.737965
      1      -0.628765  31.240262  -0.195986
      2      -3.727858  -1.413774  27.727301
 P Tensor eigenvectors:
                   0          1          2    
      0       0.568712  -0.056028  -0.820627
      1       0.152988   0.987474   0.038604
      2       0.808184  -0.147501   0.570159
 P Eigenvalues: 
                  0          1          2    
      0      24.936678  31.406467  33.046471
P(iso)  29.796539
 Nucleus: 29 H 
 Shielding tensor (ppm): 
                  0          1          2    
      0      30.840080   0.199251   4.487416
      1       0.081596  30.690864  -0.615085
      2       4.203481  -1.349320  28.025723
 P Tensor eigenvectors:
                   0          1          2    
      0      -0.578158  -0.197623   0.791630
      1       0.140346  -0.979851  -0.142111
      2       0.803764   0.028940   0.594244
 P Eigenvalues: 
                  0          1          2    
      0      24.735899  30.754842  34.065926
P(iso)  29.852222
 Nucleus: 30 H 
 Shielding tensor (ppm): 
                  0          1          2    
      0      30.817216   0.221124  -4.490638
      1       0.102422  30.680683   0.628701
      2      -4.206110   1.364201  28.058090
 P Tensor eigenvectors:
                   0          1          2    
      0       0.580115  -0.198543   0.789967
      1      -0.144368  -0.979546  -0.140173
      2       0.801639  -0.032729  -0.596912
 P Eigenvalues: 
                  0          1          2    
      0      24.739193  30.753559  34.063237
P(iso)  29.851996
 Nucleus: 32 H 
 Shielding tensor (ppm): 
                  0          1          2    
      0      30.064104   1.664665  -3.931077
      1       2.477974  30.463306  -2.238069
      2      -3.330299  -1.936742  30.314860
 P Tensor eigenvectors:
                   0          1          2    
      0       0.726633   0.329458  -0.602878
      1      -0.018605  -0.867760  -0.496634
      2       0.686774  -0.372087   0.624414
 P Eigenvalues: 
                  0          1          2    
      0      26.556189  28.757258  35.528822
P(iso)  30.280757
 Nucleus: 33 H 
 Shielding tensor (ppm): 
                  0          1          2    
      0      30.084210   1.650759   3.941547
      1       2.468094  30.444245   2.231837
      2       3.344386   1.932474  30.314617
 P Tensor eigenvectors:
                   0          1          2    
      0       0.724710   0.330473   0.604635
      1      -0.015268  -0.869568   0.493577
      2      -0.688885   0.366932   0.625139
 P Eigenvalues: 
                  0          1          2    
      0      26.554420  28.758626  35.530027
P(iso)  30.281024
 Nucleus: 35 H 
 Shielding tensor (ppm): 
                  0          1          2    
      0      29.143117  -2.355679  -0.011071
      1      -3.724020  35.602938   0.036969
      2      -0.015957   0.036513  25.440930
 P Tensor eigenvectors:
                   0          1          2    
      0       0.000899  -0.925626   0.378439
      1      -0.003340  -0.378440  -0.925620
      2       0.999994  -0.000431  -0.003432
 P Eigenvalues: 
                  0          1          2    
      0      25.440795  27.938592  36.807598
P(iso)  30.062328
 Nucleus: 36 H 
 Shielding tensor (ppm): 
                  0          1          2    
      0      28.538066  -1.795765  -0.007536
      1      -3.053866  36.259146   0.029500
      2      -0.010170   0.028336  25.420424
 P Tensor eigenvectors:
                   0          1          2    
      0       0.000930  -0.958209   0.286067
      1      -0.002460  -0.286068  -0.958206
      2       0.999997   0.000187  -0.002624
 P Eigenvalues: 
                  0          1          2    
      0      25.420344  27.840573  36.956718
P(iso)  30.072545
 Nucleus: 43 H 
 Shielding tensor (ppm): 
                  0          1          2    
      0      35.522252   0.006040  -0.002040
      1       0.010652  25.189201   0.000870
      2      -0.001985   0.000867  24.294418
 P Tensor eigenvectors:
                   0          1          2    
      0       0.000180  -0.000770  -1.000000
      1      -0.000973   0.999999  -0.000770
      2       1.000000   0.000973   0.000180
 P Eigenvalues: 
                  0          1          2    
      0      24.294416  25.189195  35.522259
P(iso)  28.335290
 Nucleus: 44 H 
 Shielding tensor (ppm): 
                  0          1          2    
      0      27.331078   3.111911   0.001097
      1       2.116089  24.487706   0.003273
      2       0.000451   0.003323  20.381908
 P Tensor eigenvectors:
                   0          1          2    
      0       0.000253  -0.519223  -0.854639
      1      -0.000959   0.854638  -0.519223
      2       1.000000   0.000951  -0.000281
 P Eigenvalues: 
                  0          1          2    
      0      20.381905  22.934345  28.884442
P(iso)  24.066897
 Nucleus: 45 H 
 Shielding tensor (ppm): 
                  0          1          2    
      0      27.789366   2.976739  -0.000682
      1       2.220536  24.591370   0.004894
      2      -0.002203   0.003858  19.960937
 P Tensor eigenvectors:
                   0          1          2    
      0       0.000607  -0.494110  -0.869399
      1      -0.001295   0.869398  -0.494110
      2       0.999999   0.001426  -0.000112
 P Eigenvalues: 
                  0          1          2    
      0      19.960931  23.139511  29.241232
P(iso)  24.113891
 Nucleus: 46 H 
 Shielding tensor (ppm): 
                  0          1          2    
      0      28.386025  -2.532577  -0.001768
      1      -1.804265  24.260833   0.006063
      2       0.000017   0.004765  19.654615
 P Tensor eigenvectors:
                   0          1          2    
      0      -0.000209   0.400552  -0.916274
      1      -0.001291   0.916273   0.400552
      2       0.999999   0.001267   0.000325
 P Eigenvalues: 
                  0          1          2    
      0      19.654608  23.331005  29.315860
P(iso)  24.100491
 Nucleus: 47 H 
 Shielding tensor (ppm): 
                  0          1          2    
      0      27.153527  -2.981451  -0.003894
      1      -1.988590  24.582104   0.004220
      2      -0.003548   0.003949  20.436011
 P Tensor eigenvectors:
                   0          1          2    
      0       0.000238   0.528017  -0.849234
      1      -0.000845   0.849234   0.528017
      2       1.000000   0.000592   0.000648
 P Eigenvalues: 
                  0          1          2    
      0      20.436007  23.070408  28.665228
P(iso)  24.057214
 Nucleus: 54 H 
 Shielding tensor (ppm): 
                  0          1          2    
      0      35.477021   0.460092  -0.002947
      1       0.448231  25.216458   0.001338
      2      -0.003033   0.001300  24.303241
 P Tensor eigenvectors:
                   0          1          2    
      0       0.000332  -0.044231  -0.999021
      1      -0.001610   0.999020  -0.044231
      2       0.999999   0.001623   0.000261
 P Eigenvalues: 
                  0          1          2    
      0      24.303238  25.196398  35.497085
P(iso)  28.332240
 Nucleus: 55 H 
 Shielding tensor (ppm): 
                  0          1          2    
      0      27.396494  -2.889535  -0.007098
      1      -1.910313  24.349788   0.006996
      2      -0.006056   0.006952  20.461685
 P Tensor eigenvectors:
                   0          1          2    
      0       0.000411   0.489983  -0.871732
      1      -0.001541   0.871731   0.489982
      2       0.999999   0.001142   0.001114
 P Eigenvalues: 
                  0          1          2    
      0      20.461672  23.031077  28.715218
P(iso)  24.069322
 Nucleus: 56 H 
 Shielding tensor (ppm): 
                  0          1          2    
      0      28.372166  -2.381735  -0.005477
      1      -1.698146  24.261889   0.009040
      2      -0.003481   0.009143  19.797232
 P Tensor eigenvectors:
                   0          1          2    
      0       0.000049   0.386966  -0.922094
      1      -0.002016   0.922092   0.386965
      2       0.999998   0.001840   0.000825
 P Eigenvalues: 
                  0          1          2    
      0      19.797213  23.421606  29.212467
P(iso)  24.143762
 Nucleus: 57 H 
 Shielding tensor (ppm): 
                  0          1          2    
      0      27.697913   2.961855   0.000693
      1       2.254725  24.727579   0.007360
      2      -0.001202   0.005776  19.984999
 P Tensor eigenvectors:
                   0          1          2    
      0       0.000610  -0.508406  -0.861117
      1      -0.001737   0.861115  -0.508407
      2       0.999998   0.001806  -0.000358
 P Eigenvalues: 
                  0          1          2    
      0      19.984988  23.211547  29.213957
P(iso)  24.136830
 Nucleus: 58 H 
 Shielding tensor (ppm): 
                  0          1          2    
      0      27.044031   3.182091   0.002253
      1       2.195889  24.751114   0.006115
      2       0.000998   0.005904  20.412961
 P Tensor eigenvectors:
                   0          1          2    
      0       0.000426  -0.559191  -0.829039
      1      -0.001645   0.829037  -0.559191
      2       0.999999   0.001602  -0.000566
 P Eigenvalues: 
                  0          1          2    
      0      20.412951  22.974919  28.820234
P(iso)  24.069368
# -----------------------------------------------------------
$ EPRNMR_ATensor
   description: Hyperfine A tensor
   geom. index: 1
   prop. index: 1
 Number of stored nuclei 29
 Source density: 1 SCF 
 Spin multiplicity: 2 
 Nucleus: 9 H  
 Isotope: 1 
 Nuclear Spin:  0.5 
 Prefactor (MHz): 533.551395 
 Raw A tensor (MHz): 
                  0          1          2    
      0     -14.442199   6.159873   0.018492
      1       6.162516 -12.083224   0.010765
      2       0.018499   0.010766 -16.007116
 A Tensor eigenvectors:
                   0          1          2    
      0       0.637156   0.000197   0.770735
      1       0.770732  -0.003052  -0.637153
      2       0.002227   0.999995  -0.002096
 A Eigenvalues: 
                  0          1          2    
      0      -6.989589 -16.007145 -19.535805
A(iso)  -14.177513
 Nucleus: 10 H  
 Isotope: 1 
 Nuclear Spin:  0.5 
 Prefactor (MHz): 533.551395 
 Raw A tensor (MHz): 
                  0          1          2    
      0       7.639642  -2.230413  -0.008590
      1      -2.231473   6.262074   0.008349
      2      -0.008592   0.008349   3.978392
 A Tensor eigenvectors:
                   0          1          2    
      0       0.000294   0.593693  -0.804692
      1      -0.003369   0.804688   0.593689
      2       0.999994   0.002537   0.002237
 A Eigenvalues: 
                  0          1          2    
      0       3.978362   4.616011   9.285736
A(iso)  5.960036
 Nucleus: 12 H  
 Isotope: 1 
 Nuclear Spin:  0.5 
 Prefactor (MHz): 533.551395 
 Raw A tensor (MHz): 
                  0          1          2    
      0     -17.011532   0.405369  -0.013484
      1       0.403948 -70.204941  -0.079461
      2      -0.013488  -0.079466 -45.543746
 A Tensor eigenvectors:
                   0          1          2    
      0       0.999971  -0.000518  -0.007619
      1       0.007621   0.003214   0.999966
      2      -0.000494  -0.999995   0.003217
 A Eigenvalues: 
                  0          1          2    
      0     -17.008447 -45.543498 -70.208275
A(iso)  -44.253407
 Nucleus: 14 H  
 Isotope: 1 
 Nuclear Spin:  0.5 
 Prefactor (MHz): 533.551395 
 Raw A tensor (MHz): 
                  0          1          2    
      0      60.373474   3.595288  -1.910994
      1       3.594137  61.931952  -1.894883
      2      -1.909567  -1.894968  57.142035
 A Tensor eigenvectors:
                   0          1          2    
      0       0.356405   0.709979   0.607376
      1       0.084609  -0.671919   0.735776
      2       0.930493  -0.210845  -0.299546
 A Eigenvalues: 
                  0          1          2    
      0      56.238205  57.538741  65.670514
A(iso)  59.815820
 Nucleus: 15 H  
 Isotope: 1 
 Nuclear Spin:  0.5 
 Prefactor (MHz): 533.551395 
 Raw A tensor (MHz): 
                  0          1          2    
      0      60.334251   3.584364   1.929904
      1       3.583220  61.860083   1.921074
      2       1.928469   1.921158  57.114968
 A Tensor eigenvectors:
                   0          1          2    
      0      -0.354676   0.710414   0.607878
      1      -0.091084  -0.673305   0.733733
      2       0.930542   0.204869   0.303513
 A Eigenvalues: 
                  0          1          2    
      0      56.191777  57.493974  65.623552
A(iso)  59.769767
 Nucleus: 17 H  
 Isotope: 1 
 Nuclear Spin:  0.5 
 Prefactor (MHz): 533.551395 
 Raw A tensor (MHz): 
                  0          1          2    
      0      -2.216175  -1.985371  -0.627753
      1      -1.985264   1.937415   1.365556
      2      -0.627327   1.364532  -2.695675
 A Tensor eigenvectors:
                   0          1          2    
      0      -0.737059   0.363666   0.569641
      1      -0.440870  -0.897567   0.002575
      2       0.512227  -0.249240   0.821890
 A Eigenvalues: 
                  0          1          2    
      0      -2.967592   3.120860  -3.127703
A(iso)  -0.991478
 Nucleus: 18 H  
 Isotope: 1 
 Nuclear Spin:  0.5 
 Prefactor (MHz): 533.551395 
 Raw A tensor (MHz): 
                  0          1          2    
      0      -2.213954  -1.992732   0.613356
      1      -1.992624   1.955160  -1.330713
      2       0.612932  -1.329690  -2.715695
 A Tensor eigenvectors:
                   0          1          2    
      0      -0.736910   0.364239  -0.569468
      1      -0.437484  -0.899181  -0.009009
      2      -0.515336   0.242495   0.821964
 A Eigenvalues: 
                  0          1          2    
      0      -2.968191   3.121056  -3.127354
A(iso)  -0.991497
 Nucleus: 20 H  
 Isotope: 1 
 Nuclear Spin:  0.5 
 Prefactor (MHz): 533.551395 
 Raw A tensor (MHz): 
                  0          1          2    
      0       0.013538   0.296773   0.115276
      1       0.297047   2.102198   0.378304
      2       0.115392   0.378177   0.024263
 A Tensor eigenvectors:
                   0          1          2    
      0      -0.726978  -0.672100   0.140659
      1       0.222176  -0.036408   0.974327
      2      -0.649724   0.739565   0.175792
 A Eigenvalues: 
                  0          1          2    
      0       0.025006  -0.098322   2.213314
A(iso)  0.713333
 Nucleus: 21 H  
 Isotope: 1 
 Nuclear Spin:  0.5 
 Prefactor (MHz): 533.551395 
 Raw A tensor (MHz): 
                  0          1          2    
      0       0.013721   0.296511  -0.113392
      1       0.296786   2.108053  -0.365108
      2      -0.113506  -0.364981   0.020485
 A Tensor eigenvectors:
                   0          1          2    
      0       0.725658   0.673623  -0.140188
      1      -0.217767   0.031579  -0.975490
      2      -0.652686   0.738400   0.169609
 A Eigenvalues: 
                  0          1          2    
      0       0.025860  -0.097766   2.214165
A(iso)  0.714086
 Nucleus: 23 H  
 Isotope: 1 
 Nuclear Spin:  0.5 
 Prefactor (MHz): 533.551395 
 Raw A tensor (MHz): 
                  0          1          2    
      0      21.502805  -1.498052   0.857291
      1      -1.497578  21.677007  -0.485145
      2       0.856712  -0.485282  20.313985
 A Tensor eigenvectors:
                   0          1          2    
      0       0.624541  -0.393939  -0.674360
      1       0.309238  -0.668159   0.676709
      2      -0.717162  -0.631170  -0.295472
 A Eigenvalues: 
                  0          1          2    
      0      19.776997  20.335411  23.381390
A(iso)  21.164599
 Nucleus: 24 H  
 Isotope: 1 
 Nuclear Spin:  0.5 
 Prefactor (MHz): 533.551395 
 Raw A tensor (MHz): 
                  0          1          2    
      0      21.559004  -1.492175  -0.869257
      1      -1.491706  21.736214   0.495955
      2      -0.868677   0.496094  20.387621
 A Tensor eigenvectors:
                   0          1          2    
      0      -0.627167   0.391697   0.673228
      1      -0.305923   0.671007  -0.675397
      2      -0.716291  -0.629542  -0.301004
 A Eigenvalues: 
                  0          1          2    
      0      19.838731  20.399778  23.444330
A(iso)  21.227613
 Nucleus: 26 H  
 Isotope: 1 
 Nuclear Spin:  0.5 
 Prefactor (MHz): 533.551395 
 Raw A tensor (MHz): 
                  0          1          2    
      0      -0.752249   0.371337   0.096063
      1       0.370975   0.780728   0.391901
      2       0.095884   0.391636  -0.869880
 A Tensor eigenvectors:
                   0          1          2    
      0       0.971093   0.219029  -0.094895
      1      -0.234131   0.951420  -0.199957
      2       0.046489   0.216394   0.975199
 A Eigenvalues: 
                  0          1          2    
      0      -0.837107   0.954996  -0.959291
A(iso)  -0.280467
 Nucleus: 27 H  
 Isotope: 1 
 Nuclear Spin:  0.5 
 Prefactor (MHz): 533.551395 
 Raw A tensor (MHz): 
                  0          1          2    
      0      -0.754681   0.371221  -0.094769
      1       0.370858   0.784660  -0.384178
      2      -0.094591  -0.383911  -0.875533
 A Tensor eigenvectors:
                   0          1          2    
      0       0.970695   0.218513   0.100017
      1      -0.234416   0.952611   0.193858
      2      -0.052916  -0.211622   0.975918
 A Eigenvalues: 
                  0          1          2    
      0      -0.839090   0.954877  -0.961342
A(iso)  -0.281852
 Nucleus: 29 H  
 Isotope: 1 
 Nuclear Spin:  0.5 
 Prefactor (MHz): 533.551395 
 Raw A tensor (MHz): 
                  0          1          2    
      0      -0.045486  -0.262965   0.061079
      1      -0.263094   0.689079  -0.119221
      2       0.061087  -0.119150  -0.094863
 A Tensor eigenvectors:
                   0          1          2    
      0      -0.509101  -0.804601  -0.305669
      1      -0.292213  -0.172468   0.940673
      2      -0.809585   0.568218  -0.147311
 A Eigenvalues: 
