-------------------------------------------------------------
----------------------- !PROPERTIES! ------------------------
-------------------------------------------------------------
# -----------------------------------------------------------
$ PAL_Flags
   description: The PAL Flags
   geom. index: 1
   prop. index: 1
        Diskflag:     2
# -----------------------------------------------------------
$ SCF_Energy
   description: The SCF energy
   geom. index: 1
   prop. index: 1
        SCF Energy:    -1312.0490971735
# -----------------------------------------------------------
$ DFT_Energy
   description: The DFT energy
   geom. index: 1
   prop. index: 1
   Number of Alpha Electrons                117.0001582293 
   Number of Beta  Electrons                116.0001452980 
   Total number of  Electrons               233.0003035273 
   Exchange energy                         -147.8974680607 
   Correlation energy                        -9.1235301573 
   Correlation energy NL                      0.0000000000 
   Exchange-Correlation energy             -157.0209982180 
   Embedding correction                       0.0000000000 
   Total DFT Energy (No VdW correction)   -1312.0490971735 
# -----------------------------------------------------------
$ Mayer_Pop
   description: The Mayer population analysis
   geom. index: 1
   prop. index: 1
     Number of atoms                     : 63
     Threshold for printing              : 0.1000000
     Number of bond orders printed       : 71
  NA   - Mulliken gross atomic population
  ZA   - Total nuclear charge
  QA   - Mulliken gross atomic charge
  VA   - Mayer's total valence
  BVA  - Mayer's bonded valence
  FA   - Mayer's free valence
  ATOM       NA         ZA         QA         VA         BVA        FA
  0   0     5.8159     6.0000     0.1841     2.5446     2.5387     0.0059
  1   0     5.7495     6.0000     0.2505     2.4499     2.4477     0.0022
  2   0     5.7606     6.0000     0.2394     2.5048     2.5042     0.0006
  3   0     6.1887     6.0000    -0.1887     3.7520     3.7183     0.0337
  4   0     5.9285     6.0000     0.0715     4.1417     4.1268     0.0149
  5   0     6.0275     6.0000    -0.0275     3.8708     3.8364     0.0344
  6   0     6.1525     6.0000    -0.1525     3.8269     3.8200     0.0069
  7   0     6.0865     6.0000    -0.0865     4.1481     4.1117     0.0364
  8   0     5.9908     6.0000     0.0092     3.9058     3.8980     0.0078
  9   0     1.0523     1.0000    -0.0523     1.0034     1.0033     0.0001
 10   0     1.0538     1.0000    -0.0538     1.0039     1.0039     0.0000
 11   0     6.0993     6.0000    -0.0993     3.9304     3.5697     0.3607
 12   0     1.0259     1.0000    -0.0259     1.0082     1.0070     0.0012
 13   0     5.9661     6.0000     0.0339     4.0096     4.0082     0.0014
 14   0     0.9700     1.0000     0.0300     0.9628     0.9617     0.0011
 15   0     0.9700     1.0000     0.0300     0.9628     0.9617     0.0011
 16   0     6.0398     6.0000    -0.0398     4.1317     4.1317     0.0000
 17   0     0.9871     1.0000     0.0129     0.9640     0.9640     0.0000
 18   0     0.9871     1.0000     0.0129     0.9640     0.9640     0.0000
 19   0     5.9940     6.0000     0.0060     4.0163     4.0163     0.0000
 20   0     0.9819     1.0000     0.0181     0.9776     0.9776     0.0000
 21   0     0.9819     1.0000     0.0181     0.9776     0.9776     0.0000
 22   0     5.9613     6.0000     0.0387     4.0306     4.0304     0.0002
 23   0     0.9675     1.0000     0.0325     0.9689     0.9688     0.0001
 24   0     0.9675     1.0000     0.0325     0.9689     0.9688     0.0001
 25   0     6.0343     6.0000    -0.0343     4.1141     4.1141     0.0000
 26   0     0.9828     1.0000     0.0172     0.9630     0.9630     0.0000
 27   0     0.9829     1.0000     0.0171     0.9630     0.9630     0.0000
 28   0     6.0253     6.0000    -0.0253     4.1178     4.1178     0.0000
 29   0     0.9941     1.0000     0.0059     0.9674     0.9674     0.0000
 30   0     0.9941     1.0000     0.0059     0.9674     0.9674     0.0000
 31   0     5.9968     6.0000     0.0032     4.0169     4.0169     0.0000
 32   0     0.9823     1.0000     0.0177     0.9774     0.9774     0.0000
 33   0     0.9823     1.0000     0.0177     0.9774     0.9774     0.0000
 34   0     5.8303     6.0000     0.1697     2.5804     2.5792     0.0012
 35   0     0.9857     1.0000     0.0143     0.9735     0.9735     0.0000
 36   0     0.9866     1.0000     0.0134     0.9736     0.9736     0.0000
 37   0     6.2428     6.0000    -0.2428     3.8866     3.8865     0.0001
 38   0     5.9641     6.0000     0.0359     3.9746     3.9745     0.0001
 39   0     5.9527     6.0000     0.0473     3.9628     3.9628     0.0000
 40   0     6.1010     6.0000    -0.1010     3.8889     3.8888     0.0001
 41   0     5.9530     6.0000     0.0470     3.9629     3.9629     0.0000
 42   0     5.9660     6.0000     0.0340     3.9732     3.9731     0.0001
 43   0     1.0252     1.0000    -0.0252     1.0297     1.0297     0.0000
 44   0     1.0318     1.0000    -0.0318     0.9824     0.9824     0.0000
 45   0     1.0353     1.0000    -0.0353     0.9842     0.9842     0.0000
 46   0     1.0343     1.0000    -0.0343     0.9838     0.9838     0.0000
 47   0     1.0316     1.0000    -0.0316     0.9823     0.9823     0.0000
 48   0     6.2470     6.0000    -0.2470     3.8881     3.8877     0.0004
 49   0     5.9696     6.0000     0.0304     3.9740     3.9735     0.0005
 50   0     5.9532     6.0000     0.0468     3.9629     3.9627     0.0002
 51   0     6.1014     6.0000    -0.1014     3.8879     3.8873     0.0006
 52   0     5.9525     6.0000     0.0475     3.9632     3.9630     0.0002
 53   0     5.9641     6.0000     0.0359     3.9730     3.9725     0.0005
 54   0     1.0258     1.0000    -0.0258     1.0297     1.0297     0.0000
 55   0     1.0323     1.0000    -0.0323     0.9822     0.9822     0.0000
 56   0     1.0342     1.0000    -0.0342     0.9817     0.9817     0.0000
 57   0     1.0361     1.0000    -0.0361     0.9843     0.9843     0.0000
 58   0     1.0327     1.0000    -0.0327     0.9824     0.9824     0.0000
 59   0     5.3529     6.0000     0.6471     2.8982     2.8982     0.0000
 60   0     6.5624     6.0000    -0.5624     3.3968     3.3966     0.0002
 61   0     5.3527     6.0000     0.6473     2.8971     2.8971     0.0000
 62   0     6.5616     6.0000    -0.5616     3.3961     3.3961     0.0000
      Bond orders larger than 0.1000000
           Atom A     A.N. of A          Atom B    A.N. of B              Bond order
                0             6               1            6                1.675870
                0             6               3            6               -0.110022
                0             6              48            6                0.910187
                1             6               3            6                0.882048
                1             6              48            6               -0.179163
                2             6               6            6                0.881598
                2             6              34            6                1.719316
                2             6              37            6               -0.172157
                3             6               4            6                1.277484
                3             6               8            6                1.395943
                3             6              48            6                0.108420
                4             6               5            6                1.290520
                4             6              11            6                1.382780
                5             6               6            6                1.447969
                5             6               9            1                0.917632
                6             6               7            6                1.341781
                6             6              34            6               -0.107774
                6             6              37            6                0.100066
                7             6               8            6                1.431127
                7             6              22            6                1.095591
                8             6              10            1                0.919985
               11             6              12            1                0.898501
               11             6              13            6                1.084427
               13             6              14            1                0.911303
               13             6              15            1                0.911296
               13             6              16            6                1.071226
               16             6              17            1                0.943787
               16             6              18            1                0.943779
               16             6              19            6                1.106738
               19             6              20            1                0.965255
               19             6              21            1                0.965261
               19             6              35            1                0.960740
               22             6              23            1                0.895557
               22             6              24            1                0.895611
               22             6              25            6                1.104642
               25             6              26            1                0.929196
               25             6              27            1                0.929264
               25             6              28            6                1.074589
               28             6              29            1                0.940980
               28             6              30            1                0.940982
               28             6              31            6                1.106357
               31             6              32            1                0.966175
               31             6              33            1                0.966171
               31             6              36            1                0.961603
               34             6              37            6                0.906968
               37             6              38            6                1.425272
               37             6              42            6                1.420930
               38             6              39            6                1.470934
               38             6              45            1                0.938276
               39             6              40            6                1.410042
               39             6              47            1                0.937930
               40             6              41            6                1.409873
               40             6              61            6                0.904443
               41             6              42            6                1.471143
               41             6              44            1                0.937927
               42             6              46            1                0.938625
               43             1              62            6                1.111876
               48             6              49            6                1.418611
               48             6              53            6                1.420365
               49             6              50            6                1.473079
               49             6              56            1                0.938644
               50             6              51            6                1.407460
               50             6              58            1                0.937899
               51             6              52            6                1.408011
               51             6              59            6                0.905631
               52             6              53            6                1.473910
               52             6              55            1                0.937740
               53             6              57            1                0.938034
               54             1              60            6                1.111886
               59             6              60            6                2.153645
               61             6              62            6                2.154151
# -----------------------------------------------------------
$ Calculation_Info
   description: Details of the calculation
   geom. index: 1
   prop. index: 1
     Multiplicity:                          2
     Charge:                                0
     number of atoms:                       63
     number of electrons:                   0
     number of frozen core electrons:       1
     number of correlated electrons:        0
     number of basis functions:             621
     number of aux C basis functions:       4354
     number of aux J basis functions:       4354
     number of aux JK basis functions:      4354
     number of aux CABS basis functions:    0
     Total Energy                           -1312.049097
# -----------------------------------------------------------
$ SCF_Electric_Properties
   description: The SCF Calculated Electric Properties
   geom. index: 1
   prop. index: 1
       Filename                          : cc-pVDZ.scfp 
       Do Dipole Moment Calculation      : true 
       Do Quadrupole Moment Calculation  : false 
       Do Polarizability Calculation     : false 
** Dipole moment part of electric properties **
        Magnitude of dipole moment (Debye) :        0.4344335315
        Electronic Contribution:
                  0    
      0       0.394592
      1      -1.968289
      2       0.003797
        Nuclear Contribution:
                  0    
      0      -0.559269
      1       1.922532
      2      -0.003895
        Total Dipole moment:
                  0    
      0      -0.164677
      1      -0.045757
      2      -0.000098
# -----------------------------------------------------------
$ EPRNMR_GTensor
   description: Electronic g tensor
   geom. index: 1
   prop. index: 1
 Source density: 1 SCF 
 Spin multiplicity: 2 
 raw g tensor: 
                  0          1          2    
      0       2.002748  -0.000040  -0.000000
      1      -0.000053   2.002816   0.000002
      2      -0.000000   0.000002   2.002275
 g tensor: 
                  0          1          2    
      0       0.000351  -0.891088   0.453830
      1      -0.003080  -0.453829  -0.891084
      2       0.999995  -0.001085  -0.002904
 G eigenvalues: 
                  0          1          2    
      0       2.002275   2.002724   2.002840
# -----------------------------------------------------------
$ EPRNMR_OrbitalShielding
   description: Orbital contribution to the NMR Shielding tensor (ppm)
   geom. index: 1
   prop. index: 1
 Number of stored nuclei 29
 Source density: 1 SCF 
 Nucleus: 9 H 
 Shielding tensor (ppm): 
                  0          1          2    
      0      37.085074  29.842710   0.165865
      1      69.794657 130.813775   0.031117
      2       0.197757  -0.066011 114.034940
 P Tensor eigenvectors:
                   0          1          2    
      0       0.865435   0.001003   0.501021
      1      -0.501018  -0.002354   0.865434
      2      -0.002048   0.999997   0.001534
 P Eigenvalues: 
                  0          1          2    
      0      17.409814 114.035167 150.488808
P(iso)  93.977929
 Nucleus: 10 H 
 Shielding tensor (ppm): 
                  0          1          2    
      0      46.127152  24.736343   0.109884
      1      64.440942 131.965716  -0.030680
      2       0.255480   0.022132 122.707039
 P Tensor eigenvectors:
                   0          1          2    
      0      -0.871807   0.000747  -0.489849
      1       0.489846  -0.002891  -0.871804
      2       0.002067   0.999996  -0.002155
 P Eigenvalues: 
                  0          1          2    
      0      28.640445 122.707179 149.452284
P(iso)  100.266636
 Nucleus: 12 H 
 Shielding tensor (ppm): 
                  0          1          2    
      0      66.718542  97.171922   0.272513
      1     -235.447959  85.160141   0.053539
      2      -0.641168  -0.146905  98.886655
 P Tensor eigenvectors:
                   0          1          2    
      0       0.001083  -0.276797   0.960928
      1      -0.000264  -0.960928  -0.276797
      2       0.999999   0.000046  -0.001113
 P Eigenvalues: 
                  0          1          2    
      0      98.886282  46.968283 104.910774
P(iso)  83.588446
 Nucleus: 14 H 
 Shielding tensor (ppm): 
                  0          1          2    
      0      43.739214 -208.678874  56.003525
      1     295.309826 115.422905 -330.489509
      2     -48.610775 241.247881 118.066283
 P Tensor eigenvectors:
                   0          1          2    
      0       0.761720   0.178534  -0.622822
      1       0.034365  -0.971065  -0.236330
      2       0.646994  -0.158614   0.745815
 P Eigenvalues: 
                  0          1          2    
      0      78.864135  84.230736 114.133531
P(iso)  92.409467
 Nucleus: 15 H 
 Shielding tensor (ppm): 
                  0          1          2    
      0      43.806335 -208.659020 -57.137297
      1     295.488987 114.910793 329.969099
      2      50.417415 -241.028000 118.678433
 P Tensor eigenvectors:
                   0          1          2    
      0       0.760773   0.178611   0.623957
      1       0.038040  -0.972005   0.231861
      2      -0.647902   0.152658   0.746270
 P Eigenvalues: 
                  0          1          2    
      0      78.971884  84.274865 114.148812
P(iso)  92.465187
 Nucleus: 17 H 
 Shielding tensor (ppm): 
                  0          1          2    
      0      42.294520 214.156587 -132.786934
      1     -342.056086  51.082248 407.109909
      2      86.276996 -297.141574  55.257145
 P Tensor eigenvectors:
                   0          1          2    
      0       0.745622   0.216192  -0.630324
      1       0.291763  -0.956337   0.017123
      2       0.599101   0.196673   0.776143
 P Eigenvalues: 
                  0          1          2    
      0      18.317090  54.615533  75.701290
P(iso)  49.544638
 Nucleus: 18 H 
 Shielding tensor (ppm): 
                  0          1          2    
      0      42.314279 213.849094 133.992029
      1     -342.287971  51.732796 -406.385250
      2     -88.274799 296.516803  54.451650
 P Tensor eigenvectors:
                   0          1          2    
      0       0.744433   0.215662   0.631910
      1       0.295377  -0.955127  -0.022003
      2      -0.598809  -0.203031   0.774730
 P Eigenvalues: 
                  0          1          2    
      0      18.299358  54.555712  75.643655
P(iso)  49.499575
 Nucleus: 20 H 
 Shielding tensor (ppm): 
                  0          1          2    
      0     -17.085929 -306.724037 -70.119634
      1     394.987738  82.453692 466.730911
      2      53.761981 -337.149968  34.187870
 P Tensor eigenvectors:
                   0          1          2    
      0       0.756066   0.230583   0.612532
      1       0.077493  -0.960840   0.266049
      2      -0.649891   0.153683   0.744327
 P Eigenvalues: 
                  0          1          2    
      0      11.850675  36.752012  50.952946
P(iso)  33.185211
 Nucleus: 21 H 
 Shielding tensor (ppm): 
                  0          1          2    
      0     -17.124190 -306.469021  68.329651
      1     394.341487  83.231593 -467.174043
      2     -51.303514 337.946520  33.300311
 P Tensor eigenvectors:
                   0          1          2    
      0      -0.757336   0.230330   0.611056
      1      -0.073585  -0.959872   0.270611
      2      -0.648866  -0.159978  -0.743895
 P Eigenvalues: 
                  0          1          2    
      0      11.742906  36.730761  50.934047
P(iso)  33.135905
 Nucleus: 23 H 
 Shielding tensor (ppm): 
                  0          1          2    
      0      70.583503  67.722089 144.812010
      1     -153.662924  98.624275 -216.723320
      2     -94.725904 159.153043 114.301637
 P Tensor eigenvectors:
                   0          1          2    
      0       0.741337   0.444515   0.502818
      1       0.568924  -0.813664  -0.119484
      2      -0.356013  -0.374643   0.856094
 P Eigenvalues: 
                  0          1          2    
      0      47.395392 100.477217 135.636806
P(iso)  94.503138
 Nucleus: 24 H 
 Shielding tensor (ppm): 
                  0          1          2    
      0      70.411569  68.165560 -144.581666
      1     -153.584866  98.248063 217.238029
      2      93.978053 -159.742465 114.691810
 P Tensor eigenvectors:
                   0          1          2    
      0      -0.742707   0.445579   0.499846
      1      -0.566294  -0.816316  -0.113750
      2      -0.357348   0.367543  -0.858612
 P Eigenvalues: 
                  0          1          2    
      0      47.270951 100.474788 135.605703
P(iso)  94.450481
 Nucleus: 26 H 
 Shielding tensor (ppm): 
                  0          1          2    
      0      59.686815 -199.578303 -52.392048
      1     281.071410 115.535750 321.876150
      2      46.524594 -234.826843 131.517328
 P Tensor eigenvectors:
                   0          1          2    
      0       0.773443   0.148696   0.616179
      1       0.031671  -0.979947   0.196726
      2      -0.633074   0.132641   0.762642
 P Eigenvalues: 
                  0          1          2    
      0      91.655166  91.276881 123.807846
P(iso)  102.246631
 Nucleus: 27 H 
 Shielding tensor (ppm): 
                  0          1          2    
      0      59.793566 -199.279146  51.426875
      1     280.505963 116.023069 -322.732829
      2     -44.900427 235.271909 131.117816
 P Tensor eigenvectors:
                   0          1          2    
      0       0.775077   0.148121  -0.614260
      1       0.028338  -0.979306  -0.200390
      2       0.631230  -0.137911   0.763236
 P Eigenvalues: 
                  0          1          2    
      0      91.670677  91.348536 123.915238
P(iso)  102.311484
 Nucleus: 29 H 
 Shielding tensor (ppm): 
                  0          1          2    
      0      37.595553 200.887881 119.702449
      1     -326.222109  57.380742 -399.430365
      2     -77.684735 289.388097  48.362293
 P Tensor eigenvectors:
                   0          1          2    
      0       0.760594   0.175502   0.625057
      1       0.271427  -0.960550  -0.060582
      2      -0.589766  -0.215736   0.778225
 P Eigenvalues: 
                  0          1          2    
      0      15.690802  53.085839  74.561947
P(iso)  47.779529
 Nucleus: 30 H 
 Shielding tensor (ppm): 
                  0          1          2    
      0      37.413679 200.769004 -118.703804
      1     -325.597196  56.788905 400.301364
      2      75.970041 -289.940938  48.959082
 P Tensor eigenvectors:
                   0          1          2    
      0       0.762136   0.175986  -0.623039
      1       0.268278  -0.961681   0.056532
      2       0.589216   0.210233   0.780146
 P Eigenvalues: 
                  0          1          2    
      0      15.548463  53.075624  74.537579
P(iso)  47.720555
 Nucleus: 32 H 
 Shielding tensor (ppm): 
                  0          1          2    
      0      -3.806820 -298.286900  47.737927
      1     393.722891  81.473032 -457.282860
      2     -36.508840 330.348581  42.410417
 P Tensor eigenvectors:
                   0          1          2    
      0      -0.755976   0.184874   0.627951
      1      -0.041595  -0.970918   0.235772
      2      -0.653277  -0.152118  -0.741680
 P Eigenvalues: 
                  0          1          2    
      0      21.162273  41.460543  57.453813
P(iso)  40.025543
 Nucleus: 33 H 
 Shielding tensor (ppm): 
                  0          1          2    
      0      -3.895760 -298.925717 -49.167232
      1     394.774002  80.823969 456.275679
      2      38.590063 -329.261800  43.027843
 P Tensor eigenvectors:
                   0          1          2    
      0       0.754107   0.185449   0.630026
      1       0.044898  -0.971618   0.232257
      2      -0.655216   0.146860   0.741029
 P Eigenvalues: 
                  0          1          2    
      0      21.154625  41.412897  57.388530
P(iso)  39.985351
 Nucleus: 35 H 
 Shielding tensor (ppm): 
                  0          1          2    
      0     -109.942021 128.949102   0.345031
      1     -262.606450  53.247229   0.932992
      2      -0.779700   0.192413 -107.573605
 P Tensor eigenvectors:
                   0          1          2    
      0       0.361973  -0.002035  -0.932186
      1       0.932188   0.002047   0.361969
      2       0.001172  -0.999996   0.002638
 P Eigenvalues: 
                  0          1          2    
      0     -13.233225 -107.575572 -43.459599
P(iso)  -54.756132
 Nucleus: 36 H 
 Shielding tensor (ppm): 
                  0          1          2    
      0     -113.190329 110.730934   0.282828
      1     -219.663925  61.304038   0.592892
      2      -0.573988   0.343509 -105.607826
 P Tensor eigenvectors:
                   0          1          2    
      0       0.415485  -0.000742  -0.909600
      1       0.909598   0.002484   0.415482
      2       0.001951  -0.999997   0.001707
 P Eigenvalues: 
                  0          1          2    
      0      -9.986087 -105.609141 -41.898889
P(iso)  -52.498039
 Nucleus: 43 H 
 Shielding tensor (ppm): 
                  0          1          2    
      0      39.752261   2.041935   0.102138
      1      -2.210730 -392.210115  -0.020916
      2      -0.329241  -0.022874 -367.941903
 P Tensor eigenvectors:
                   0          1          2    
      0      -0.999980   0.000929  -0.006229
      1       0.006228  -0.000960  -0.999980
      2       0.000935   0.999999  -0.000954
 P Eigenvalues: 
                  0          1          2    
      0      39.736413 -367.941742 -392.194428
P(iso)  -240.133252
 Nucleus: 44 H 
 Shielding tensor (ppm): 
                  0          1          2    
      0       7.699417 -866.412617  -0.516147
      1     499.265699 -76.547738  -0.304066
      2       0.183725   0.403321 -65.788620
 P Tensor eigenvectors:
                   0          1          2    
      0       0.000583  -0.996166   0.087483
      1      -0.000555  -0.087483  -0.996166
      2       1.000000   0.000533  -0.000604
 P Eigenvalues: 
                  0          1          2    
      0     -65.788729 -24.941101 -43.907112
P(iso)  -44.878981
 Nucleus: 45 H 
 Shielding tensor (ppm): 
                  0          1          2    
      0      11.021584 778.058285   0.488865
      1     -513.844651 201.891186   0.276243
      2      -0.194369  -0.358689 145.691263
 P Tensor eigenvectors:
                   0          1          2    
      0       0.000466  -0.973407   0.229082
      1      -0.000543  -0.229082  -0.973407
      2       1.000000   0.000329  -0.000636
 P Eigenvalues: 
                  0          1          2    
      0     145.691365  79.955071 132.957596
P(iso)  119.534677
 Nucleus: 46 H 
 Shielding tensor (ppm): 
                  0          1          2    
      0      15.338227 -734.156742  -0.469434
      1     470.610806 198.606875  -0.283164
      2       0.348642   0.427909 144.528527
 P Tensor eigenvectors:
                   0          1          2    
      0       0.000751  -0.976775  -0.214265
      1      -0.000739   0.214265  -0.976775
      2       0.999999   0.000892  -0.000561
 P Eigenvalues: 
                  0          1          2    
      0     144.528432  78.909346 135.035851
P(iso)  119.491210
 Nucleus: 47 H 
 Shielding tensor (ppm): 
                  0          1          2    
      0       6.076851 884.949713   0.700741
      1     -517.272887 -75.897558   0.256119
      2      -0.483586  -0.430121 -65.681826
 P Tensor eigenvectors:
                   0          1          2    
      0       0.000507  -0.996406  -0.084705
      1      -0.000830   0.084704  -0.996406
      2       1.000000   0.000576  -0.000785
 P Eigenvalues: 
                  0          1          2    
      0     -65.681715 -25.543406 -44.277412
P(iso)  -45.167511
 Nucleus: 54 H 
 Shielding tensor (ppm): 
                  0          1          2    
      0      39.479490  39.308381   0.003143
      1     -11.762803 -390.831568  -0.033188
      2      -0.260539  -0.058416 -366.647711
 P Tensor eigenvectors:
                   0          1          2    
      0       0.999191   0.000634  -0.040200
      1      -0.040199  -0.001934  -0.999190
      2      -0.000711   0.999998  -0.001907
 P Eigenvalues: 
                  0          1          2    
      0      37.677707 -366.647658 -389.029839
P(iso)  -239.333263
 Nucleus: 55 H 
 Shielding tensor (ppm): 
                  0          1          2    
      0       1.858303 891.610360   1.297278
      1     -523.750879 -59.690161   0.226877
      2      -0.802960  -0.410563 -56.606645
 P Tensor eigenvectors:
                   0          1          2    
      0       0.000442  -0.998049  -0.062431
      1      -0.001485   0.062430  -0.998048
      2       0.999999   0.000534  -0.001454
 P Eigenvalues: 
                  0          1          2    
      0     -56.606390 -21.302513 -36.529599
P(iso)  -38.146168
 Nucleus: 56 H 
 Shielding tensor (ppm): 
                  0          1          2    
      0      15.651738 -749.593580  -0.987005
      1     473.229167 184.995255  -0.208834
      2       0.674619   0.416422 136.535484
 P Tensor eigenvectors:
                   0          1          2    
      0       0.000622  -0.981327  -0.192348
      1      -0.001394   0.192347  -0.981326
      2       0.999999   0.000879  -0.001249
 P Eigenvalues: 
                  0          1          2    
      0     136.535287  74.082763 126.564427
P(iso)  112.394159
 Nucleus: 57 H 
 Shielding tensor (ppm): 
                  0          1          2    
      0      12.439570 754.434130   1.119630
      1     -504.146276 211.946672   0.284489
      2      -0.619538  -0.264706 154.595969
 P Tensor eigenvectors:
                   0          1          2    
      0       0.000385  -0.969338   0.245729
      1      -0.001400  -0.245730  -0.969337
      2       0.999999   0.000029  -0.001452
 P Eigenvalues: 
                  0          1          2    
      0     154.596090  84.103810 140.282311
P(iso)  126.327404
 Nucleus: 58 H 
 Shielding tensor (ppm): 
                  0          1          2    
      0      12.682995 -850.957538  -1.200801
      1     487.016479 -92.651914  -0.281755
      2       0.595565   0.351655 -73.219820
 P Tensor eigenvectors:
                   0          1          2    
      0       0.000516  -0.993844   0.110788
      1      -0.001366  -0.110789  -0.993843
      2       0.999999   0.000361  -0.001414
 P Eigenvalues: 
                  0          1          2    
      0     -73.219984 -28.682051 -51.286704
P(iso)  -51.062913
# -----------------------------------------------------------
$ EPRNMR_ATensor
   description: Hyperfine A tensor
   geom. index: 1
   prop. index: 1
 Number of stored nuclei 29
 Source density: 1 SCF 
 Spin multiplicity: 2 
 Nucleus: 9 H  
 Isotope: 1 
 Nuclear Spin:  0.5 
 Prefactor (MHz): 533.551395 
 Raw A tensor (MHz): 
                  0          1          2    
      0     -14.492244   6.166407   0.018513
      1       6.169049 -12.125166   0.010790
      2       0.018521   0.010791 -16.058039
 A Tensor eigenvectors:
                   0          1          2    
      0       0.636987   0.000197   0.770874
      1       0.770871  -0.003052  -0.636984
      2       0.002227   0.999995  -0.002096
 A Eigenvalues: 
                  0          1          2    
      0      -7.028402 -16.058068 -19.588978
A(iso)  -14.225149
 Nucleus: 10 H  
 Isotope: 1 
 Nuclear Spin:  0.5 
 Prefactor (MHz): 533.551395 
 Raw A tensor (MHz): 
                  0          1          2    
      0       7.665805  -2.234593  -0.008604
      1      -2.235655   6.282513   0.008339
      2      -0.008607   0.008339   4.002810
 A Tensor eigenvectors:
                   0          1          2    
      0       0.000292   0.593435  -0.804882
      1      -0.003371   0.804878   0.593431
      2       0.999994   0.002540   0.002236
 A Eigenvalues: 
                  0          1          2    
      0       4.002779   4.634473   9.313877
A(iso)  5.983710
 Nucleus: 12 H  
 Isotope: 1 
 Nuclear Spin:  0.5 
 Prefactor (MHz): 533.551395 
 Raw A tensor (MHz): 
                  0          1          2    
      0     -17.019840   0.405601  -0.013484
      1       0.404181 -70.209919  -0.079452
      2      -0.013487  -0.079457 -45.551876
 A Tensor eigenvectors:
                   0          1          2    
      0       0.999971  -0.000518  -0.007624
      1       0.007626   0.003214   0.999966
      2      -0.000494  -0.999995   0.003217
 A Eigenvalues: 
                  0          1          2    
      0     -17.016751 -45.551628 -70.213256
A(iso)  -44.260545
 Nucleus: 14 H  
 Isotope: 1 
 Nuclear Spin:  0.5 
 Prefactor (MHz): 533.551395 
 Raw A tensor (MHz): 
                  0          1          2    
      0      60.365199   3.594601  -1.910355
      1       3.593450  61.924264  -1.894751
      2      -1.908929  -1.894836  57.133922
 A Tensor eigenvectors:
                   0          1          2    
      0       0.356206   0.710116   0.607332
      1       0.084776  -0.671844   0.735825
      2       0.930554  -0.210618  -0.299516
 A Eigenvalues: 
                  0          1          2    
      0      56.230477  57.531240  65.661667
A(iso)  59.807795
 Nucleus: 15 H  
 Isotope: 1 
 Nuclear Spin:  0.5 
 Prefactor (MHz): 533.551395 
 Raw A tensor (MHz): 
                  0          1          2    
      0      60.325990   3.583680   1.929262
      1       3.582537  61.852411   1.920946
      2       1.927826   1.921030  57.106871
 A Tensor eigenvectors:
                   0          1          2    
      0      -0.354477   0.710551   0.607835
      1      -0.091252  -0.673230   0.733781
      2       0.930601   0.204643   0.303483
 A Eigenvalues: 
                  0          1          2    
      0      56.184064  57.486489  65.614719
A(iso)  59.761757
 Nucleus: 17 H  
 Isotope: 1 
 Nuclear Spin:  0.5 
 Prefactor (MHz): 533.551395 
 Raw A tensor (MHz): 
                  0          1          2    
      0      -2.216054  -1.985166  -0.627741
      1      -1.985059   1.937059   1.365408
      2      -0.627315   1.364384  -2.695532
 A Tensor eigenvectors:
                   0          1          2    
      0      -0.737029   0.363650   0.569690
      1      -0.440875  -0.897565   0.002566
      2       0.512267  -0.249271   0.821856
 A Eigenvalues: 
                  0          1          2    
      0      -2.967368   3.120397  -3.127556
A(iso)  -0.991509
 Nucleus: 18 H  
 Isotope: 1 
 Nuclear Spin:  0.5 
 Prefactor (MHz): 533.551395 
 Raw A tensor (MHz): 
                  0          1          2    
      0      -2.213816  -1.992527   0.613347
      1      -1.992419   1.954819  -1.330568
      2       0.612923  -1.329546  -2.715532
 A Tensor eigenvectors:
                   0          1          2    
      0      -0.736878   0.364223  -0.569520
      1      -0.437489  -0.899179  -0.009000
      2      -0.515379   0.242527   0.821928
 A Eigenvalues: 
                  0          1          2    
      0      -2.967948   3.120610  -3.127191
A(iso)  -0.991510
 Nucleus: 20 H  
 Isotope: 1 
 Nuclear Spin:  0.5 
 Prefactor (MHz): 533.551395 
 Raw A tensor (MHz): 
                  0          1          2    
      0       0.013443   0.296745   0.115267
      1       0.297019   2.101966   0.378269
      2       0.115382   0.378141   0.024162
 A Tensor eigenvectors:
                   0          1          2    
      0      -0.727000  -0.672077   0.140655
      1       0.222169  -0.036414   0.974328
      2      -0.649702   0.739585   0.175787
 A Eigenvalues: 
                  0          1          2    
      0       0.024913  -0.098410   2.213069
A(iso)  0.713190
 Nucleus: 21 H  
 Isotope: 1 
 Nuclear Spin:  0.5 
 Prefactor (MHz): 533.551395 
 Raw A tensor (MHz): 
                  0          1          2    
      0       0.013610   0.296482  -0.113381
      1       0.296756   2.107805  -0.365073
      2      -0.113495  -0.364946   0.020368
 A Tensor eigenvectors:
                   0          1          2    
      0       0.725686   0.673594  -0.140184
      1      -0.217759   0.031587  -0.975491
      2      -0.652657   0.738426   0.169604
 A Eigenvalues: 
                  0          1          2    
      0       0.025750  -0.097869   2.213902
A(iso)  0.713928
 Nucleus: 23 H  
 Isotope: 1 
 Nuclear Spin:  0.5 
 Prefactor (MHz): 533.551395 
 Raw A tensor (MHz): 
                  0          1          2    
      0      21.516213  -1.498444   0.857073
      1      -1.497970  21.692592  -0.485776
      2       0.856494  -0.485914  20.327319
 A Tensor eigenvectors:
                   0          1          2    
      0       0.624362  -0.394647  -0.674112
      1       0.308605  -0.668164   0.676994
      2      -0.717590  -0.630723  -0.295386
 A Eigenvalues: 
                  0          1          2    
      0      19.790898  20.348914  23.396312
A(iso)  21.178708
 Nucleus: 24 H  
 Isotope: 1 
 Nuclear Spin:  0.5 
 Prefactor (MHz): 533.551395 
 Raw A tensor (MHz): 
                  0          1          2    
      0      21.572438  -1.492567  -0.869041
      1      -1.492098  21.751809   0.496600
      2      -0.868461   0.496740  20.400984
 A Tensor eigenvectors:
                   0          1          2    
      0      -0.626992   0.392401   0.672980
      1      -0.305293   0.671007  -0.675681
      2      -0.716713  -0.629103  -0.300919
 A Eigenvalues: 
                  0          1          2    
      0      19.852657  20.413298  23.459276
A(iso)  21.241744
 Nucleus: 26 H  
 Isotope: 1 
 Nuclear Spin:  0.5 
 Prefactor (MHz): 533.551395 
 Raw A tensor (MHz): 
                  0          1          2    
      0      -0.752659   0.371740   0.096121
      1       0.371378   0.780697   0.392025
      2       0.095942   0.391761  -0.870299
 A Tensor eigenvectors:
                   0          1          2    
      0       0.971079   0.219184  -0.094678
      1      -0.234236   0.951391  -0.199970
      2       0.046245   0.216364   0.975217
 A Eigenvalues: 
                  0          1          2    
      0      -0.837677   0.955154  -0.959738
A(iso)  -0.280754
 Nucleus: 27 H  
 Isotope: 1 
 Nuclear Spin:  0.5 
 Prefactor (MHz): 533.551395 
 Raw A tensor (MHz): 
                  0          1          2    
      0      -0.755110   0.371625  -0.094825
      1       0.371262   0.784613  -0.384301
      2      -0.094646  -0.384035  -0.875972
 A Tensor eigenvectors:
                   0          1          2    
      0       0.970683   0.218666   0.099797
      1      -0.234522   0.952579   0.193888
      2      -0.052667  -0.211608   0.975934
 A Eigenvalues: 
                  0          1          2    
      0      -0.839679   0.955018  -0.961807
A(iso)  -0.282156
 Nucleus: 29 H  
 Isotope: 1 
 Nuclear Spin:  0.5 
 Prefactor (MHz): 533.551395 
 Raw A tensor (MHz): 
                  0          1          2    
      0      -0.045544  -0.263066   0.061106
      1      -0.263194   0.689340  -0.119244
      2       0.061115  -0.119173  -0.094849
 A Tensor eigenvectors:
                   0          1          2    
      0      -0.508424  -0.805033  -0.305659
