-------------------------------------------------------------
----------------------- !PROPERTIES! ------------------------
-------------------------------------------------------------
# -----------------------------------------------------------
$ PAL_Flags
   description: The PAL Flags
   geom. index: 1
   prop. index: 1
        Diskflag:     2
# -----------------------------------------------------------
$ SCF_Energy
   description: The SCF energy
   geom. index: 1
   prop. index: 1
        SCF Energy:    -1312.0490939047
# -----------------------------------------------------------
$ DFT_Energy
   description: The DFT energy
   geom. index: 1
   prop. index: 1
   Number of Alpha Electrons                117.0001582281 
   Number of Beta  Electrons                116.0001452969 
   Total number of  Electrons               233.0003035250 
   Exchange energy                         -147.8974907311 
   Correlation energy                        -9.1235321300 
   Correlation energy NL                      0.0000000000 
   Exchange-Correlation energy             -157.0210228612 
   Embedding correction                       0.0000000000 
   Total DFT Energy (No VdW correction)   -1312.0490939047 
# -----------------------------------------------------------
$ Mayer_Pop
   description: The Mayer population analysis
   geom. index: 1
   prop. index: 1
     Number of atoms                     : 63
     Threshold for printing              : 0.1000000
     Number of bond orders printed       : 71
  NA   - Mulliken gross atomic population
  ZA   - Total nuclear charge
  QA   - Mulliken gross atomic charge
  VA   - Mayer's total valence
  BVA  - Mayer's bonded valence
  FA   - Mayer's free valence
  ATOM       NA         ZA         QA         VA         BVA        FA
  0   0     5.8157     6.0000     0.1843     2.5446     2.5387     0.0059
  1   0     5.7497     6.0000     0.2503     2.4498     2.4476     0.0022
  2   0     5.7608     6.0000     0.2392     2.5049     2.5043     0.0006
  3   0     6.1888     6.0000    -0.1888     3.7520     3.7183     0.0337
  4   0     5.9284     6.0000     0.0716     4.1417     4.1268     0.0149
  5   0     6.0274     6.0000    -0.0274     3.8708     3.8364     0.0344
  6   0     6.1525     6.0000    -0.1525     3.8269     3.8200     0.0069
  7   0     6.0865     6.0000    -0.0865     4.1481     4.1117     0.0364
  8   0     5.9909     6.0000     0.0091     3.9058     3.8980     0.0078
  9   0     1.0523     1.0000    -0.0523     1.0034     1.0033     0.0001
 10   0     1.0537     1.0000    -0.0537     1.0039     1.0039     0.0000
 11   0     6.0993     6.0000    -0.0993     3.9304     3.5697     0.3607
 12   0     1.0259     1.0000    -0.0259     1.0082     1.0070     0.0012
 13   0     5.9661     6.0000     0.0339     4.0096     4.0082     0.0014
 14   0     0.9700     1.0000     0.0300     0.9628     0.9617     0.0011
 15   0     0.9700     1.0000     0.0300     0.9628     0.9617     0.0011
 16   0     6.0398     6.0000    -0.0398     4.1317     4.1317     0.0000
 17   0     0.9871     1.0000     0.0129     0.9640     0.9640     0.0000
 18   0     0.9871     1.0000     0.0129     0.9640     0.9640     0.0000
 19   0     5.9940     6.0000     0.0060     4.0163     4.0163     0.0000
 20   0     0.9819     1.0000     0.0181     0.9776     0.9776     0.0000
 21   0     0.9819     1.0000     0.0181     0.9776     0.9776     0.0000
 22   0     5.9613     6.0000     0.0387     4.0306     4.0304     0.0002
 23   0     0.9675     1.0000     0.0325     0.9689     0.9688     0.0001
 24   0     0.9675     1.0000     0.0325     0.9689     0.9688     0.0001
 25   0     6.0343     6.0000    -0.0343     4.1141     4.1141     0.0000
 26   0     0.9828     1.0000     0.0172     0.9630     0.9630     0.0000
 27   0     0.9829     1.0000     0.0171     0.9630     0.9630     0.0000
 28   0     6.0253     6.0000    -0.0253     4.1178     4.1178     0.0000
 29   0     0.9941     1.0000     0.0059     0.9674     0.9674     0.0000
 30   0     0.9941     1.0000     0.0059     0.9674     0.9674     0.0000
 31   0     5.9968     6.0000     0.0032     4.0169     4.0169     0.0000
 32   0     0.9823     1.0000     0.0177     0.9774     0.9774     0.0000
 33   0     0.9823     1.0000     0.0177     0.9774     0.9774     0.0000
 34   0     5.8301     6.0000     0.1699     2.5805     2.5793     0.0012
 35   0     0.9857     1.0000     0.0143     0.9735     0.9735     0.0000
 36   0     0.9866     1.0000     0.0134     0.9736     0.9736     0.0000
 37   0     6.2427     6.0000    -0.2427     3.8866     3.8865     0.0001
 38   0     5.9641     6.0000     0.0359     3.9746     3.9745     0.0001
 39   0     5.9527     6.0000     0.0473     3.9628     3.9628     0.0000
 40   0     6.1010     6.0000    -0.1010     3.8889     3.8888     0.0001
 41   0     5.9531     6.0000     0.0469     3.9629     3.9629     0.0000
 42   0     5.9660     6.0000     0.0340     3.9732     3.9731     0.0001
 43   0     1.0252     1.0000    -0.0252     1.0297     1.0297     0.0000
 44   0     1.0318     1.0000    -0.0318     0.9824     0.9824     0.0000
 45   0     1.0353     1.0000    -0.0353     0.9842     0.9842     0.0000
 46   0     1.0343     1.0000    -0.0343     0.9838     0.9838     0.0000
 47   0     1.0316     1.0000    -0.0316     0.9823     0.9823     0.0000
 48   0     6.2469     6.0000    -0.2469     3.8881     3.8877     0.0004
 49   0     5.9696     6.0000     0.0304     3.9740     3.9735     0.0005
 50   0     5.9532     6.0000     0.0468     3.9629     3.9627     0.0002
 51   0     6.1014     6.0000    -0.1014     3.8879     3.8873     0.0006
 52   0     5.9525     6.0000     0.0475     3.9632     3.9630     0.0002
 53   0     5.9641     6.0000     0.0359     3.9730     3.9725     0.0005
 54   0     1.0258     1.0000    -0.0258     1.0297     1.0297     0.0000
 55   0     1.0323     1.0000    -0.0323     0.9822     0.9822     0.0000
 56   0     1.0342     1.0000    -0.0342     0.9817     0.9817     0.0000
 57   0     1.0361     1.0000    -0.0361     0.9843     0.9843     0.0000
 58   0     1.0327     1.0000    -0.0327     0.9824     0.9824     0.0000
 59   0     5.3528     6.0000     0.6472     2.8981     2.8981     0.0000
 60   0     6.5625     6.0000    -0.5625     3.3967     3.3965     0.0002
 61   0     5.3525     6.0000     0.6475     2.8971     2.8971     0.0000
 62   0     6.5618     6.0000    -0.5618     3.3961     3.3961     0.0000
      Bond orders larger than 0.1000000
           Atom A     A.N. of A          Atom B    A.N. of B              Bond order
                0             6               1            6                1.675863
                0             6               3            6               -0.110042
                0             6              48            6                0.910177
                1             6               3            6                0.882008
                1             6              48            6               -0.179162
                2             6               6            6                0.881626
                2             6              34            6                1.719376
                2             6              37            6               -0.172140
                3             6               4            6                1.277511
                3             6               8            6                1.395949
                3             6              48            6                0.108429
                4             6               5            6                1.290548
                4             6              11            6                1.382739
                5             6               6            6                1.447967
                5             6               9            1                0.917627
                6             6               7            6                1.341798
                6             6              34            6               -0.107776
                6             6              37            6                0.100057
                7             6               8            6                1.431124
                7             6              22            6                1.095597
                8             6              10            1                0.919992
               11             6              12            1                0.898501
               11             6              13            6                1.084429
               13             6              14            1                0.911303
               13             6              15            1                0.911295
               13             6              16            6                1.071225
               16             6              17            1                0.943787
               16             6              18            1                0.943780
               16             6              19            6                1.106739
               19             6              20            1                0.965255
               19             6              21            1                0.965261
               19             6              35            1                0.960740
               22             6              23            1                0.895555
               22             6              24            1                0.895610
               22             6              25            6                1.104641
               25             6              26            1                0.929196
               25             6              27            1                0.929264
               25             6              28            6                1.074590
               28             6              29            1                0.940980
               28             6              30            1                0.940983
               28             6              31            6                1.106357
               31             6              32            1                0.966175
               31             6              33            1                0.966170
               31             6              36            1                0.961603
               34             6              37            6                0.906992
               37             6              38            6                1.425267
               37             6              42            6                1.420926
               38             6              39            6                1.470932
               38             6              45            1                0.938274
               39             6              40            6                1.410044
               39             6              47            1                0.937932
               40             6              41            6                1.409875
               40             6              61            6                0.904436
               41             6              42            6                1.471142
               41             6              44            1                0.937929
               42             6              46            1                0.938622
               43             1              62            6                1.111880
               48             6              49            6                1.418614
               48             6              53            6                1.420365
               49             6              50            6                1.473078
               49             6              56            1                0.938641
               50             6              51            6                1.407463
               50             6              58            1                0.937898
               51             6              52            6                1.408012
               51             6              59            6                0.905630
               52             6              53            6                1.473911
               52             6              55            1                0.937740
               53             6              57            1                0.938034
               54             1              60            6                1.111892
               59             6              60            6                2.153603
               61             6              62            6                2.154086
# -----------------------------------------------------------
$ Calculation_Info
   description: Details of the calculation
   geom. index: 1
   prop. index: 1
     Multiplicity:                          2
     Charge:                                0
     number of atoms:                       63
     number of electrons:                   0
     number of frozen core electrons:       1
     number of correlated electrons:        0
     number of basis functions:             621
     number of aux C basis functions:       4354
     number of aux J basis functions:       4354
     number of aux JK basis functions:      4354
     number of aux CABS basis functions:    0
     Total Energy                           -1312.049094
# -----------------------------------------------------------
$ SCF_Electric_Properties
   description: The SCF Calculated Electric Properties
   geom. index: 1
   prop. index: 1
       Filename                          : cc-pVDZ.scfp 
       Do Dipole Moment Calculation      : true 
       Do Quadrupole Moment Calculation  : false 
       Do Polarizability Calculation     : false 
** Dipole moment part of electric properties **
        Magnitude of dipole moment (Debye) :        0.4343678170
        Electronic Contribution:
                  0    
      0       0.394716
      1      -1.968639
      2       0.003796
        Nuclear Contribution:
                  0    
      0      -0.559269
      1       1.922532
      2      -0.003895
        Total Dipole moment:
                  0    
      0      -0.164553
      1      -0.046107
      2      -0.000099
# -----------------------------------------------------------
$ EPRNMR_GTensor
   description: Electronic g tensor
   geom. index: 1
   prop. index: 1
 Source density: 1 SCF 
 Spin multiplicity: 2 
 raw g tensor: 
                  0          1          2    
      0       2.002779  -0.000067  -0.000001
      1      -0.000052   2.002739   0.000002
      2      -0.000000   0.000002   2.002163
 g tensor: 
                  0          1          2    
      0       0.000502   0.583787  -0.811907
      1      -0.003030   0.811904   0.583783
      2       0.999995   0.002167   0.002176
 G eigenvalues: 
                  0          1          2    
      0       2.002163   2.002696   2.002822
# -----------------------------------------------------------
$ EPRNMR_OrbitalShielding
   description: Orbital contribution to the NMR Shielding tensor (ppm)
   geom. index: 1
   prop. index: 1
 Number of stored nuclei 29
 Source density: 1 SCF 
 Nucleus: 9 H 
 Shielding tensor (ppm): 
                  0          1          2    
      0      27.534848  -5.319494  -0.020636
      1      -4.950267  26.630928   0.023937
      2      -0.021172   0.024997  19.056450
 P Tensor eigenvectors:
                   0          1          2    
      0       0.000849   0.677909  -0.735146
      1      -0.002637   0.735145   0.677905
      2       0.999996   0.001363   0.002412
 P Eigenvalues: 
                  0          1          2    
      0      19.056368  21.928281  32.237578
P(iso)  24.407409
 Nucleus: 10 H 
 Shielding tensor (ppm): 
                  0          1          2    
      0      28.297525  -5.538762  -0.019237
      1      -5.452658  26.352665   0.022639
      2      -0.021668   0.023404  18.723990
 P Tensor eigenvectors:
                   0          1          2    
      0       0.000661   0.643164  -0.765728
      1      -0.002517   0.765727   0.643161
      2       0.999997   0.001502   0.002125
 P Eigenvalues: 
                  0          1          2    
      0      18.723918  21.744029  32.906233
P(iso)  24.458060
 Nucleus: 12 H 
 Shielding tensor (ppm): 
                  0          1          2    
      0      23.767432   2.472158   0.006515
      1       1.778440  32.401666   0.038763
      2       0.003929   0.039810  19.586500
 P Tensor eigenvectors:
                   0          1          2    
      0       0.000331  -0.975337  -0.220723
      1      -0.003109   0.220721  -0.975332
      2       0.999995   0.001009  -0.002959
 P Eigenvalues: 
                  0          1          2    
      0      19.586380  23.273019  32.896201
P(iso)  25.251866
 Nucleus: 14 H 
 Shielding tensor (ppm): 
                  0          1          2    
      0      28.994848  -1.131796  -3.154460
      1      -0.634486  30.453825  -0.438055
      2      -4.026873  -1.379113  27.365919
 P Tensor eigenvectors:
                   0          1          2    
      0       0.608963  -0.039769  -0.792201
      1       0.189662   0.977072   0.096743
      2       0.770190  -0.209163   0.602543
 P Eigenvalues: 
                  0          1          2    
      0      24.243449  30.696691  31.874452
P(iso)  28.938197
 Nucleus: 15 H 
 Shielding tensor (ppm): 
                  0          1          2    
      0      29.006163  -1.154099   3.144972
      1      -0.662181  30.442835   0.456536
      2       4.020426   1.398650  27.364419
 P Tensor eigenvectors:
                   0          1          2    
      0      -0.607747  -0.036590  -0.793287
      1      -0.194584   0.975348   0.104085
      2       0.769923   0.217618  -0.599884
 P Eigenvalues: 
                  0          1          2    
      0      24.241823  30.696659  31.874935
P(iso)  28.937806
 Nucleus: 17 H 
 Shielding tensor (ppm): 
                  0          1          2    
      0      30.858320   0.721993  -4.394347
      1       0.377817  29.997470  -0.353895
      2      -4.264848   0.935297  28.023290
 P Tensor eigenvectors:
                   0          1          2    
      0       0.587492  -0.003672   0.809221
      1      -0.096213  -0.993214   0.065343
      2       0.803490  -0.116246  -0.583859
 P Eigenvalues: 
                  0          1          2    
      0      24.825434  30.038246  34.015400
P(iso)  29.626360
 Nucleus: 18 H 
 Shielding tensor (ppm): 
                  0          1          2    
      0      30.876038   0.693503   4.395472
      1       0.351703  30.001848   0.364195
      2       4.263883  -0.921963  28.001387
 P Tensor eigenvectors:
                   0          1          2    
      0      -0.585897  -0.003290   0.810379
      1       0.091100  -0.993921   0.061829
      2       0.805249   0.110051   0.582635
 P Eigenvalues: 
                  0          1          2    
      0      24.822660  30.038922  34.017692
P(iso)  29.626424
 Nucleus: 20 H 
 Shielding tensor (ppm): 
                  0          1          2    
      0      29.848105   1.629703   3.776362
      1       2.314575  30.670033   2.536761
      2       3.189015   2.197219  30.361400
 P Tensor eigenvectors:
                   0          1          2    
      0       0.716659   0.404530   0.568116
      1       0.058075  -0.846377   0.529408
      2      -0.695002   0.346412   0.630057
 P Eigenvalues: 
                  0          1          2    
      0      26.602590  28.736138  35.540810
P(iso)  30.293179
 Nucleus: 21 H 
 Shielding tensor (ppm): 
                  0          1          2    
      0      29.833189   1.650426  -3.762896
      1       2.330433  30.700450  -2.540827
      2      -3.171685  -2.198676  30.345541
 P Tensor eigenvectors:
                   0          1          2    
      0       0.718141   0.403865  -0.566715
      1       0.053576  -0.844036  -0.533604
      2       0.693832  -0.352840   0.627775
 P Eigenvalues: 
                  0          1          2    
      0      26.604020  28.734533  35.540626
P(iso)  30.293060
 Nucleus: 23 H 
 Shielding tensor (ppm): 
                  0          1          2    
      0      29.335499   1.834291   3.249254
      1       1.380777  30.930940   0.037537
      2       4.449642  -1.007539  25.765642
 P Tensor eigenvectors:
                   0          1          2    
      0      -0.539681  -0.431711  -0.722752
      1       0.152826   0.794005  -0.588387
      2       0.827882  -0.427997  -0.362533
 P Eigenvalues: 
                  0          1          2    
      0      23.098319  30.337511  32.596251
P(iso)  28.677360
 Nucleus: 24 H 
 Shielding tensor (ppm): 
                  0          1          2    
      0      29.312654   1.842832  -3.242234
      1       1.400129  30.916709  -0.013660
      2      -4.443374   1.036773  25.807226
 P Tensor eigenvectors:
                   0          1          2    
      0       0.542293  -0.428518  -0.722697
      1      -0.157633   0.792994  -0.588483
      2       0.825270   0.433051   0.362486
 P Eigenvalues: 
                  0          1          2    
      0      23.115153  30.339529  32.581908
P(iso)  28.678863
 Nucleus: 26 H 
 Shielding tensor (ppm): 
                  0          1          2    
      0      30.442036  -0.698270   3.732058
      1      -0.654200  31.231700   0.215579
      2       3.729480   1.429435  27.705191
 P Tensor eigenvectors:
                   0          1          2    
      0      -0.566390  -0.052974  -0.822433
      1      -0.156939   0.986604   0.044531
      2       0.809057   0.154293  -0.567116
 P Eigenvalues: 
                  0          1          2    
      0      24.921745  31.405644  33.051539
P(iso)  29.792976
 Nucleus: 27 H 
 Shielding tensor (ppm): 
                  0          1          2    
      0      30.423564  -0.681096  -3.737718
      1      -0.634974  31.240976  -0.196337
      2      -3.734767  -1.413599  27.719555
 P Tensor eigenvectors:
                   0          1          2    
      0       0.568370  -0.054516  -0.820965
      1       0.153096   0.987384   0.040424
      2       0.808404  -0.148662   0.569546
 P Eigenvalues: 
                  0          1          2    
      0      24.928435  31.407320  33.048340
P(iso)  29.794698
 Nucleus: 29 H 
 Shielding tensor (ppm): 
                  0          1          2    
      0      30.840040   0.196355   4.487340
      1       0.080610  30.694053  -0.614816
      2       4.189413  -1.349551  28.036417
 P Tensor eigenvectors:
                   0          1          2    
      0      -0.578468  -0.198297   0.791235
      1       0.140408  -0.979729  -0.142886
      2       0.803530   0.028441   0.594585
 P Eigenvalues: 
                  0          1          2    
      0      24.749758  30.757253  34.063499
P(iso)  29.856837
 Nucleus: 30 H 
 Shielding tensor (ppm): 
                  0          1          2    
      0      30.817180   0.218238  -4.490585
      1       0.101362  30.683857   0.628417
      2      -4.192054   1.364418  28.068764
 P Tensor eigenvectors:
                   0          1          2    
      0       0.580427  -0.199219   0.789567
      1      -0.144430  -0.979425  -0.140949
      2       0.801401  -0.032226  -0.597258
 P Eigenvalues: 
                  0          1          2    
      0      24.753014  30.755950  34.060837
P(iso)  29.856600
 Nucleus: 32 H 
 Shielding tensor (ppm): 
                  0          1          2    
      0      30.060924   1.664994  -3.932119
      1       2.482281  30.461546  -2.235836
      2      -3.332131  -1.936871  30.301193
 P Tensor eigenvectors:
                   0          1          2    
      0       0.726142   0.329912  -0.603222
      1      -0.018691  -0.867560  -0.496982
      2       0.687291  -0.372154   0.623805
 P Eigenvalues: 
                  0          1          2    
      0      26.546501  28.753374  35.523788
P(iso)  30.274554
 Nucleus: 33 H 
 Shielding tensor (ppm): 
                  0          1          2    
      0      30.081022   1.651095   3.942590
      1       2.472394  30.442476   2.229664
      2       3.346180   1.932664  30.300936
 P Tensor eigenvectors:
                   0          1          2    
      0       0.724219   0.330924   0.604976
      1      -0.015354  -0.869367   0.493928
      2      -0.689399   0.367001   0.624531
 P Eigenvalues: 
                  0          1          2    
      0      26.544725  28.754714  35.524995
P(iso)  30.274811
 Nucleus: 35 H 
 Shielding tensor (ppm): 
                  0          1          2    
      0      29.145035  -2.355140  -0.011076
      1      -3.719814  35.602343   0.036987
      2      -0.015940   0.036533  25.431526
 P Tensor eigenvectors:
                   0          1          2    
      0       0.000897  -0.925674   0.378322
      1      -0.003339  -0.378323  -0.925668
      2       0.999994  -0.000433  -0.003431
 P Eigenvalues: 
                  0          1          2    
      0      25.431391  27.941788  36.805725
P(iso)  30.059635
 Nucleus: 36 H 
 Shielding tensor (ppm): 
                  0          1          2    
      0      28.535530  -1.795182  -0.007545
      1      -3.050140  36.257428   0.029512
      2      -0.010172   0.028337  25.418846
 P Tensor eigenvectors:
                   0          1          2    
      0       0.000934  -0.958280   0.285830
      1      -0.002461  -0.285831  -0.958277
      2       0.999997   0.000191  -0.002625
 P Eigenvalues: 
                  0          1          2    
      0      25.418766  27.839240  36.953797
P(iso)  30.070601
 Nucleus: 43 H 
 Shielding tensor (ppm): 
                  0          1          2    
      0      35.522936   0.005639  -0.002041
      1       0.010432  25.189679   0.000872
      2      -0.001987   0.000868  24.288876
 P Tensor eigenvectors:
                   0          1          2    
      0       0.000180  -0.000738  -1.000000
      1      -0.000967   0.999999  -0.000738
      2       1.000000   0.000968   0.000180
 P Eigenvalues: 
                  0          1          2    
      0      24.288875  25.189674  35.522943
P(iso)  28.333831
 Nucleus: 44 H 
 Shielding tensor (ppm): 
                  0          1          2    
      0      27.331989   3.108964   0.001096
      1       2.117934  24.491987   0.003253
      2       0.000442   0.003318  20.377084
 P Tensor eigenvectors:
                   0          1          2    
      0       0.000251  -0.519358  -0.854557
      1      -0.000953   0.854556  -0.519358
      2       1.000000   0.000945  -0.000280
 P Eigenvalues: 
                  0          1          2    
      0      20.377081  22.938224  28.885755
P(iso)  24.067020
 Nucleus: 45 H 
 Shielding tensor (ppm): 
                  0          1          2    
      0      27.790599   2.972861  -0.000688
      1       2.204321  24.594822   0.004934
      2      -0.002245   0.003877  19.977482
 P Tensor eigenvectors:
                   0          1          2    
      0       0.000614  -0.493594  -0.869692
      1      -0.001308   0.869691  -0.493595
      2       0.999999   0.001441  -0.000112
 P Eigenvalues: 
                  0          1          2    
      0      19.977475  23.150997  29.234431
P(iso)  24.120968
 Nucleus: 46 H 
 Shielding tensor (ppm): 
                  0          1          2    
      0      28.387107  -2.530835  -0.001766
      1      -1.790354  24.265604   0.005967
      2      -0.000025   0.004695  19.683777
 P Tensor eigenvectors:
                   0          1          2    
      0      -0.000203   0.400034  -0.916500
      1      -0.001276   0.916499   0.400034
      2       0.999999   0.001251   0.000324
 P Eigenvalues: 
                  0          1          2    
      0      19.683770  23.340879  29.311838
P(iso)  24.112163
 Nucleus: 47 H 
 Shielding tensor (ppm): 
                  0          1          2    
      0      27.154585  -2.980146  -0.003894
      1      -1.991599  24.585648   0.004241
      2      -0.003553   0.003956  20.427548
 P Tensor eigenvectors:
                   0          1          2    
      0       0.000237   0.528208  -0.849115
      1      -0.000846   0.849115   0.528207
      2       1.000000   0.000593   0.000648
 P Eigenvalues: 
                  0          1          2    
      0      20.427544  23.072518  28.667719
P(iso)  24.055927
 Nucleus: 54 H 
 Shielding tensor (ppm): 
                  0          1          2    
      0      35.477212   0.460482  -0.002942
      1       0.448063  25.217484   0.001326
      2      -0.003031   0.001289  24.313941
 P Tensor eigenvectors:
                   0          1          2    
      0       0.000333  -0.044249  -0.999020
      1      -0.001615   0.999019  -0.044250
      2       0.999999   0.001628   0.000261
 P Eigenvalues: 
                  0          1          2    
      0      24.313938  25.197412  35.497287
P(iso)  28.336212
 Nucleus: 55 H 
 Shielding tensor (ppm): 
                  0          1          2    
      0      27.397005  -2.887836  -0.007086
      1      -1.911493  24.350363   0.006980
      2      -0.006054   0.006939  20.483171
 P Tensor eigenvectors:
                   0          1          2    
      0       0.000410   0.489941  -0.871755
      1      -0.001547   0.871755   0.489940
      2       0.999999   0.001148   0.001115
 P Eigenvalues: 
                  0          1          2    
      0      20.483157  23.031853  28.715528
P(iso)  24.076846
 Nucleus: 56 H 
 Shielding tensor (ppm): 
                  0          1          2    
      0      28.373209  -2.378406  -0.005489
      1      -1.693611  24.264088   0.009104
      2      -0.003500   0.009218  19.746968
 P Tensor eigenvectors:
                   0          1          2    
      0       0.000054   0.386596  -0.922249
      1      -0.002006   0.922247   0.386595
      2       0.999998   0.001829   0.000825
 P Eigenvalues: 
                  0          1          2    
      0      19.746949  23.426407  29.210909
P(iso)  24.128088
 Nucleus: 57 H 
 Shielding tensor (ppm): 
                  0          1          2    
      0      27.698813   2.963211   0.000681
      1       2.248864  24.726882   0.007472
      2      -0.001248   0.005872  19.938038
 P Tensor eigenvectors:
                   0          1          2    
      0       0.000611  -0.508206  -0.861235
      1      -0.001743   0.861234  -0.508206
      2       0.999998   0.001812  -0.000359
 P Eigenvalues: 
                  0          1          2    
      0      19.938026  23.213216  29.212491
P(iso)  24.121244
 Nucleus: 58 H 
 Shielding tensor (ppm): 
                  0          1          2    
      0      27.044765   3.180564   0.002272
      1       2.195427  24.752902   0.006034
      2       0.001021   0.005831  20.467127
 P Tensor eigenvectors:
                   0          1          2    
      0       0.000427  -0.559196  -0.829036
      1      -0.001647   0.829034  -0.559195
      2       0.999999   0.001605  -0.000567
 P Eigenvalues: 
                  0          1          2    
      0      20.467118  22.977301  28.820375
P(iso)  24.088264
# -----------------------------------------------------------
$ EPRNMR_ATensor
   description: Hyperfine A tensor
   geom. index: 1
   prop. index: 1
 Number of stored nuclei 29
 Source density: 1 SCF 
 Spin multiplicity: 2 
 Nucleus: 9 H  
 Isotope: 1 
 Nuclear Spin:  0.5 
 Prefactor (MHz): 533.551395 
 Raw A tensor (MHz): 
                  0          1          2    
      0     -14.467705   6.162950   0.018502
      1       6.165593 -12.104833   0.010777
      2       0.018509   0.010778 -16.033131
 A Tensor eigenvectors:
                   0          1          2    
      0       0.637074   0.000197   0.770802
      1       0.770799  -0.003052  -0.637071
      2       0.002227   0.999995  -0.002096
 A Eigenvalues: 
                  0          1          2    
      0      -7.009757 -16.033161 -19.562752
A(iso)  -14.201890
 Nucleus: 10 H  
 Isotope: 1 
 Nuclear Spin:  0.5 
 Prefactor (MHz): 533.551395 
 Raw A tensor (MHz): 
                  0          1          2    
      0       7.652628  -2.232414  -0.008597
      1      -2.233476   6.272179   0.008344
      2      -0.008599   0.008344   3.990560
 A Tensor eigenvectors:
                   0          1          2    
      0       0.000293   0.593558  -0.804791
      1      -0.003370   0.804788   0.593553
      2       0.999994   0.002538   0.002236
 A Eigenvalues: 
                  0          1          2    
      0       3.990529   4.625218   9.299619
A(iso)  5.971789
 Nucleus: 12 H  
 Isotope: 1 
 Nuclear Spin:  0.5 
 Prefactor (MHz): 533.551395 
 Raw A tensor (MHz): 
                  0          1          2    
      0     -17.016354   0.405427  -0.013484
      1       0.404007 -70.207958  -0.079457
      2      -0.013488  -0.079462 -45.548189
 A Tensor eigenvectors:
                   0          1          2    
      0       0.999971  -0.000518  -0.007620
      1       0.007622   0.003214   0.999966
      2      -0.000494  -0.999995   0.003217
 A Eigenvalues: 
                  0          1          2    
      0     -17.013268 -45.547941 -70.211292
A(iso)  -44.257500
 Nucleus: 14 H  
 Isotope: 1 
 Nuclear Spin:  0.5 
 Prefactor (MHz): 533.551395 
 Raw A tensor (MHz): 
                  0          1          2    
      0      60.368943   3.594954  -1.910625
      1       3.593804  61.927747  -1.894803
      2      -1.909199  -1.894889  57.137579
 A Tensor eigenvectors:
                   0          1          2    
      0       0.356294   0.710055   0.607353
      1       0.084698  -0.671877   0.735804
      2       0.930527  -0.210720  -0.299526
 A Eigenvalues: 
                  0          1          2    
      0      56.233978  57.534591  65.665699
A(iso)  59.811423
 Nucleus: 15 H  
 Isotope: 1 
 Nuclear Spin:  0.5 
 Prefactor (MHz): 533.551395 
 Raw A tensor (MHz): 
                  0          1          2    
      0      60.329728   3.584032   1.929534
      1       3.582889  61.855887   1.920996
      2       1.928099   1.921081  57.110520
 A Tensor eigenvectors:
                   0          1          2    
      0      -0.354565   0.710490   0.607855
      1      -0.091174  -0.673263   0.733760
      2       0.930576   0.204745   0.303494
 A Eigenvalues: 
                  0          1          2    
      0      56.187557  57.489833  65.618745
A(iso)  59.765378
 Nucleus: 17 H  
 Isotope: 1 
 Nuclear Spin:  0.5 
 Prefactor (MHz): 533.551395 
 Raw A tensor (MHz): 
                  0          1          2    
      0      -2.216123  -1.985263  -0.627744
      1      -1.985156   1.937244   1.365477
      2      -0.627318   1.364453  -2.695602
 A Tensor eigenvectors:
                   0          1          2    
      0      -0.737033   0.363656   0.569680
      1      -0.440871  -0.897567   0.002579
      2       0.512264  -0.249255   0.821862
 A Eigenvalues: 
                  0          1          2    
      0      -2.967480   3.120627  -3.127629
A(iso)  -0.991494
 Nucleus: 18 H  
 Isotope: 1 
 Nuclear Spin:  0.5 
 Prefactor (MHz): 533.551395 
 Raw A tensor (MHz): 
                  0          1          2    
      0      -2.213893  -1.992624   0.613349
      1      -1.992516   1.954998  -1.330636
      2       0.612925  -1.329613  -2.715611
 A Tensor eigenvectors:
                   0          1          2    
      0      -0.736883   0.364229  -0.569509
      1      -0.437485  -0.899181  -0.009013
      2      -0.515375   0.242510   0.821935
 A Eigenvalues: 
                  0          1          2    
      0      -2.968068   3.120832  -3.127271
A(iso)  -0.991502
 Nucleus: 20 H  
 Isotope: 1 
 Nuclear Spin:  0.5 
 Prefactor (MHz): 533.551395 
 Raw A tensor (MHz): 
                  0          1          2    
      0       0.013480   0.296760   0.115271
      1       0.297034   2.102068   0.378284
      2       0.115387   0.378157   0.024202
 A Tensor eigenvectors:
                   0          1          2    
      0      -0.726987  -0.672090   0.140658
      1       0.222173  -0.036409   0.974327
      2      -0.649715   0.739574   0.175789
 A Eigenvalues: 
                  0          1          2    
      0       0.024949  -0.098376   2.213177
A(iso)  0.713250
 Nucleus: 21 H  
 Isotope: 1 
 Nuclear Spin:  0.5 
 Prefactor (MHz): 533.551395 
 Raw A tensor (MHz): 
                  0          1          2    
      0       0.013653   0.296497  -0.113387
      1       0.296772   2.107913  -0.365088
      2      -0.113500  -0.364961   0.020414
 A Tensor eigenvectors:
                   0          1          2    
      0       0.725671   0.673609  -0.140186
      1      -0.217763   0.031582  -0.975491
      2      -0.652672   0.738412   0.169605
 A Eigenvalues: 
                  0          1          2    
      0       0.025792  -0.097830   2.214017
A(iso)  0.713993
 Nucleus: 23 H  
 Isotope: 1 
 Nuclear Spin:  0.5 
 Prefactor (MHz): 533.551395 
 Raw A tensor (MHz): 
                  0          1          2    
      0      21.509181  -1.498221   0.857190
      1      -1.497746  21.684345  -0.485427
      2       0.856611  -0.485565  20.320291
 A Tensor eigenvectors:
                   0          1          2    
      0       0.624446  -0.394275  -0.674251
      1       0.308936  -0.668171   0.676836
      2      -0.717374  -0.630948  -0.295431
 A Eigenvalues: 
                  0          1          2    
      0      19.783579  20.341811  23.388427
A(iso)  21.171272
 Nucleus: 24 H  
 Isotope: 1 
 Nuclear Spin:  0.5 
 Prefactor (MHz): 533.551395 
 Raw A tensor (MHz): 
                  0          1          2    
      0      21.565393  -1.492344  -0.869157
      1      -1.491875  21.743557   0.496243
      2      -0.868577   0.496383  20.393941
 A Tensor eigenvectors:
                   0          1          2    
      0      -0.627075   0.392032   0.673119
      1      -0.305623   0.671016  -0.675524
      2      -0.716500  -0.629324  -0.300963
 A Eigenvalues: 
                  0          1          2    
      0      19.845326  20.406187  23.451379
A(iso)  21.234297
 Nucleus: 26 H  
 Isotope: 1 
 Nuclear Spin:  0.5 
 Prefactor (MHz): 533.551395 
 Raw A tensor (MHz): 
                  0          1          2    
      0      -0.752456   0.371518   0.096087
      1       0.371156   0.780733   0.391966
      2       0.095908   0.391701  -0.870087
 A Tensor eigenvectors:
                   0          1          2    
      0       0.971090   0.219093  -0.094780
      1      -0.234170   0.951408  -0.199966
      2       0.046364   0.216380   0.975208
 A Eigenvalues: 
                  0          1          2    
      0      -0.837383   0.955086  -0.959512
A(iso)  -0.280603
 Nucleus: 27 H  
 Isotope: 1 
 Nuclear Spin:  0.5 
 Prefactor (MHz): 533.551395 
 Raw A tensor (MHz): 
                  0          1          2    
      0      -0.754899   0.371402  -0.094792
      1       0.371039   0.784656  -0.384242
      2      -0.094613  -0.383976  -0.875752
 A Tensor eigenvectors:
                   0          1          2    
      0       0.970693   0.218576   0.099899
      1      -0.234455   0.952598   0.193876
      2      -0.052787  -0.211616   0.975926
 A Eigenvalues: 
                  0          1          2    
      0      -0.839378   0.954957  -0.961574
A(iso)  -0.281998
 Nucleus: 29 H  
 Isotope: 1 
 Nuclear Spin:  0.5 
 Prefactor (MHz): 533.551395 
 Raw A tensor (MHz): 
                  0          1          2    
      0      -0.045504  -0.263015   0.061093
      1      -0.263143   0.689205  -0.119231
      2       0.061101  -0.119160  -0.094849
 A Tensor eigenvectors:
                   0          1          2    
      0      -0.508795  -0.804795  -0.305668
      1      -0.292143  -0.172583   0.940674
      2      -0.809803   0.567909  -0.147306
 A Eigenvalues: 
