-------------------------------------------------------------
----------------------- !PROPERTIES! ------------------------
-------------------------------------------------------------
# -----------------------------------------------------------
$ PAL_Flags
   description: The PAL Flags
   geom. index: 1
   prop. index: 1
        Diskflag:     2
# -----------------------------------------------------------
$ SCF_Energy
   description: The SCF energy
   geom. index: 1
   prop. index: 1
        SCF Energy:    -1312.0490939338
# -----------------------------------------------------------
$ DFT_Energy
   description: The DFT energy
   geom. index: 1
   prop. index: 1
   Number of Alpha Electrons                117.0001581945 
   Number of Beta  Electrons                116.0001452476 
   Total number of  Electrons               233.0003034421 
   Exchange energy                         -147.8974335062 
   Correlation energy                        -9.1235266447 
   Correlation energy NL                      0.0000000000 
   Exchange-Correlation energy             -157.0209601509 
   Embedding correction                       0.0000000000 
   Total DFT Energy (No VdW correction)   -1312.0490939338 
# -----------------------------------------------------------
$ Mayer_Pop
   description: The Mayer population analysis
   geom. index: 1
   prop. index: 1
     Number of atoms                     : 63
     Threshold for printing              : 0.1000000
     Number of bond orders printed       : 71
  NA   - Mulliken gross atomic population
  ZA   - Total nuclear charge
  QA   - Mulliken gross atomic charge
  VA   - Mayer's total valence
  BVA  - Mayer's bonded valence
  FA   - Mayer's free valence
  ATOM       NA         ZA         QA         VA         BVA        FA
  0   0     5.8156     6.0000     0.1844     2.5446     2.5386     0.0060
  1   0     5.7498     6.0000     0.2502     2.4498     2.4475     0.0023
  2   0     5.7611     6.0000     0.2389     2.5052     2.5046     0.0006
  3   0     6.1889     6.0000    -0.1889     3.7520     3.7182     0.0338
  4   0     5.9284     6.0000     0.0716     4.1416     4.1267     0.0149
  5   0     6.0274     6.0000    -0.0274     3.8708     3.8363     0.0345
  6   0     6.1525     6.0000    -0.1525     3.8270     3.8201     0.0069
  7   0     6.0864     6.0000    -0.0864     4.1480     4.1115     0.0365
  8   0     5.9910     6.0000     0.0090     3.9058     3.8979     0.0079
  9   0     1.0524     1.0000    -0.0524     1.0034     1.0033     0.0001
 10   0     1.0537     1.0000    -0.0537     1.0039     1.0039     0.0000
 11   0     6.0993     6.0000    -0.0993     3.9304     3.5698     0.3606
 12   0     1.0259     1.0000    -0.0259     1.0082     1.0070     0.0012
 13   0     5.9661     6.0000     0.0339     4.0096     4.0082     0.0014
 14   0     0.9700     1.0000     0.0300     0.9628     0.9617     0.0011
 15   0     0.9700     1.0000     0.0300     0.9628     0.9617     0.0011
 16   0     6.0398     6.0000    -0.0398     4.1317     4.1317     0.0000
 17   0     0.9871     1.0000     0.0129     0.9640     0.9640     0.0000
 18   0     0.9871     1.0000     0.0129     0.9640     0.9640     0.0000
 19   0     5.9940     6.0000     0.0060     4.0162     4.0162     0.0000
 20   0     0.9819     1.0000     0.0181     0.9776     0.9776     0.0000
 21   0     0.9819     1.0000     0.0181     0.9776     0.9776     0.0000
 22   0     5.9613     6.0000     0.0387     4.0306     4.0304     0.0002
 23   0     0.9675     1.0000     0.0325     0.9689     0.9688     0.0001
 24   0     0.9675     1.0000     0.0325     0.9689     0.9688     0.0001
 25   0     6.0343     6.0000    -0.0343     4.1141     4.1141     0.0000
 26   0     0.9828     1.0000     0.0172     0.9630     0.9630     0.0000
 27   0     0.9829     1.0000     0.0171     0.9630     0.9630     0.0000
 28   0     6.0253     6.0000    -0.0253     4.1178     4.1178     0.0000
 29   0     0.9941     1.0000     0.0059     0.9674     0.9674     0.0000
 30   0     0.9941     1.0000     0.0059     0.9674     0.9674     0.0000
 31   0     5.9968     6.0000     0.0032     4.0169     4.0169     0.0000
 32   0     0.9823     1.0000     0.0177     0.9774     0.9774     0.0000
 33   0     0.9823     1.0000     0.0177     0.9774     0.9774     0.0000
 34   0     5.8300     6.0000     0.1700     2.5807     2.5795     0.0012
 35   0     0.9857     1.0000     0.0143     0.9735     0.9735     0.0000
 36   0     0.9866     1.0000     0.0134     0.9736     0.9736     0.0000
 37   0     6.2426     6.0000    -0.2426     3.8866     3.8865     0.0001
 38   0     5.9640     6.0000     0.0360     3.9746     3.9745     0.0001
 39   0     5.9528     6.0000     0.0472     3.9628     3.9628     0.0000
 40   0     6.1010     6.0000    -0.1010     3.8889     3.8888     0.0001
 41   0     5.9531     6.0000     0.0469     3.9629     3.9629     0.0000
 42   0     5.9660     6.0000     0.0340     3.9732     3.9731     0.0001
 43   0     1.0252     1.0000    -0.0252     1.0297     1.0297     0.0000
 44   0     1.0318     1.0000    -0.0318     0.9824     0.9824     0.0000
 45   0     1.0353     1.0000    -0.0353     0.9842     0.9842     0.0000
 46   0     1.0343     1.0000    -0.0343     0.9838     0.9838     0.0000
 47   0     1.0316     1.0000    -0.0316     0.9823     0.9823     0.0000
 48   0     6.2469     6.0000    -0.2469     3.8881     3.8877     0.0004
 49   0     5.9695     6.0000     0.0305     3.9740     3.9735     0.0005
 50   0     5.9532     6.0000     0.0468     3.9629     3.9627     0.0002
 51   0     6.1014     6.0000    -0.1014     3.8879     3.8873     0.0006
 52   0     5.9526     6.0000     0.0474     3.9632     3.9630     0.0002
 53   0     5.9641     6.0000     0.0359     3.9730     3.9725     0.0005
 54   0     1.0258     1.0000    -0.0258     1.0297     1.0297     0.0000
 55   0     1.0323     1.0000    -0.0323     0.9822     0.9822     0.0000
 56   0     1.0342     1.0000    -0.0342     0.9817     0.9817     0.0000
 57   0     1.0361     1.0000    -0.0361     0.9843     0.9843     0.0000
 58   0     1.0327     1.0000    -0.0327     0.9824     0.9824     0.0000
 59   0     5.3528     6.0000     0.6472     2.8981     2.8981     0.0000
 60   0     6.5626     6.0000    -0.5626     3.3967     3.3965     0.0002
 61   0     5.3524     6.0000     0.6476     2.8968     2.8968     0.0000
 62   0     6.5619     6.0000    -0.5619     3.3960     3.3960     0.0000
      Bond orders larger than 0.1000000
           Atom A     A.N. of A          Atom B    A.N. of B              Bond order
                0             6               1            6                1.675890
                0             6               3            6               -0.110049
                0             6              48            6                0.910169
                1             6               3            6                0.882000
                1             6              48            6               -0.179145
                2             6               6            6                0.881633
                2             6              34            6                1.719491
                2             6              37            6               -0.172025
                3             6               4            6                1.277401
                3             6               8            6                1.396032
                3             6              48            6                0.108430
                4             6               5            6                1.290414
                4             6              11            6                1.382872
                5             6               6            6                1.448073
                5             6               9            1                0.917630
                6             6               7            6                1.341706
                6             6              34            6               -0.107763
                6             6              37            6                0.100038
                7             6               8            6                1.431098
                7             6              22            6                1.095589
                8             6              10            1                0.920004
               11             6              12            1                0.898479
               11             6              13            6                1.084419
               13             6              14            1                0.911315
               13             6              15            1                0.911288
               13             6              16            6                1.071227
               16             6              17            1                0.943791
               16             6              18            1                0.943776
               16             6              19            6                1.106734
               19             6              20            1                0.965254
               19             6              21            1                0.965262
               19             6              35            1                0.960739
               22             6              23            1                0.895564
               22             6              24            1                0.895599
               22             6              25            6                1.104645
               25             6              26            1                0.929201
               25             6              27            1                0.929262
               25             6              28            6                1.074576
               28             6              29            1                0.940984
               28             6              30            1                0.940985
               28             6              31            6                1.106345
               31             6              32            1                0.966175
               31             6              33            1                0.966172
               31             6              36            1                0.961602
               34             6              37            6                0.907019
               37             6              38            6                1.425215
               37             6              42            6                1.420941
               38             6              39            6                1.470937
               38             6              45            1                0.938270
               39             6              40            6                1.410045
               39             6              47            1                0.937934
               40             6              41            6                1.409868
               40             6              61            6                0.904427
               41             6              42            6                1.471140
               41             6              44            1                0.937929
               42             6              46            1                0.938619
               43             1              62            6                1.111929
               48             6              49            6                1.418574
               48             6              53            6                1.420394
               49             6              50            6                1.473068
               49             6              56            1                0.938640
               50             6              51            6                1.407475
               50             6              58            1                0.937895
               51             6              52            6                1.407990
               51             6              59            6                0.905629
               52             6              53            6                1.473926
               52             6              55            1                0.937743
               53             6              57            1                0.938031
               54             1              60            6                1.111909
               59             6              60            6                2.153544
               61             6              62            6                2.153938
# -----------------------------------------------------------
$ Calculation_Info
   description: Details of the calculation
   geom. index: 1
   prop. index: 1
     Multiplicity:                          2
     Charge:                                0
     number of atoms:                       63
     number of electrons:                   0
     number of frozen core electrons:       1
     number of correlated electrons:        0
     number of basis functions:             621
     number of aux C basis functions:       4354
     number of aux J basis functions:       4354
     number of aux JK basis functions:      4354
     number of aux CABS basis functions:    0
     Total Energy                           -1312.049094
# -----------------------------------------------------------
$ SCF_Electric_Properties
   description: The SCF Calculated Electric Properties
   geom. index: 1
   prop. index: 1
       Filename                          : cc-pVDZ.scfp 
       Do Dipole Moment Calculation      : true 
       Do Quadrupole Moment Calculation  : false 
       Do Polarizability Calculation     : false 
** Dipole moment part of electric properties **
        Magnitude of dipole moment (Debye) :        0.4341551973
        Electronic Contribution:
                  0    
      0       0.394574
      1      -1.964473
      2       0.008263
        Nuclear Contribution:
                  0    
      0      -0.559020
      1       1.918295
      2      -0.008536
        Total Dipole moment:
                  0    
      0      -0.164446
      1      -0.046178
      2      -0.000273
# -----------------------------------------------------------
$ EPRNMR_GTensor
   description: Electronic g tensor
   geom. index: 1
   prop. index: 1
 Source density: 1 SCF 
 Spin multiplicity: 2 
 raw g tensor: 
                  0          1          2    
      0       2.002748  -0.000040  -0.000000
      1      -0.000053   2.002816   0.000002
      2      -0.000000   0.000001   2.002275
 g tensor: 
                  0          1          2    
      0       0.000418  -0.890919   0.454162
      1      -0.002938  -0.454161  -0.890915
      2       0.999996  -0.000962  -0.002807
 G eigenvalues: 
                  0          1          2    
      0       2.002275   2.002724   2.002840
# -----------------------------------------------------------
$ EPRNMR_OrbitalShielding
   description: Orbital contribution to the NMR Shielding tensor (ppm)
   geom. index: 1
   prop. index: 1
 Number of stored nuclei 29
 Source density: 1 SCF 
 Nucleus: 9 H 
 Shielding tensor (ppm): 
                  0          1          2    
      0      37.073142  29.822007   0.161089
      1      69.842872 130.797667   0.040888
      2       0.199360  -0.045695 114.015759
 P Tensor eigenvectors:
                   0          1          2    
      0      -0.865288   0.000773  -0.501275
      1       0.501272  -0.002572  -0.865286
      2       0.001958   0.999996  -0.001838
 P Eigenvalues: 
                  0          1          2    
      0      17.394218 114.015917 150.476433
P(iso)  93.962189
 Nucleus: 10 H 
 Shielding tensor (ppm): 
                  0          1          2    
      0      46.165432  24.788869   0.100861
      1      64.369341 131.975487  -0.017721
      2       0.252190   0.045595 122.737828
 P Tensor eigenvectors:
                   0          1          2    
      0       0.871969   0.000393  -0.489561
      1      -0.489557  -0.003217  -0.871965
      2      -0.001918   0.999995  -0.002613
 P Eigenvalues: 
                  0          1          2    
      0      28.671175 122.737848 149.469724
P(iso)  100.292916
 Nucleus: 12 H 
 Shielding tensor (ppm): 
                  0          1          2    
      0      66.697163  97.233336   0.242198
      1     -235.555446  85.140434   0.113912
      2      -0.620860  -0.162079  98.864951
 P Tensor eigenvectors:
                   0          1          2    
      0       0.001625  -0.276639   0.960973
      1       0.000697  -0.960973  -0.276640
      2       0.999998   0.001119  -0.001369
 P Eigenvalues: 
                  0          1          2    
      0      98.864053  46.957286 104.881208
P(iso)  83.567516
 Nucleus: 14 H 
 Shielding tensor (ppm): 
                  0          1          2    
      0      43.729566 -208.621572  55.996140
      1     295.231160 115.387475 -330.669085
      2     -48.608269 241.396548 118.047873
 P Tensor eigenvectors:
                   0          1          2    
      0       0.761960   0.178332  -0.622587
      1       0.034365  -0.971119  -0.236107
      2       0.646712  -0.158508   0.746082
 P Eigenvalues: 
                  0          1          2    
      0      78.821149  84.225601 114.118165
P(iso)  92.388305
 Nucleus: 15 H 
 Shielding tensor (ppm): 
                  0          1          2    
      0      43.822234 -208.740555 -57.060562
      1     295.626416 114.902753 329.940284
      2      50.357706 -240.991665 118.678065
 P Tensor eigenvectors:
                   0          1          2    
      0       0.760613   0.178489   0.624187
      1       0.037857  -0.972021   0.231823
      2      -0.648101   0.152698   0.746089
 P Eigenvalues: 
                  0          1          2    
      0      78.989836  84.267072 114.146143
P(iso)  92.467684
 Nucleus: 17 H 
 Shielding tensor (ppm): 
                  0          1          2    
      0      42.274838 214.133236 -132.760986
      1     -342.002242  51.087852 407.322933
      2      86.253357 -297.282654  55.264912
 P Tensor eigenvectors:
                   0          1          2    
      0       0.745848   0.216144  -0.630073
      1       0.291623  -0.956380   0.017127
      2       0.598887   0.196518   0.776347
 P Eigenvalues: 
                  0          1          2    
      0      18.315545  54.612889  75.699168
P(iso)  49.542534
 Nucleus: 18 H 
 Shielding tensor (ppm): 
                  0          1          2    
      0      42.290282 214.005815 133.893859
      1     -342.510993  51.718126 -406.289966
      2     -88.207453 296.460276  54.410432
 P Tensor eigenvectors:
                   0          1          2    
      0       0.744205   0.215379   0.632274
      1       0.295185  -0.955185  -0.022066
      2      -0.599186  -0.203059   0.774431
 P Eigenvalues: 
                  0          1          2    
      0      18.286685  54.528215  75.603940
P(iso)  49.472947
 Nucleus: 20 H 
 Shielding tensor (ppm): 
                  0          1          2    
      0     -17.064624 -306.833703 -70.037167
      1     395.180778  82.442076 466.680353
      2      53.705608 -337.103221  34.199985
 P Tensor eigenvectors:
                   0          1          2    
      0       0.755898   0.230448   0.612790
      1       0.077355  -0.960883   0.265933
      2      -0.650103   0.153616   0.744156
 P Eigenvalues: 
                  0          1          2    
      0      11.872104  36.751682  50.953651
P(iso)  33.192479
 Nucleus: 21 H 
 Shielding tensor (ppm): 
                  0          1          2    
      0     -17.126500 -306.339623  68.289177
      1     394.186686  83.204055 -467.366554
      2     -51.268311 338.096380  33.276761
 P Tensor eigenvectors:
                   0          1          2    
      0      -0.757600   0.230133   0.610803
      1      -0.073514  -0.959913   0.270486
      2      -0.648566  -0.160017  -0.744149
 P Eigenvalues: 
                  0          1          2    
      0      11.709622  36.722819  50.921875
P(iso)  33.118105
 Nucleus: 23 H 
 Shielding tensor (ppm): 
                  0          1          2    
      0      70.581270  67.707759 144.783365
      1     -153.615146  98.629348 -216.696342
      2     -94.694099 159.172372 114.322891
 P Tensor eigenvectors:
                   0          1          2    
      0       0.741431   0.444508   0.502686
      1       0.568816  -0.813753  -0.119393
      2      -0.355991  -0.374457   0.856185
 P Eigenvalues: 
                  0          1          2    
      0      47.396771 100.496543 135.640194
P(iso)  94.511170
 Nucleus: 24 H 
 Shielding tensor (ppm): 
                  0          1          2    
      0      70.410625  68.126276 -144.531500
      1     -153.556546  98.271439 217.186534
      2      93.952262 -159.662090 114.688976
 P Tensor eigenvectors:
                   0          1          2    
      0      -0.742704   0.445500   0.499921
      1      -0.566356  -0.816235  -0.114022
      2      -0.357256   0.367818  -0.858533
 P Eigenvalues: 
                  0          1          2    
      0      47.282311 100.469896 135.618833
P(iso)  94.457013
 Nucleus: 26 H 
 Shielding tensor (ppm): 
                  0          1          2    
      0      59.698318 -199.517545 -52.316245
      1     280.993064 115.543886 321.857223
      2      46.449550 -234.786054 131.509575
 P Tensor eigenvectors:
                   0          1          2    
      0       0.773528   0.148573   0.616101
      1       0.031482  -0.979941   0.196786
      2      -0.632980   0.132823   0.762689
 P Eigenvalues: 
                  0          1          2    
      0      91.647300  91.281725 123.822754
P(iso)  102.250593
 Nucleus: 27 H 
 Shielding tensor (ppm): 
                  0          1          2    
      0      59.807171 -199.240317  51.393299
      1     280.468829 116.009489 -322.641028
      2     -44.896253 235.232968 131.133286
 P Tensor eigenvectors:
                   0          1          2    
      0       0.775047   0.148001  -0.614327
      1       0.028263  -0.979331  -0.200279
      2       0.631271  -0.137863   0.763211
 P Eigenvalues: 
                  0          1          2    
      0      91.674366  91.358654 123.916926
P(iso)  102.316649
 Nucleus: 29 H 
 Shielding tensor (ppm): 
                  0          1          2    
      0      37.594634 200.858459 119.629991
      1     -326.157332  57.389344 -399.407894
      2     -77.613564 289.390089  48.401388
 P Tensor eigenvectors:
                   0          1          2    
      0       0.760657   0.175436   0.624998
      1       0.271302  -0.960588  -0.060553
      2      -0.589742  -0.215624   0.778274
 P Eigenvalues: 
                  0          1          2    
      0      15.706955  53.100951  74.577461
P(iso)  47.795122
 Nucleus: 30 H 
 Shielding tensor (ppm): 
                  0          1          2    
      0      37.414871 200.743566 -118.666075
      1     -325.571872  56.826397 400.227155
      2      75.964447 -289.866963  48.962956
 P Tensor eigenvectors:
                   0          1          2    
      0       0.762113   0.175882  -0.623097
      1       0.268294  -0.961667   0.056702
      2       0.589239   0.210386   0.780087
 P Eigenvalues: 
                  0          1          2    
      0      15.568878  53.082942  74.552404
P(iso)  47.734741
 Nucleus: 32 H 
 Shielding tensor (ppm): 
                  0          1          2    
      0      -3.784642 -298.228022  47.717677
      1     393.672658  81.452637 -457.235044
      2     -36.518916 330.319730  42.443866
 P Tensor eigenvectors:
                   0          1          2    
      0      -0.755987   0.184765   0.627969
      1      -0.041580  -0.970955   0.235623
      2      -0.653264  -0.152018  -0.741712
 P Eigenvalues: 
                  0          1          2    
      0      21.174388  41.471243  57.466230
P(iso)  40.037287
 Nucleus: 33 H 
 Shielding tensor (ppm): 
                  0          1          2    
      0      -3.869295 -298.850230 -49.071987
      1     394.691755  80.837238 456.265537
      2      38.495469 -329.249525  43.031738
 P Tensor eigenvectors:
                   0          1          2    
      0       0.754186   0.185307   0.629972
      1       0.044716  -0.971623   0.232271
      2      -0.655137   0.147006   0.741070
 P Eigenvalues: 
                  0          1          2    
      0      21.167219  41.425094  57.407369
P(iso)  39.999894
 Nucleus: 35 H 
 Shielding tensor (ppm): 
                  0          1          2    
      0     -109.981746 128.988301   0.314876
      1     -262.602256  53.257119   1.117019
      2      -0.763608   0.072795 -107.602999
 P Tensor eigenvectors:
                   0          1          2    
      0       0.362087  -0.002688  -0.932141
      1       0.932144   0.002096   0.362082
      2       0.000980  -0.999994   0.003264
 P Eigenvalues: 
                  0          1          2    
      0     -13.240815 -107.605257 -43.481555
P(iso)  -54.775876
 Nucleus: 36 H 
 Shielding tensor (ppm): 
                  0          1          2    
      0     -113.184695 110.758262   0.269624
      1     -219.652397  61.322065   0.572744
      2      -0.548094   0.332293 -105.589893
 P Tensor eigenvectors:
                   0          1          2    
      0       0.415607  -0.000687  -0.909544
      1       0.909542   0.002468   0.415604
      2       0.001959  -0.999997   0.001650
 P Eigenvalues: 
                  0          1          2    
      0      -9.982902 -105.591120 -41.878501
P(iso)  -52.484174
 Nucleus: 43 H 
 Shielding tensor (ppm): 
                  0          1          2    
      0      39.753023   1.927425   0.093014
      1      -2.191361 -392.205789  -0.044242
      2      -0.335566  -0.046613 -367.937729
 P Tensor eigenvectors:
                   0          1          2    
      0       0.999981   0.000938   0.006150
      1      -0.006148  -0.001927   0.999979
      2      -0.000950   0.999998   0.001921
 P Eigenvalues: 
                  0          1          2    
      0      39.738180 -367.937512 -392.191162
P(iso)  -240.130165
 Nucleus: 44 H 
 Shielding tensor (ppm): 
                  0          1          2    
      0       7.679091 -866.468445  -1.497970
      1     499.311610 -76.482142  -0.307408
      2       0.773326   0.405420 -65.753531
 P Tensor eigenvectors:
                   0          1          2    
      0       0.000572  -0.996174   0.087387
      1      -0.001687  -0.087388  -0.996173
      2       0.999998   0.000422  -0.001731
 P Eigenvalues: 
                  0          1          2    
      0     -65.753763 -24.925586 -43.877233
P(iso)  -44.852194
 Nucleus: 45 H 
 Shielding tensor (ppm): 
                  0          1          2    
      0      11.023304 778.100965   1.356493
      1     -513.841733 201.843890   0.367501
      2      -0.779094  -0.315184 145.656959
 P Tensor eigenvectors:
                   0          1          2    
      0       0.000536  -0.973426   0.229001
      1      -0.001653  -0.229002  -0.973425
      2       0.999998   0.000143  -0.001731
 P Eigenvalues: 
                  0          1          2    
      0     145.657063  79.937929 132.929161
P(iso)  119.508051
 Nucleus: 46 H 
 Shielding tensor (ppm): 
                  0          1          2    
      0      15.336689 -734.086376  -1.345938
      1     470.589825 198.653856  -0.190716
      2       0.950015   0.485318 144.564787
 P Tensor eigenvectors:
                   0          1          2    
      0       0.000655  -0.976758  -0.214345
      1      -0.001927   0.214343  -0.976757
      2       0.999998   0.001053  -0.001742
 P Eigenvalues: 
                  0          1          2    
      0     144.564438  78.925442 135.065452
P(iso)  119.518444
 Nucleus: 47 H 
 Shielding tensor (ppm): 
                  0          1          2    
      0       6.097076 884.897970   1.680002
      1     -517.232740 -75.955947   0.268138
      2      -1.074218  -0.458229 -65.710678
 P Tensor eigenvectors:
                   0          1          2    
      0       0.000549  -0.996398  -0.084795
      1      -0.001939   0.084793  -0.996397
      2       0.999998   0.000711  -0.001885
 P Eigenvalues: 
                  0          1          2    
      0     -65.710385 -25.556693 -44.302471
P(iso)  -45.189850
 Nucleus: 54 H 
 Shielding tensor (ppm): 
                  0          1          2    
      0      39.472226  39.602579  -0.045132
      1     -11.790268 -390.815985  -0.049651
      2      -0.224496  -0.073221 -366.640197
 P Tensor eigenvectors:
                   0          1          2    
      0       0.999186   0.000500  -0.040339
      1      -0.040338  -0.002392  -0.999183
      2      -0.000596   0.999997  -0.002370
 P Eigenvalues: 
                  0          1          2    
      0      37.651105 -366.640108 -388.994952
P(iso)  -239.327985
 Nucleus: 55 H 
 Shielding tensor (ppm): 
                  0          1          2    
      0       1.803283 891.729493   1.944607
      1     -523.853246 -59.499045   0.219922
      2      -1.185916  -0.398462 -56.502509
 P Tensor eigenvectors:
                   0          1          2    
      0       0.000432  -0.998067  -0.062153
      1      -0.002209   0.062152  -0.998064
      2       0.999997   0.000568  -0.002178
 P Eigenvalues: 
                  0          1          2    
      0     -56.502141 -21.254070 -36.442059
P(iso)  -38.066090
 Nucleus: 56 H 
 Shielding tensor (ppm): 
                  0          1          2    
      0      15.654182 -749.777496  -1.586479
      1     473.299236 184.871423  -0.126469
      2       1.075229   0.429579 136.444778
 P Tensor eigenvectors:
                   0          1          2    
      0       0.000504  -0.981364  -0.192159
      1      -0.002186   0.192158  -0.981362
      2       0.999997   0.000914  -0.002048
 P Eigenvalues: 
                  0          1          2    
      0     136.444363  74.040394 126.485625
P(iso)  112.323461
 Nucleus: 57 H 
 Shielding tensor (ppm): 
                  0          1          2    
      0      12.443122 754.217117   1.712656
      1     -504.061738 212.066292   0.329673
      2      -1.031819  -0.204557 154.689533
 P Tensor eigenvectors:
                   0          1          2    
      0       0.000395  -0.969289   0.245926
      1      -0.002189  -0.245926  -0.969286
      2       0.999998  -0.000155  -0.002219
 P Eigenvalues: 
                  0          1          2    
      0     154.689565  84.146703 140.362679
P(iso)  126.399649
 Nucleus: 58 H 
 Shielding tensor (ppm): 
                  0          1          2    
      0      12.739979 -850.801022  -1.919553
      1     486.910574 -92.831048  -0.265578
      2       1.037555   0.323927 -73.311853
 P Tensor eigenvectors:
                   0          1          2    
      0       0.000457  -0.993814   0.111053
      1      -0.002212  -0.111053  -0.993812
      2       0.999997   0.000208  -0.002249
 P Eigenvalues: 
                  0          1          2    
      0     -73.312095 -28.723174 -51.367653
P(iso)  -51.134307
# -----------------------------------------------------------
$ EPRNMR_ATensor
   description: Hyperfine A tensor
   geom. index: 1
   prop. index: 1
 Number of stored nuclei 29
 Source density: 1 SCF 
 Spin multiplicity: 2 
 Nucleus: 9 H  
 Isotope: 1 
 Nuclear Spin:  0.5 
 Prefactor (MHz): 533.551395 
 Raw A tensor (MHz): 
                  0          1          2    
      0     -14.511667   6.172137   0.017905
      1       6.174778 -12.147043   0.011388
      2       0.017912   0.011390 -16.080445
 A Tensor eigenvectors:
                   0          1          2    
      0       0.637127   0.000004   0.770759
      1       0.770755  -0.002902  -0.637125
      2       0.002234   0.999996  -0.001852
 A Eigenvalues: 
                  0          1          2    
      0      -7.043656 -16.080478 -19.615020
A(iso)  -14.246385
 Nucleus: 10 H  
 Isotope: 1 
 Nuclear Spin:  0.5 
 Prefactor (MHz): 533.551395 
 Raw A tensor (MHz): 
                  0          1          2    
      0       7.679171  -2.238252  -0.008230
      1      -2.239315   6.294542   0.007907
      2      -0.008232   0.007907   4.015576
 A Tensor eigenvectors:
                   0          1          2    
      0       0.000317   0.593510  -0.804826
      1      -0.003158   0.804823   0.593507
      2       0.999995   0.002354   0.002129
 A Eigenvalues: 
                  0          1          2    
      0       4.015549   4.643476   9.330265
A(iso)  5.996430
 Nucleus: 12 H  
 Isotope: 1 
 Nuclear Spin:  0.5 
 Prefactor (MHz): 533.551395 
 Raw A tensor (MHz): 
                  0          1          2    
      0     -17.022688   0.399744  -0.015709
      1       0.398323 -70.206834  -0.078921
      2      -0.015714  -0.078927 -45.553199
 A Tensor eigenvectors:
                   0          1          2    
      0       0.999972  -0.000595  -0.007515
      1       0.007516   0.003192   0.999967
      2      -0.000571  -0.999995   0.003196
 A Eigenvalues: 
                  0          1          2    
      0     -17.019685 -45.552956 -70.210080
A(iso)  -44.260907
 Nucleus: 14 H  
 Isotope: 1 
 Nuclear Spin:  0.5 
 Prefactor (MHz): 533.551395 
 Raw A tensor (MHz): 
                  0          1          2    
      0      60.364745   3.593924  -1.911414
      1       3.592774  61.924357  -1.895461
      2      -1.909989  -1.895547  57.136095
 A Tensor eigenvectors:
                   0          1          2    
      0       0.356647   0.709944   0.607274
      1       0.084617  -0.671896   0.735796
      2       0.930399  -0.211034  -0.299703
 A Eigenvalues: 
                  0          1          2    
      0      56.231447  57.531912  65.661839
A(iso)  59.808399
 Nucleus: 15 H  
 Isotope: 1 
 Nuclear Spin:  0.5 
 Prefactor (MHz): 533.551395 
 Raw A tensor (MHz): 
                  0          1          2    
      0      60.308123   3.583868   1.928107
      1       3.582725  61.831460   1.919663
      2       1.926671   1.919748  57.085178
 A Tensor eigenvectors:
                   0          1          2    
      0      -0.353926   0.710678   0.608007
      1      -0.091454  -0.673267   0.733722
      2       0.930791   0.204079   0.303281
 A Eigenvalues: 
                  0          1          2    
      0      56.163848  57.466903  65.594010
A(iso)  59.741587
 Nucleus: 17 H  
 Isotope: 1 
 Nuclear Spin:  0.5 
 Prefactor (MHz): 533.551395 
 Raw A tensor (MHz): 
                  0          1          2    
      0      -2.216919  -1.984043  -0.627917
      1      -1.983936   1.937404   1.366324
      2      -0.627492   1.365299  -2.694970
 A Tensor eigenvectors:
                   0          1          2    
      0      -0.736915   0.363442   0.569971
      1      -0.440805  -0.897600   0.002438
      2       0.512492  -0.249449   0.821661
 A Eigenvalues: 
                  0          1          2    
      0      -2.967173   3.120307  -3.127618
A(iso)  -0.991495
 Nucleus: 18 H  
 Isotope: 1 
 Nuclear Spin:  0.5 
 Prefactor (MHz): 533.551395 
 Raw A tensor (MHz): 
                  0          1          2    
      0      -2.213677  -1.992366   0.612814
      1      -1.992258   1.954815  -1.329571
      2       0.612390  -1.328549  -2.715750
 A Tensor eigenvectors:
                   0          1          2    
      0      -0.736930   0.364204  -0.569464
      1      -0.437397  -0.899223  -0.009078
      2      -0.515381   0.242392   0.821966
 A Eigenvalues: 
                  0          1          2    
      0      -2.967782   3.119976  -3.126807
A(iso)  -0.991537
 Nucleus: 20 H  
 Isotope: 1 
 Nuclear Spin:  0.5 
 Prefactor (MHz): 533.551395 
 Raw A tensor (MHz): 
                  0          1          2    
      0       0.013438   0.297199   0.115336
      1       0.297473   2.101643   0.378275
      2       0.115451   0.378147   0.023937
 A Tensor eigenvectors:
                   0          1          2    
      0      -0.727254  -0.671757   0.140869
      1       0.222319  -0.036373   0.974295
      2      -0.649365   0.739878   0.175797
 A Eigenvalues: 
                  0          1          2    
      0       0.024717  -0.098584   2.212885
A(iso)  0.713006
 Nucleus: 21 H  
 Isotope: 1 
 Nuclear Spin:  0.5 
 Prefactor (MHz): 533.551395 
 Raw A tensor (MHz): 
                  0          1          2    
      0       0.013674   0.296580  -0.113433
      1       0.296854   2.107866  -0.365023
      2      -0.113547  -0.364895   0.020532
 A Tensor eigenvectors:
                   0          1          2    
      0       0.725259   0.674044  -0.140229
      1      -0.217805   0.031413  -0.975487
      2      -0.653116   0.738023   0.169593
 A Eigenvalues: 
                  0          1          2    
      0       0.025887  -0.097795   2.213979
A(iso)  0.714024
 Nucleus: 23 H  
 Isotope: 1 
 Nuclear Spin:  0.5 
 Prefactor (MHz): 533.551395 
 Raw A tensor (MHz): 
                  0          1          2    
      0      21.527122  -1.498527   0.857423
      1      -1.498053  21.706317  -0.486734
      2       0.856844  -0.486872  20.339539
 A Tensor eigenvectors:
                   0          1          2    
      0       0.624463  -0.395071  -0.673769
      1       0.308018  -0.668163   0.677262
      2      -0.717754  -0.630458  -0.295554
 A Eigenvalues: 
                  0          1          2    
      0      19.802828  20.360925  23.409225
A(iso)  21.190993
 Nucleus: 24 H  
 Isotope: 1 
 Nuclear Spin:  0.5 
 Prefactor (MHz): 533.551395 
 Raw A tensor (MHz): 
                  0          1          2    
      0      21.580529  -1.493028  -0.868517
      1      -1.492558  21.762286   0.497006
      2      -0.867936   0.497145  20.409009
 A Tensor eigenvectors:
                   0          1          2    
      0      -0.626848   0.393071   0.672724
      1      -0.304816   0.670881  -0.676023
      2      -0.717042  -0.628820  -0.300726
 A Eigenvalues: 
                  0          1          2    
      0      19.861408  20.421593  23.468822
A(iso)  21.250608
 Nucleus: 26 H  
 Isotope: 1 
 Nuclear Spin:  0.5 
 Prefactor (MHz): 533.551395 
 Raw A tensor (MHz): 
                  0          1          2    
      0      -0.752841   0.372263   0.096198
      1       0.371901   0.780531   0.391890
      2       0.096018   0.391626  -0.870729
 A Tensor eigenvectors:
                   0          1          2    
      0       0.971019   0.219452  -0.094676
      1      -0.234491   0.951362  -0.199812
      2       0.046222   0.216222   0.975250
 A Eigenvalues: 
                  0          1          2    
      0      -0.838086   0.955145  -0.960097
A(iso)  -0.281013
 Nucleus: 27 H  
 Isotope: 1 
 Nuclear Spin:  0.5 
 Prefactor (MHz): 533.551395 
 Raw A tensor (MHz): 
                  0          1          2    
      0      -0.755313   0.372157  -0.094981
      1       0.371793   0.784078  -0.384526
      2      -0.094803  -0.384260  -0.876297
 A Tensor eigenvectors:
                   0          1          2    
      0       0.970626  -0.218968  -0.099692
      1      -0.234801  -0.952491  -0.193985
      2      -0.052479   0.211695  -0.975926
 A Eigenvalues: 
                  0          1          2    
      0      -0.840133   0.954835  -0.962234
A(iso)  -0.282511
 Nucleus: 29 H  
 Isotope: 1 
 Nuclear Spin:  0.5 
 Prefactor (MHz): 533.551395 
 Raw A tensor (MHz): 
                  0          1          2    
      0      -0.045658  -0.263058   0.061167
      1      -0.263187   0.689693  -0.119396
      2       0.061175  -0.119325  -0.094783
 A Tensor eigenvectors:
                   0          1          2    
      0      -0.507880  -0.805432  -0.305512
