-------------------------------------------------------------
----------------------- !PROPERTIES! ------------------------
-------------------------------------------------------------
# -----------------------------------------------------------
$ PAL_Flags
   description: The PAL Flags
   geom. index: 1
   prop. index: 1
        Diskflag:     2
# -----------------------------------------------------------
$ SCF_Energy
   description: The SCF energy
   geom. index: 1
   prop. index: 1
        SCF Energy:    -1312.0490951993
# -----------------------------------------------------------
$ DFT_Energy
   description: The DFT energy
   geom. index: 1
   prop. index: 1
   Number of Alpha Electrons                117.0001581946 
   Number of Beta  Electrons                116.0001452477 
   Total number of  Electrons               233.0003034422 
   Exchange energy                         -147.8974267774 
   Correlation energy                        -9.1235271718 
   Correlation energy NL                      0.0000000000 
   Exchange-Correlation energy             -157.0209539491 
   Embedding correction                       0.0000000000 
   Total DFT Energy (No VdW correction)   -1312.0490951993 
# -----------------------------------------------------------
$ Mayer_Pop
   description: The Mayer population analysis
   geom. index: 1
   prop. index: 1
     Number of atoms                     : 63
     Threshold for printing              : 0.1000000
     Number of bond orders printed       : 71
  NA   - Mulliken gross atomic population
  ZA   - Total nuclear charge
  QA   - Mulliken gross atomic charge
  VA   - Mayer's total valence
  BVA  - Mayer's bonded valence
  FA   - Mayer's free valence
  ATOM       NA         ZA         QA         VA         BVA        FA
  0   0     5.8160     6.0000     0.1840     2.5447     2.5388     0.0059
  1   0     5.7495     6.0000     0.2505     2.4500     2.4478     0.0022
  2   0     5.7607     6.0000     0.2393     2.5050     2.5044     0.0006
  3   0     6.1886     6.0000    -0.1886     3.7521     3.7183     0.0338
  4   0     5.9284     6.0000     0.0716     4.1416     4.1267     0.0149
  5   0     6.0275     6.0000    -0.0275     3.8708     3.8363     0.0345
  6   0     6.1525     6.0000    -0.1525     3.8269     3.8200     0.0069
  7   0     6.0864     6.0000    -0.0864     4.1480     4.1115     0.0365
  8   0     5.9908     6.0000     0.0092     3.9058     3.8979     0.0079
  9   0     1.0523     1.0000    -0.0523     1.0034     1.0033     0.0001
 10   0     1.0538     1.0000    -0.0538     1.0039     1.0039     0.0000
 11   0     6.0994     6.0000    -0.0994     3.9304     3.5697     0.3607
 12   0     1.0259     1.0000    -0.0259     1.0082     1.0070     0.0012
 13   0     5.9661     6.0000     0.0339     4.0096     4.0082     0.0014
 14   0     0.9700     1.0000     0.0300     0.9628     0.9617     0.0011
 15   0     0.9700     1.0000     0.0300     0.9628     0.9617     0.0011
 16   0     6.0398     6.0000    -0.0398     4.1317     4.1317     0.0000
 17   0     0.9871     1.0000     0.0129     0.9640     0.9640     0.0000
 18   0     0.9871     1.0000     0.0129     0.9640     0.9640     0.0000
 19   0     5.9940     6.0000     0.0060     4.0162     4.0162     0.0000
 20   0     0.9820     1.0000     0.0180     0.9776     0.9776     0.0000
 21   0     0.9819     1.0000     0.0181     0.9776     0.9776     0.0000
 22   0     5.9613     6.0000     0.0387     4.0306     4.0304     0.0002
 23   0     0.9675     1.0000     0.0325     0.9689     0.9688     0.0001
 24   0     0.9675     1.0000     0.0325     0.9689     0.9688     0.0001
 25   0     6.0343     6.0000    -0.0343     4.1141     4.1141     0.0000
 26   0     0.9828     1.0000     0.0172     0.9630     0.9630     0.0000
 27   0     0.9829     1.0000     0.0171     0.9630     0.9630     0.0000
 28   0     6.0253     6.0000    -0.0253     4.1178     4.1178     0.0000
 29   0     0.9941     1.0000     0.0059     0.9674     0.9674     0.0000
 30   0     0.9941     1.0000     0.0059     0.9674     0.9674     0.0000
 31   0     5.9967     6.0000     0.0033     4.0169     4.0169     0.0000
 32   0     0.9823     1.0000     0.0177     0.9774     0.9774     0.0000
 33   0     0.9823     1.0000     0.0177     0.9774     0.9774     0.0000
 34   0     5.8303     6.0000     0.1697     2.5806     2.5794     0.0012
 35   0     0.9857     1.0000     0.0143     0.9735     0.9735     0.0000
 36   0     0.9866     1.0000     0.0134     0.9736     0.9736     0.0000
 37   0     6.2429     6.0000    -0.2429     3.8866     3.8865     0.0001
 38   0     5.9641     6.0000     0.0359     3.9746     3.9745     0.0001
 39   0     5.9527     6.0000     0.0473     3.9628     3.9628     0.0000
 40   0     6.1010     6.0000    -0.1010     3.8889     3.8888     0.0001
 41   0     5.9530     6.0000     0.0470     3.9629     3.9629     0.0000
 42   0     5.9661     6.0000     0.0339     3.9732     3.9731     0.0001
 43   0     1.0252     1.0000    -0.0252     1.0297     1.0297     0.0000
 44   0     1.0318     1.0000    -0.0318     0.9824     0.9824     0.0000
 45   0     1.0353     1.0000    -0.0353     0.9842     0.9842     0.0000
 46   0     1.0342     1.0000    -0.0342     0.9838     0.9838     0.0000
 47   0     1.0316     1.0000    -0.0316     0.9823     0.9823     0.0000
 48   0     6.2470     6.0000    -0.2470     3.8881     3.8877     0.0004
 49   0     5.9696     6.0000     0.0304     3.9740     3.9735     0.0005
 50   0     5.9532     6.0000     0.0468     3.9629     3.9627     0.0002
 51   0     6.1014     6.0000    -0.1014     3.8879     3.8873     0.0006
 52   0     5.9525     6.0000     0.0475     3.9632     3.9630     0.0002
 53   0     5.9641     6.0000     0.0359     3.9730     3.9725     0.0005
 54   0     1.0258     1.0000    -0.0258     1.0297     1.0297     0.0000
 55   0     1.0323     1.0000    -0.0323     0.9822     0.9822     0.0000
 56   0     1.0342     1.0000    -0.0342     0.9817     0.9817     0.0000
 57   0     1.0361     1.0000    -0.0361     0.9843     0.9843     0.0000
 58   0     1.0327     1.0000    -0.0327     0.9824     0.9824     0.0000
 59   0     5.3529     6.0000     0.6471     2.8981     2.8981     0.0000
 60   0     6.5624     6.0000    -0.5624     3.3968     3.3966     0.0002
 61   0     5.3527     6.0000     0.6473     2.8970     2.8970     0.0000
 62   0     6.5616     6.0000    -0.5616     3.3961     3.3961     0.0000
      Bond orders larger than 0.1000000
           Atom A     A.N. of A          Atom B    A.N. of B              Bond order
                0             6               1            6                1.675933
                0             6               3            6               -0.110006
                0             6              48            6                0.910181
                1             6               3            6                0.882063
                1             6              48            6               -0.179169
                2             6               6            6                0.881570
                2             6              34            6                1.719424
                2             6              37            6               -0.172074
                3             6               4            6                1.277399
                3             6               8            6                1.396026
                3             6              48            6                0.108415
                4             6               5            6                1.290428
                4             6              11            6                1.382829
                5             6               6            6                1.448049
                5             6               9            1                0.917638
                6             6               7            6                1.341725
                6             6              34            6               -0.107753
                6             6              37            6                0.100054
                7             6               8            6                1.431099
                7             6              22            6                1.095580
                8             6              10            1                0.919989
               11             6              12            1                0.898483
               11             6              13            6                1.084421
               13             6              14            1                0.911314
               13             6              15            1                0.911288
               13             6              16            6                1.071227
               16             6              17            1                0.943791
               16             6              18            1                0.943776
               16             6              19            6                1.106732
               19             6              20            1                0.965254
               19             6              21            1                0.965262
               19             6              35            1                0.960739
               22             6              23            1                0.895566
               22             6              24            1                0.895601
               22             6              25            6                1.104647
               25             6              26            1                0.929202
               25             6              27            1                0.929263
               25             6              28            6                1.074575
               28             6              29            1                0.940984
               28             6              30            1                0.940985
               28             6              31            6                1.106345
               31             6              32            1                0.966175
               31             6              33            1                0.966173
               31             6              36            1                0.961601
               34             6              37            6                0.906965
               37             6              38            6                1.425235
               37             6              42            6                1.420960
               38             6              39            6                1.470940
               38             6              45            1                0.938277
               39             6              40            6                1.410043
               39             6              47            1                0.937929
               40             6              41            6                1.409865
               40             6              61            6                0.904446
               41             6              42            6                1.471143
               41             6              44            1                0.937926
               42             6              46            1                0.938626
               43             1              62            6                1.111920
               48             6              49            6                1.418582
               48             6              53            6                1.420405
               49             6              50            6                1.473072
               49             6              56            1                0.938645
               50             6              51            6                1.407475
               50             6              58            1                0.937896
               51             6              52            6                1.407992
               51             6              59            6                0.905623
               52             6              53            6                1.473927
               52             6              55            1                0.937742
               53             6              57            1                0.938032
               54             1              60            6                1.111902
               59             6              60            6                2.153601
               61             6              62            6                2.154047
# -----------------------------------------------------------
$ Calculation_Info
   description: Details of the calculation
   geom. index: 1
   prop. index: 1
     Multiplicity:                          2
     Charge:                                0
     number of atoms:                       63
     number of electrons:                   0
     number of frozen core electrons:       1
     number of correlated electrons:        0
     number of basis functions:             621
     number of aux C basis functions:       4354
     number of aux J basis functions:       4354
     number of aux JK basis functions:      4354
     number of aux CABS basis functions:    0
     Total Energy                           -1312.049095
# -----------------------------------------------------------
$ SCF_Electric_Properties
   description: The SCF Calculated Electric Properties
   geom. index: 1
   prop. index: 1
       Filename                          : cc-pVDZ_i.scfp 
       Do Dipole Moment Calculation      : true 
       Do Quadrupole Moment Calculation  : false 
       Do Polarizability Calculation     : false 
** Dipole moment part of electric properties **
        Magnitude of dipole moment (Debye) :        0.4344915076
        Electronic Contribution:
                  0    
      0       0.394214
      1      -1.963672
      2       0.008265
        Nuclear Contribution:
                  0    
      0      -0.559020
      1       1.918295
      2      -0.008536
        Total Dipole moment:
                  0    
      0      -0.164806
      1      -0.045376
      2      -0.000271
# -----------------------------------------------------------
$ EPRNMR_GTensor
   description: Electronic g tensor
   geom. index: 1
   prop. index: 1
 Source density: 1 SCF 
 Spin multiplicity: 2 
 raw g tensor: 
                  0          1          2    
      0       2.002778  -0.000066  -0.000001
      1      -0.000052   2.002739   0.000002
      2      -0.000000   0.000002   2.002163
 g tensor: 
                  0          1          2    
      0       0.000544   0.583598  -0.812042
      1      -0.002908   0.812040   0.583594
      2       0.999996   0.002044   0.002139
 G eigenvalues: 
                  0          1          2    
      0       2.002163   2.002696   2.002821
# -----------------------------------------------------------
$ EPRNMR_OrbitalShielding
   description: Orbital contribution to the NMR Shielding tensor (ppm)
   geom. index: 1
   prop. index: 1
 Number of stored nuclei 29
 Source density: 1 SCF 
 Nucleus: 9 H 
 Shielding tensor (ppm): 
                  0          1          2    
      0      27.533323  -5.318126  -0.020469
      1      -4.948514  26.640263   0.023765
      2      -0.021154   0.025251  19.076573
 P Tensor eigenvectors:
                   0          1          2    
      0       0.000824   0.678287  -0.734797
      1      -0.002658   0.734796   0.678283
      2       0.999996   0.001394   0.002409
 P Eigenvalues: 
                  0          1          2    
      0      19.076490  21.934214  32.239455
P(iso)  24.416720
 Nucleus: 10 H 
 Shielding tensor (ppm): 
                  0          1          2    
      0      28.294127  -5.540769  -0.018265
      1      -5.431711  26.364596   0.022230
      2      -0.020121   0.022235  18.809806
 P Tensor eigenvectors:
                   0          1          2    
      0       0.000531   0.643730  -0.765252
      1      -0.002544   0.765251   0.643727
      2       0.999997   0.001605   0.002044
 P Eigenvalues: 
                  0          1          2    
      0      18.809739  21.758958  32.899832
P(iso)  24.489509
 Nucleus: 12 H 
 Shielding tensor (ppm): 
                  0          1          2    
      0      23.764620   2.472430   0.006300
      1       1.774222  32.400975   0.039384
      2       0.004498   0.039359  19.576738
 P Tensor eigenvectors:
                   0          1          2    
      0       0.000296  -0.975397  -0.220457
      1      -0.003117   0.220455  -0.975392
      2       0.999995   0.000976  -0.002975
 P Eigenvalues: 
                  0          1          2    
      0      19.576617  23.271191  32.894526
P(iso)  25.247444
 Nucleus: 14 H 
 Shielding tensor (ppm): 
                  0          1          2    
      0      28.989692  -1.131577  -3.156485
      1      -0.636323  30.455681  -0.441768
      2      -4.007468  -1.392954  27.380097
 P Tensor eigenvectors:
                   0          1          2    
      0       0.609622  -0.044131  -0.791463
      1       0.191037   0.977200   0.092659
      2       0.769328  -0.207686   0.604153
 P Eigenvalues: 
                  0          1          2    
      0      24.255099  30.703103  31.867267
P(iso)  28.941823
 Nucleus: 15 H 
 Shielding tensor (ppm): 
                  0          1          2    
      0      29.005925  -1.155083   3.145850
      1      -0.665228  30.446585   0.459110
      2       4.001820   1.413277  27.371251
 P Tensor eigenvectors:
                   0          1          2    
      0      -0.607804  -0.039163  -0.793121
      1      -0.195890   0.975311   0.101960
      2       0.769546   0.217336  -0.600469
 P Eigenvalues: 
                  0          1          2    
      0      24.250961  30.704694  31.868107
P(iso)  28.941254
 Nucleus: 17 H 
 Shielding tensor (ppm): 
                  0          1          2    
      0      30.853685   0.721226  -4.395289
      1       0.373932  29.995674  -0.353886
      2      -4.271522   0.935705  28.018795
 P Tensor eigenvectors:
                   0          1          2    
      0       0.587557  -0.003887   0.809174
      1      -0.095841  -0.993284   0.064820
      2       0.803487  -0.115638  -0.583983
 P Eigenvalues: 
                  0          1          2    
      0      24.817596  30.036413  34.014145
P(iso)  29.622718
 Nucleus: 18 H 
 Shielding tensor (ppm): 
                  0          1          2    
      0      30.878204   0.691797   4.395450
      1       0.348792  29.998870   0.364789
      2       4.268285  -0.922298  27.990663
 P Tensor eigenvectors:
                   0          1          2    
      0      -0.585388  -0.003305   0.810746
      1       0.090673  -0.993985   0.061417
      2       0.805667   0.109465   0.582167
 P Eigenvalues: 
                  0          1          2    
      0      24.814655  30.035761  34.017321
P(iso)  29.622579
 Nucleus: 20 H 
 Shielding tensor (ppm): 
                  0          1          2    
      0      29.849630   1.630853   3.778427
      1       2.310919  30.671394   2.536901
      2       3.194108   2.195930  30.351822
 P Tensor eigenvectors:
                   0          1          2    
      0       0.715788   0.405568   0.568474
      1       0.058993  -0.846271   0.529477
      2      -0.695821   0.345457   0.629676
 P Eigenvalues: 
                  0          1          2    
      0      26.595061  28.738445  35.539341
P(iso)  30.290949
 Nucleus: 21 H 
 Shielding tensor (ppm): 
                  0          1          2    
      0      29.829204   1.649658  -3.762955
      1       2.325626  30.700780  -2.541437
      2      -3.174431  -2.198387  30.340942
 P Tensor eigenvectors:
                   0          1          2    
      0       0.717867   0.404510  -0.566602
      1       0.054290  -0.843922  -0.533711
      2       0.694060  -0.352373   0.627785
 P Eigenvalues: 
                  0          1          2    
      0      26.598113  28.735759  35.537053
P(iso)  30.290308
 Nucleus: 23 H 
 Shielding tensor (ppm): 
                  0          1          2    
      0      29.332459   1.836422   3.247911
      1       1.389056  30.930253   0.039754
      2       4.469658  -1.006577  25.747296
 P Tensor eigenvectors:
                   0          1          2    
      0      -0.539253  -0.432219  -0.722768
      1       0.152548   0.793916  -0.588581
      2       0.828212  -0.427651  -0.362187
 P Eigenvalues: 
                  0          1          2    
      0      23.076178  30.331831  32.602000
P(iso)  28.670003
 Nucleus: 24 H 
 Shielding tensor (ppm): 
                  0          1          2    
      0      29.312545   1.844422  -3.242074
      1       1.406409  30.916860  -0.015511
      2      -4.464103   1.034661  25.785318
 P Tensor eigenvectors:
                   0          1          2    
      0       0.541597  -0.429012  -0.722926
      1      -0.157117   0.793159  -0.588398
      2       0.825825   0.432258   0.362168
 P Eigenvalues: 
                  0          1          2    
      0      23.091065  30.335073  32.588585
P(iso)  28.671574
 Nucleus: 26 H 
 Shielding tensor (ppm): 
                  0          1          2    
      0      30.440213  -0.696966   3.731600
      1      -0.649386  31.231012   0.215096
      2       3.722725   1.427567  27.714623
 P Tensor eigenvectors:
                   0          1          2    
      0      -0.566824  -0.054105  -0.822060
      1      -0.156796   0.986687   0.043174
      2       0.808780   0.153368  -0.567761
 P Eigenvalues: 
                  0          1          2    
      0      24.931475  31.404582  33.049790
P(iso)  29.795282
 Nucleus: 27 H 
 Shielding tensor (ppm): 
                  0          1          2    
      0      30.422588  -0.680716  -3.737044
      1      -0.630690  31.239901  -0.195698
      2      -3.727047  -1.412499  27.728571
 P Tensor eigenvectors:
                   0          1          2    
      0       0.568731  -0.055427  -0.820654
      1       0.153056   0.987433   0.039379
      2       0.808158  -0.148002   0.570067
 P Eigenvalues: 
                  0          1          2    
      0      24.938465  31.406045  33.046551
P(iso)  29.797020
 Nucleus: 29 H 
 Shielding tensor (ppm): 
                  0          1          2    
      0      30.838630   0.199891   4.486193
      1       0.081587  30.690327  -0.614864
      2       4.200382  -1.349420  28.029013
 P Tensor eigenvectors:
                   0          1          2    
      0      -0.578295  -0.197702   0.791510
      1       0.140451  -0.979834  -0.142125
      2       0.803647   0.028978   0.594401
 P Eigenvalues: 
                  0          1          2    
      0      24.739498  30.754423  34.064049
P(iso)  29.852657
 Nucleus: 30 H 
 Shielding tensor (ppm): 
                  0          1          2    
      0      30.817850   0.220269  -4.489900
      1       0.100472  30.680816   0.628966
      2      -4.204439   1.363165  28.058962
 P Tensor eigenvectors:
                   0          1          2    
      0       0.580103  -0.198668   0.789944
      1      -0.144242  -0.979528  -0.140423
      2       0.801670  -0.032483  -0.596884
 P Eigenvalues: 
                  0          1          2    
      0      24.741422  30.753153  34.063053
P(iso)  29.852543
 Nucleus: 32 H 
 Shielding tensor (ppm): 
                  0          1          2    
      0      30.064118   1.664114  -3.931519
      1       2.477011  30.461994  -2.236901
      2      -3.330671  -1.935957  30.313728
 P Tensor eigenvectors:
                   0          1          2    
      0       0.726565   0.329427  -0.602977
      1      -0.018562  -0.867840  -0.496496
      2       0.686847  -0.371929   0.624428
 P Eigenvalues: 
                  0          1          2    
      0      26.555246  28.757294  35.527299
P(iso)  30.279947
 Nucleus: 33 H 
 Shielding tensor (ppm): 
                  0          1          2    
      0      30.083751   1.650783   3.941381
      1       2.467431  30.444211   2.231422
      2       3.344704   1.931566  30.312427
 P Tensor eigenvectors:
                   0          1          2    
      0       0.724611   0.330581   0.604694
      1      -0.015208  -0.869555   0.493602
      2      -0.688990   0.366866   0.625061
 P Eigenvalues: 
                  0          1          2    
      0      26.553049  28.758880  35.528459
P(iso)  30.280129
 Nucleus: 35 H 
 Shielding tensor (ppm): 
                  0          1          2    
      0      29.141859  -2.354836  -0.011325
      1      -3.722418  35.603329   0.040995
      2      -0.017267   0.038178  25.439014
 P Tensor eigenvectors:
                   0          1          2    
      0       0.000874  -0.925690   0.378282
      1      -0.003645  -0.378282  -0.925683
      2       0.999993  -0.000570  -0.003704
 P Eigenvalues: 
                  0          1          2    
      0      25.438857  27.938394  36.806949
P(iso)  30.061400
 Nucleus: 36 H 
 Shielding tensor (ppm): 
                  0          1          2    
      0      28.537575  -1.795159  -0.007517
      1      -3.052945  36.259502   0.028463
      2      -0.010259   0.026285  25.421308
 P Tensor eigenvectors:
                   0          1          2    
      0       0.001077  -0.958237   0.285973
      1      -0.002292  -0.285975  -0.958234
      2       0.999997   0.000377  -0.002504
 P Eigenvalues: 
                  0          1          2    
      0      25.421236  27.840552  36.956597
P(iso)  30.072795
 Nucleus: 43 H 
 Shielding tensor (ppm): 
                  0          1          2    
      0      35.522369   0.004522  -0.002248
      1       0.009044  25.189174   0.001731
      2      -0.002196   0.001555  24.292983
 P Tensor eigenvectors:
                   0          1          2    
      0       0.000199  -0.000619  -1.000000
      1      -0.001836   0.999998  -0.000619
      2       0.999998   0.001836   0.000198
 P Eigenvalues: 
                  0          1          2    
      0      24.292979  25.189172  35.522374
P(iso)  28.334842
 Nucleus: 44 H 
 Shielding tensor (ppm): 
                  0          1          2    
      0      27.332371   3.110997   0.004402
      1       2.115630  24.487655   0.006808
      2       0.002635   0.007512  20.380455
 P Tensor eigenvectors:
                   0          1          2    
      0       0.000196  -0.519088  -0.854721
      1      -0.001857   0.854719  -0.519088
      2       0.999998   0.001689  -0.000797
 P Eigenvalues: 
                  0          1          2    
      0      20.380442  22.935253  28.884786
P(iso)  24.066827
 Nucleus: 45 H 
 Shielding tensor (ppm): 
                  0          1          2    
      0      27.790512   2.975598   0.003190
      1       2.217536  24.591536   0.008452
      2       0.002139   0.007645  19.960149
 P Tensor eigenvectors:
                   0          1          2    
      0       0.000295  -0.493912  -0.869512
      1      -0.001907   0.869510  -0.493912
      2       0.999998   0.001804  -0.000686
 P Eigenvalues: 
                  0          1          2    
      0      19.960135  23.141678  29.240384
P(iso)  24.114066
 Nucleus: 46 H 
 Shielding tensor (ppm): 
                  0          1          2    
      0      28.385261  -2.532871  -0.006499
      1      -1.802745  24.262505   0.009242
      2      -0.005500   0.008971  19.656446
 P Tensor eigenvectors:
                   0          1          2    
      0       0.000218   0.400640  -0.916236
      1      -0.001877   0.916234   0.400639
      2       0.999998   0.001633   0.000952
 P Eigenvalues: 
                  0          1          2    
      0      19.656428  23.332748  29.315037
P(iso)  24.101404
 Nucleus: 47 H 
 Shielding tensor (ppm): 
                  0          1          2    
      0      27.152961  -2.981603  -0.007515
      1      -1.989249  24.583694   0.007924
      2      -0.005958   0.008486  20.433618
 P Tensor eigenvectors:
                   0          1          2    
      0       0.000347   0.528187  -0.849128
      1      -0.001766   0.849127   0.528186
      2       0.999998   0.001316   0.001227
 P Eigenvalues: 
                  0          1          2    
      0      20.433601  23.071057  28.665614
P(iso)  24.056758
 Nucleus: 54 H 
 Shielding tensor (ppm): 
                  0          1          2    
      0      35.476584   0.464152  -0.003391
      1       0.452965  25.217073   0.001928
      2      -0.003901   0.001800  24.304643
 P Tensor eigenvectors:
                   0          1          2    
      0       0.000415  -0.044654  -0.999002
      1      -0.002255   0.999000  -0.044655
      2       0.999997   0.002271   0.000314
 P Eigenvalues: 
                  0          1          2    
      0      24.304638  25.196623  35.497040
P(iso)  28.332767
 Nucleus: 55 H 
 Shielding tensor (ppm): 
                  0          1          2    
      0      27.399880  -2.887844  -0.009764
      1      -1.908421  24.347022   0.009516
      2      -0.010802   0.006923  20.463921
 P Tensor eigenvectors:
                   0          1          2    
      0       0.000924   0.489439  -0.872037
      1      -0.001566   0.872037   0.489438
      2       0.999998   0.000913   0.001572
 P Eigenvalues: 
                  0          1          2    
      0      20.463898  23.031248  28.715677
P(iso)  24.070274
 Nucleus: 56 H 
 Shielding tensor (ppm): 
                  0          1          2    
      0      28.373460  -2.380611  -0.008639
      1      -1.696434  24.261117   0.011154
      2      -0.004004   0.014621  19.798409
 P Tensor eigenvectors:
                   0          1          2    
      0       0.000087   0.386696  -0.922207
      1      -0.002823   0.922204   0.386694
      2       0.999996   0.002570   0.001172
 P Eigenvalues: 
                  0          1          2    
      0      19.798372  23.422145  29.212469
P(iso)  24.144329
 Nucleus: 57 H 
 Shielding tensor (ppm): 
                  0          1          2    
      0      27.696296   2.962925   0.003146
      1       2.255780  24.729953   0.009973
      2      -0.001052   0.010637  19.981027
 P Tensor eigenvectors:
                   0          1          2    
      0       0.000709  -0.508731  -0.860925
      1      -0.002561   0.860922  -0.508731
      2       0.999996   0.002565  -0.000692
 P Eigenvalues: 
                  0          1          2    
      0      19.981001  23.212000  29.214275
P(iso)  24.135759
 Nucleus: 58 H 
 Shielding tensor (ppm): 
                  0          1          2    
      0      27.040939   3.182759   0.004465
      1       2.196938  24.754636   0.008519
      2       0.005275   0.006064  20.417706
 P Tensor eigenvectors:
                   0          1          2    
      0      -0.000042  -0.559668  -0.828717
      1      -0.001665   0.828716  -0.559667
      2       0.999999   0.001356  -0.000966
 P Eigenvalues: 
                  0          1          2    
      0      20.417694  22.975637  28.819950
P(iso)  24.071094
# -----------------------------------------------------------
$ EPRNMR_ATensor
   description: Hyperfine A tensor
   geom. index: 1
   prop. index: 1
 Number of stored nuclei 29
 Source density: 1 SCF 
 Spin multiplicity: 2 
 Nucleus: 9 H  
 Isotope: 1 
 Nuclear Spin:  0.5 
 Prefactor (MHz): 533.551395 
 Raw A tensor (MHz): 
                  0          1          2    
      0     -14.500924   6.170505   0.017899
      1       6.173147 -12.138728   0.011382
      2       0.017906   0.011384 -16.070025
 A Tensor eigenvectors:
                   0          1          2    
      0       0.637182   0.000004   0.770714
      1       0.770710  -0.002902  -0.637179
      2       0.002234   0.999996  -0.001852
 A Eigenvalues: 
                  0          1          2    
      0      -7.035958 -16.070058 -19.603661
A(iso)  -14.236559
 Nucleus: 10 H  
 Isotope: 1 
 Nuclear Spin:  0.5 
 Prefactor (MHz): 533.551395 
 Raw A tensor (MHz): 
                  0          1          2    
      0       7.671806  -2.236753  -0.008225
      1      -2.237815   6.289432   0.007910
      2      -0.008227   0.007910   4.009193
 A Tensor eigenvectors:
                   0          1          2    
      0       0.000317   0.593619  -0.804746
      1      -0.003158   0.804742   0.593616
      2       0.999995   0.002353   0.002130
 A Eigenvalues: 
                  0          1          2    
      0       4.009165   4.639004   9.322262
A(iso)  5.990144
 Nucleus: 12 H  
 Isotope: 1 
 Nuclear Spin:  0.5 
 Prefactor (MHz): 533.551395 
 Raw A tensor (MHz): 
                  0          1          2    
      0     -17.022160   0.399896  -0.015709
      1       0.398475 -70.208615  -0.078923
      2      -0.015714  -0.078929 -45.554158
 A Tensor eigenvectors:
                   0          1          2    
      0       0.999972  -0.000595  -0.007517
      1       0.007519   0.003191   0.999967
      2      -0.000571  -0.999995   0.003196
 A Eigenvalues: 
                  0          1          2    
      0     -17.019155 -45.553915 -70.211863
A(iso)  -44.261644
 Nucleus: 14 H  
 Isotope: 1 
 Nuclear Spin:  0.5 
 Prefactor (MHz): 533.551395 
 Raw A tensor (MHz): 
                  0          1          2    
      0      60.367966   3.594204  -1.911589
      1       3.593053  61.927359  -1.895519
      2      -1.910164  -1.895605  57.139183
 A Tensor eigenvectors:
                   0          1          2    
      0       0.356690   0.709909   0.607291
      1       0.084578  -0.671918   0.735780
      2       0.930387  -0.211082  -0.299709
 A Eigenvalues: 
                  0          1          2    
      0      56.234442  57.534796  65.665269
A(iso)  59.811503
 Nucleus: 15 H  
 Isotope: 1 
 Nuclear Spin:  0.5 
 Prefactor (MHz): 533.551395 
 Raw A tensor (MHz): 
                  0          1          2    
      0      60.311335   3.584147   1.928283
      1       3.583003  61.834452   1.919721
      2       1.926847   1.919805  57.088257
 A Tensor eigenvectors:
                   0          1          2    
      0      -0.353968   0.710643   0.608023
      1      -0.091415  -0.673289   0.733706
      2       0.930779   0.204127   0.303287
 A Eigenvalues: 
                  0          1          2    
      0      56.166835  57.469778  65.597431
A(iso)  59.744681
 Nucleus: 17 H  
 Isotope: 1 
 Nuclear Spin:  0.5 
 Prefactor (MHz): 533.551395 
 Raw A tensor (MHz): 
                  0          1          2    
      0      -2.216981  -1.984140  -0.627941
      1      -1.984032   1.937515   1.366389
      2      -0.627516   1.365364  -2.695037
 A Tensor eigenvectors:
                   0          1          2    
      0      -0.736891   0.363448   0.569998
      1      -0.440806  -0.897599   0.002464
      2       0.512525  -0.249443   0.821643
 A Eigenvalues: 
                  0          1          2    
      0      -2.967277   3.120480  -3.127706
A(iso)  -0.991501
 Nucleus: 18 H  
 Isotope: 1 
 Nuclear Spin:  0.5 
 Prefactor (MHz): 533.551395 
 Raw A tensor (MHz): 
                  0          1          2    
      0      -2.213736  -1.992463   0.612838
      1      -1.992355   1.954929  -1.329634
      2       0.612414  -1.328612  -2.715815
 A Tensor eigenvectors:
                   0          1          2    
      0      -0.736905   0.364212  -0.569491
      1      -0.437399  -0.899222  -0.009106
      2      -0.515416   0.242384   0.821947
 A Eigenvalues: 
                  0          1          2    
      0      -2.967883   3.120153  -3.126891
A(iso)  -0.991540
 Nucleus: 20 H  
 Isotope: 1 
 Nuclear Spin:  0.5 
 Prefactor (MHz): 533.551395 
 Raw A tensor (MHz): 
                  0          1          2    
      0       0.013480   0.297210   0.115341
      1       0.297484   2.101733   0.378289
      2       0.115457   0.378161   0.023979
 A Tensor eigenvectors:
                   0          1          2    
      0      -0.727248  -0.671763   0.140871
      1       0.222322  -0.036372   0.974295
      2      -0.649372   0.739872   0.175799
 A Eigenvalues: 
                  0          1          2    
      0       0.024759  -0.098547   2.212981
A(iso)  0.713064
 Nucleus: 21 H  
 Isotope: 1 
 Nuclear Spin:  0.5 
 Prefactor (MHz): 533.551395 
 Raw A tensor (MHz): 
                  0          1          2    
      0       0.013716   0.296591  -0.113439
      1       0.296866   2.107957  -0.365036
      2      -0.113552  -0.364909   0.020575
 A Tensor eigenvectors:
                   0          1          2    
      0       0.725252   0.674051  -0.140231
      1      -0.217808   0.031411  -0.975486
      2      -0.653122   0.738017   0.169595
 A Eigenvalues: 
                  0          1          2    
      0       0.025930  -0.097757   2.214076
A(iso)  0.714083
 Nucleus: 23 H  
 Isotope: 1 
 Nuclear Spin:  0.5 
 Prefactor (MHz): 533.551395 
 Raw A tensor (MHz): 
                  0          1          2    
      0      21.522608  -1.498413   0.857424
      1      -1.497939  21.701121  -0.486512
      2       0.856845  -0.486650  20.335020
 A Tensor eigenvectors:
                   0          1          2    
      0       0.624516  -0.394853  -0.673847
      1       0.308232  -0.668147   0.677180
      2      -0.717616  -0.630611  -0.295562
 A Eigenvalues: 
                  0          1          2    
      0      19.798191  20.356351  23.404206
A(iso)  21.186250
 Nucleus: 24 H  
 Isotope: 1 
 Nuclear Spin:  0.5 
 Prefactor (MHz): 533.551395 
 Raw A tensor (MHz): 
                  0          1          2    
      0      21.575967  -1.492913  -0.868513
      1      -1.492443  21.757049   0.496780
      2      -0.867933   0.496919  20.404440
 A Tensor eigenvectors:
                   0          1          2    
      0      -0.626899   0.392855   0.672802
      1      -0.305028   0.670866  -0.675941
      2      -0.716907  -0.628970  -0.300733
 A Eigenvalues: 
                  0          1          2    
      0      19.856728  20.416974  23.463753
A(iso)  21.245818
 Nucleus: 26 H  
 Isotope: 1 
 Nuclear Spin:  0.5 
 Prefactor (MHz): 533.551395 
 Raw A tensor (MHz): 
                  0          1          2    
      0      -0.752625   0.372107   0.096160
      1       0.371744   0.780614   0.391846
      2       0.095980   0.391581  -0.870510
 A Tensor eigenvectors:
                   0          1          2    
      0       0.971036   0.219388  -0.094644
      1      -0.234423   0.951372  -0.199844
      2       0.046199   0.216242   0.975246
 A Eigenvalues: 
                  0          1          2    
      0      -0.837809   0.955153  -0.959865
A(iso)  -0.280840
 Nucleus: 27 H  
 Isotope: 1 
 Nuclear Spin:  0.5 
 Prefactor (MHz): 533.551395 
 Raw A tensor (MHz): 
                  0          1          2    
      0      -0.755093   0.372000  -0.094944
      1       0.371637   0.784164  -0.384482
      2      -0.094765  -0.384216  -0.876073
 A Tensor eigenvectors:
                   0          1          2    
      0       0.970644  -0.218905  -0.099657
      1      -0.234732  -0.952503  -0.194005
      2      -0.052455   0.211703  -0.975925
 A Eigenvalues: 
                  0          1          2    
      0      -0.839851   0.954847  -0.961998
A(iso)  -0.282334
 Nucleus: 29 H  
 Isotope: 1 
 Nuclear Spin:  0.5 
 Prefactor (MHz): 533.551395 
 Raw A tensor (MHz): 
                  0          1          2    
      0      -0.045654  -0.263015   0.061155
      1      -0.263144   0.689573  -0.119385
      2       0.061164  -0.119314  -0.094808
 A Tensor eigenvectors:
                   0          1          2    
      0      -0.508166  -0.805251  -0.305512
      1      -0.292020  -0.172620   0.940705
      2      -0.810241   0.567251  -0.147430
 A Eigenvalues: 
