-------------------------------------------------------------
----------------------- !PROPERTIES! ------------------------
-------------------------------------------------------------
# -----------------------------------------------------------
$ PAL_Flags
   description: The PAL Flags
   geom. index: 1
   prop. index: 1
        Diskflag:     2
# -----------------------------------------------------------
$ SCF_Energy
   description: The SCF energy
   geom. index: 1
   prop. index: 1
        SCF Energy:    -1312.1276352567
# -----------------------------------------------------------
$ DFT_Energy
   description: The DFT energy
   geom. index: 1
   prop. index: 1
   Number of Alpha Electrons                117.0001838223 
   Number of Beta  Electrons                116.0001679031 
   Total number of  Electrons               233.0003517255 
   Exchange energy                         -147.7287769705 
   Correlation energy                        -9.1243265938 
   Correlation energy NL                      0.0000000000 
   Exchange-Correlation energy             -156.8531035643 
   Embedding correction                       0.0000000000 
   Total DFT Energy (No VdW correction)   -1312.1276352567 
# -----------------------------------------------------------
$ Mayer_Pop
   description: The Mayer population analysis
   geom. index: 1
   prop. index: 1
     Number of atoms                     : 63
     Threshold for printing              : 0.1000000
     Number of bond orders printed       : 74
  NA   - Mulliken gross atomic population
  ZA   - Total nuclear charge
  QA   - Mulliken gross atomic charge
  VA   - Mayer's total valence
  BVA  - Mayer's bonded valence
  FA   - Mayer's free valence
  ATOM       NA         ZA         QA         VA         BVA        FA
  0   0     6.4408     6.0000    -0.4408     3.7296     3.7237     0.0059
  1   0     6.3832     6.0000    -0.3832     3.5211     3.5189     0.0022
  2   0     6.3863     6.0000    -0.3863     3.5135     3.5129     0.0006
  3   0     5.4921     6.0000     0.5079     3.8229     3.7894     0.0335
  4   0     5.6210     6.0000     0.3790     3.9701     3.9557     0.0144
  5   0     6.4516     6.0000    -0.4516     4.2221     4.1868     0.0353
  6   0     5.4311     6.0000     0.5689     3.8628     3.8559     0.0069
  7   0     5.7603     6.0000     0.2397     3.9387     3.9021     0.0366
  8   0     6.3912     6.0000    -0.3912     4.3096     4.3017     0.0079
  9   0     0.8688     1.0000     0.1312     0.9662     0.9660     0.0002
 10   0     0.8671     1.0000     0.1329     0.9665     0.9665     0.0000
 11   0     6.2619     6.0000    -0.2619     3.9845     3.6152     0.3693
 12   0     0.8751     1.0000     0.1249     0.9836     0.9820     0.0016
 13   0     6.2695     6.0000    -0.2695     3.9677     3.9663     0.0014
 14   0     0.8493     1.0000     0.1507     0.9645     0.9635     0.0010
 15   0     0.8494     1.0000     0.1506     0.9645     0.9635     0.0010
 16   0     6.2828     6.0000    -0.2828     3.9017     3.9017     0.0000
 17   0     0.8473     1.0000     0.1527     0.9641     0.9641     0.0000
 18   0     0.8474     1.0000     0.1526     0.9642     0.9642     0.0000
 19   0     6.5073     6.0000    -0.5073     3.9069     3.9069     0.0000
 20   0     0.8424     1.0000     0.1576     0.9658     0.9658     0.0000
 21   0     0.8424     1.0000     0.1576     0.9658     0.9658     0.0000
 22   0     6.3533     6.0000    -0.3533     4.0255     4.0253     0.0002
 23   0     0.8500     1.0000     0.1500     0.9634     0.9633     0.0001
 24   0     0.8499     1.0000     0.1501     0.9634     0.9633     0.0001
 25   0     6.2686     6.0000    -0.2686     4.0311     4.0311     0.0000
 26   0     0.8604     1.0000     0.1396     0.9668     0.9668     0.0000
 27   0     0.8603     1.0000     0.1397     0.9668     0.9668     0.0000
 28   0     6.2542     6.0000    -0.2542     3.8907     3.8907     0.0000
 29   0     0.8584     1.0000     0.1416     0.9676     0.9676     0.0000
 30   0     0.8584     1.0000     0.1416     0.9676     0.9676     0.0000
 31   0     6.5086     6.0000    -0.5086     3.9021     3.9021     0.0000
 32   0     0.8419     1.0000     0.1581     0.9657     0.9657     0.0000
 33   0     0.8419     1.0000     0.1581     0.9657     0.9657     0.0000
 34   0     6.4259     6.0000    -0.4259     3.7533     3.7521     0.0012
 35   0     0.8546     1.0000     0.1454     0.9674     0.9674     0.0000
 36   0     0.8568     1.0000     0.1432     0.9671     0.9671     0.0000
 37   0     5.3356     6.0000     0.6644     3.8818     3.8817     0.0001
 38   0     6.2617     6.0000    -0.2617     4.1777     4.1776     0.0001
 39   0     6.2578     6.0000    -0.2578     4.1920     4.1920     0.0000
 40   0     5.3832     6.0000     0.6168     3.7440     3.7439     0.0001
 41   0     6.2632     6.0000    -0.2632     4.2048     4.2048     0.0000
 42   0     6.2507     6.0000    -0.2507     4.1664     4.1663     0.0001
 43   0     0.8145     1.0000     0.1855     0.9757     0.9757     0.0000
 44   0     0.8780     1.0000     0.1220     0.9597     0.9597     0.0000
 45   0     0.8791     1.0000     0.1209     0.9611     0.9611     0.0000
 46   0     0.8795     1.0000     0.1205     0.9609     0.9609     0.0000
 47   0     0.8778     1.0000     0.1222     0.9597     0.9597     0.0000
 48   0     5.3274     6.0000     0.6726     3.8738     3.8735     0.0003
 49   0     6.2596     6.0000    -0.2596     4.1777     4.1772     0.0005
 50   0     6.2596     6.0000    -0.2596     4.2014     4.2012     0.0002
 51   0     5.3879     6.0000     0.6121     3.7487     3.7481     0.0006
 52   0     6.2596     6.0000    -0.2596     4.1933     4.1931     0.0002
 53   0     6.2571     6.0000    -0.2571     4.1804     4.1799     0.0005
 54   0     0.8149     1.0000     0.1851     0.9759     0.9759     0.0000
 55   0     0.8783     1.0000     0.1217     0.9597     0.9597     0.0000
 56   0     0.8825     1.0000     0.1175     0.9616     0.9616     0.0000
 57   0     0.8797     1.0000     0.1203     0.9613     0.9613     0.0000
 58   0     0.8784     1.0000     0.1216     0.9597     0.9597     0.0000
 59   0     6.0605     6.0000    -0.0605     3.9144     3.9144     0.0000
 60   0     6.5012     6.0000    -0.5012     3.9082     3.9080     0.0002
 61   0     6.0611     6.0000    -0.0611     3.9144     3.9144     0.0000
 62   0     6.4997     6.0000    -0.4997     3.9078     3.9078     0.0000
      Bond orders larger than 0.1000000
           Atom A     A.N. of A          Atom B    A.N. of B              Bond order
                0             6               1            6                2.271504
                0             6               3            6                0.107428
                0             6              48            6                0.975337
                1             6               3            6                0.775346
                2             6               6            6                0.732125
                2             6              34            6                2.327052
                3             6               4            6                1.287859
                3             6               7            6                0.111432
                3             6               8            6                1.438499
                4             6               5            6                1.221027
                4             6               6            6                0.119481
                4             6              11            6                1.299009
                5             6               6            6                1.499192
                5             6               9            1                0.968932
                6             6               7            6                1.345750
                6             6               8            6                0.109180
                6             6              34            6                0.105463
                7             6               8            6                1.415754
                7             6              22            6                0.964571
                8             6              10            1                0.970950
               11             6              12            1                0.982659
               11             6              13            6                1.000478
               13             6              14            1                0.954768
               13             6              15            1                0.954757
               13             6              16            6                0.982444
               16             6              17            1                0.971895
               16             6              18            1                0.971877
               16             6              19            6                0.962216
               19             6              20            1                0.972673
               19             6              21            1                0.972677
               19             6              35            1                0.966976
               22             6              23            1                0.954309
               22             6              24            1                0.954667
               22             6              25            6                1.025421
               25             6              26            1                0.960617
               25             6              27            1                0.960713
               25             6              28            6                0.988280
               28             6              29            1                0.970992
               28             6              30            1                0.970997
               28             6              31            6                0.954860
               31             6              32            1                0.973000
               31             6              33            1                0.973012
               31             6              36            1                0.966840
               34             6              37            6                0.959137
               37             6              38            6                1.382677
               37             6              39            6                0.108183
               37             6              41            6                0.106633
               37             6              42            6                1.375474
               38             6              39            6                1.496027
               38             6              45            1                0.977004
               39             6              40            6                1.367433
               39             6              47            1                0.974267
               40             6              41            6                1.371309
               40             6              61            6                0.915075
               41             6              42            6                1.497808
               41             6              44            1                0.975314
               42             6              46            1                0.976094
               43             1              62            6                0.981596
               48             6              49            6                1.372094
               48             6              50            6                0.106088
               48             6              52            6                0.106989
               48             6              53            6                1.369262
               49             6              50            6                1.500132
               49             6              56            1                0.976848
               50             6              51            6                1.368335
               50             6              58            1                0.975149
               51             6              52            6                1.366777
               51             6              59            6                0.917375
               52             6              53            6                1.498709
               52             6              55            1                0.974373
               53             6              57            1                0.977329
               54             1              60            6                0.981806
               59             6              60            6                2.778147
               61             6              62            6                2.780117
# -----------------------------------------------------------
$ Calculation_Info
   description: Details of the calculation
   geom. index: 1
   prop. index: 1
     Multiplicity:                          2
     Charge:                                0
     number of atoms:                       63
     number of electrons:                   0
     number of frozen core electrons:       1
     number of correlated electrons:        0
     number of basis functions:             781
     number of aux C basis functions:       5522
     number of aux J basis functions:       5522
     number of aux JK basis functions:      5522
     number of aux CABS basis functions:    0
     Total Energy                           -1312.127635
# -----------------------------------------------------------
$ SCF_Electric_Properties
   description: The SCF Calculated Electric Properties
   geom. index: 1
   prop. index: 1
       Filename                          : EPRII.scfp 
       Do Dipole Moment Calculation      : true 
       Do Quadrupole Moment Calculation  : false 
       Do Polarizability Calculation     : false 
** Dipole moment part of electric properties **
        Magnitude of dipole moment (Debye) :        0.4726616752
        Electronic Contribution:
                  0    
      0       0.382271
      1      -1.979550
      2       0.003729
        Nuclear Contribution:
                  0    
      0      -0.559269
      1       1.922532
      2      -0.003895
        Total Dipole moment:
                  0    
      0      -0.176998
      1      -0.057018
      2      -0.000166
# -----------------------------------------------------------
$ EPRNMR_GTensor
   description: Electronic g tensor
   geom. index: 1
   prop. index: 1
 Source density: 1 SCF 
 Spin multiplicity: 2 
 raw g tensor: 
                  0          1          2    
      0       2.002748  -0.000133  -0.000001
      1      -0.000080   2.002823   0.000002
      2      -0.000000   0.000002   2.002272
 g tensor: 
                  0          1          2    
      0       0.000304  -0.815444   0.578836
      1      -0.003249  -0.578834  -0.815439
      2       0.999995  -0.001633  -0.002826
 G eigenvalues: 
                  0          1          2    
      0       2.002272   2.002672   2.002898
# -----------------------------------------------------------
$ EPRNMR_OrbitalShielding
   description: Orbital contribution to the NMR Shielding tensor (ppm)
   geom. index: 1
   prop. index: 1
 Number of stored nuclei 29
 Source density: 1 SCF 
 Nucleus: 9 H 
 Shielding tensor (ppm): 
                  0          1          2    
      0      33.218007  28.319334   0.161722
      1      68.521499 124.801238   0.026026
      2       0.195996  -0.071022 111.278737
 P Tensor eigenvectors:
                   0          1          2    
      0      -0.862193   0.001000  -0.506579
      1       0.506576  -0.002358  -0.862192
      2       0.002057   0.999997  -0.001526
 P Eigenvalues: 
                  0          1          2    
      0      14.422864 111.278970 143.596149
P(iso)  89.765994
 Nucleus: 10 H 
 Shielding tensor (ppm): 
                  0          1          2    
      0      42.006272  23.306182   0.107118
      1      63.198233 125.921865  -0.037049
      2       0.251486   0.016082 119.806838
 P Tensor eigenvectors:
                   0          1          2    
      0       0.869349   0.000700   0.494198
      1      -0.494195  -0.002940   0.869346
      2      -0.002061   0.999995   0.002210
 P Eigenvalues: 
                  0          1          2    
      0      25.335825 119.806987 142.592163
P(iso)  95.911658
 Nucleus: 12 H 
 Shielding tensor (ppm): 
                  0          1          2    
      0      63.239694  96.833332   0.274188
      1     -233.060669  79.885882   0.047405
      2      -0.632479  -0.153286  96.832400
 P Tensor eigenvectors:
                   0          1          2    
      0       0.001006   0.262358  -0.964970
      1      -0.000459   0.964971   0.262358
      2       0.999999   0.000179   0.001091
 P Eigenvalues: 
                  0          1          2    
      0      96.832114  44.251692  98.874171
P(iso)  79.985992
 Nucleus: 14 H 
 Shielding tensor (ppm): 
                  0          1          2    
      0      41.875740 -210.488276  56.917287
      1     294.580384 111.263022 -329.609143
      2     -48.051565 241.287289 115.910475
 P Tensor eigenvectors:
                   0          1          2    
      0       0.761393   0.176391  -0.623833
      1       0.036542  -0.972420  -0.230355
      2       0.647260  -0.152595   0.746840
 P Eigenvalues: 
                  0          1          2    
      0      77.604779  81.443978 110.000479
P(iso)  89.683079
 Nucleus: 15 H 
 Shielding tensor (ppm): 
                  0          1          2    
      0      41.941879 -210.461225 -58.062713
      1     294.761644 110.755588 329.084720
      2      49.856911 -241.069733 116.518457
 P Tensor eigenvectors:
                   0          1          2    
      0       0.760448   0.176460   0.624965
      1       0.040237  -0.973328   0.225862
      2      -0.648151   0.146610   0.747265
 P Eigenvalues: 
                  0          1          2    
      0      77.711450  81.485790 110.018684
P(iso)  89.738641
 Nucleus: 17 H 
 Shielding tensor (ppm): 
                  0          1          2    
      0      41.061736 217.287780 -132.059365
      1     -339.855087  49.399390 406.272213
      2      85.892905 -296.981760  52.283078
 P Tensor eigenvectors:
                   0          1          2    
      0      -0.747452   0.214555   0.628715
      1      -0.286615  -0.957946  -0.013835
      2      -0.599306   0.190540  -0.777513
 P Eigenvalues: 
                  0          1          2    
      0      17.611782  52.476067  72.656355
P(iso)  47.581401
 Nucleus: 18 H 
 Shielding tensor (ppm): 
                  0          1          2    
      0      41.079487 216.985724 133.283328
      1     -340.087254  50.046687 -405.535869
      2     -87.880481 296.363469  51.482295
 P Tensor eigenvectors:
                   0          1          2    
      0       0.746257   0.214032   0.630310
      1       0.290229  -0.956774  -0.018729
      2      -0.599055  -0.196911   0.776118
 P Eigenvalues: 
                  0          1          2    
      0      17.589782  52.418813  72.599875
P(iso)  47.536156
 Nucleus: 20 H 
 Shielding tensor (ppm): 
                  0          1          2    
      0     -13.672434 -309.649737 -70.366347
      1     394.892195  80.086096 465.841889
      2      52.614049 -337.340728  35.613070
 P Tensor eigenvectors:
                   0          1          2    
      0       0.756049   0.227644   0.613652
      1       0.078300  -0.962292   0.260507
      2      -0.649815   0.148907   0.745364
 P Eigenvalues: 
                  0          1          2    
      0      14.943229  36.553165  50.530339
P(iso)  34.008911
 Nucleus: 21 H 
 Shielding tensor (ppm): 
                  0          1          2    
      0     -13.705901 -309.396742  68.554113
      1     394.241260  80.857892 -466.303717
      2     -50.159000 338.123375  34.729747
 P Tensor eigenvectors:
                   0          1          2    
      0      -0.757316   0.227405   0.612176
      1      -0.074392  -0.961351   0.265084
      2      -0.648797  -0.155212  -0.744964
 P Eigenvalues: 
                  0          1          2    
      0      14.837496  36.532657  50.511585
P(iso)  33.960579
 Nucleus: 23 H 
 Shielding tensor (ppm): 
                  0          1          2    
      0      67.519807  69.154532 143.897587
      1     -152.305046  94.717320 -216.295235
      2     -94.829067 158.811955 110.964572
 P Tensor eigenvectors:
                   0          1          2    
      0       0.740687   0.450453   0.498473
      1       0.568256  -0.815849  -0.107124
      2      -0.358424  -0.362606   0.860261
 P Eigenvalues: 
                  0          1          2    
      0      45.566782  96.872856 130.762060
P(iso)  91.067233
 Nucleus: 24 H 
 Shielding tensor (ppm): 
                  0          1          2    
      0      67.351504  69.595818 -143.659059
      1     -152.231424  94.344859 216.813267
      2      94.086664 -159.401989 111.353537
 P Tensor eigenvectors:
                   0          1          2    
      0      -0.742073   0.451490   0.495464
      1      -0.565615  -0.818416  -0.101363
      2      -0.359732   0.355461  -0.862694
 P Eigenvalues: 
                  0          1          2    
      0      45.445196  96.868405 130.736299
P(iso)  91.016634
 Nucleus: 26 H 
 Shielding tensor (ppm): 
                  0          1          2    
      0      57.244373 -201.267554 -53.320078
      1     280.170270 111.294102 321.074879
      2      45.836663 -234.480736 128.383269
 P Tensor eigenvectors:
                   0          1          2    
      0       0.773074   0.148295   0.616737
      1       0.034865  -0.980752   0.192120
      2      -0.633357   0.127020   0.763364
 P Eigenvalues: 
                  0          1          2    
      0      89.725415  87.977052 119.219276
P(iso)  98.973915
 Nucleus: 27 H 
 Shielding tensor (ppm): 
                  0          1          2    
      0      57.354522 -200.973776  52.347335
      1     279.604735 111.779039 -321.930452
      2     -44.220253 234.928298 127.981455
 P Tensor eigenvectors:
                   0          1          2    
      0       0.774705   0.147733  -0.614823
      1       0.031530  -0.980140  -0.195785
      2       0.631536  -0.132291   0.763977
 P Eigenvalues: 
                  0          1          2    
      0      89.741801  88.049246 119.323968
P(iso)  99.038338
 Nucleus: 29 H 
 Shielding tensor (ppm): 
                  0          1          2    
      0      36.170592 204.053516 119.301228
      1     -324.113032  55.475979 -398.451097
      2     -77.276315 289.296608  45.641000
 P Tensor eigenvectors:
                   0          1          2    
      0       0.762095   0.174613   0.623475
      1       0.266982  -0.962019  -0.056914
      2      -0.589857  -0.209831   0.779769
 P Eigenvalues: 
                  0          1          2    
      0      14.712158  51.048243  71.527169
P(iso)  45.762524
 Nucleus: 30 H 
 Shielding tensor (ppm): 
                  0          1          2    
      0      35.987597 203.933008 -118.287886
      1     -323.490274  54.889209 399.325699
      2      75.566377 -289.851493  46.234008
 P Tensor eigenvectors:
                   0          1          2    
      0       0.763640   0.175085  -0.621449
      1       0.263833  -0.963119   0.052854
      2       0.589276   0.204320   0.781669
 P Eigenvalues: 
                  0          1          2    
      0      14.569257  51.037935  71.503622
P(iso)  45.703605
 Nucleus: 32 H 
 Shielding tensor (ppm): 
                  0          1          2    
      0      -1.166937 -302.118756  47.883577
      1     393.332492  78.995229 -456.476987
      2     -35.539917 330.385600  43.272725
 P Tensor eigenvectors:
                   0          1          2    
      0      -0.755945   0.182194   0.628771
      1      -0.042636  -0.972154   0.230433
      2      -0.653245  -0.147386  -0.742663
 P Eigenvalues: 
                  0          1          2    
      0      23.466007  41.004431  56.630579
P(iso)  40.367006
 Nucleus: 33 H 
 Shielding tensor (ppm): 
                  0          1          2    
      0      -1.258615 -302.756357 -49.333763
      1     394.385299  78.350725 455.456799
      2      37.613967 -329.301228  43.888380
 P Tensor eigenvectors:
                   0          1          2    
      0       0.754078   0.182754   0.630846
      1       0.045937  -0.972831   0.226915
      2      -0.655176   0.142132   0.741986
 P Eigenvalues: 
                  0          1          2    
      0      23.456344  40.957076  56.567071
P(iso)  40.326830
 Nucleus: 35 H 
 Shielding tensor (ppm): 
                  0          1          2    
      0     -104.958388 131.575489   0.353808
      1     -260.503209  52.369349   0.915707
      2      -0.773469   0.173071 -102.819395
 P Tensor eigenvectors:
                   0          1          2    
      0       0.366716  -0.002322  -0.930330
      1       0.930333   0.001368   0.366714
      2       0.000421  -0.999996   0.002662
 P Eigenvalues: 
                  0          1          2    
      0     -12.773871 -102.821170 -39.813393
P(iso)  -51.802811
 Nucleus: 36 H 
 Shielding tensor (ppm): 
                  0          1          2    
      0     -107.823219 113.042664   0.287304
      1     -217.813106  60.120687   0.577256
      2      -0.571515   0.327647 -100.998157
 P Tensor eigenvectors:
                   0          1          2    
      0       0.421339  -0.000740  -0.906903
      1       0.906901   0.002486   0.421336
      2       0.001943  -0.999997   0.001718
 P Eigenvalues: 
                  0          1          2    
      0      -9.727262 -100.999432 -37.973994
P(iso)  -49.566896
 Nucleus: 43 H 
 Shielding tensor (ppm): 
                  0          1          2    
      0      39.704169   2.088798   0.097309
      1      -2.245039 -399.097344  -0.016679
      2      -0.330890  -0.018800 -380.087239
 P Tensor eigenvectors:
                   0          1          2    
      0      -0.999980   0.000901  -0.006208
      1       0.006207  -0.001005  -0.999980
      2       0.000907   0.999999  -0.000999
 P Eigenvalues: 
                  0          1          2    
      0      39.688099 -380.087092 -399.081421
P(iso)  -246.493472
 Nucleus: 44 H 
 Shielding tensor (ppm): 
                  0          1          2    
      0       6.326003 -864.787939  -0.512589
      1     499.376087 -77.518303  -0.307283
      2       0.185926   0.400580 -61.638729
 P Tensor eigenvectors:
                   0          1          2    
      0       0.000585  -0.996243   0.086595
      1      -0.000555  -0.086595  -0.996243
      2       1.000000   0.000534  -0.000604
 P Eigenvalues: 
                  0          1          2    
      0     -61.638835 -25.826659 -45.365536
P(iso)  -44.277010
 Nucleus: 45 H 
 Shielding tensor (ppm): 
                  0          1          2    
      0       9.346414 776.198123   0.485397
      1     -514.543269 200.235062   0.277238
      2      -0.196516  -0.354957 142.028967
 P Tensor eigenvectors:
                   0          1          2    
      0       0.000467  -0.972594   0.232508
      1      -0.000542  -0.232508  -0.972594
      2       1.000000   0.000328  -0.000635
 P Eigenvalues: 
                  0          1          2    
      0     142.029066  78.835516 130.745862
P(iso)  117.203481
 Nucleus: 46 H 
 Shielding tensor (ppm): 
                  0          1          2    
      0      13.372685 -732.040491  -0.468462
      1     470.891512 197.201127  -0.278795
      2       0.347958   0.431512 140.601385
 P Tensor eigenvectors:
                   0          1          2    
      0       0.000742  -0.975891  -0.218258
      1      -0.000739   0.218258  -0.975891
      2       0.999999   0.000886  -0.000559
 P Eigenvalues: 
                  0          1          2    
      0     140.601287  77.753446 132.820464
P(iso)  117.058399
 Nucleus: 47 H 
 Shielding tensor (ppm): 
                  0          1          2    
      0       4.761222 883.505441   0.701269
      1     -517.579638 -76.976518   0.253575
      2      -0.482503  -0.431835 -61.447700
 P Tensor eigenvectors:
                   0          1          2    
      0       0.000510  -0.996463  -0.084035
      1      -0.000829   0.084034  -0.996463
      2       1.000000   0.000578  -0.000783
 P Eigenvalues: 
                  0          1          2    
      0     -61.447589 -26.457750 -45.757657
P(iso)  -44.554332
 Nucleus: 54 H 
 Shielding tensor (ppm): 
                  0          1          2    
      0      39.409439  39.540234  -0.001410
      1     -11.443855 -397.662362  -0.024681
      2      -0.263502  -0.049932 -378.834121
 P Tensor eigenvectors:
                   0          1          2    
      0       0.999255   0.000619   0.038576
      1      -0.038575  -0.002006   0.999254
      2      -0.000696   0.999998   0.001980
 P Eigenvalues: 
                  0          1          2    
      0      37.676040 -378.834086 -395.928999
P(iso)  -245.695681
 Nucleus: 55 H 
 Shielding tensor (ppm): 
                  0          1          2    
      0       0.492272 890.214812   1.297520
      1     -524.079220 -60.800016   0.220911
      2      -0.801400  -0.415371 -52.692002
 P Tensor eigenvectors:
                   0          1          2    
      0       0.000445  -0.998102  -0.061586
      1      -0.001485   0.061585  -0.998101
      2       0.999999   0.000535  -0.001454
 P Eigenvalues: 
                  0          1          2    
      0     -52.691741 -22.246228 -38.061776
P(iso)  -37.666582
 Nucleus: 56 H 
 Shielding tensor (ppm): 
                  0          1          2    
      0      13.694144 -747.076123  -0.982435
      1     473.590444 183.936837  -0.198527
      2       0.675529   0.423850 132.510511
 P Tensor eigenvectors:
                   0          1          2    
      0       0.000604  -0.980434  -0.196847
      1      -0.001393   0.196846  -0.980433
      2       0.999999   0.000867  -0.001247
 P Eigenvalues: 
                  0          1          2    
      0     132.510299  73.072542 124.558651
P(iso)  110.047164
 Nucleus: 57 H 
 Shielding tensor (ppm): 
                  0          1          2    
      0      10.648293 752.749596   1.115830
      1     -504.926545 210.251929   0.287977
      2      -0.623221  -0.257983 150.551068
 P Tensor eigenvectors:
                   0          1          2    
      0       0.000387  -0.968394   0.249425
      1      -0.001400  -0.249425  -0.968393
      2       0.999999   0.000025  -0.001453
 P Eigenvalues: 
                  0          1          2    
      0     150.551179  82.925911 137.974200
P(iso)  123.817097
 Nucleus: 58 H 
 Shielding tensor (ppm): 
                  0          1          2    
      0      11.294249 -849.216862  -1.195103
      1     487.156148 -93.470484  -0.287275
      2       0.598965   0.346038 -69.022502
 P Tensor eigenvectors:
                   0          1          2    
      0       0.000514  -0.993942   0.109902
      1      -0.001365  -0.109903  -0.993941
      2       0.999999   0.000361  -0.001413
 P Eigenvalues: 
                  0          1          2    
      0     -69.022659 -29.521332 -52.654746
P(iso)  -50.399579
# -----------------------------------------------------------
$ EPRNMR_ATensor
   description: Hyperfine A tensor
   geom. index: 1
   prop. index: 1
 Number of stored nuclei 29
 Source density: 1 SCF 
 Spin multiplicity: 2 
 Nucleus: 9 H  
 Isotope: 1 
 Nuclear Spin:  0.5 
 Prefactor (MHz): 533.551395 
 Raw A tensor (MHz): 
                  0          1          2    
      0     -15.736060   6.254310   0.018838
      1       6.256995 -13.266198   0.011304
      2       0.018847   0.011306 -17.339908
 A Tensor eigenvectors:
                   0          1          2    
      0       0.634935   0.000185   0.772565
      1       0.772562  -0.003060  -0.634932
      2       0.002246   0.999995  -0.002086
 A Eigenvalues: 
                  0          1          2    
      0      -8.124701 -17.339939 -20.877526
A(iso)  -15.447389
 Nucleus: 10 H  
 Isotope: 1 
 Nuclear Spin:  0.5 
 Prefactor (MHz): 533.551395 
 Raw A tensor (MHz): 
                  0          1          2    
      0       8.266317  -2.257330  -0.008671
      1      -2.258531   6.847342   0.008279
      2      -0.008675   0.008278   4.578975
 A Tensor eigenvectors:
                   0          1          2    
      0       0.000300   0.591678  -0.806174
      1      -0.003351   0.806171   0.591674
      2       0.999994   0.002523   0.002225
 A Eigenvalues: 
                  0          1          2    
      0       4.578944   5.190059   9.923631
A(iso)  6.564211
 Nucleus: 12 H  
 Isotope: 1 
 Nuclear Spin:  0.5 
 Prefactor (MHz): 533.551395 
 Raw A tensor (MHz): 
                  0          1          2    
      0     -19.978534   0.364445  -0.013848
      1       0.362750 -73.187511  -0.079820
      2      -0.013854  -0.079823 -48.398829
 A Tensor eigenvectors:
                   0          1          2    
      0       0.999976  -0.000528  -0.006848
      1       0.006850   0.003212   0.999971
      2      -0.000506  -0.999995   0.003216
 A Eigenvalues: 
                  0          1          2    
      0     -19.976042 -48.398580 -73.190252
A(iso)  -47.188291
 Nucleus: 14 H  
 Isotope: 1 
 Nuclear Spin:  0.5 
 Prefactor (MHz): 533.551395 
 Raw A tensor (MHz): 
                  0          1          2    
      0      72.258554   3.534069  -1.999193
      1       3.533010  73.716351  -1.864226
      2      -1.997695  -1.864462  68.904064
 A Tensor eigenvectors:
                   0          1          2    
      0       0.371295   0.697554   0.612828
      1       0.071817  -0.679606   0.730053
      2       0.925733  -0.227054  -0.302431
 A Eigenvalues: 
                  0          1          2    
      0      67.958073  69.466361  77.454535
A(iso)  71.626323
 Nucleus: 15 H  
 Isotope: 1 
 Nuclear Spin:  0.5 
 Prefactor (MHz): 533.551395 
 Raw A tensor (MHz): 
                  0          1          2    
      0      72.211347   3.522436   2.017552
      1       3.521385  73.636739   1.890599
      2       2.016046   1.890834  68.868025
 A Tensor eigenvectors:
                   0          1          2    
      0      -0.369626   0.697996   0.613334
      1      -0.078215  -0.681110   0.727991
      2       0.925883   0.221112   0.306350
 A Eigenvalues: 
                  0          1          2    
      0      67.903350  69.413464  77.399297
A(iso)  71.572037
 Nucleus: 17 H  
 Isotope: 1 
 Nuclear Spin:  0.5 
 Prefactor (MHz): 533.551395 
 Raw A tensor (MHz): 
                  0          1          2    
      0      -2.402600  -1.972350  -0.621787
      1      -1.972104   1.762898   1.351350
      2      -0.621225   1.350229  -2.863897
 A Tensor eigenvectors:
                   0          1          2    
      0      -0.361450  -0.710105   0.604240
      1       0.898684  -0.438001   0.022843
      2       0.248437   0.551277   0.796475
 A Eigenvalues: 
                  0          1          2    
      0       2.929187  -3.136219  -3.296566
A(iso)  -1.167866
 Nucleus: 18 H  
 Isotope: 1 
 Nuclear Spin:  0.5 
 Prefactor (MHz): 533.551395 
 Raw A tensor (MHz): 
                  0          1          2    
      0      -2.400464  -1.979696   0.607502
      1      -1.979447   1.780390  -1.316582
      2       0.606944  -1.315462  -2.883771
 A Tensor eigenvectors:
                   0          1          2    
      0       0.361990   0.709773  -0.604306
      1      -0.900292   0.434307  -0.029187
      2       0.241738   0.554617   0.796218
 A Eigenvalues: 
                  0          1          2    
      0       2.929352  -3.136890  -3.296306
A(iso)  -1.167948
 Nucleus: 20 H  
 Isotope: 1 
 Nuclear Spin:  0.5 
 Prefactor (MHz): 533.551395 
 Raw A tensor (MHz): 
                  0          1          2    
      0       0.089305   0.302347   0.110300
      1       0.302700   2.185447   0.382417
      2       0.110446   0.382224   0.108268
 A Tensor eigenvectors:
                   0          1          2    
      0       0.680693   0.718658  -0.142086
      1       0.033802  -0.224561  -0.973874
      2      -0.731789   0.658106  -0.177149
 A Eigenvalues: 
                  0          1          2    
      0      -0.013097   0.096978   2.299139
A(iso)  0.794340
 Nucleus: 21 H  
 Isotope: 1 
 Nuclear Spin:  0.5 
 Prefactor (MHz): 533.551395 
 Raw A tensor (MHz): 
                  0          1          2    
      0       0.089607   0.302048  -0.108355
      1       0.302401   2.191429  -0.369243
      2      -0.108498  -0.369050   0.104528
 A Tensor eigenvectors:
                   0          1          2    
      0      -0.682421  -0.717110   0.141616
      1      -0.028960   0.220112   0.975045
      2      -0.730386   0.661290  -0.170977
 A Eigenvalues: 
                  0          1          2    
      0      -0.012427   0.097926   2.300065
A(iso)  0.795188
 Nucleus: 23 H  
 Isotope: 1 
 Nuclear Spin:  0.5 
 Prefactor (MHz): 533.551395 
 Raw A tensor (MHz): 
                  0          1          2    
      0      25.788178  -1.490856   0.889447
      1      -1.490369  25.947849  -0.486201
      2       0.888822  -0.486357  24.542575
 A Tensor eigenvectors:
                   0          1          2    
      0       0.603518   0.421428   0.676879
      1       0.275795   0.686180  -0.673122
      2      -0.748133   0.592921   0.297894
 A Eigenvalues: 
                  0          1          2    
      0      24.004699  24.612019  27.661885
A(iso)  25.426201
 Nucleus: 24 H  
 Isotope: 1 
 Nuclear Spin:  0.5 
 Prefactor (MHz): 533.551395 
 Raw A tensor (MHz): 
                  0          1          2    
      0      25.855512  -1.484823  -0.901527
      1      -1.484341  26.018327   0.497360
      2      -0.900899   0.497517  24.627759
 A Tensor eigenvectors:
                   0          1          2    
      0      -0.606302   0.419263   0.675734
      1      -0.272392   0.688835  -0.671795
      2      -0.747128  -0.591375  -0.303438
 A Eigenvalues: 
                  0          1          2    
      0      24.077894  24.687511  27.736193
A(iso)  25.500533
 Nucleus: 26 H  
 Isotope: 1 
 Nuclear Spin:  0.5 
 Prefactor (MHz): 533.551395 
 Raw A tensor (MHz): 
                  0          1          2    
      0      -0.820162   0.375622   0.093809
      1       0.375148   0.723737   0.394492
      2       0.093568   0.394245  -0.943041
 A Tensor eigenvectors:
                   0          1          2    
      0       0.219755   0.973056   0.069778
      1       0.951580  -0.229565   0.204437
      2       0.214948   0.021473  -0.976389
 A Eigenvalues: 
                  0          1          2    
      0       0.899346  -0.906534  -1.032276
A(iso)  -0.346488
 Nucleus: 27 H  
 Isotope: 1 
 Nuclear Spin:  0.5 
 Prefactor (MHz): 533.551395 
 Raw A tensor (MHz): 
                  0          1          2    
      0      -0.822715   0.375474  -0.092493
      1       0.374999   0.727607  -0.386676
      2      -0.092256  -0.386428  -0.948815
 A Tensor eigenvectors:
                   0          1          2    
      0       0.219184   0.972807  -0.074862
      1       0.952742  -0.229941  -0.198521
      2      -0.210336  -0.027812  -0.977233
 A Eigenvalues: 
                  0          1          2    
      0       0.899123  -0.908660  -1.034385
A(iso)  -0.347974
 Nucleus: 29 H  
 Isotope: 1 
 Nuclear Spin:  0.5 
 Prefactor (MHz): 533.551395 
 Raw A tensor (MHz): 
                  0          1          2    
      0      -0.036550  -0.266116   0.059045
