-------------------------------------------------------------
----------------------- !PROPERTIES! ------------------------
-------------------------------------------------------------
# -----------------------------------------------------------
$ PAL_Flags
   description: The PAL Flags
   geom. index: 1
   prop. index: 1
        Diskflag:     2
# -----------------------------------------------------------
$ SCF_Energy
   description: The SCF energy
   geom. index: 1
   prop. index: 1
        SCF Energy:    -1312.1290537563
# -----------------------------------------------------------
$ DFT_Energy
   description: The DFT energy
   geom. index: 1
   prop. index: 1
   Number of Alpha Electrons                117.0001788472 
   Number of Beta  Electrons                116.0001639335 
   Total number of  Electrons               233.0003427807 
   Exchange energy                         -147.7210479237 
   Correlation energy                        -9.1225342704 
   Correlation energy NL                      0.0000000000 
   Exchange-Correlation energy             -156.8435821941 
   Embedding correction                       0.0000000000 
   Total DFT Energy (No VdW correction)   -1312.1290537563 
# -----------------------------------------------------------
$ Mayer_Pop
   description: The Mayer population analysis
   geom. index: 1
   prop. index: 1
     Number of atoms                     : 63
     Threshold for printing              : 0.1000000
     Number of bond orders printed       : 74
  NA   - Mulliken gross atomic population
  ZA   - Total nuclear charge
  QA   - Mulliken gross atomic charge
  VA   - Mayer's total valence
  BVA  - Mayer's bonded valence
  FA   - Mayer's free valence
  ATOM       NA         ZA         QA         VA         BVA        FA
  0   0     6.4402     6.0000    -0.4402     3.7279     3.7219     0.0060
  1   0     6.3794     6.0000    -0.3794     3.5225     3.5203     0.0022
  2   0     6.3828     6.0000    -0.3828     3.5145     3.5139     0.0006
  3   0     5.4982     6.0000     0.5018     3.8140     3.7803     0.0337
  4   0     5.6250     6.0000     0.3750     3.9628     3.9481     0.0147
  5   0     6.4468     6.0000    -0.4468     4.2136     4.1780     0.0356
  6   0     5.4358     6.0000     0.5642     3.8534     3.8464     0.0070
  7   0     5.7677     6.0000     0.2323     3.9344     3.8976     0.0368
  8   0     6.3861     6.0000    -0.3861     4.2996     4.2916     0.0080
  9   0     0.8670     1.0000     0.1330     0.9655     0.9653     0.0002
 10   0     0.8654     1.0000     0.1346     0.9660     0.9660     0.0000
 11   0     6.2652     6.0000    -0.2652     3.9788     3.6048     0.3740
 12   0     0.8736     1.0000     0.1264     0.9833     0.9817     0.0016
 13   0     6.2732     6.0000    -0.2732     3.9631     3.9618     0.0013
 14   0     0.8467     1.0000     0.1533     0.9638     0.9629     0.0009
 15   0     0.8469     1.0000     0.1531     0.9639     0.9630     0.0009
 16   0     6.2904     6.0000    -0.2904     3.9008     3.9008     0.0000
 17   0     0.8445     1.0000     0.1555     0.9634     0.9634     0.0000
 18   0     0.8447     1.0000     0.1553     0.9635     0.9635     0.0000
 19   0     6.5101     6.0000    -0.5101     3.9060     3.9060     0.0000
 20   0     0.8403     1.0000     0.1597     0.9652     0.9652     0.0000
 21   0     0.8403     1.0000     0.1597     0.9652     0.9652     0.0000
 22   0     6.3564     6.0000    -0.3564     4.0217     4.0215     0.0002
 23   0     0.8474     1.0000     0.1526     0.9627     0.9626     0.0001
 24   0     0.8473     1.0000     0.1527     0.9626     0.9625     0.0001
 25   0     6.2739     6.0000    -0.2739     4.0261     4.0261     0.0000
 26   0     0.8575     1.0000     0.1425     0.9662     0.9662     0.0000
 27   0     0.8574     1.0000     0.1426     0.9661     0.9661     0.0000
 28   0     6.2629     6.0000    -0.2629     3.8899     3.8899     0.0000
 29   0     0.8554     1.0000     0.1446     0.9669     0.9669     0.0000
 30   0     0.8554     1.0000     0.1446     0.9669     0.9669     0.0000
 31   0     6.5113     6.0000    -0.5113     3.9016     3.9016     0.0000
 32   0     0.8398     1.0000     0.1602     0.9651     0.9651     0.0000
 33   0     0.8398     1.0000     0.1602     0.9651     0.9651     0.0000
 34   0     6.4255     6.0000    -0.4255     3.7534     3.7521     0.0013
 35   0     0.8530     1.0000     0.1470     0.9670     0.9670     0.0000
 36   0     0.8552     1.0000     0.1448     0.9668     0.9668     0.0000
 37   0     5.3429     6.0000     0.6571     3.8705     3.8704     0.0001
 38   0     6.2607     6.0000    -0.2607     4.1735     4.1734     0.0001
 39   0     6.2570     6.0000    -0.2570     4.1879     4.1879     0.0000
 40   0     5.3903     6.0000     0.6097     3.7372     3.7371     0.0001
 41   0     6.2626     6.0000    -0.2626     4.2007     4.2007     0.0000
 42   0     6.2490     6.0000    -0.2490     4.1605     4.1604     0.0001
 43   0     0.8130     1.0000     0.1870     0.9755     0.9755     0.0000
 44   0     0.8762     1.0000     0.1238     0.9592     0.9592     0.0000
 45   0     0.8774     1.0000     0.1226     0.9606     0.9606     0.0000
 46   0     0.8778     1.0000     0.1222     0.9604     0.9604     0.0000
 47   0     0.8760     1.0000     0.1240     0.9592     0.9592     0.0000
 48   0     5.3349     6.0000     0.6651     3.8638     3.8635     0.0003
 49   0     6.2578     6.0000    -0.2578     4.1719     4.1714     0.0005
 50   0     6.2592     6.0000    -0.2592     4.1974     4.1972     0.0002
 51   0     5.3947     6.0000     0.6053     3.7415     3.7409     0.0006
 52   0     6.2588     6.0000    -0.2588     4.1892     4.1890     0.0002
 53   0     6.2561     6.0000    -0.2561     4.1762     4.1756     0.0006
 54   0     0.8133     1.0000     0.1867     0.9756     0.9756     0.0000
 55   0     0.8764     1.0000     0.1236     0.9592     0.9592     0.0000
 56   0     0.8807     1.0000     0.1193     0.9611     0.9611     0.0000
 57   0     0.8780     1.0000     0.1220     0.9609     0.9609     0.0000
 58   0     0.8766     1.0000     0.1234     0.9592     0.9592     0.0000
 59   0     6.0657     6.0000    -0.0657     3.9084     3.9084     0.0000
 60   0     6.4958     6.0000    -0.4958     3.9089     3.9087     0.0002
 61   0     6.0661     6.0000    -0.0661     3.9081     3.9081     0.0000
 62   0     6.4945     6.0000    -0.4945     3.9085     3.9085     0.0000
      Bond orders larger than 0.1000000
           Atom A     A.N. of A          Atom B    A.N. of B              Bond order
                0             6               1            6                2.277962
                0             6               3            6                0.102548
                0             6              48            6                0.971564
                1             6               3            6                0.780388
                2             6               6            6                0.737117
                2             6              34            6                2.333315
                3             6               4            6                1.284458
                3             6               7            6                0.106609
                3             6               8            6                1.436914
                4             6               5            6                1.224211
                4             6               6            6                0.114468
                4             6              11            6                1.295185
                5             6               6            6                1.496766
                5             6               9            1                0.967631
                6             6               7            6                1.341725
                6             6               8            6                0.107198
                6             6              34            6                0.101293
                7             6               8            6                1.416436
                7             6              22            6                0.963619
                8             6              10            1                0.969654
               11             6              12            1                0.982326
               11             6              13            6                0.998284
               13             6              14            1                0.955839
               13             6              15            1                0.955735
               13             6              16            6                0.981848
               16             6              17            1                0.972218
               16             6              18            1                0.972087
               16             6              19            6                0.962388
               19             6              20            1                0.972690
               19             6              21            1                0.972711
               19             6              35            1                0.967148
               22             6              23            1                0.954740
               22             6              24            1                0.954980
               22             6              25            6                1.024069
               25             6              26            1                0.961434
               25             6              27            1                0.961516
               25             6              28            6                0.986328
               28             6              29            1                0.971607
               28             6              30            1                0.971619
               28             6              31            6                0.955137
               31             6              32            1                0.973025
               31             6              33            1                0.973032
               31             6              36            1                0.967024
               34             6              37            6                0.955840
               37             6              38            6                1.382128
               37             6              39            6                0.104837
               37             6              41            6                0.103383
               37             6              42            6                1.374071
               38             6              39            6                1.495812
               38             6              45            1                0.976234
               39             6              40            6                1.368182
               39             6              47            1                0.973474
               40             6              41            6                1.372276
               40             6              61            6                0.909999
               41             6              42            6                1.497332
               41             6              44            1                0.974558
               42             6              46            1                0.975371
               43             1              62            6                0.980637
               48             6              49            6                1.370896
               48             6              50            6                0.102869
               48             6              52            6                0.103774
               48             6              53            6                1.369151
               49             6              50            6                1.499799
               49             6              56            1                0.976088
               50             6              51            6                1.369145
               50             6              58            1                0.974361
               51             6              52            6                1.367438
               51             6              59            6                0.912218
               52             6              53            6                1.498351
               52             6              55            1                0.973560
               53             6              57            1                0.976560
               54             1              60            6                0.980816
               59             6              60            6                2.782029
               61             6              62            6                2.783899
# -----------------------------------------------------------
$ Calculation_Info
   description: Details of the calculation
   geom. index: 1
   prop. index: 1
     Multiplicity:                          2
     Charge:                                0
     number of atoms:                       63
     number of electrons:                   0
     number of frozen core electrons:       1
     number of correlated electrons:        0
     number of basis functions:             781
     number of aux C basis functions:       5522
     number of aux J basis functions:       5522
     number of aux JK basis functions:      5522
     number of aux CABS basis functions:    0
     Total Energy                           -1312.129054
# -----------------------------------------------------------
$ SCF_Electric_Properties
   description: The SCF Calculated Electric Properties
   geom. index: 1
   prop. index: 1
       Filename                          : EPRII_i.scfp 
       Do Dipole Moment Calculation      : true 
       Do Quadrupole Moment Calculation  : false 
       Do Polarizability Calculation     : false 
** Dipole moment part of electric properties **
        Magnitude of dipole moment (Debye) :        0.4613718265
        Electronic Contribution:
                  0    
      0       0.309285
      1      -1.978735
      2       0.025982
        Nuclear Contribution:
                  0    
      0      -0.481650
      1       1.921838
      2      -0.026470
        Total Dipole moment:
                  0    
      0      -0.172365
      1      -0.056897
      2      -0.000489
# -----------------------------------------------------------
$ EPRNMR_GTensor
   description: Electronic g tensor
   geom. index: 1
   prop. index: 1
 Source density: 1 SCF 
 Spin multiplicity: 2 
 raw g tensor: 
                  0          1          2    
      0       2.002784  -0.000115  -0.000001
      1      -0.000054   2.002769   0.000002
      2      -0.000000   0.000002   2.002156
 g tensor: 
                  0          1          2    
      0       0.000487   0.674543  -0.738235
      1      -0.002825   0.738233   0.674540
      2       0.999996   0.001757   0.002265
 G eigenvalues: 
                  0          1          2    
      0       2.002156   2.002692   2.002861
# -----------------------------------------------------------
$ EPRNMR_OrbitalShielding
   description: Orbital contribution to the NMR Shielding tensor (ppm)
   geom. index: 1
   prop. index: 1
 Number of stored nuclei 29
 Source density: 1 SCF 
 Nucleus: 9 H 
 Shielding tensor (ppm): 
                  0          1          2    
      0      27.649749  -5.868700  -0.022261
      1      -5.330206  26.333038   0.023757
      2      -0.027050   0.025625  19.336073
 P Tensor eigenvectors:
                   0          1          2    
      0       0.001217   0.668262  -0.743925
      1      -0.002496   0.743926   0.668258
      2       0.999996   0.001044   0.002573
 P Eigenvalues: 
                  0          1          2    
      0      19.335980  21.353652  32.629227
P(iso)  24.439620
 Nucleus: 10 H 
 Shielding tensor (ppm): 
                  0          1          2    
      0      28.489777  -6.052385  -0.018196
      1      -5.876409  26.123995   0.019189
      2      -0.020983   0.019379  19.060695
 P Tensor eigenvectors:
                   0          1          2    
      0       0.000719   0.635857  -0.771806
      1      -0.002098   0.771806   0.635855
      2       0.999998   0.001161   0.001889
 P Eigenvalues: 
                  0          1          2    
      0      19.060640  21.226356  33.387471
P(iso)  24.558156
 Nucleus: 12 H 
 Shielding tensor (ppm): 
                  0          1          2    
      0      23.457874   2.791642   0.011877
      1       1.905546  32.714317   0.042290
      2       0.004448   0.045077  19.766930
 P Tensor eigenvectors:
                   0          1          2    
      0      -0.000129  -0.974367  -0.224964
      1      -0.003334   0.224963  -0.974362
      2       0.999994   0.000625  -0.003277
 P Eigenvalues: 
                  0          1          2    
      0      19.766783  22.896721  33.275618
P(iso)  25.313040
 Nucleus: 14 H 
 Shielding tensor (ppm): 
                  0          1          2    
      0      29.386645  -1.355766  -3.295243
      1      -0.605469  30.809755  -0.341686
      2      -4.054925  -1.294761  27.817911
 P Tensor eigenvectors:
                   0          1          2    
      0       0.617583   0.021690  -0.786206
      1       0.187098   0.966872   0.173644
      2       0.763928  -0.254337   0.593066
 P Eigenvalues: 
                  0          1          2    
      0      24.592731  31.017389  32.404191
P(iso)  29.338104
 Nucleus: 15 H 
 Shielding tensor (ppm): 
                  0          1          2    
      0      29.439764  -1.397749   3.279179
      1      -0.643932  30.809461   0.361583
      2       4.047931   1.314258  27.758963
 P Tensor eigenvectors:
                   0          1          2    
      0      -0.611766   0.036939  -0.790176
      1      -0.192408   0.961961   0.193935
      2       0.767282   0.270679  -0.581387
 P Eigenvalues: 
                  0          1          2    
      0      24.573894  31.021163  32.413131
P(iso)  29.336063
 Nucleus: 17 H 
 Shielding tensor (ppm): 
                  0          1          2    
      0      31.310565   0.959174  -4.550520
      1       0.492430  30.459607  -0.461200
      2      -4.356087   0.817433  28.383807
 P Tensor eigenvectors:
                   0          1          2    
      0       0.589372   0.037339   0.806998
      1      -0.094583  -0.988872   0.114830
      2       0.802306  -0.144006  -0.579282
 P Eigenvalues: 
                  0          1          2    
      0      25.099514  30.462768  34.591697
P(iso)  30.051327
 Nucleus: 18 H 
 Shielding tensor (ppm): 
                  0          1          2    
      0      31.381710   0.924020   4.549787
      1       0.462882  30.463777   0.471904
      2       4.347590  -0.798290  28.306056
 P Tensor eigenvectors:
                   0          1          2    
      0      -0.583226   0.039512   0.811349
      1       0.087860  -0.989888   0.111363
      2       0.807545   0.136235   0.573857
 P Eigenvalues: 
                  0          1          2    
      0      25.084183  30.462827  34.604532
P(iso)  30.050514
 Nucleus: 20 H 
 Shielding tensor (ppm): 
                  0          1          2    
      0      30.486570   1.665136   3.991309
      1       2.370416  31.272008   2.578897
      2       3.260071   2.173675  31.094053
 P Tensor eigenvectors:
                   0          1          2    
      0       0.726970   0.381489   0.570947
      1       0.041139  -0.854177   0.518353
      2      -0.685436   0.353339   0.636655
 P Eigenvalues: 
                  0          1          2    
      0      27.146686  29.363519  36.342427
P(iso)  30.950877
 Nucleus: 21 H 
 Shielding tensor (ppm): 
                  0          1          2    
      0      30.426919   1.683877  -3.964100
      1       2.377466  31.309644  -2.601872
      2      -3.225561  -2.187013  31.113344
 P Tensor eigenvectors:
                   0          1          2    
      0       0.732545   0.379109  -0.565380
      1       0.035715  -0.850824  -0.524235
      2       0.679781  -0.363833   0.636807
 P Eigenvalues: 
                  0          1          2    
      0      27.154996  29.356033  36.338878
P(iso)  30.949969
 Nucleus: 23 H 
 Shielding tensor (ppm): 
                  0          1          2    
      0      29.606316   2.042905   3.372673
      1       1.358377  31.364645   0.145900
      2       4.506478  -0.965477  25.992802
 P Tensor eigenvectors:
                   0          1          2    
      0      -0.543442  -0.456198  -0.704667
      1       0.145257   0.775674  -0.614190
      2       0.826784  -0.436134  -0.355268
 P Eigenvalues: 
                  0          1          2    
      0      23.266228  30.618257  33.079278
P(iso)  28.987921
 Nucleus: 24 H 
 Shielding tensor (ppm): 
                  0          1          2    
      0      29.586096   2.051685  -3.367220
      1       1.375669  31.353927  -0.125381
      2      -4.502636   0.989889  26.026584
 P Tensor eigenvectors:
                   0          1          2    
      0       0.545691  -0.453845  -0.704447
      1      -0.149243   0.774568  -0.614631
      2       0.824589   0.440532   0.354941
 P Eigenvalues: 
                  0          1          2    
      0      23.278465  30.619532  33.068609
P(iso)  28.988869
 Nucleus: 26 H 
 Shielding tensor (ppm): 
                  0          1          2    
      0      30.841227  -0.876526   3.858395
      1      -0.724877  31.637194   0.109881
      2       3.747541   1.332462  28.055513
 P Tensor eigenvectors:
                   0          1          2    
      0      -0.570315   0.022972  -0.821105
      1      -0.152384   0.979299   0.133240
      2       0.807168   0.201112  -0.555008
 P Eigenvalues: 
                  0          1          2    
      0      25.226865  31.775090  33.531979
P(iso)  30.177978
 Nucleus: 27 H 
 Shielding tensor (ppm): 
                  0          1          2    
      0      30.821505  -0.860506  -3.864649
      1      -0.707076  31.643758  -0.093266
      2      -3.752740  -1.318204  28.073010
 P Tensor eigenvectors:
                   0          1          2    
      0       0.572368   0.021193  -0.819723
      1       0.149095   0.980313   0.129450
      2       0.806328  -0.196310   0.557940
 P Eigenvalues: 
                  0          1          2    
      0      25.233796  31.776535  33.527943
P(iso)  30.179424
 Nucleus: 29 H 
 Shielding tensor (ppm): 
                  0          1          2    
      0      31.270193   0.368203   4.706093
      1       0.118401  31.204908  -0.559522
      2       4.263820  -1.278895  28.420288
 P Tensor eigenvectors:
                   0          1          2    
      0      -0.583677  -0.165617   0.794916
      1       0.135484  -0.985118  -0.105763
      2       0.800603   0.045967   0.597430
 P Eigenvalues: 
                  0          1          2    
      0      25.012830  31.295167  34.587391
P(iso)  30.298463
 Nucleus: 30 H 
 Shielding tensor (ppm): 
                  0          1          2    
      0      31.245497   0.388109  -4.709989
      1       0.135863  31.196408   0.570830
      2      -4.267374   1.291435  28.453261
 P Tensor eigenvectors:
                   0          1          2    
      0       0.585798  -0.166423   0.793186
      1      -0.138813  -0.984831  -0.104114
      2       0.798481  -0.049115  -0.600013
 P Eigenvalues: 
                  0          1          2    
      0      25.016132  31.293726  34.585307
P(iso)  30.298389
 Nucleus: 32 H 
 Shielding tensor (ppm): 
                  0          1          2    
      0      30.704034   1.688023  -4.120337
      1       2.537621  31.028151  -2.259902
      2      -3.419719  -1.902221  31.013269
 P Tensor eigenvectors:
                   0          1          2    
      0       0.732994   0.307652  -0.606688
      1      -0.034083  -0.874149  -0.484460
      2       0.679381  -0.375784   0.630260
 P Eigenvalues: 
                  0          1          2    
      0      27.083137  29.363444  36.298874
P(iso)  30.915151
 Nucleus: 33 H 
 Shielding tensor (ppm): 
                  0          1          2    
      0      30.728398   1.675958   4.130732
      1       2.529779  31.011831   2.251018
      2       3.433544   1.895826  31.005538
 P Tensor eigenvectors:
                   0          1          2    
      0       0.730719   0.308888   0.608800
      1      -0.031111  -0.875788   0.481692
      2      -0.681969   0.370922   0.630346
 P Eigenvalues: 
                  0          1          2    
      0      27.080448  29.365750  36.299569
P(iso)  30.915256
 Nucleus: 35 H 
 Shielding tensor (ppm): 
                  0          1          2    
      0      29.805641  -2.414269  -0.023388
      1      -3.776168  36.316091   0.059162
      2      -0.030172   0.055001  25.852582
 P Tensor eigenvectors:
                   0          1          2    
      0       0.003251  -0.924752   0.380556
      1      -0.004490  -0.380567  -0.924742
      2       0.999985   0.001297  -0.005389
 P Eigenvalues: 
                  0          1          2    
      0      25.852239  28.569956  37.552119
P(iso)  30.658105
 Nucleus: 36 H 
 Shielding tensor (ppm): 
                  0          1          2    
      0      29.173386  -1.796694  -0.008421
      1      -3.039649  37.016841   0.028141
      2      -0.011084   0.026215  25.867965
 P Tensor eigenvectors:
                   0          1          2    
      0       0.001387  -0.959475   0.281790
      1      -0.002138  -0.281792  -0.959473
      2       0.999997   0.000729  -0.002443
 P Eigenvalues: 
                  0          1          2    
      0      25.867894  28.488596  37.701702
P(iso)  30.686064
 Nucleus: 43 H 
 Shielding tensor (ppm): 
                  0          1          2    
      0      35.987043  -0.003859  -0.003360
      1      -0.006169  25.534672   0.000869
      2      -0.003411   0.000836  24.540656
 P Tensor eigenvectors:
                   0          1          2    
      0       0.000295   0.000461  -1.000000
      1      -0.000856   1.000000   0.000461
      2       1.000000   0.000856   0.000295
 P Eigenvalues: 
                  0          1          2    
      0      24.540654  25.534670  35.987046
P(iso)  28.687457
 Nucleus: 44 H 
 Shielding tensor (ppm): 
                  0          1          2    
      0      27.569509   3.411467   0.000382
      1       2.247379  24.144664   0.002502
      2      -0.000597   0.002103  20.675786
 P Tensor eigenvectors:
                   0          1          2    
      0       0.000435  -0.500803  -0.865561
      1      -0.001015   0.865560  -0.500804
      2       0.999999   0.001096  -0.000132
 P Eigenvalues: 
                  0          1          2    
      0      20.675784  22.550658  29.163517
P(iso)  24.129987
 Nucleus: 45 H 
 Shielding tensor (ppm): 
                  0          1          2    
      0      27.968343   3.283611  -0.001384
      1       2.406089  24.316170   0.002994
      2      -0.003135   0.002380  20.276515
 P Tensor eigenvectors:
                   0          1          2    
      0       0.000723  -0.486834  -0.873494
      1      -0.001180   0.873493  -0.486834
      2       0.999999   0.001382   0.000057
 P Eigenvalues: 
                  0          1          2    
      0      20.276510  22.762240  29.522278
P(iso)  24.187010
 Nucleus: 46 H 
 Shielding tensor (ppm): 
                  0          1          2    
      0      28.575071  -2.791882  -0.003188
      1      -2.018889  23.965777   0.005736
      2      -0.001556   0.004163  19.943013
 P Tensor eigenvectors:
                   0          1          2    
      0      -0.000077   0.399295  -0.916823
      1      -0.001297   0.916822   0.399295
      2       0.999999   0.001220   0.000447
 P Eigenvalues: 
                  0          1          2    
      0      19.943007  22.939532  29.601323
P(iso)  24.161287
 Nucleus: 47 H 
 Shielding tensor (ppm): 
                  0          1          2    
      0      27.356409  -3.279368  -0.004495
      1      -2.138760  24.255847   0.003412
      2      -0.004353   0.003719  20.736365
 P Tensor eigenvectors:
                   0          1          2    
      0       0.000364   0.511184  -0.859472
      1      -0.000728   0.859471   0.511183
      2       1.000000   0.000440   0.000685
 P Eigenvalues: 
                  0          1          2    
      0      20.736361  22.685609  28.926651
P(iso)  24.116207
 Nucleus: 54 H 
 Shielding tensor (ppm): 
                  0          1          2    
      0      35.941443   0.447803  -0.000007
      1       0.438072  25.566798   0.001185
      2      -0.000056   0.001257  24.551469
 P Tensor eigenvectors:
                   0          1          2    
      0       0.000050  -0.042657  -0.999090
      1      -0.001223   0.999089  -0.042657
      2       0.999999   0.001225  -0.000002
 P Eigenvalues: 
                  0          1          2    
      0      24.551468  25.547923  35.960319
P(iso)  28.686570
 Nucleus: 55 H 
 Shielding tensor (ppm): 
                  0          1          2    
      0      27.621589  -3.168059  -0.004420
      1      -2.040315  24.014319   0.004203
      2      -0.003602   0.004127  20.757114
 P Tensor eigenvectors:
                   0          1          2    
      0       0.000137   0.473666  -0.880704
      1      -0.001167   0.880704   0.473666
      2       0.999999   0.000963   0.000674
 P Eigenvalues: 
                  0          1          2    
      0      20.757108  22.650922  28.984992
P(iso)  24.131007
 Nucleus: 56 H 
 Shielding tensor (ppm): 
                  0          1          2    
      0      28.563055  -2.645339  -0.002409
      1      -1.848674  24.019833   0.007827
      2       0.000945   0.006201  20.075976
 P Tensor eigenvectors:
                   0          1          2    
      0      -0.000437   0.387162  -0.922012
      1      -0.002052   0.922009   0.387162
      2       0.999998   0.002062   0.000392
 P Eigenvalues: 
                  0          1          2    
      0      20.075962  23.096631  29.486270
P(iso)  24.219621
 Nucleus: 57 H 
 Shielding tensor (ppm): 
                  0          1          2    
      0      27.861727   3.264743   0.001750
      1       2.440325  24.491715   0.005155
      2      -0.000015   0.004568  20.318762
 P Tensor eigenvectors:
                   0          1          2    
      0       0.000434  -0.502504  -0.864575
      1      -0.001468   0.864574  -0.502504
      2       0.999999   0.001487  -0.000363
 P Eigenvalues: 
                  0          1          2    
      0      20.318756  22.864103  29.489346
P(iso)  24.224068
 Nucleus: 58 H 
 Shielding tensor (ppm): 
                  0          1          2    
      0      27.257715   3.503745   0.003488
      1       2.364027  24.446323   0.004853
      2       0.002306   0.005119  20.705865
 P Tensor eigenvectors:
                   0          1          2    
      0       0.000243  -0.542167  -0.840270
      1      -0.001513   0.840269  -0.542167
      2       0.999999   0.001403  -0.000616
 P Eigenvalues: 
                  0          1          2    
      0      20.705858  22.599558  29.104487
P(iso)  24.136634
# -----------------------------------------------------------
$ EPRNMR_ATensor
   description: Hyperfine A tensor
   geom. index: 1
   prop. index: 1
 Number of stored nuclei 29
 Source density: 1 SCF 
 Spin multiplicity: 2 
 Nucleus: 9 H  
 Isotope: 1 
 Nuclear Spin:  0.5 
 Prefactor (MHz): 533.551395 
 Raw A tensor (MHz): 
                  0          1          2    
      0     -15.840440   6.331575   0.016272
      1       6.334317 -13.173811   0.014270
      2       0.016277   0.014274 -17.287763
 A Tensor eigenvectors:
                   0          1          2    
      0       0.630053  -0.000686   0.776552
      1       0.776548  -0.002413  -0.630053
      2       0.002306   0.999997  -0.000988
 A Eigenvalues: 
                  0          1          2    
      0      -8.035297 -17.287809 -20.978908
A(iso)  -15.434005
 Nucleus: 10 H  
 Isotope: 1 
 Nuclear Spin:  0.5 
 Prefactor (MHz): 533.551395 
 Raw A tensor (MHz): 
                  0          1          2    
      0       8.364186  -2.320845  -0.007976
      1      -2.322038   6.832782   0.007638
      2      -0.007980   0.007638   4.598614
 A Tensor eigenvectors:
                   0          1          2    
      0       0.000031   0.585958  -0.810341
      1      -0.003386   0.810337   0.585955
      2       0.999994   0.002726   0.002009
 A Eigenvalues: 
                  0          1          2    
      0       4.598588   5.154027  10.042968
A(iso)  6.598528
 Nucleus: 12 H  
 Isotope: 1 
 Nuclear Spin:  0.5 
 Prefactor (MHz): 533.551395 
 Raw A tensor (MHz): 
                  0          1          2    
      0     -19.676765   0.499141  -0.026929
      1       0.497376 -73.628113  -0.081684
      2      -0.026940  -0.081693 -48.212000
 A Tensor eigenvectors:
                   0          1          2    
      0       0.999957  -0.001000  -0.009249
      1       0.009252   0.003194   0.999952
      2      -0.000970  -0.999994   0.003203
 A Eigenvalues: 
                  0          1          2    
      0     -19.672137 -48.211766 -73.632975
A(iso)  -47.172293
 Nucleus: 14 H  
 Isotope: 1 
 Nuclear Spin:  0.5 
 Prefactor (MHz): 533.551395 
 Raw A tensor (MHz): 
                  0          1          2    
      0      70.216183   3.588043  -2.029777
      1       3.586984  71.764823  -1.893878
      2      -2.028274  -1.894116  66.904996
 A Tensor eigenvectors:
                   0          1          2    
      0       0.383366   0.693889   0.609548
      1       0.063332  -0.678169   0.732172
      2       0.921422  -0.242086  -0.303932
 A Eigenvalues: 
                  0          1          2    
      0      65.930813  67.417770  75.537420
A(iso)  69.628667
 Nucleus: 15 H  
 Isotope: 1 
 Nuclear Spin:  0.5 
 Prefactor (MHz): 533.551395 
 Raw A tensor (MHz): 
                  0          1          2    
      0      69.842382   3.579265   2.036243
      1       3.578204  71.321095   1.909332
      2       2.034725   1.909568  66.493302
 A Tensor eigenvectors:
                   0          1          2    
      0      -0.374750   0.696407   0.612029
      1      -0.072941  -0.680236   0.729355
      2       0.924252   0.228684   0.305715
 A Eigenvalues: 
                  0          1          2    
      0      65.517482  67.015091  75.124206
A(iso)  69.218926
 Nucleus: 17 H  
 Isotope: 1 
 Nuclear Spin:  0.5 
 Prefactor (MHz): 533.551395 
 Raw A tensor (MHz): 
                  0          1          2    
      0      -2.333128  -1.969427  -0.620550
      1      -1.969171   1.843972   1.353488
      2      -0.619983   1.352366  -2.781319
 A Tensor eigenvectors:
                   0          1          2    
      0      -0.360574  -0.695353   0.621668
      1       0.898902  -0.436931   0.032654
      2       0.248920   0.570593   0.782600
 A Eigenvalues: 
                  0          1          2    
      0       3.007675  -3.060631  -3.217521
A(iso)  -1.090159
 Nucleus: 18 H  
 Isotope: 1 
 Nuclear Spin:  0.5 
 Prefactor (MHz): 533.551395 
 Raw A tensor (MHz): 
                  0          1          2    
      0      -2.323253  -1.985228   0.598125
      1      -1.984971   1.861242  -1.298852
      2       0.597568  -1.297738  -2.808601
 A Tensor eigenvectors:
                   0          1          2    
      0      -0.362673  -0.692888  -0.623197
      1       0.900825  -0.431948  -0.043988
      2      -0.238710  -0.577345   0.780827
 A Eigenvalues: 
                  0          1          2    
      0       3.003708  -3.061766  -3.212554
A(iso)  -1.090204
 Nucleus: 20 H  
 Isotope: 1 
 Nuclear Spin:  0.5 
 Prefactor (MHz): 533.551395 
 Raw A tensor (MHz): 
                  0          1          2    
      0       0.043175   0.300745   0.105381
      1       0.301099   2.133053   0.379962
      2       0.105529   0.379769   0.061614
 A Tensor eigenvectors:
                   0          1          2    
      0      -0.623661   0.768789  -0.141458
      1       0.226007   0.004104  -0.974117
      2      -0.748310  -0.639489  -0.176311
 A Eigenvalues: 
                  0          1          2    
      0       0.045360  -0.053034   2.245516
A(iso)  0.745947
 Nucleus: 21 H  
 Isotope: 1 
 Nuclear Spin:  0.5 
 Prefactor (MHz): 533.551395 
 Raw A tensor (MHz): 
                  0          1          2    
      0       0.042074   0.297104  -0.103141
      1       0.297459   2.141650  -0.363970
      2      -0.103285  -0.363777   0.058060
 A Tensor eigenvectors:
                   0          1          2    
      0       0.580400  -0.802317   0.139369
      1      -0.218613   0.011349   0.975746
      2      -0.784439  -0.596791  -0.168810
 A Eigenvalues: 
                  0          1          2    
      0       0.045996  -0.051286   2.247074
A(iso)  0.747261
 Nucleus: 23 H  
 Isotope: 1 
 Nuclear Spin:  0.5 
 Prefactor (MHz): 533.551395 
 Raw A tensor (MHz): 
                  0          1          2    
      0      25.056567  -1.504909   0.893506
      1      -1.504427  25.222485  -0.489079
      2       0.892884  -0.489239  23.815411
 A Tensor eigenvectors:
                   0          1          2    
      0       0.608758   0.414810   0.676273
      1       0.283364   0.682510  -0.673710
      2      -0.741025   0.601758   0.297941
 A Eigenvalues: 
                  0          1          2    
      0      23.268814  23.876547  26.949102
A(iso)  24.698154
 Nucleus: 24 H  
 Isotope: 1 
 Nuclear Spin:  0.5 
 Prefactor (MHz): 533.551395 
 Raw A tensor (MHz): 
                  0          1          2    
      0      25.104494  -1.499557  -0.903938
      1      -1.499079  25.273015   0.498868
      2      -0.903313   0.499028  23.878935
 A Tensor eigenvectors:
                   0          1          2    
      0      -0.611127   0.412932   0.675286
      1      -0.280394   0.684876  -0.672550
      2      -0.740205  -0.600360  -0.302763
 A Eigenvalues: 
                  0          1          2    
      0      23.322006  23.931498  27.002940
A(iso)  24.752148
 Nucleus: 26 H  
 Isotope: 1 
 Nuclear Spin:  0.5 
 Prefactor (MHz): 533.551395 
 Raw A tensor (MHz): 
                  0          1          2    
      0      -0.811740   0.373744   0.092722
      1       0.373273   0.734120   0.390136
      2       0.092485   0.389889  -0.929303
 A Tensor eigenvectors:
                   0          1          2    
      0       0.973082   0.218406  -0.073548
      1      -0.228993   0.952255  -0.201923
      2       0.025935   0.213330   0.976636
 A Eigenvalues: 
                  0          1          2    
      0      -0.897174   0.907129  -1.016879
A(iso)  -0.335641
 Nucleus: 27 H  
 Isotope: 1 
 Nuclear Spin:  0.5 
 Prefactor (MHz): 533.551395 
 Raw A tensor (MHz): 
                  0          1          2    
      0      -0.814342   0.373334  -0.091619
      1       0.372862   0.736985  -0.383512
      2      -0.091384  -0.383264  -0.934520
 A Tensor eigenvectors:
                   0          1          2    
      0       0.972838   0.217746   0.078570
      1      -0.229258   0.953272   0.196758
      2      -0.032055  -0.209426   0.977299
 A Eigenvalues: 
                  0          1          2    
      0      -0.899282   0.906433  -1.019029
A(iso)  -0.337292
 Nucleus: 29 H  
 Isotope: 1 
 Nuclear Spin:  0.5 
 Prefactor (MHz): 533.551395 
 Raw A tensor (MHz): 
                  0          1          2    
      0      -0.044156  -0.264906   0.056840
      1      -0.265068   0.697665  -0.121120
