-------------------------------------------------------------
----------------------- !PROPERTIES! ------------------------
-------------------------------------------------------------
# -----------------------------------------------------------
$ PAL_Flags
   description: The PAL Flags
   geom. index: 1
   prop. index: 1
        Diskflag:     2
# -----------------------------------------------------------
$ SCF_Energy
   description: The SCF energy
   geom. index: 1
   prop. index: 1
        SCF Energy:    -1312.1276332229
# -----------------------------------------------------------
$ DFT_Energy
   description: The DFT energy
   geom. index: 1
   prop. index: 1
   Number of Alpha Electrons                117.0001838270 
   Number of Beta  Electrons                116.0001679050 
   Total number of  Electrons               233.0003517320 
   Exchange energy                         -147.7287982049 
   Correlation energy                        -9.1243275853 
   Correlation energy NL                      0.0000000000 
   Exchange-Correlation energy             -156.8531257902 
   Embedding correction                       0.0000000000 
   Total DFT Energy (No VdW correction)   -1312.1276332229 
# -----------------------------------------------------------
$ Mayer_Pop
   description: The Mayer population analysis
   geom. index: 1
   prop. index: 1
     Number of atoms                     : 63
     Threshold for printing              : 0.1000000
     Number of bond orders printed       : 74
  NA   - Mulliken gross atomic population
  ZA   - Total nuclear charge
  QA   - Mulliken gross atomic charge
  VA   - Mayer's total valence
  BVA  - Mayer's bonded valence
  FA   - Mayer's free valence
  ATOM       NA         ZA         QA         VA         BVA        FA
  0   0     6.4408     6.0000    -0.4408     3.7294     3.7235     0.0059
  1   0     6.3832     6.0000    -0.3832     3.5210     3.5188     0.0022
  2   0     6.3863     6.0000    -0.3863     3.5134     3.5128     0.0006
  3   0     5.4920     6.0000     0.5080     3.8228     3.7893     0.0335
  4   0     5.6210     6.0000     0.3790     3.9701     3.9557     0.0144
  5   0     6.4517     6.0000    -0.4517     4.2221     4.1868     0.0353
  6   0     5.4310     6.0000     0.5690     3.8627     3.8558     0.0069
  7   0     5.7603     6.0000     0.2397     3.9386     3.9020     0.0366
  8   0     6.3912     6.0000    -0.3912     4.3097     4.3018     0.0079
  9   0     0.8688     1.0000     0.1312     0.9662     0.9660     0.0002
 10   0     0.8672     1.0000     0.1328     0.9665     0.9665     0.0000
 11   0     6.2619     6.0000    -0.2619     3.9845     3.6152     0.3693
 12   0     0.8751     1.0000     0.1249     0.9836     0.9820     0.0016
 13   0     6.2695     6.0000    -0.2695     3.9677     3.9663     0.0014
 14   0     0.8493     1.0000     0.1507     0.9645     0.9635     0.0010
 15   0     0.8494     1.0000     0.1506     0.9645     0.9635     0.0010
 16   0     6.2828     6.0000    -0.2828     3.9017     3.9017     0.0000
 17   0     0.8473     1.0000     0.1527     0.9641     0.9641     0.0000
 18   0     0.8474     1.0000     0.1526     0.9642     0.9642     0.0000
 19   0     6.5073     6.0000    -0.5073     3.9069     3.9069     0.0000
 20   0     0.8424     1.0000     0.1576     0.9658     0.9658     0.0000
 21   0     0.8424     1.0000     0.1576     0.9658     0.9658     0.0000
 22   0     6.3533     6.0000    -0.3533     4.0255     4.0253     0.0002
 23   0     0.8500     1.0000     0.1500     0.9634     0.9633     0.0001
 24   0     0.8499     1.0000     0.1501     0.9634     0.9633     0.0001
 25   0     6.2686     6.0000    -0.2686     4.0310     4.0310     0.0000
 26   0     0.8604     1.0000     0.1396     0.9668     0.9668     0.0000
 27   0     0.8603     1.0000     0.1397     0.9668     0.9668     0.0000
 28   0     6.2542     6.0000    -0.2542     3.8907     3.8907     0.0000
 29   0     0.8584     1.0000     0.1416     0.9676     0.9676     0.0000
 30   0     0.8584     1.0000     0.1416     0.9676     0.9676     0.0000
 31   0     6.5086     6.0000    -0.5086     3.9021     3.9021     0.0000
 32   0     0.8419     1.0000     0.1581     0.9657     0.9657     0.0000
 33   0     0.8419     1.0000     0.1581     0.9657     0.9657     0.0000
 34   0     6.4259     6.0000    -0.4259     3.7533     3.7521     0.0012
 35   0     0.8546     1.0000     0.1454     0.9674     0.9674     0.0000
 36   0     0.8568     1.0000     0.1432     0.9671     0.9671     0.0000
 37   0     5.3357     6.0000     0.6643     3.8819     3.8818     0.0001
 38   0     6.2617     6.0000    -0.2617     4.1777     4.1776     0.0001
 39   0     6.2578     6.0000    -0.2578     4.1920     4.1920     0.0000
 40   0     5.3832     6.0000     0.6168     3.7440     3.7439     0.0001
 41   0     6.2632     6.0000    -0.2632     4.2048     4.2048     0.0000
 42   0     6.2507     6.0000    -0.2507     4.1664     4.1663     0.0001
 43   0     0.8145     1.0000     0.1855     0.9757     0.9757     0.0000
 44   0     0.8780     1.0000     0.1220     0.9597     0.9597     0.0000
 45   0     0.8791     1.0000     0.1209     0.9611     0.9611     0.0000
 46   0     0.8795     1.0000     0.1205     0.9609     0.9609     0.0000
 47   0     0.8778     1.0000     0.1222     0.9597     0.9597     0.0000
 48   0     5.3274     6.0000     0.6726     3.8739     3.8736     0.0003
 49   0     6.2596     6.0000    -0.2596     4.1777     4.1772     0.0005
 50   0     6.2597     6.0000    -0.2597     4.2014     4.2012     0.0002
 51   0     5.3880     6.0000     0.6120     3.7487     3.7481     0.0006
 52   0     6.2596     6.0000    -0.2596     4.1933     4.1931     0.0002
 53   0     6.2570     6.0000    -0.2570     4.1804     4.1799     0.0005
 54   0     0.8149     1.0000     0.1851     0.9759     0.9759     0.0000
 55   0     0.8783     1.0000     0.1217     0.9597     0.9597     0.0000
 56   0     0.8825     1.0000     0.1175     0.9616     0.9616     0.0000
 57   0     0.8797     1.0000     0.1203     0.9613     0.9613     0.0000
 58   0     0.8784     1.0000     0.1216     0.9597     0.9597     0.0000
 59   0     6.0605     6.0000    -0.0605     3.9144     3.9144     0.0000
 60   0     6.5011     6.0000    -0.5011     3.9082     3.9080     0.0002
 61   0     6.0612     6.0000    -0.0612     3.9145     3.9145     0.0000
 62   0     6.4996     6.0000    -0.4996     3.9078     3.9078     0.0000
      Bond orders larger than 0.1000000
           Atom A     A.N. of A          Atom B    A.N. of B              Bond order
                0             6               1            6                2.271417
                0             6               3            6                0.107430
                0             6              48            6                0.975352
                1             6               3            6                0.775258
                2             6               6            6                0.732026
                2             6              34            6                2.327004
                3             6               4            6                1.287897
                3             6               7            6                0.111426
                3             6               8            6                1.438521
                4             6               5            6                1.221056
                4             6               6            6                0.119479
                4             6              11            6                1.298955
                5             6               6            6                1.499191
                5             6               9            1                0.968932
                6             6               7            6                1.345776
                6             6               8            6                0.109160
                6             6              34            6                0.105466
                7             6               8            6                1.415749
                7             6              22            6                0.964562
                8             6              10            1                0.970954
               11             6              12            1                0.982663
               11             6              13            6                1.000479
               13             6              14            1                0.954768
               13             6              15            1                0.954757
               13             6              16            6                0.982445
               16             6              17            1                0.971893
               16             6              18            1                0.971876
               16             6              19            6                0.962219
               19             6              20            1                0.972673
               19             6              21            1                0.972677
               19             6              35            1                0.966975
               22             6              23            1                0.954309
               22             6              24            1                0.954668
               22             6              25            6                1.025426
               25             6              26            1                0.960617
               25             6              27            1                0.960713
               25             6              28            6                0.988279
               28             6              29            1                0.970992
               28             6              30            1                0.970996
               28             6              31            6                0.954865
               31             6              32            1                0.972999
               31             6              33            1                0.973011
               31             6              36            1                0.966840
               34             6              37            6                0.959176
               37             6              38            6                1.382694
               37             6              39            6                0.108189
               37             6              41            6                0.106642
               37             6              42            6                1.375489
               38             6              39            6                1.496033
               38             6              45            1                0.976999
               39             6              40            6                1.367435
               39             6              47            1                0.974266
               40             6              41            6                1.371310
               40             6              61            6                0.915093
               41             6              42            6                1.497812
               41             6              44            1                0.975311
               42             6              46            1                0.976091
               43             1              62            6                0.981599
               48             6              49            6                1.372106
               48             6              50            6                0.106092
               48             6              52            6                0.106992
               48             6              53            6                1.369273
               49             6              50            6                1.500136
               49             6              56            1                0.976847
               50             6              51            6                1.368345
               50             6              58            1                0.975145
               51             6              52            6                1.366786
               51             6              59            6                0.917386
               52             6              53            6                1.498712
               52             6              55            1                0.974370
               53             6              57            1                0.977326
               54             1              60            6                0.981807
               59             6              60            6                2.778154
               61             6              62            6                2.780120
# -----------------------------------------------------------
$ Calculation_Info
   description: Details of the calculation
   geom. index: 1
   prop. index: 1
     Multiplicity:                          2
     Charge:                                0
     number of atoms:                       63
     number of electrons:                   0
     number of frozen core electrons:       1
     number of correlated electrons:        0
     number of basis functions:             781
     number of aux C basis functions:       5522
     number of aux J basis functions:       5522
     number of aux JK basis functions:      5522
     number of aux CABS basis functions:    0
     Total Energy                           -1312.127633
# -----------------------------------------------------------
$ SCF_Electric_Properties
   description: The SCF Calculated Electric Properties
   geom. index: 1
   prop. index: 1
       Filename                          : EPRII.scfp 
       Do Dipole Moment Calculation      : true 
       Do Quadrupole Moment Calculation  : false 
       Do Polarizability Calculation     : false 
** Dipole moment part of electric properties **
        Magnitude of dipole moment (Debye) :        0.4726846494
        Electronic Contribution:
                  0    
      0       0.382208
      1      -1.979385
      2       0.003729
        Nuclear Contribution:
                  0    
      0      -0.559269
      1       1.922532
      2      -0.003895
        Total Dipole moment:
                  0    
      0      -0.177061
      1      -0.056853
      2      -0.000166
# -----------------------------------------------------------
$ EPRNMR_GTensor
   description: Electronic g tensor
   geom. index: 1
   prop. index: 1
 Source density: 1 SCF 
 Spin multiplicity: 2 
 raw g tensor: 
                  0          1          2    
      0       2.002784  -0.000114  -0.000001
      1      -0.000053   2.002768   0.000002
      2      -0.000000   0.000002   2.002155
 g tensor: 
                  0          1          2    
      0       0.000248   0.673159  -0.739498
      1      -0.003420   0.739494   0.673154
      2       0.999994   0.002362   0.002486
 G eigenvalues: 
                  0          1          2    
      0       2.002155   2.002692   2.002860
# -----------------------------------------------------------
$ EPRNMR_OrbitalShielding
   description: Orbital contribution to the NMR Shielding tensor (ppm)
   geom. index: 1
   prop. index: 1
 Number of stored nuclei 29
 Source density: 1 SCF 
 Nucleus: 9 H 
 Shielding tensor (ppm): 
                  0          1          2    
      0      27.592077  -5.807963  -0.022032
      1      -5.261043  26.413583   0.023170
      2      -0.021742   0.023963  19.167726
 P Tensor eigenvectors:
                   0          1          2    
      0       0.000915   0.672388  -0.740198
      1      -0.002542   0.740198   0.672384
      2       0.999996   0.001267   0.002387
 P Eigenvalues: 
                  0          1          2    
      0      19.167646  21.437337  32.568404
P(iso)  24.391129
 Nucleus: 10 H 
 Shielding tensor (ppm): 
                  0          1          2    
      0      28.425548  -5.975098  -0.020242
      1      -5.775621  26.190570   0.022266
      2      -0.022133   0.022101  18.918894
 P Tensor eigenvectors:
                   0          1          2    
      0       0.000660   0.639040  -0.769173
      1      -0.002503   0.769172   0.639037
      2       0.999997   0.001503   0.002107
 P Eigenvalues: 
                  0          1          2    
      0      18.918824  21.327416  33.288772
P(iso)  24.511670
 Nucleus: 12 H 
 Shielding tensor (ppm): 
                  0          1          2    
      0      23.529487   2.812922   0.008140
      1       1.909061  32.589121   0.038489
      2       0.004764   0.040117  19.633052
 P Tensor eigenvectors:
                   0          1          2    
      0       0.000195  -0.973167  -0.230101
      1      -0.003053   0.230100  -0.973162
      2       0.999995   0.000892  -0.002926
 P Eigenvalues: 
                  0          1          2    
      0      19.632933  22.951787  33.166940
P(iso)  25.250553
 Nucleus: 14 H 
 Shielding tensor (ppm): 
                  0          1          2    
      0      29.193731  -1.333914  -3.236628
      1      -0.604236  30.575478  -0.324270
      2      -4.050637  -1.294814  27.610800
 P Tensor eigenvectors:
                   0          1          2    
      0       0.615807   0.020598  -0.787628
      1       0.186855   0.967321   0.171390
      2       0.765419  -0.252715   0.591835
 P Eigenvalues: 
                  0          1          2    
      0      24.425149  30.780665  32.174196
P(iso)  29.126670
 Nucleus: 15 H 
 Shielding tensor (ppm): 
                  0          1          2    
      0      29.205622  -1.356777   3.225412
      1      -0.632085  30.565425   0.341537
      2       4.044567   1.314336  27.607994
 P Tensor eigenvectors:
                   0          1          2    
      0      -0.614571   0.023254  -0.788518
      1      -0.191759   0.965180   0.177921
      2       0.765200   0.260550  -0.588713
 P Eigenvalues: 
                  0          1          2    
      0      24.423954  30.779745  32.175343
P(iso)  29.126347
 Nucleus: 17 H 
 Shielding tensor (ppm): 
                  0          1          2    
      0      31.108286   0.952632  -4.496583
      1       0.490203  30.249982  -0.446794
      2      -4.346591   0.849317  28.168244
 P Tensor eigenvectors:
                   0          1          2    
      0       0.587508   0.033306   0.808533
      1      -0.097686  -0.988927   0.111719
      2       0.803301  -0.144618  -0.577749
 P Eigenvalues: 
                  0          1          2    
      0      24.915022  30.260035  34.351455
P(iso)  29.842171
 Nucleus: 18 H 
 Shielding tensor (ppm): 
                  0          1          2    
      0      31.126120   0.923756   4.499206
      1       0.463014  30.253403   0.458075
      2       4.346343  -0.835373  28.147155
 P Tensor eigenvectors:
                   0          1          2    
      0      -0.585934   0.033791   0.809654
      1       0.092460  -0.989818   0.108222
      2       0.805067   0.138271   0.576843
 P Eigenvalues: 
                  0          1          2    
      0      24.912094  30.260715  34.353868
P(iso)  29.842226
 Nucleus: 20 H 
 Shielding tensor (ppm): 
                  0          1          2    
      0      30.233446   1.637749   3.937505
      1       2.366822  31.025873   2.582448
      2       3.209266   2.167768  30.861615
 P Tensor eigenvectors:
                   0          1          2    
      0       0.727438   0.383972   0.568682
      1       0.043562  -0.852944   0.520182
      2      -0.684789   0.353627   0.637190
 P Eigenvalues: 
                  0          1          2    
      0      26.954613  29.114607  36.051714
P(iso)  30.706978
 Nucleus: 21 H 
 Shielding tensor (ppm): 
                  0          1          2    
      0      30.218302   1.659518  -3.924120
      1       2.382526  31.056370  -2.587588
      2      -3.190822  -2.169922  30.845767
 P Tensor eigenvectors:
                   0          1          2    
      0       0.728886   0.383304  -0.567277
      1       0.039144  -0.850559  -0.524420
      2       0.683515  -0.360037   0.634965
 P Eigenvalues: 
                  0          1          2    
      0      26.956073  29.113123  36.051244
P(iso)  30.706813
 Nucleus: 23 H 
 Shielding tensor (ppm): 
                  0          1          2    
      0      29.401400   2.037373   3.331063
      1       1.353663  31.170435   0.142388
      2       4.503006  -0.982601  25.830271
 P Tensor eigenvectors:
                   0          1          2    
      0      -0.544044  -0.457468  -0.703377
      1       0.146638   0.773555  -0.616531
      2       0.826144  -0.438562  -0.353766
 P Eigenvalues: 
                  0          1          2    
      0      23.108691  30.429877  32.863537
P(iso)  28.800702
 Nucleus: 24 H 
 Shielding tensor (ppm): 
                  0          1          2    
      0      29.378261   2.046473  -3.323041
      1       1.373663  31.156769  -0.118557
      2      -4.497599   1.012182  25.871333
 P Tensor eigenvectors:
                   0          1          2    
      0       0.546669  -0.454533  -0.703244
      1      -0.151378   0.772363  -0.616880
      2       0.823552   0.443685   0.353421
 P Eigenvalues: 
                  0          1          2    
      0      23.125118  30.431586  32.849658
P(iso)  28.802121
 Nucleus: 26 H 
 Shielding tensor (ppm): 
                  0          1          2    
      0      30.636736  -0.867841   3.807189
      1      -0.723937  31.412385   0.118133
      2       3.745931   1.346144  27.923149
 P Tensor eigenvectors:
                   0          1          2    
      0      -0.572046   0.013457  -0.820111
      1      -0.155574   0.979935   0.124597
      2       0.805332   0.198863  -0.558474
 P Eigenvalues: 
                  0          1          2    
      0      25.090841  31.558828  33.322602
P(iso)  29.990757
 Nucleus: 27 H 
 Shielding tensor (ppm): 
                  0          1          2    
      0      30.618016  -0.850042  -3.813647
      1      -0.704308  31.420234  -0.099562
      2      -3.751199  -1.329340  27.938660
 P Tensor eigenvectors:
                   0          1          2    
      0       0.574024   0.012033  -0.818750
      1       0.151764   0.981005   0.120819
      2       0.804651  -0.193610   0.561294
 P Eigenvalues: 
                  0          1          2    
      0      25.097682  31.560282  33.318946
P(iso)  29.992303
 Nucleus: 29 H 
 Shielding tensor (ppm): 
                  0          1          2    
      0      31.036504   0.379217   4.649328
      1       0.130215  30.986393  -0.545585
      2       4.259967  -1.293165  28.235948
 P Tensor eigenvectors:
                   0          1          2    
      0      -0.584419  -0.165750   0.794343
      1       0.137212  -0.985005  -0.104584
      2       0.799767   0.047872   0.598399
 P Eigenvalues: 
                  0          1          2    
      0      24.837422  31.080650  34.340773
P(iso)  30.086281
 Nucleus: 30 H 
 Shielding tensor (ppm): 
                  0          1          2    
      0      31.013365   0.401890  -4.651882
      1       0.150810  30.976775   0.558481
      2      -4.262070   1.307614  28.268410
 P Tensor eigenvectors:
                   0          1          2    
      0       0.586388  -0.166561   0.792721
      1      -0.141110  -0.984672  -0.102511
      2       0.797644  -0.051749  -0.600904
 P Eigenvalues: 
                  0          1          2    
      0      24.841105  31.079441  34.338005
P(iso)  30.086183
 Nucleus: 32 H 
 Shielding tensor (ppm): 
                  0          1          2    
      0      30.451380   1.667362  -4.062646
      1       2.539007  30.801719  -2.282510
      2      -3.366279  -1.915509  30.757773
 P Tensor eigenvectors:
                   0          1          2    
      0       0.731650   0.315686  -0.604178
      1      -0.027804  -0.871749  -0.489163
      2       0.681113  -0.374695   0.629038
 P Eigenvalues: 
                  0          1          2    
      0      26.885618  29.110545  36.014710
P(iso)  30.670291
 Nucleus: 33 H 
 Shielding tensor (ppm): 
                  0          1          2    
      0      30.471878   1.653070   4.073102
      1       2.529008  30.782337   2.275462
      2       3.380879   1.911102  30.756912
 P Tensor eigenvectors:
                   0          1          2    
      0       0.729726   0.316743   0.605949
      1      -0.024472  -0.873560   0.486100
      2      -0.683302   0.369549   0.629708
 P Eigenvalues: 
                  0          1          2    
      0      26.883744  29.111545  36.015838
P(iso)  30.670375
 Nucleus: 35 H 
 Shielding tensor (ppm): 
                  0          1          2    
      0      29.564830  -2.329698  -0.011308
      1      -3.719653  36.035942   0.037761
      2      -0.016224   0.036748  25.655329
 P Tensor eigenvectors:
                   0          1          2    
      0       0.000958  -0.926251   0.376905
      1      -0.003307  -0.376906  -0.926246
      2       0.999994  -0.000359  -0.003424
 P Eigenvalues: 
                  0          1          2    
      0      25.655192  28.372217  37.228691
P(iso)  30.418700
 Nucleus: 36 H 
 Shielding tensor (ppm): 
                  0          1          2    
      0      28.967902  -1.754318  -0.007916
      1      -3.020755  36.697938   0.029857
      2      -0.010806   0.028260  25.671535
 P Tensor eigenvectors:
                   0          1          2    
      0       0.001106  -0.959290   0.282422
      1      -0.002398  -0.282424  -0.959287
      2       0.999997   0.000384  -0.002612
 P Eigenvalues: 
                  0          1          2    
      0      25.671455  28.290782  37.375138
P(iso)  30.445792
 Nucleus: 43 H 
 Shielding tensor (ppm): 
                  0          1          2    
      0      35.836197   0.012166  -0.001974
      1       0.012810  25.412382   0.000895
      2      -0.001949   0.000987  24.413874
 P Tensor eigenvectors:
                   0          1          2    
      0       0.000173  -0.001193  -0.999999
      1      -0.000943   0.999999  -0.001193
      2       1.000000   0.000944   0.000172
 P Eigenvalues: 
                  0          1          2    
      0      24.413872  25.412367  35.836212
P(iso)  28.554151
 Nucleus: 44 H 
 Shielding tensor (ppm): 
                  0          1          2    
      0      27.538319   3.321899   0.001503
      1       2.145573  24.238873   0.003377
      2       0.000548   0.002961  20.538884
 P Tensor eigenvectors:
                   0          1          2    
      0       0.000267  -0.501449  -0.865187
      1      -0.001053   0.865187  -0.501449
      2       0.999999   0.001045  -0.000297
 P Eigenvalues: 
                  0          1          2    
      0      20.538881  22.696477  29.080718
P(iso)  24.105358
 Nucleus: 45 H 
 Shielding tensor (ppm): 
                  0          1          2    
      0      27.938336   3.194271  -0.000278
      1       2.301301  24.403473   0.004167
      2      -0.002218   0.003478  20.139479
 P Tensor eigenvectors:
                   0          1          2    
      0       0.000608  -0.486544  -0.873656
      1      -0.001296   0.873655  -0.486545
      2       0.999999   0.001428  -0.000099
 P Eigenvalues: 
                  0          1          2    
      0      20.139474  22.904255  29.437560
P(iso)  24.160429
 Nucleus: 46 H 
 Shielding tensor (ppm): 
                  0          1          2    
      0      28.560255  -2.699268  -0.001775
      1      -1.905896  24.036325   0.006345
      2       0.000059   0.004101  19.803820
 P Tensor eigenvectors:
                   0          1          2    
      0      -0.000259   0.393734  -0.919225
      1      -0.001402   0.919224   0.393734
      2       0.999999   0.001391   0.000314
 P Eigenvalues: 
                  0          1          2    
      0      19.803813  23.070913  29.525674
P(iso)  24.133467
 Nucleus: 47 H 
 Shielding tensor (ppm): 
                  0          1          2    
      0      27.348594  -3.181306  -0.003808
      1      -2.027378  24.327747   0.003686
      2      -0.003667   0.003712  20.600314
 P Tensor eigenvectors:
                   0          1          2    
      0       0.000226   0.508794  -0.860888
      1      -0.000831   0.860888   0.508794
      2       1.000000   0.000600   0.000617
 P Eigenvalues: 
                  0          1          2    
      0      20.600310  22.828278  28.848067
P(iso)  24.092219
 Nucleus: 54 H 
 Shielding tensor (ppm): 
                  0          1          2    
      0      35.790401   0.468213  -0.002929
      1       0.455474  25.447447   0.001361
      2      -0.003038   0.001532  24.428917
 P Tensor eigenvectors:
                   0          1          2    
      0       0.000326  -0.044624  -0.999004
      1      -0.001566   0.999003  -0.044624
      2       0.999999   0.001579   0.000255
 P Eigenvalues: 
                  0          1          2    
      0      24.428914  25.426868  35.810983
P(iso)  28.555588
 Nucleus: 55 H 
 Shielding tensor (ppm): 
                  0          1          2    
      0      27.604697  -3.075015  -0.007216
      1      -1.934464  24.094351   0.006217
      2      -0.006232   0.006428  20.627268
 P Tensor eigenvectors:
                   0          1          2    
      0       0.000410   0.471347  -0.881948
      1      -0.001524   0.881947   0.471345
      2       0.999999   0.001151   0.001080
 P Eigenvalues: 
                  0          1          2    
      0      20.627255  22.791782  28.907277
P(iso)  24.108772
 Nucleus: 56 H 
 Shielding tensor (ppm): 
                  0          1          2    
      0      28.541959  -2.557540  -0.005837
      1      -1.741173  24.094964   0.009466
      2      -0.003114   0.008331  19.927682
 P Tensor eigenvectors:
                   0          1          2    
      0      -0.000007   0.382017  -0.924155
      1      -0.002157   0.924153   0.382016
      2       0.999998   0.001996   0.000818
 P Eigenvalues: 
                  0          1          2    
      0      19.927663  23.226328  29.410615
P(iso)  24.188202
 Nucleus: 57 H 
 Shielding tensor (ppm): 
                  0          1          2    
      0      27.841486   3.173837   0.001115
      1       2.329971  24.568299   0.006385
      2      -0.001327   0.005571  20.165972
 P Tensor eigenvectors:
                   0          1          2    
      0       0.000636  -0.501374  -0.865230
      1      -0.001765   0.865229  -0.501375
      2       0.999998   0.001846  -0.000335
 P Eigenvalues: 
                  0          1          2    
      0      20.165962  23.003534  29.406261
P(iso)  24.191919
 Nucleus: 58 H 
 Shielding tensor (ppm): 
                  0          1          2    
      0      27.236894   3.409349   0.002725
      1       2.255239  24.528881   0.005905
      2       0.001087   0.005504  20.577772
 P Tensor eigenvectors:
                   0          1          2    
      0       0.000475  -0.542637  -0.839967
      1      -0.001779   0.839966  -0.542637
      2       0.999998   0.001753  -0.000566
 P Eigenvalues: 
                  0          1          2    
      0      20.577763  22.744372  29.021413
P(iso)  24.114516
# -----------------------------------------------------------
$ EPRNMR_ATensor
   description: Hyperfine A tensor
   geom. index: 1
   prop. index: 1
 Number of stored nuclei 29
 Source density: 1 SCF 
 Spin multiplicity: 2 
 Nucleus: 9 H  
 Isotope: 1 
 Nuclear Spin:  0.5 
 Prefactor (MHz): 533.551395 
 Raw A tensor (MHz): 
                  0          1          2    
      0     -15.733985   6.254959   0.018840
      1       6.257644 -13.264574   0.011302
      2       0.018849   0.011304 -17.337507
 A Tensor eigenvectors:
                   0          1          2    
      0       0.634956   0.000185   0.772548
      1       0.772545  -0.003060  -0.634953
      2       0.002246   0.999995  -0.002086
 A Eigenvalues: 
                  0          1          2    
      0      -8.122258 -17.337538 -20.876270
A(iso)  -15.445355
 Nucleus: 10 H  
 Isotope: 1 
 Nuclear Spin:  0.5 
 Prefactor (MHz): 533.551395 
 Raw A tensor (MHz): 
                  0          1          2    
      0       8.262698  -2.256747  -0.008669
      1      -2.257947   6.844880   0.008280
      2      -0.008673   0.008280   4.575910
 A Tensor eigenvectors:
                   0          1          2    
      0       0.000300   0.591742  -0.806127
      1      -0.003351   0.806123   0.591738
      2       0.999994   0.002523   0.002225
 A Eigenvalues: 
                  0          1          2    
      0       4.575880   5.187748   9.919860
A(iso)  6.561162
 Nucleus: 12 H  
 Isotope: 1 
 Nuclear Spin:  0.5 
 Prefactor (MHz): 533.551395 
 Raw A tensor (MHz): 
                  0          1          2    
      0     -19.980709   0.364491  -0.013849
      1       0.362796 -73.193040  -0.079825
      2      -0.013855  -0.079829 -48.402709
 A Tensor eigenvectors:
                   0          1          2    
      0       0.999976  -0.000528  -0.006848
      1       0.006850   0.003212   0.999971
      2      -0.000506  -0.999995   0.003216
 A Eigenvalues: 
                  0          1          2    
      0     -19.978217 -48.402459 -73.195781
A(iso)  -47.192152
 Nucleus: 14 H  
 Isotope: 1 
 Nuclear Spin:  0.5 
 Prefactor (MHz): 533.551395 
 Raw A tensor (MHz): 
                  0          1          2    
      0      72.263114   3.534269  -1.999184
      1       3.533210  73.721083  -1.864327
      2      -1.997686  -1.864563  68.908439
 A Tensor eigenvectors:
                   0          1          2    
      0       0.371263   0.697576   0.612823
      1       0.071840  -0.679596   0.730061
      2       0.925744  -0.227020  -0.302423
 A Eigenvalues: 
                  0          1          2    
      0      67.962479  69.470768  77.459389
A(iso)  71.630879
 Nucleus: 15 H  
 Isotope: 1 
 Nuclear Spin:  0.5 
 Prefactor (MHz): 533.551395 
 Raw A tensor (MHz): 
                  0          1          2    
      0      72.215890   3.522636   2.017542
      1       3.521584  73.641453   1.890703
      2       2.016036   1.890938  68.872385
 A Tensor eigenvectors:
                   0          1          2    
      0      -0.369593   0.698018   0.613329
      1      -0.078239  -0.681099   0.727999
      2       0.925894   0.221077   0.306341
 A Eigenvalues: 
                  0          1          2    
      0      67.907740  69.417853  77.404135
A(iso)  71.576576
 Nucleus: 17 H  
 Isotope: 1 
 Nuclear Spin:  0.5 
 Prefactor (MHz): 533.551395 
 Raw A tensor (MHz): 
                  0          1          2    
      0      -2.402796  -1.972457  -0.621808
      1      -1.972210   1.762910   1.351415
      2      -0.621247   1.350294  -2.864095
 A Tensor eigenvectors:
                   0          1          2    
      0      -0.361450  -0.710067   0.604283
      1       0.898684  -0.438000   0.022871
      2       0.248436   0.551327   0.796441
 A Eigenvalues: 
                  0          1          2    
      0       2.929261  -3.136458  -3.296785
A(iso)  -1.167994
 Nucleus: 18 H  
 Isotope: 1 
 Nuclear Spin:  0.5 
 Prefactor (MHz): 533.551395 
 Raw A tensor (MHz): 
                  0          1          2    
      0      -2.400663  -1.979801   0.607520
      1      -1.979553   1.780399  -1.316645
      2       0.606962  -1.315525  -2.883975
 A Tensor eigenvectors:
                   0          1          2    
      0       0.361990   0.709740  -0.604345
      1      -0.900292   0.434305  -0.029211
      2       0.241738   0.554661   0.796187
 A Eigenvalues: 
                  0          1          2    
      0       2.929421  -3.137133  -3.296527
A(iso)  -1.168080
 Nucleus: 20 H  
 Isotope: 1 
 Nuclear Spin:  0.5 
 Prefactor (MHz): 533.551395 
 Raw A tensor (MHz): 
                  0          1          2    
      0       0.089339   0.302352   0.110299
      1       0.302705   2.185553   0.382429
      2       0.110445   0.382237   0.108300
 A Tensor eigenvectors:
                   0          1          2    
      0       0.680682   0.718668  -0.142083
      1       0.033806  -0.224558  -0.973874
      2      -0.731798   0.658096  -0.177148
 A Eigenvalues: 
                  0          1          2    
      0      -0.013063   0.097008   2.299247
A(iso)  0.794398
 Nucleus: 21 H  
 Isotope: 1 
 Nuclear Spin:  0.5 
 Prefactor (MHz): 533.551395 
 Raw A tensor (MHz): 
                  0          1          2    
      0       0.089640   0.302053  -0.108353
      1       0.302406   2.191535  -0.369255
      2      -0.108497  -0.369062   0.104559
 A Tensor eigenvectors:
                   0          1          2    
      0      -0.682409  -0.717122   0.141613
      1      -0.028965   0.220109   0.975045
      2      -0.730396   0.661278  -0.170976
 A Eigenvalues: 
                  0          1          2    
      0      -0.012394   0.097955   2.300173
A(iso)  0.795245
 Nucleus: 23 H  
 Isotope: 1 
 Nuclear Spin:  0.5 
 Prefactor (MHz): 533.551395 
 Raw A tensor (MHz): 
                  0          1          2    
      0      25.781994  -1.490697   0.889589
      1      -1.490210  25.940979  -0.485977
      2       0.888963  -0.486133  24.536552
 A Tensor eigenvectors:
                   0          1          2    
      0       0.603623   0.421150   0.676958
      1       0.276035   0.686184  -0.673021
      2      -0.747960   0.593115   0.297944
 A Eigenvalues: 
                  0          1          2    
      0      23.998385  24.605913  27.655226
A(iso)  25.419841
 Nucleus: 24 H  
 Isotope: 1 
 Nuclear Spin:  0.5 
 Prefactor (MHz): 533.551395 
 Raw A tensor (MHz): 
                  0          1          2    
      0      25.849312  -1.484663  -0.901666
      1      -1.484181  26.011445   0.497130
      2      -0.901039   0.497286  24.621718
 A Tensor eigenvectors:
                   0          1          2    
      0      -0.606405   0.418986   0.675813
      1      -0.272631   0.688840  -0.671694
      2      -0.746957  -0.591566  -0.303487
 A Eigenvalues: 
                  0          1          2    
      0      24.071565  24.681393  27.729518
A(iso)  25.494158
 Nucleus: 26 H  
 Isotope: 1 
 Nuclear Spin:  0.5 
 Prefactor (MHz): 533.551395 
 Raw A tensor (MHz): 
                  0          1          2    
      0      -0.819903   0.375509   0.093778
      1       0.375035   0.723807   0.394434
      2       0.093538   0.394188  -0.942785
 A Tensor eigenvectors:
                   0          1          2    
      0       0.219729   0.973065   0.069745
      1       0.951587  -0.229532   0.204441
      2       0.214943   0.021447  -0.976391
 A Eigenvalues: 
                  0          1          2    
      0       0.899360  -0.906236  -1.032004
A(iso)  -0.346294
 Nucleus: 27 H  
 Isotope: 1 
 Nuclear Spin:  0.5 
 Prefactor (MHz): 533.551395 
 Raw A tensor (MHz): 
                  0          1          2    
      0      -0.822456   0.375361  -0.092464
      1       0.374886   0.727677  -0.386619
      2      -0.092226  -0.386372  -0.948558
 A Tensor eigenvectors:
                   0          1          2    
      0       0.219156   0.972816  -0.074832
      1       0.952749  -0.229906  -0.198524
      2      -0.210332  -0.027789  -0.977235
 A Eigenvalues: 
                  0          1          2    
      0       0.899137  -0.908361  -1.034113
A(iso)  -0.347779
 Nucleus: 29 H  
 Isotope: 1 
 Nuclear Spin:  0.5 
 Prefactor (MHz): 533.551395 
 Raw A tensor (MHz): 
                  0          1          2    
      0      -0.036560  -0.266083   0.059038
      1      -0.266247   0.713688  -0.122878
