-------------------------------------------------------------
----------------------- !PROPERTIES! ------------------------
-------------------------------------------------------------
# -----------------------------------------------------------
$ PAL_Flags
   description: The PAL Flags
   geom. index: 1
   prop. index: 1
        Diskflag:     2
# -----------------------------------------------------------
$ SCF_Energy
   description: The SCF energy
   geom. index: 1
   prop. index: 1
        SCF Energy:    -1312.1290538975
# -----------------------------------------------------------
$ DFT_Energy
   description: The DFT energy
   geom. index: 1
   prop. index: 1
   Number of Alpha Electrons                117.0001788499 
   Number of Beta  Electrons                116.0001639370 
   Total number of  Electrons               233.0003427869 
   Exchange energy                         -147.7210489489 
   Correlation energy                        -9.1225342792 
   Correlation energy NL                      0.0000000000 
   Exchange-Correlation energy             -156.8435832281 
   Embedding correction                       0.0000000000 
   Total DFT Energy (No VdW correction)   -1312.1290538975 
# -----------------------------------------------------------
$ Mayer_Pop
   description: The Mayer population analysis
   geom. index: 1
   prop. index: 1
     Number of atoms                     : 63
     Threshold for printing              : 0.1000000
     Number of bond orders printed       : 74
  NA   - Mulliken gross atomic population
  ZA   - Total nuclear charge
  QA   - Mulliken gross atomic charge
  VA   - Mayer's total valence
  BVA  - Mayer's bonded valence
  FA   - Mayer's free valence
  ATOM       NA         ZA         QA         VA         BVA        FA
  0   0     6.4402     6.0000    -0.4402     3.7280     3.7220     0.0060
  1   0     6.3794     6.0000    -0.3794     3.5225     3.5203     0.0022
  2   0     6.3828     6.0000    -0.3828     3.5146     3.5140     0.0006
  3   0     5.4982     6.0000     0.5018     3.8139     3.7802     0.0337
  4   0     5.6250     6.0000     0.3750     3.9628     3.9481     0.0147
  5   0     6.4468     6.0000    -0.4468     4.2136     4.1780     0.0356
  6   0     5.4359     6.0000     0.5641     3.8536     3.8466     0.0070
  7   0     5.7677     6.0000     0.2323     3.9344     3.8976     0.0368
  8   0     6.3861     6.0000    -0.3861     4.2996     4.2916     0.0080
  9   0     0.8670     1.0000     0.1330     0.9655     0.9653     0.0002
 10   0     0.8654     1.0000     0.1346     0.9660     0.9660     0.0000
 11   0     6.2652     6.0000    -0.2652     3.9788     3.6048     0.3740
 12   0     0.8736     1.0000     0.1264     0.9833     0.9817     0.0016
 13   0     6.2732     6.0000    -0.2732     3.9631     3.9618     0.0013
 14   0     0.8467     1.0000     0.1533     0.9638     0.9629     0.0009
 15   0     0.8469     1.0000     0.1531     0.9639     0.9630     0.0009
 16   0     6.2904     6.0000    -0.2904     3.9008     3.9008     0.0000
 17   0     0.8445     1.0000     0.1555     0.9634     0.9634     0.0000
 18   0     0.8447     1.0000     0.1553     0.9635     0.9635     0.0000
 19   0     6.5101     6.0000    -0.5101     3.9060     3.9060     0.0000
 20   0     0.8403     1.0000     0.1597     0.9652     0.9652     0.0000
 21   0     0.8403     1.0000     0.1597     0.9652     0.9652     0.0000
 22   0     6.3564     6.0000    -0.3564     4.0217     4.0215     0.0002
 23   0     0.8474     1.0000     0.1526     0.9627     0.9626     0.0001
 24   0     0.8473     1.0000     0.1527     0.9626     0.9625     0.0001
 25   0     6.2739     6.0000    -0.2739     4.0261     4.0261     0.0000
 26   0     0.8575     1.0000     0.1425     0.9662     0.9662     0.0000
 27   0     0.8574     1.0000     0.1426     0.9661     0.9661     0.0000
 28   0     6.2629     6.0000    -0.2629     3.8899     3.8899     0.0000
 29   0     0.8554     1.0000     0.1446     0.9669     0.9669     0.0000
 30   0     0.8554     1.0000     0.1446     0.9669     0.9669     0.0000
 31   0     6.5113     6.0000    -0.5113     3.9016     3.9016     0.0000
 32   0     0.8398     1.0000     0.1602     0.9651     0.9651     0.0000
 33   0     0.8398     1.0000     0.1602     0.9651     0.9651     0.0000
 34   0     6.4255     6.0000    -0.4255     3.7535     3.7522     0.0013
 35   0     0.8530     1.0000     0.1470     0.9670     0.9670     0.0000
 36   0     0.8552     1.0000     0.1448     0.9668     0.9668     0.0000
 37   0     5.3429     6.0000     0.6571     3.8704     3.8703     0.0001
 38   0     6.2607     6.0000    -0.2607     4.1735     4.1734     0.0001
 39   0     6.2570     6.0000    -0.2570     4.1879     4.1879     0.0000
 40   0     5.3903     6.0000     0.6097     3.7372     3.7371     0.0001
 41   0     6.2626     6.0000    -0.2626     4.2007     4.2007     0.0000
 42   0     6.2490     6.0000    -0.2490     4.1605     4.1604     0.0001
 43   0     0.8130     1.0000     0.1870     0.9755     0.9755     0.0000
 44   0     0.8762     1.0000     0.1238     0.9592     0.9592     0.0000
 45   0     0.8774     1.0000     0.1226     0.9606     0.9606     0.0000
 46   0     0.8778     1.0000     0.1222     0.9604     0.9604     0.0000
 47   0     0.8760     1.0000     0.1240     0.9592     0.9592     0.0000
 48   0     5.3349     6.0000     0.6651     3.8638     3.8635     0.0003
 49   0     6.2578     6.0000    -0.2578     4.1719     4.1714     0.0005
 50   0     6.2592     6.0000    -0.2592     4.1974     4.1972     0.0002
 51   0     5.3947     6.0000     0.6053     3.7415     3.7409     0.0006
 52   0     6.2588     6.0000    -0.2588     4.1892     4.1890     0.0002
 53   0     6.2561     6.0000    -0.2561     4.1762     4.1756     0.0006
 54   0     0.8133     1.0000     0.1867     0.9756     0.9756     0.0000
 55   0     0.8764     1.0000     0.1236     0.9592     0.9592     0.0000
 56   0     0.8807     1.0000     0.1193     0.9611     0.9611     0.0000
 57   0     0.8780     1.0000     0.1220     0.9609     0.9609     0.0000
 58   0     0.8766     1.0000     0.1234     0.9592     0.9592     0.0000
 59   0     6.0658     6.0000    -0.0658     3.9084     3.9084     0.0000
 60   0     6.4958     6.0000    -0.4958     3.9089     3.9087     0.0002
 61   0     6.0662     6.0000    -0.0662     3.9081     3.9081     0.0000
 62   0     6.4944     6.0000    -0.4944     3.9085     3.9085     0.0000
      Bond orders larger than 0.1000000
           Atom A     A.N. of A          Atom B    A.N. of B              Bond order
                0             6               1            6                2.277989
                0             6               3            6                0.102541
                0             6              48            6                0.971602
                1             6               3            6                0.780380
                2             6               6            6                0.737165
                2             6              34            6                2.333432
                3             6               4            6                1.284429
                3             6               7            6                0.106596
                3             6               8            6                1.436915
                4             6               5            6                1.224221
                4             6               6            6                0.114480
                4             6              11            6                1.295187
                5             6               6            6                1.496773
                5             6               9            1                0.967638
                6             6               7            6                1.341731
                6             6               8            6                0.107219
                6             6              34            6                0.101306
                7             6               8            6                1.416418
                7             6              22            6                0.963620
                8             6              10            1                0.969653
               11             6              12            1                0.982329
               11             6              13            6                0.998284
               13             6              14            1                0.955840
               13             6              15            1                0.955736
               13             6              16            6                0.981851
               16             6              17            1                0.972218
               16             6              18            1                0.972087
               16             6              19            6                0.962386
               19             6              20            1                0.972690
               19             6              21            1                0.972712
               19             6              35            1                0.967147
               22             6              23            1                0.954740
               22             6              24            1                0.954981
               22             6              25            6                1.024069
               25             6              26            1                0.961434
               25             6              27            1                0.961516
               25             6              28            6                0.986329
               28             6              29            1                0.971607
               28             6              30            1                0.971619
               28             6              31            6                0.955136
               31             6              32            1                0.973025
               31             6              33            1                0.973032
               31             6              36            1                0.967024
               34             6              37            6                0.955789
               37             6              38            6                1.382131
               37             6              39            6                0.104840
               37             6              41            6                0.103383
               37             6              42            6                1.374063
               38             6              39            6                1.495815
               38             6              45            1                0.976235
               39             6              40            6                1.368174
               39             6              47            1                0.973474
               40             6              41            6                1.372270
               40             6              61            6                0.909993
               41             6              42            6                1.497336
               41             6              44            1                0.974557
               42             6              46            1                0.975373
               43             1              62            6                0.980636
               48             6              49            6                1.370901
               48             6              50            6                0.102867
               48             6              52            6                0.103777
               48             6              53            6                1.369144
               49             6              50            6                1.499803
               49             6              56            1                0.976085
               50             6              51            6                1.369141
               50             6              58            1                0.974362
               51             6              52            6                1.367435
               51             6              59            6                0.912223
               52             6              53            6                1.498349
               52             6              55            1                0.973562
               53             6              57            1                0.976558
               54             1              60            6                0.980817
               59             6              60            6                2.782025
               61             6              62            6                2.783903
# -----------------------------------------------------------
$ Calculation_Info
   description: Details of the calculation
   geom. index: 1
   prop. index: 1
     Multiplicity:                          2
     Charge:                                0
     number of atoms:                       63
     number of electrons:                   0
     number of frozen core electrons:       1
     number of correlated electrons:        0
     number of basis functions:             781
     number of aux C basis functions:       5522
     number of aux J basis functions:       5522
     number of aux JK basis functions:      5522
     number of aux CABS basis functions:    0
     Total Energy                           -1312.129054
# -----------------------------------------------------------
$ SCF_Electric_Properties
   description: The SCF Calculated Electric Properties
   geom. index: 1
   prop. index: 1
       Filename                          : EPRII.scfp 
       Do Dipole Moment Calculation      : true 
       Do Quadrupole Moment Calculation  : false 
       Do Polarizability Calculation     : false 
** Dipole moment part of electric properties **
        Magnitude of dipole moment (Debye) :        0.4614668155
        Electronic Contribution:
                  0    
      0       0.309236
      1      -1.978708
      2       0.025982
        Nuclear Contribution:
                  0    
      0      -0.481650
      1       1.921838
      2      -0.026470
        Total Dipole moment:
                  0    
      0      -0.172414
      1      -0.056870
      2      -0.000489
# -----------------------------------------------------------
$ EPRNMR_GTensor
   description: Electronic g tensor
   geom. index: 1
   prop. index: 1
 Source density: 1 SCF 
 Spin multiplicity: 2 
 raw g tensor: 
                  0          1          2    
      0       2.002751  -0.000133  -0.000001
      1      -0.000082   2.002822   0.000002
      2      -0.000000   0.000002   2.002272
 g tensor: 
                  0          1          2    
      0       0.000424  -0.811142   0.584848
      1      -0.003074  -0.584847  -0.811138
      2       0.999995  -0.001454  -0.002741
 G eigenvalues: 
                  0          1          2    
      0       2.002272   2.002673   2.002900
# -----------------------------------------------------------
$ EPRNMR_OrbitalShielding
   description: Orbital contribution to the NMR Shielding tensor (ppm)
   geom. index: 1
   prop. index: 1
 Number of stored nuclei 29
 Source density: 1 SCF 
 Nucleus: 9 H 
 Shielding tensor (ppm): 
                  0          1          2    
      0      32.269030  28.347059   0.133328
      1      68.491684 124.604998  -0.057045
      2       0.222868  -0.028271 110.631417
 P Tensor eigenvectors:
                   0          1          2    
      0      -0.862875   0.001410  -0.505415
      1       0.505413  -0.001680  -0.862876
      2       0.002066   0.999998  -0.000737
 P Eigenvalues: 
                  0          1          2    
      0      13.622972 110.631717 143.250756
P(iso)  89.168482
 Nucleus: 10 H 
 Shielding tensor (ppm): 
                  0          1          2    
      0      41.312231  22.527524   0.098434
      1      63.750915 125.754540  -0.032049
      2       0.216448   0.001114 119.460668
 P Tensor eigenvectors:
                   0          1          2    
      0       0.868297   0.000741   0.496044
      1      -0.496041  -0.002412   0.868296
      2      -0.001840   0.999997   0.001727
 P Eigenvalues: 
                  0          1          2    
      0      24.928482 119.460816 142.138141
P(iso)  95.509146
 Nucleus: 12 H 
 Shielding tensor (ppm): 
                  0          1          2    
      0      63.128187  98.281667   0.212279
      1     -234.691041  79.476107   0.166574
      2      -0.603239  -0.266904  96.499633
 P Tensor eigenvectors:
                   0          1          2    
      0       0.002578  -0.258960   0.965885
      1       0.003563  -0.965879  -0.258968
      2       0.999990   0.004109  -0.001567
 P Eigenvalues: 
                  0          1          2    
      0      96.496577  44.261603  98.345748
P(iso)  79.701309
 Nucleus: 14 H 
 Shielding tensor (ppm): 
                  0          1          2    
      0      41.199971 -212.048856  58.873891
      1     295.152228 111.509446 -334.528616
      2     -49.428739 244.741461 115.734574
 P Tensor eigenvectors:
                   0          1          2    
      0       0.764655   0.179265  -0.619005
      1       0.041067  -0.972134  -0.230802
      2       0.643130  -0.151063   0.750709
 P Eigenvalues: 
                  0          1          2    
      0      77.030370  81.422642 109.990979
P(iso)  89.481330
 Nucleus: 15 H 
 Shielding tensor (ppm): 
                  0          1          2    
      0      41.490527 -213.076784 -59.644296
      1     297.007549 111.139255 332.152656
      2      51.015174 -243.230163 116.587588
 P Tensor eigenvectors:
                   0          1          2    
      0       0.760421   0.179904   0.624015
      1       0.043687  -0.972859   0.227239
      2      -0.647960   0.145536   0.747641
 P Eigenvalues: 
                  0          1          2    
      0      77.675906  81.494651 110.046812
P(iso)  89.739123
 Nucleus: 17 H 
 Shielding tensor (ppm): 
                  0          1          2    
      0      41.425743 218.530410 -135.218574
      1     -340.482698  49.284791 411.754315
      2      87.775020 -301.002738  52.195555
 P Tensor eigenvectors:
                   0          1          2    
      0      -0.750434   0.218633   0.623738
      1      -0.288127  -0.957529  -0.011020
      2      -0.594838   0.187985  -0.781556
 P Eigenvalues: 
                  0          1          2    
      0      17.323745  52.657003  72.925341
P(iso)  47.635363
 Nucleus: 18 H 
 Shielding tensor (ppm): 
                  0          1          2    
      0      41.399927 219.571420 136.017216
      1     -342.897518  49.876071 -408.647910
      2     -89.649588 298.563394  50.895651
 P Tensor eigenvectors:
                   0          1          2    
      0       0.745681   0.216312   0.630214
      1       0.291792  -0.956331  -0.017006
      2      -0.599014  -0.196572   0.776236
 P Eigenvalues: 
                  0          1          2    
      0      17.225310  52.364641  72.581697
P(iso)  47.390549
 Nucleus: 20 H 
 Shielding tensor (ppm): 
                  0          1          2    
      0     -13.061562 -314.304722 -72.605501
      1     399.945059  80.602310 470.583192
      2      53.951930 -340.976149  36.853931
 P Tensor eigenvectors:
                   0          1          2    
      0       0.755144   0.228713   0.614368
      1       0.080428  -0.962409   0.259422
      2      -0.650607   0.146489   0.745152
 P Eigenvalues: 
                  0          1          2    
      0      16.256928  37.015973  51.121778
P(iso)  34.798226
 Nucleus: 21 H 
 Shielding tensor (ppm): 
                  0          1          2    
      0     -13.250065 -312.185572  70.848067
      1     396.555554  81.367704 -473.073087
      2     -51.332971 343.270713  35.576176
 P Tensor eigenvectors:
                   0          1          2    
      0      -0.759898   0.227902   0.608782
      1      -0.076554  -0.961385   0.264344
      2      -0.645519  -0.154270  -0.748002
 P Eigenvalues: 
                  0          1          2    
      0      15.716393  36.940475  51.036947
P(iso)  34.564605
 Nucleus: 23 H 
 Shielding tensor (ppm): 
                  0          1          2    
      0      67.323591  70.139017 145.718718
      1     -153.035517  94.728529 -218.412581
      2     -95.846352 160.309004 110.556725
 P Tensor eigenvectors:
                   0          1          2    
      0       0.741558   0.451182   0.496515
      1       0.567165  -0.816917  -0.104745
      2      -0.358352  -0.359280   0.861685
 P Eigenvalues: 
                  0          1          2    
      0      45.382069  96.608929 130.617847
P(iso)  90.869615
 Nucleus: 24 H 
 Shielding tensor (ppm): 
                  0          1          2    
      0      67.163031  70.483888 -145.471440
      1     -152.946787  94.410148 218.843243
      2      95.209331 -160.796588 110.898880
 P Tensor eigenvectors:
                   0          1          2    
      0      -0.742746   0.452059   0.493934
      1      -0.564971  -0.819032  -0.099972
      2      -0.359355   0.353313  -0.863733
 P Eigenvalues: 
                  0          1          2    
      0      45.273552  96.607240 130.591267
P(iso)  90.824019
 Nucleus: 26 H 
 Shielding tensor (ppm): 
                  0          1          2    
      0      57.178326 -202.925058 -54.265981
      1     281.428334 111.580500 324.022712
      2      46.378585 -236.573632 128.691602
 P Tensor eigenvectors:
                   0          1          2    
      0       0.774204   0.149655   0.614989
      1       0.036833  -0.980651   0.192269
      2      -0.631864   0.126203   0.764736
 P Eigenvalues: 
                  0          1          2    
      0      89.865752  88.141724 119.442952
P(iso)  99.150142
 Nucleus: 27 H 
 Shielding tensor (ppm): 
                  0          1          2    
      0      57.268406 -202.590564  53.460744
      1     280.818715 111.989160 -324.887824
      2     -44.992588 237.048920 128.332368
 P Tensor eigenvectors:
                   0          1          2    
      0       0.775841   0.149141  -0.613048
      1       0.034059  -0.980143  -0.195344
      2       0.630009  -0.130676   0.765515
 P Eigenvalues: 
                  0          1          2    
      0      89.859419  88.200175 119.530341
P(iso)  99.196645
 Nucleus: 29 H 
 Shielding tensor (ppm): 
                  0          1          2    
      0      36.122035 205.751212 120.983393
      1     -325.673955  55.514281 -402.832530
      2     -78.056696 292.385137  45.009616
 P Tensor eigenvectors:
                   0          1          2    
      0       0.763968   0.175112   0.621038
      1       0.266195  -0.962284  -0.056127
      2      -0.587786  -0.208197   0.781768
 P Eigenvalues: 
                  0          1          2    
      0      14.183732  50.979615  71.482585
P(iso)  45.548644
 Nucleus: 30 H 
 Shielding tensor (ppm): 
                  0          1          2    
      0      35.946690 205.493724 -120.137279
      1     -324.918201  55.014897 403.781792
      2      76.605840 -292.997115  45.548212
 P Tensor eigenvectors:
                   0          1          2    
      0       0.765614   0.175647  -0.618857
      1       0.263537  -0.963211   0.052650
      2       0.586842   0.203401   0.783737
 P Eigenvalues: 
                  0          1          2    
      0      14.056558  50.979837  71.473403
P(iso)  45.503266
 Nucleus: 32 H 
 Shielding tensor (ppm): 
                  0          1          2    
      0      -0.090745 -305.322549  48.655316
      1     396.925136  79.245008 -462.066394
      2     -35.755981 334.574311  44.723527
 P Tensor eigenvectors:
                   0          1          2    
      0      -0.757082   0.179863   0.628074
      1      -0.042800  -0.972946   0.227033
      2      -0.651917  -0.145001  -0.744298
 P Eigenvalues: 
                  0          1          2    
      0      24.877883  41.599725  57.400182
P(iso)  41.292597
 Nucleus: 33 H 
 Shielding tensor (ppm): 
                  0          1          2    
      0      -0.144118 -306.151469 -49.866536
      1     398.232042  78.702847 460.858599
      2      37.529819 -333.405890  45.297445
 P Tensor eigenvectors:
                   0          1          2    
      0       0.754957   0.180419   0.630468
      1       0.045553  -0.973515   0.224040
      2      -0.654191   0.140421   0.743180
 P Eigenvalues: 
                  0          1          2    
      0      24.928408  41.568957  57.358809
P(iso)  41.285391
 Nucleus: 35 H 
 Shielding tensor (ppm): 
                  0          1          2    
      0     -104.841097 133.549893   0.172328
      1     -264.144614  52.261807   2.368044
      2      -0.768668  -0.755704 -104.076998
 P Tensor eigenvectors:
                   0          1          2    
      0       0.364296  -0.008462  -0.931245
      1       0.931275  -0.001015   0.364317
      2      -0.004028  -0.999964   0.007511
 P Eigenvalues: 
                  0          1          2    
      0     -12.900766 -104.081424 -39.674099
P(iso)  -52.218763
 Nucleus: 36 H 
 Shielding tensor (ppm): 
                  0          1          2    
      0     -108.201400 114.395125   0.226506
      1     -219.570405  60.465377   0.678845
      2      -0.482585   0.157443 -102.350390
 P Tensor eigenvectors:
                   0          1          2    
      0       0.421979  -0.001511  -0.906604
      1       0.906605   0.001928   0.421976
      2       0.001111  -0.999997   0.002183
 P Eigenvalues: 
                  0          1          2    
      0      -9.804748 -102.351491 -37.930174
P(iso)  -50.028804
 Nucleus: 43 H 
 Shielding tensor (ppm): 
                  0          1          2    
      0      39.842025   0.969743   0.041211
      1      -2.287036 -403.887054  -0.015564
      2      -0.378332  -0.016976 -384.887150
 P Tensor eigenvectors:
                   0          1          2    
      0      -0.999982   0.000999  -0.005958
      1       0.005957  -0.000922  -0.999982
      2       0.001005   0.999999  -0.000916
 P Eigenvalues: 
                  0          1          2    
      0      39.834035 -384.887048 -403.879166
P(iso)  -249.644060
 Nucleus: 44 H 
 Shielding tensor (ppm): 
                  0          1          2    
      0       5.658230 -869.061848  -0.481719
      1     501.178405 -78.446143  -0.359463
      2       0.162801   0.501611 -62.913509
 P Tensor eigenvectors:
                   0          1          2    
      0       0.000690  -0.996318   0.085736
      1      -0.000508  -0.085737  -0.996318
      2       1.000000   0.000644  -0.000565
 P Eigenvalues: 
                  0          1          2    
      0     -62.913643 -26.384837 -46.402942
P(iso)  -45.233807
 Nucleus: 45 H 
 Shielding tensor (ppm): 
                  0          1          2    
      0       8.999105 781.023792   0.452232
      1     -517.286842 201.114405   0.331112
      2      -0.143070  -0.449380 142.700739
 P Tensor eigenvectors:
                   0          1          2    
      0       0.000572  -0.972618   0.232411
      1      -0.000476  -0.232411  -0.972618
      2       1.000000   0.000445  -0.000596
 P Eigenvalues: 
                  0          1          2    
      0     142.700870  78.993027 131.120353
P(iso)  117.604750
 Nucleus: 46 H 
 Shielding tensor (ppm): 
                  0          1          2    
      0      12.876297 -735.166733  -0.428297
      1     473.003299 199.087326  -0.324455
      2       0.359556   0.505759 141.842481
 P Tensor eigenvectors:
                   0          1          2    
      0       0.000821  -0.975467  -0.220143
      1      -0.000699   0.220142  -0.975468
      2       0.999999   0.000954  -0.000501
 P Eigenvalues: 
                  0          1          2    
      0     141.842389  78.198201 133.765514
P(iso)  117.935368
 Nucleus: 47 H 
 Shielding tensor (ppm): 
                  0          1          2    
      0       4.664901 887.039253   0.629397
      1     -518.942463 -79.298300   0.313534
      2      -0.450691  -0.536397 -63.309587
 P Tensor eigenvectors:
                   0          1          2    
      0       0.000623  -0.996337  -0.085511
      1      -0.000755   0.085511  -0.996337
      2       1.000000   0.000686  -0.000699
 P Eigenvalues: 
                  0          1          2    
      0     -63.309463 -27.310097 -47.323424
P(iso)  -45.980995
 Nucleus: 54 H 
 Shielding tensor (ppm): 
                  0          1          2    
      0      39.586632  38.154352   0.175558
      1     -11.131180 -402.342958  -0.018459
      2      -0.254656  -0.037310 -383.485808
 P Tensor eigenvectors:
                   0          1          2    
      0       0.999316   0.000639   0.036975
      1      -0.036974  -0.001982   0.999314
      2      -0.000712   0.999998   0.001957
 P Eigenvalues: 
                  0          1          2    
      0      37.983847 -383.485684 -400.740297
P(iso)  -248.747378
 Nucleus: 55 H 
 Shielding tensor (ppm): 
                  0          1          2    
      0       0.364144 893.518666   1.027217
      1     -525.251037 -62.916041   0.159648
      2      -0.645330  -0.280700 -54.389244
 P Tensor eigenvectors:
                   0          1          2    
      0       0.000320  -0.998013  -0.063013
      1      -0.001168   0.063013  -0.998012
      2       0.999999   0.000393  -0.001146
 P Eigenvalues: 
                  0          1          2    
      0     -54.389124 -23.046764 -39.505252
P(iso)  -38.980380
 Nucleus: 56 H 
 Shielding tensor (ppm): 
                  0          1          2    
      0      13.235516 -749.704822  -0.724778
      1     475.238172 185.700196  -0.180104
      2       0.467020   0.310621 133.696952
 P Tensor eigenvectors:
                   0          1          2    
      0       0.000544  -0.980065  -0.198677
      1      -0.001027   0.198676  -0.980065
      2       0.999999   0.000737  -0.000898
 P Eigenvalues: 
                  0          1          2    
      0     133.696850  73.486323 125.449491
P(iso)  110.877555
 Nucleus: 57 H 
 Shielding tensor (ppm): 
                  0          1          2    
      0      10.320642 756.924049   0.778923
      1     -507.281347 211.187718   0.201794
      2      -0.433252  -0.183523 151.309919
 P Tensor eigenvectors:
                   0          1          2    
      0       0.000270  -0.968404   0.249388
      1      -0.000971  -0.249388  -0.968403
      2       0.999999   0.000020  -0.001008
 P Eigenvalues: 
                  0          1          2    
      0     151.309975  83.104100 138.404203
P(iso)  124.272760
 Nucleus: 58 H 
 Shielding tensor (ppm): 
                  0          1          2    
      0      10.683625 -852.845991  -0.832789
      1     488.480469 -94.490265  -0.222205
      2       0.389078   0.224168 -70.341457
 P Tensor eigenvectors:
                   0          1          2    
      0       0.000395  -0.994032   0.109088
      1      -0.000948  -0.109089  -0.994032
      2       0.999999   0.000289  -0.000986
 P Eigenvalues: 
                  0          1          2    
      0     -70.341507 -30.078785 -53.727806
P(iso)  -51.382699
# -----------------------------------------------------------
$ EPRNMR_ATensor
   description: Hyperfine A tensor
   geom. index: 1
   prop. index: 1
 Number of stored nuclei 29
 Source density: 1 SCF 
 Spin multiplicity: 2 
 Nucleus: 9 H  
 Isotope: 1 
 Nuclear Spin:  0.5 
 Prefactor (MHz): 533.551395 
 Raw A tensor (MHz): 
                  0          1          2    
      0     -15.840858   6.331684   0.016272
      1       6.334426 -13.174029   0.014269
      2       0.016277   0.014274 -17.288105
 A Tensor eigenvectors:
                   0          1          2    
      0       0.630049  -0.000686   0.776555
      1       0.776552  -0.002413  -0.630048
      2       0.002306   0.999997  -0.000988
 A Eigenvalues: 
                  0          1          2    
      0      -8.035487 -17.288151 -20.979355
A(iso)  -15.434331
 Nucleus: 10 H  
 Isotope: 1 
 Nuclear Spin:  0.5 
 Prefactor (MHz): 533.551395 
 Raw A tensor (MHz): 
                  0          1          2    
      0       8.365129  -2.321046  -0.007977
      1      -2.322239   6.833476   0.007638
      2      -0.007980   0.007637   4.599447
 A Tensor eigenvectors:
                   0          1          2    
      0       0.000031   0.585949  -0.810348
      1      -0.003387   0.810343   0.585946
      2       0.999994   0.002726   0.002009
 A Eigenvalues: 
                  0          1          2    
      0       4.599421   5.154616  10.044015
A(iso)  6.599351
 Nucleus: 12 H  
 Isotope: 1 
 Nuclear Spin:  0.5 
 Prefactor (MHz): 533.551395 
 Raw A tensor (MHz): 
                  0          1          2    
      0     -19.676388   0.499130  -0.026930
      1       0.497366 -73.627469  -0.081683
      2      -0.026940  -0.081692 -48.211449
 A Tensor eigenvectors:
                   0          1          2    
      0       0.999957  -0.001000  -0.009249
      1       0.009252   0.003194   0.999952
      2      -0.000970  -0.999994   0.003203
 A Eigenvalues: 
                  0          1          2    
      0     -19.671760 -48.211215 -73.632331
A(iso)  -47.171769
 Nucleus: 14 H  
 Isotope: 1 
 Nuclear Spin:  0.5 
 Prefactor (MHz): 533.551395 
 Raw A tensor (MHz): 
                  0          1          2    
      0      70.215740   3.588015  -2.029775
      1       3.586956  71.764388  -1.893875
      2      -2.028272  -1.894113  66.904575
 A Tensor eigenvectors:
                   0          1          2    
      0       0.383367   0.693889   0.609547
      1       0.063333  -0.678168   0.732173
      2       0.921422  -0.242087  -0.303933
 A Eigenvalues: 
                  0          1          2    
      0      65.930388  67.417358  75.536957
A(iso)  69.628234
 Nucleus: 15 H  
 Isotope: 1 
 Nuclear Spin:  0.5 
 Prefactor (MHz): 533.551395 
 Raw A tensor (MHz): 
                  0          1          2    
      0      69.841944   3.579237   2.036243
      1       3.578176  71.320665   1.909328
      2       2.034724   1.909565  66.492885
 A Tensor eigenvectors:
                   0          1          2    
      0      -0.374751   0.696407   0.612028
      1      -0.072942  -0.680235   0.729355
      2       0.924252   0.228685   0.305716
 A Eigenvalues: 
                  0          1          2    
      0      65.517061  67.014685  75.123748
A(iso)  69.218498
 Nucleus: 17 H  
 Isotope: 1 
 Nuclear Spin:  0.5 
 Prefactor (MHz): 533.551395 
 Raw A tensor (MHz): 
                  0          1          2    
      0      -2.333102  -1.969417  -0.620546
      1      -1.969161   1.843978   1.353483
      2      -0.619979   1.352360  -2.781296
 A Tensor eigenvectors:
                   0          1          2    
      0      -0.360574  -0.695364   0.621655
      1       0.898902  -0.436931   0.032646
      2       0.248920   0.570579   0.782610
 A Eigenvalues: 
                  0          1          2    
      0       3.007675  -3.060604  -3.217492
A(iso)  -1.090140
 Nucleus: 18 H  
 Isotope: 1 
 Nuclear Spin:  0.5 
 Prefactor (MHz): 533.551395 
 Raw A tensor (MHz): 
                  0          1          2    
      0      -2.323227  -1.985218   0.598121
      1      -1.984961   1.861247  -1.298846
      2       0.597564  -1.297733  -2.808578
 A Tensor eigenvectors:
                   0          1          2    
      0      -0.362673  -0.692900  -0.623184
      1       0.900825  -0.431949  -0.043980
      2      -0.238710  -0.577330   0.780838
 A Eigenvalues: 
                  0          1          2    
      0       3.003708  -3.061740  -3.212526
A(iso)  -1.090186
 Nucleus: 20 H  
 Isotope: 1 
 Nuclear Spin:  0.5 
 Prefactor (MHz): 533.551395 
 Raw A tensor (MHz): 
                  0          1          2    
      0       0.043170   0.300743   0.105381
      1       0.301097   2.133044   0.379962
      2       0.105529   0.379769   0.061609
 A Tensor eigenvectors:
                   0          1          2    
      0      -0.623777   0.768695  -0.141458
      1       0.226007   0.004138  -0.974117
      2      -0.748213  -0.639602  -0.176312
 A Eigenvalues: 
                  0          1          2    
      0       0.045359  -0.053043   2.245507
A(iso)  0.745941
 Nucleus: 21 H  
 Isotope: 1 
 Nuclear Spin:  0.5 
 Prefactor (MHz): 533.551395 
 Raw A tensor (MHz): 
                  0          1          2    
      0       0.042070   0.297103  -0.103141
      1       0.297458   2.141641  -0.363969
      2      -0.103285  -0.363776   0.058056
 A Tensor eigenvectors:
                   0          1          2    
      0       0.580604  -0.802169   0.139369
      1      -0.218616   0.011293   0.975746
      2      -0.784287  -0.596990  -0.168811
 A Eigenvalues: 
                  0          1          2    
      0       0.046001  -0.051300   2.247066
A(iso)  0.747256
 Nucleus: 23 H  
 Isotope: 1 
 Nuclear Spin:  0.5 
 Prefactor (MHz): 533.551395 
 Raw A tensor (MHz): 
                  0          1          2    
      0      25.057227  -1.504923   0.893499
      1      -1.504441  25.223261  -0.489110
      2       0.892877  -0.489270  23.816080
 A Tensor eigenvectors:
                   0          1          2    
      0       0.608751   0.414842   0.676260
      1       0.283334   0.682508  -0.673725
      2      -0.741042   0.601739   0.297938
 A Eigenvalues: 
                  0          1          2    
      0      23.269503  23.877227  26.949838
A(iso)  24.698856
 Nucleus: 24 H  
 Isotope: 1 
 Nuclear Spin:  0.5 
 Prefactor (MHz): 533.551395 
 Raw A tensor (MHz): 
                  0          1          2    
      0      25.105157  -1.499571  -0.903930
      1      -1.499093  25.273796   0.498899
      2      -0.903306   0.499060  23.879609
 A Tensor eigenvectors:
                   0          1          2    
      0      -0.611120   0.412964   0.675272
      1      -0.280364   0.684874  -0.672565
      2      -0.740222  -0.600340  -0.302760
 A Eigenvalues: 
                  0          1          2    
      0      23.322700  23.932183  27.003680
A(iso)  24.752854
 Nucleus: 26 H  
 Isotope: 1 
 Nuclear Spin:  0.5 
 Prefactor (MHz): 533.551395 
 Raw A tensor (MHz): 
                  0          1          2    
      0      -0.811771   0.373767   0.092728
      1       0.373295   0.734092   0.390138
      2       0.092490   0.389891  -0.929335
 A Tensor eigenvectors:
                   0          1          2    
      0       0.973080   0.218416  -0.073554
      1      -0.229005   0.952252  -0.201922
      2       0.025939   0.213330   0.976636
 A Eigenvalues: 
                  0          1          2    
      0      -0.897214   0.907111  -1.016911
A(iso)  -0.335671
 Nucleus: 27 H  
 Isotope: 1 
 Nuclear Spin:  0.5 
 Prefactor (MHz): 533.551395 
 Raw A tensor (MHz): 
                  0          1          2    
      0      -0.814373   0.373357  -0.091625
      1       0.372884   0.736957  -0.383514
      2      -0.091389  -0.383266  -0.934551
 A Tensor eigenvectors:
                   0          1          2    
      0       0.972835   0.217756   0.078578
      1      -0.229268   0.953270   0.196756
      2      -0.032062  -0.209426   0.977299
 A Eigenvalues: 
                  0          1          2    
      0      -0.899322   0.906416  -1.019061
A(iso)  -0.337322
 Nucleus: 29 H  
 Isotope: 1 
 Nuclear Spin:  0.5 
 Prefactor (MHz): 533.551395 
 Raw A tensor (MHz): 
                  0          1          2    
      0      -0.044158  -0.264909   0.056841
