-------------------------------------------------------------
----------------------- !PROPERTIES! ------------------------
-------------------------------------------------------------
# -----------------------------------------------------------
$ PAL_Flags
   description: The PAL Flags
   geom. index: 1
   prop. index: 1
        Diskflag:     2
# -----------------------------------------------------------
$ SCF_Energy
   description: The SCF energy
   geom. index: 1
   prop. index: 1
        SCF Energy:    -1312.1276354821
# -----------------------------------------------------------
$ DFT_Energy
   description: The DFT energy
   geom. index: 1
   prop. index: 1
   Number of Alpha Electrons                117.0001837952 
   Number of Beta  Electrons                116.0001678735 
   Total number of  Electrons               233.0003516686 
   Exchange energy                         -147.7288075313 
   Correlation energy                        -9.1243279553 
   Correlation energy NL                      0.0000000000 
   Exchange-Correlation energy             -156.8531354866 
   Embedding correction                       0.0000000000 
   Total DFT Energy (No VdW correction)   -1312.1276354821 
# -----------------------------------------------------------
$ Mayer_Pop
   description: The Mayer population analysis
   geom. index: 1
   prop. index: 1
     Number of atoms                     : 63
     Threshold for printing              : 0.1000000
     Number of bond orders printed       : 74
  NA   - Mulliken gross atomic population
  ZA   - Total nuclear charge
  QA   - Mulliken gross atomic charge
  VA   - Mayer's total valence
  BVA  - Mayer's bonded valence
  FA   - Mayer's free valence
  ATOM       NA         ZA         QA         VA         BVA        FA
  0   0     6.4405     6.0000    -0.4405     3.7292     3.7233     0.0059
  1   0     6.3835     6.0000    -0.3835     3.5206     3.5184     0.0022
  2   0     6.3866     6.0000    -0.3866     3.5132     3.5126     0.0006
  3   0     5.4919     6.0000     0.5081     3.8227     3.7892     0.0335
  4   0     5.6210     6.0000     0.3790     3.9701     3.9557     0.0144
  5   0     6.4516     6.0000    -0.4516     4.2222     4.1869     0.0353
  6   0     5.4310     6.0000     0.5690     3.8625     3.8556     0.0069
  7   0     5.7603     6.0000     0.2397     3.9386     3.9021     0.0365
  8   0     6.3912     6.0000    -0.3912     4.3097     4.3018     0.0079
  9   0     0.8688     1.0000     0.1312     0.9662     0.9660     0.0002
 10   0     0.8671     1.0000     0.1329     0.9665     0.9665     0.0000
 11   0     6.2619     6.0000    -0.2619     3.9845     3.6152     0.3693
 12   0     0.8751     1.0000     0.1249     0.9836     0.9820     0.0016
 13   0     6.2695     6.0000    -0.2695     3.9677     3.9663     0.0014
 14   0     0.8493     1.0000     0.1507     0.9645     0.9635     0.0010
 15   0     0.8494     1.0000     0.1506     0.9645     0.9635     0.0010
 16   0     6.2828     6.0000    -0.2828     3.9018     3.9018     0.0000
 17   0     0.8473     1.0000     0.1527     0.9641     0.9641     0.0000
 18   0     0.8474     1.0000     0.1526     0.9642     0.9642     0.0000
 19   0     6.5073     6.0000    -0.5073     3.9069     3.9069     0.0000
 20   0     0.8424     1.0000     0.1576     0.9658     0.9658     0.0000
 21   0     0.8424     1.0000     0.1576     0.9658     0.9658     0.0000
 22   0     6.3534     6.0000    -0.3534     4.0256     4.0254     0.0002
 23   0     0.8500     1.0000     0.1500     0.9634     0.9633     0.0001
 24   0     0.8499     1.0000     0.1501     0.9634     0.9633     0.0001
 25   0     6.2685     6.0000    -0.2685     4.0310     4.0310     0.0000
 26   0     0.8604     1.0000     0.1396     0.9668     0.9668     0.0000
 27   0     0.8603     1.0000     0.1397     0.9668     0.9668     0.0000
 28   0     6.2542     6.0000    -0.2542     3.8907     3.8907     0.0000
 29   0     0.8584     1.0000     0.1416     0.9676     0.9676     0.0000
 30   0     0.8584     1.0000     0.1416     0.9676     0.9676     0.0000
 31   0     6.5086     6.0000    -0.5086     3.9021     3.9021     0.0000
 32   0     0.8419     1.0000     0.1581     0.9657     0.9657     0.0000
 33   0     0.8419     1.0000     0.1581     0.9657     0.9657     0.0000
 34   0     6.4257     6.0000    -0.4257     3.7531     3.7519     0.0012
 35   0     0.8546     1.0000     0.1454     0.9674     0.9674     0.0000
 36   0     0.8568     1.0000     0.1432     0.9671     0.9671     0.0000
 37   0     5.3357     6.0000     0.6643     3.8820     3.8819     0.0001
 38   0     6.2617     6.0000    -0.2617     4.1777     4.1776     0.0001
 39   0     6.2578     6.0000    -0.2578     4.1920     4.1920     0.0000
 40   0     5.3832     6.0000     0.6168     3.7440     3.7439     0.0001
 41   0     6.2632     6.0000    -0.2632     4.2048     4.2048     0.0000
 42   0     6.2506     6.0000    -0.2506     4.1664     4.1663     0.0001
 43   0     0.8145     1.0000     0.1855     0.9757     0.9757     0.0000
 44   0     0.8780     1.0000     0.1220     0.9597     0.9597     0.0000
 45   0     0.8791     1.0000     0.1209     0.9611     0.9611     0.0000
 46   0     0.8795     1.0000     0.1205     0.9609     0.9609     0.0000
 47   0     0.8778     1.0000     0.1222     0.9597     0.9597     0.0000
 48   0     5.3275     6.0000     0.6725     3.8740     3.8737     0.0003
 49   0     6.2596     6.0000    -0.2596     4.1777     4.1772     0.0005
 50   0     6.2596     6.0000    -0.2596     4.2014     4.2012     0.0002
 51   0     5.3880     6.0000     0.6120     3.7487     3.7481     0.0006
 52   0     6.2596     6.0000    -0.2596     4.1933     4.1931     0.0002
 53   0     6.2571     6.0000    -0.2571     4.1804     4.1799     0.0005
 54   0     0.8149     1.0000     0.1851     0.9759     0.9759     0.0000
 55   0     0.8783     1.0000     0.1217     0.9597     0.9597     0.0000
 56   0     0.8825     1.0000     0.1175     0.9616     0.9616     0.0000
 57   0     0.8798     1.0000     0.1202     0.9613     0.9613     0.0000
 58   0     0.8784     1.0000     0.1216     0.9597     0.9597     0.0000
 59   0     6.0604     6.0000    -0.0604     3.9144     3.9144     0.0000
 60   0     6.5012     6.0000    -0.5012     3.9082     3.9080     0.0002
 61   0     6.0611     6.0000    -0.0611     3.9145     3.9145     0.0000
 62   0     6.4998     6.0000    -0.4998     3.9078     3.9078     0.0000
      Bond orders larger than 0.1000000
           Atom A     A.N. of A          Atom B    A.N. of B              Bond order
                0             6               1            6                2.271188
                0             6               3            6                0.107452
                0             6              48            6                0.975396
                1             6               3            6                0.775094
                2             6               6            6                0.731853
                2             6              34            6                2.326873
                3             6               4            6                1.287966
                3             6               7            6                0.111425
                3             6               8            6                1.438570
                4             6               5            6                1.221116
                4             6               6            6                0.119486
                4             6              11            6                1.298888
                5             6               6            6                1.499203
                5             6               9            1                0.968929
                6             6               7            6                1.345821
                6             6               8            6                0.109092
                6             6              34            6                0.105490
                7             6               8            6                1.415769
                7             6              22            6                0.964558
                8             6              10            1                0.970944
               11             6              12            1                0.982672
               11             6              13            6                1.000480
               13             6              14            1                0.954767
               13             6              15            1                0.954757
               13             6              16            6                0.982446
               16             6              17            1                0.971891
               16             6              18            1                0.971873
               16             6              19            6                0.962227
               19             6              20            1                0.972672
               19             6              21            1                0.972676
               19             6              35            1                0.966975
               22             6              23            1                0.954302
               22             6              24            1                0.954663
               22             6              25            6                1.025429
               25             6              26            1                0.960616
               25             6              27            1                0.960712
               25             6              28            6                0.988282
               28             6              29            1                0.970990
               28             6              30            1                0.970995
               28             6              31            6                0.954874
               31             6              32            1                0.972997
               31             6              33            1                0.973009
               31             6              36            1                0.966840
               34             6              37            6                0.959225
               37             6              38            6                1.382715
               37             6              39            6                0.108206
               37             6              41            6                0.106665
               37             6              42            6                1.375505
               38             6              39            6                1.496038
               38             6              45            1                0.976998
               39             6              40            6                1.367438
               39             6              47            1                0.974269
               40             6              41            6                1.371309
               40             6              61            6                0.915146
               41             6              42            6                1.497817
               41             6              44            1                0.975312
               42             6              46            1                0.976092
               43             1              62            6                0.981591
               48             6              49            6                1.372136
               48             6              50            6                0.106104
               48             6              52            6                0.106998
               48             6              53            6                1.369300
               49             6              50            6                1.500137
               49             6              56            1                0.976851
               50             6              51            6                1.368350
               50             6              58            1                0.975150
               51             6              52            6                1.366790
               51             6              59            6                0.917397
               52             6              53            6                1.498718
               52             6              55            1                0.974372
               53             6              57            1                0.977326
               54             1              60            6                0.981803
               59             6              60            6                2.778153
               61             6              62            6                2.780098
# -----------------------------------------------------------
$ Calculation_Info
   description: Details of the calculation
   geom. index: 1
   prop. index: 1
     Multiplicity:                          2
     Charge:                                0
     number of atoms:                       63
     number of electrons:                   0
     number of frozen core electrons:       1
     number of correlated electrons:        0
     number of basis functions:             781
     number of aux C basis functions:       5522
     number of aux J basis functions:       5522
     number of aux JK basis functions:      5522
     number of aux CABS basis functions:    0
     Total Energy                           -1312.127635
# -----------------------------------------------------------
$ SCF_Electric_Properties
   description: The SCF Calculated Electric Properties
   geom. index: 1
   prop. index: 1
       Filename                          : EPRII.scfp 
       Do Dipole Moment Calculation      : true 
       Do Quadrupole Moment Calculation  : false 
       Do Polarizability Calculation     : false 
** Dipole moment part of electric properties **
        Magnitude of dipole moment (Debye) :        0.4723148222
        Electronic Contribution:
                  0    
      0       0.382473
      1      -1.979733
      2       0.003728
        Nuclear Contribution:
                  0    
      0      -0.559269
      1       1.922532
      2      -0.003895
        Total Dipole moment:
                  0    
      0      -0.176796
      1      -0.057201
      2      -0.000167
# -----------------------------------------------------------
$ EPRNMR_GTensor
   description: Electronic g tensor
   geom. index: 1
   prop. index: 1
 Source density: 1 SCF 
 Spin multiplicity: 2 
 raw g tensor: 
                  0          1          2    
      0       2.002784  -0.000115  -0.000001
      1      -0.000053   2.002768   0.000002
      2      -0.000000   0.000002   2.002156
 g tensor: 
                  0          1          2    
      0       0.000248   0.672250  -0.740325
      1      -0.003426   0.740321   0.672245
      2       0.999994   0.002370   0.002487
 G eigenvalues: 
                  0          1          2    
      0       2.002156   2.002692   2.002861
# -----------------------------------------------------------
$ EPRNMR_OrbitalShielding
   description: Orbital contribution to the NMR Shielding tensor (ppm)
   geom. index: 1
   prop. index: 1
 Number of stored nuclei 29
 Source density: 1 SCF 
 Nucleus: 9 H 
 Shielding tensor (ppm): 
                  0          1          2    
      0      27.590855  -5.809109  -0.022039
      1      -5.266624  26.408908   0.023145
      2      -0.021768   0.023943  19.172913
 P Tensor eigenvectors:
                   0          1          2    
      0       0.000918   0.672268  -0.740308
      1      -0.002540   0.740307   0.672264
      2       0.999996   0.001263   0.002387
 P Eigenvalues: 
                  0          1          2    
      0      19.172833  21.430856  32.568987
P(iso)  24.390892
 Nucleus: 10 H 
 Shielding tensor (ppm): 
                  0          1          2    
      0      28.424071  -5.974266  -0.020263
      1      -5.787882  26.181987   0.022322
      2      -0.022221   0.022163  18.889939
 P Tensor eigenvectors:
                   0          1          2    
      0       0.000663   0.638793  -0.769379
      1      -0.002500   0.769377   0.638790
      2       0.999997   0.001500   0.002107
 P Eigenvalues: 
                  0          1          2    
      0      18.889869  21.316103  33.290025
P(iso)  24.498666
 Nucleus: 12 H 
 Shielding tensor (ppm): 
                  0          1          2    
      0      23.528826   2.814820   0.008134
      1       1.908673  32.589769   0.038492
      2       0.004711   0.040139  19.619501
 P Tensor eigenvectors:
                   0          1          2    
      0       0.000201  -0.973163  -0.230116
      1      -0.003052   0.230115  -0.973159
      2       0.999995   0.000898  -0.002923
 P Eigenvalues: 
                  0          1          2    
      0      19.619382  22.950855  33.167859
P(iso)  25.246032
 Nucleus: 14 H 
 Shielding tensor (ppm): 
                  0          1          2    
      0      29.193679  -1.333802  -3.236974
      1      -0.606472  30.574048  -0.324038
      2      -4.052195  -1.289600  27.615249
 P Tensor eigenvectors:
                   0          1          2    
      0       0.616092   0.021230  -0.787388
      1       0.186807   0.967179   0.172245
      2       0.765201  -0.253209   0.591905
 P Eigenvalues: 
                  0          1          2    
      0      24.427290  30.778244  32.177442
P(iso)  29.127659
 Nucleus: 15 H 
 Shielding tensor (ppm): 
                  0          1          2    
      0      29.205572  -1.356670   3.225757
      1      -0.634327  30.564030   0.341260
      2       4.046114   1.309060  27.612424
 P Tensor eigenvectors:
                   0          1          2    
      0      -0.614858   0.023880  -0.788276
      1      -0.191708   0.965034   0.178767
      2       0.764982   0.261035  -0.588781
 P Eigenvalues: 
                  0          1          2    
      0      24.426118  30.777310  32.178598
P(iso)  29.127342
 Nucleus: 17 H 
 Shielding tensor (ppm): 
                  0          1          2    
      0      31.108612   0.953706  -4.496439
      1       0.490103  30.252114  -0.446597
      2      -4.343687   0.848467  28.166669
 P Tensor eigenvectors:
                   0          1          2    
      0       0.587416   0.033576   0.808588
      1      -0.097648  -0.988899   0.112002
      2       0.803372  -0.144749  -0.577616
 P Eigenvalues: 
                  0          1          2    
      0      24.915573  30.261934  34.349888
P(iso)  29.842465
 Nucleus: 18 H 
 Shielding tensor (ppm): 
                  0          1          2    
      0      31.126448   0.924830   4.499069
      1       0.462931  30.255533   0.457889
      2       4.343479  -0.834515  28.145605
 P Tensor eigenvectors:
                   0          1          2    
      0      -0.585842   0.034058   0.809709
      1       0.092424  -0.989790   0.108503
      2       0.805138   0.138402   0.576713
 P Eigenvalues: 
                  0          1          2    
      0      24.912633  30.262620  34.352332
P(iso)  29.842528
 Nucleus: 20 H 
 Shielding tensor (ppm): 
                  0          1          2    
      0      30.234843   1.637489   3.937190
      1       2.369061  31.025087   2.581832
      2       3.209154   2.164985  30.861362
 P Tensor eigenvectors:
                   0          1          2    
      0       0.727536   0.383508   0.568870
      1       0.043021  -0.853042   0.520066
      2      -0.684719   0.353894   0.637118
 P Eigenvalues: 
                  0          1          2    
      0      26.955609  29.114528  36.051155
P(iso)  30.707097
 Nucleus: 21 H 
 Shielding tensor (ppm): 
                  0          1          2    
      0      30.219697   1.659259  -3.923803
      1       2.384762  31.055563  -2.586977
      2      -3.190679  -2.167136  30.845533
 P Tensor eigenvectors:
                   0          1          2    
      0       0.728985   0.382839  -0.567464
      1       0.038602  -0.850655  -0.524305
      2       0.683441  -0.360305   0.634893
 P Eigenvalues: 
                  0          1          2    
      0      26.957080  29.113045  36.050669
P(iso)  30.706931
 Nucleus: 23 H 
 Shielding tensor (ppm): 
                  0          1          2    
      0      29.400572   2.035850   3.332524
      1       1.351986  31.172788   0.140420
      2       4.485129  -0.995770  25.845492
 P Tensor eigenvectors:
                   0          1          2    
      0      -0.544550  -0.457564  -0.702923
      1       0.147532   0.772759  -0.617316
      2       0.825651  -0.439863  -0.353300
 P Eigenvalues: 
                  0          1          2    
      0      23.124404  30.437297  32.857152
P(iso)  28.806284
 Nucleus: 24 H 
 Shielding tensor (ppm): 
                  0          1          2    
      0      29.377444   2.044965  -3.324495
      1       1.371894  31.159032  -0.116655
      2      -4.479622   1.025328  25.886532
 P Tensor eigenvectors:
                   0          1          2    
      0       0.547173  -0.454628  -0.702791
      1      -0.152272   0.771558  -0.617666
      2       0.823052   0.444986   0.352948
 P Eigenvalues: 
                  0          1          2    
      0      23.140787  30.439017  32.843205
P(iso)  28.807670
 Nucleus: 26 H 
 Shielding tensor (ppm): 
                  0          1          2    
      0      30.635315  -0.867116   3.808467
      1      -0.723093  31.410068   0.117457
      2       3.756504   1.347981  27.907119
 P Tensor eigenvectors:
                   0          1          2    
      0      -0.571510   0.013535  -0.820483
      1      -0.155171   0.980043   0.124252
      2       0.805790   0.198327  -0.558004
 P Eigenvalues: 
                  0          1          2    
      0      25.074502  31.556191  33.321809
P(iso)  29.984167
 Nucleus: 27 H 
 Shielding tensor (ppm): 
                  0          1          2    
      0      30.616594  -0.849321  -3.814946
      1      -0.703411  31.417946  -0.098783
      2      -3.761786  -1.331080  27.922617
 P Tensor eigenvectors:
                   0          1          2    
      0       0.573486   0.012130  -0.819126
      1       0.151354   0.981108   0.120494
      2       0.805112  -0.193079   0.560816
 P Eigenvalues: 
                  0          1          2    
      0      25.081352  31.557651  33.318154
P(iso)  29.985719
 Nucleus: 29 H 
 Shielding tensor (ppm): 
                  0          1          2    
      0      31.034840   0.377384   4.649611
      1       0.134422  30.989026  -0.545822
      2       4.255366  -1.295228  28.235337
 P Tensor eigenvectors:
                   0          1          2    
      0      -0.584412  -0.166012   0.794294
      1       0.137445  -0.984957  -0.104734
      2       0.799732   0.047964   0.598437
 P Eigenvalues: 
                  0          1          2    
      0      24.838069  31.083710  34.337424
P(iso)  30.086401
 Nucleus: 30 H 
 Shielding tensor (ppm): 
                  0          1          2    
      0      31.011697   0.400056  -4.652184
      1       0.155001  30.979393   0.558751
      2      -4.257473   1.309687  28.267830
 P Tensor eigenvectors:
                   0          1          2    
      0       0.586383  -0.166826   0.792669
      1      -0.141344  -0.984623  -0.102665
      2       0.797607  -0.051838  -0.600946
 P Eigenvalues: 
                  0          1          2    
      0      24.841746  31.082496  34.334678
P(iso)  30.086306
 Nucleus: 32 H 
 Shielding tensor (ppm): 
                  0          1          2    
      0      30.448949   1.667898  -4.062910
      1       2.543125  30.800306  -2.282142
      2      -3.367623  -1.915459  30.752648
 P Tensor eigenvectors:
                   0          1          2    
      0       0.731628   0.315514  -0.604294
      1      -0.028272  -0.871640  -0.489331
      2       0.681117  -0.375093   0.628796
 P Eigenvalues: 
                  0          1          2    
      0      26.881033  29.107524  36.013347
P(iso)  30.667301
 Nucleus: 33 H 
 Shielding tensor (ppm): 
                  0          1          2    
      0      30.469444   1.653607   4.073370
      1       2.533121  30.780921   2.275109
      2       3.382195   1.911073  30.751786
 P Tensor eigenvectors:
                   0          1          2    
      0       0.729705   0.316572   0.606063
      1      -0.024941  -0.873453   0.486270
      2      -0.683307   0.369949   0.629467
 P Eigenvalues: 
                  0          1          2    
      0      26.879173  29.108511  36.014467
P(iso)  30.667383
 Nucleus: 35 H 
 Shielding tensor (ppm): 
                  0          1          2    
      0      29.566489  -2.329557  -0.011305
      1      -3.717447  36.036656   0.037759
      2      -0.016212   0.036744  25.655772
 P Tensor eigenvectors:
                   0          1          2    
      0       0.000957  -0.926280   0.376834
      1      -0.003307  -0.376835  -0.926274
      2       0.999994  -0.000360  -0.003423
 P Eigenvalues: 
                  0          1          2    
      0      25.655636  28.374547  37.228734
P(iso)  30.419639
 Nucleus: 36 H 
 Shielding tensor (ppm): 
                  0          1          2    
      0      28.965671  -1.754310  -0.007918
      1      -3.016943  36.697687   0.029863
      2      -0.010811   0.028261  25.669161
 P Tensor eigenvectors:
                   0          1          2    
      0       0.001108  -0.959364   0.282168
      1      -0.002397  -0.282170  -0.959361
      2       0.999997   0.000387  -0.002613
 P Eigenvalues: 
                  0          1          2    
      0      25.669081  28.289697  37.373741
P(iso)  30.444173
 Nucleus: 43 H 
 Shielding tensor (ppm): 
                  0          1          2    
      0      35.835968   0.011820  -0.001974
      1       0.012592  25.415500   0.000893
      2      -0.001949   0.000985  24.416052
 P Tensor eigenvectors:
                   0          1          2    
      0       0.000173  -0.001165  -0.999999
      1      -0.000941   0.999999  -0.001165
      2       1.000000   0.000941   0.000172
 P Eigenvalues: 
                  0          1          2    
      0      24.416051  25.415487  35.835983
P(iso)  28.555840
 Nucleus: 44 H 
 Shielding tensor (ppm): 
                  0          1          2    
      0      27.538569   3.320018   0.001502
      1       2.144970  24.241351   0.003372
      2       0.000542   0.002961  20.537179
 P Tensor eigenvectors:
                   0          1          2    
      0       0.000266  -0.501480  -0.865169
      1      -0.001050   0.865168  -0.501480
      2       0.999999   0.001042  -0.000296
 P Eigenvalues: 
                  0          1          2    
      0      20.537176  22.699477  29.080446
P(iso)  24.105700
 Nucleus: 45 H 
 Shielding tensor (ppm): 
                  0          1          2    
      0      27.938959   3.191237  -0.000283
      1       2.296950  24.406361   0.004164
      2      -0.002222   0.003479  20.142977
 P Tensor eigenvectors:
                   0          1          2    
      0       0.000608  -0.486415  -0.873728
      1      -0.001295   0.873727  -0.486415
      2       0.999999   0.001427  -0.000099
 P Eigenvalues: 
                  0          1          2    
      0      20.142971  22.909729  29.435597
P(iso)  24.162766
 Nucleus: 46 H 
 Shielding tensor (ppm): 
                  0          1          2    
      0      28.560571  -2.698929  -0.001778
      1      -1.903858  24.041607   0.006332
      2       0.000053   0.004082  19.810806
 P Tensor eigenvectors:
                   0          1          2    
      0      -0.000258   0.393882  -0.919161
      1      -0.001398   0.919160   0.393881
      2       0.999999   0.001386   0.000314
 P Eigenvalues: 
                  0          1          2    
      0      19.810799  23.076301  29.525884
P(iso)  24.137661
 Nucleus: 47 H 
 Shielding tensor (ppm): 
                  0          1          2    
      0      27.349025  -3.180545  -0.003807
      1      -2.027480  24.329479   0.003687
      2      -0.003667   0.003711  20.598198
 P Tensor eigenvectors:
                   0          1          2    
      0       0.000226   0.508843  -0.860859
      1      -0.000830   0.860859   0.508843
      2       1.000000   0.000599   0.000617
 P Eigenvalues: 
                  0          1          2    
      0      20.598194  22.829969  28.848539
P(iso)  24.092234
 Nucleus: 54 H 
 Shielding tensor (ppm): 
                  0          1          2    
      0      35.790057   0.468646  -0.002924
      1       0.455363  25.447522   0.001349
      2      -0.003033   0.001517  24.438449
 P Tensor eigenvectors:
                   0          1          2    
      0       0.000325  -0.044645  -0.999003
      1      -0.001568   0.999002  -0.044646
      2       0.999999   0.001581   0.000255
 P Eigenvalues: 
                  0          1          2    
      0      24.438446  25.426927  35.810655
P(iso)  28.558676
 Nucleus: 55 H 
 Shielding tensor (ppm): 
                  0          1          2    
      0      27.604115  -3.073007  -0.007212
      1      -1.933810  24.095458   0.006229
      2      -0.006219   0.006454  20.624716
 P Tensor eigenvectors:
                   0          1          2    
      0       0.000406   0.471324  -0.881960
      1      -0.001530   0.881959   0.471323
      2       0.999999   0.001158   0.001080
 P Eigenvalues: 
                  0          1          2    
      0      20.624703  22.793617  28.905969
P(iso)  24.108096
 Nucleus: 56 H 
 Shielding tensor (ppm): 
                  0          1          2    
      0      28.542576  -2.555683  -0.005851
      1      -1.741423  24.095958   0.009537
      2      -0.003128   0.008429  19.876822
 P Tensor eigenvectors:
                   0          1          2    
      0      -0.000003   0.381932  -0.924190
      1      -0.002148   0.924188   0.381931
      2       0.999998   0.001986   0.000818
 P Eigenvalues: 
                  0          1          2    
      0      19.876803  23.227825  29.410728
P(iso)  24.171785
 Nucleus: 57 H 
 Shielding tensor (ppm): 
                  0          1          2    
      0      27.841296   3.175404   0.001106
      1       2.329678  24.567614   0.006473
      2      -0.001362   0.005673  20.124470
 P Tensor eigenvectors:
                   0          1          2    
      0       0.000638  -0.501405  -0.865212
      1      -0.001771   0.865211  -0.501405
      2       0.999998   0.001852  -0.000336
 P Eigenvalues: 
                  0          1          2    
      0      20.124459  23.002425  29.406496
P(iso)  24.177793
 Nucleus: 58 H 
 Shielding tensor (ppm): 
                  0          1          2    
      0      27.237088   3.407921   0.002733
      1       2.252831  24.530618   0.005882
      2       0.001085   0.005483  20.596218
 P Tensor eigenvectors:
                   0          1          2    
      0       0.000477  -0.542627  -0.839974
      1      -0.001782   0.839972  -0.542627
      2       0.999998   0.001756  -0.000567
 P Eigenvalues: 
                  0          1          2    
      0      20.596209  22.747400  29.020315
P(iso)  24.121308
# -----------------------------------------------------------
$ EPRNMR_ATensor
   description: Hyperfine A tensor
   geom. index: 1
   prop. index: 1
 Number of stored nuclei 29
 Source density: 1 SCF 
 Spin multiplicity: 2 
 Nucleus: 9 H  
 Isotope: 1 
 Nuclear Spin:  0.5 
 Prefactor (MHz): 533.551395 
 Raw A tensor (MHz): 
                  0          1          2    
      0     -15.731418   6.255465   0.018842
      1       6.258151 -13.262372   0.011299
      2       0.018851   0.011301 -17.334478
 A Tensor eigenvectors:
                   0          1          2    
      0       0.634973   0.000185   0.772534
      1       0.772531  -0.003060  -0.634970
      2       0.002246   0.999995  -0.002086
 A Eigenvalues: 
                  0          1          2    
      0      -8.119412 -17.334510 -20.874346
A(iso)  -15.442756
 Nucleus: 10 H  
 Isotope: 1 
 Nuclear Spin:  0.5 
 Prefactor (MHz): 533.551395 
 Raw A tensor (MHz): 
                  0          1          2    
      0       8.259638  -2.256289  -0.008667
      1      -2.257489   6.842821   0.008282
      2      -0.008671   0.008282   4.573305
 A Tensor eigenvectors:
                   0          1          2    
      0       0.000300   0.591800  -0.806085
      1      -0.003351   0.806081   0.591796
      2       0.999994   0.002523   0.002225
 A Eigenvalues: 
                  0          1          2    
      0       4.573275   5.185776   9.916714
A(iso)  6.558588
 Nucleus: 12 H  
 Isotope: 1 
 Nuclear Spin:  0.5 
 Prefactor (MHz): 533.551395 
 Raw A tensor (MHz): 
                  0          1          2    
      0     -19.982319   0.364390  -0.013850
      1       0.362695 -73.197679  -0.079830
      2      -0.013856  -0.079834 -48.405660
 A Tensor eigenvectors:
                   0          1          2    
      0       0.999976  -0.000528  -0.006846
      1       0.006848   0.003212   0.999971
      2      -0.000506  -0.999995   0.003216
 A Eigenvalues: 
                  0          1          2    
      0     -19.979829 -48.405411 -73.200419
A(iso)  -47.195220
 Nucleus: 14 H  
 Isotope: 1 
 Nuclear Spin:  0.5 
 Prefactor (MHz): 533.551395 
 Raw A tensor (MHz): 
                  0          1          2    
      0      72.267728   3.534418  -1.999185
      1       3.533359  73.725852  -1.864411
      2      -1.997686  -1.864648  68.912907
 A Tensor eigenvectors:
                   0          1          2    
      0       0.371239   0.697593   0.612818
      1       0.071858  -0.679587   0.730068
      2       0.925753  -0.226994  -0.302417
 A Eigenvalues: 
                  0          1          2    
      0      67.966965  69.475279  77.464244
A(iso)  71.635496
 Nucleus: 15 H  
 Isotope: 1 
 Nuclear Spin:  0.5 
 Prefactor (MHz): 533.551395 
 Raw A tensor (MHz): 
                  0          1          2    
      0      72.220484   3.522785   2.017540
      1       3.521734  73.646202   1.890790
      2       2.016034   1.891025  68.876833
 A Tensor eigenvectors:
                   0          1          2    
      0      -0.369567   0.698036   0.613323
      1      -0.078258  -0.681089   0.728006
      2       0.925903   0.221050   0.306335
 A Eigenvalues: 
                  0          1          2    
      0      67.912207  69.422343  77.408969
A(iso)  71.581173
 Nucleus: 17 H  
 Isotope: 1 
 Nuclear Spin:  0.5 
 Prefactor (MHz): 533.551395 
 Raw A tensor (MHz): 
                  0          1          2    
      0      -2.402979  -1.972543  -0.621819
      1      -1.972297   1.762906   1.351470
      2      -0.621257   1.350349  -2.864281
 A Tensor eigenvectors:
                   0          1          2    
      0      -0.361450  -0.710047   0.604307
      1       0.898684  -0.437998   0.022886
      2       0.248436   0.551354   0.796422
 A Eigenvalues: 
                  0          1          2    
      0       2.929305  -3.136679  -3.296980
A(iso)  -1.168118
 Nucleus: 18 H  
 Isotope: 1 
 Nuclear Spin:  0.5 
 Prefactor (MHz): 533.551395 
 Raw A tensor (MHz): 
                  0          1          2    
      0      -2.400849  -1.979886   0.607527
      1      -1.979638   1.780393  -1.316698
      2       0.606969  -1.315578  -2.884165
 A Tensor eigenvectors:
                   0          1          2    
      0       0.361990   0.709726  -0.604361
      1      -0.900293   0.434303  -0.029222
      2       0.241737   0.554680   0.796174
 A Eigenvalues: 
                  0          1          2    
      0       2.929460  -3.137358  -3.296723
A(iso)  -1.168207
 Nucleus: 20 H  
 Isotope: 1 
 Nuclear Spin:  0.5 
 Prefactor (MHz): 533.551395 
 Raw A tensor (MHz): 
                  0          1          2    
      0       0.089371   0.302354   0.110297
      1       0.302707   2.185647   0.382441
      2       0.110444   0.382248   0.108332
 A Tensor eigenvectors:
                   0          1          2    
      0       0.680675   0.718675  -0.142080
      1       0.033810  -0.224555  -0.973875
      2      -0.731805   0.658089  -0.177148
 A Eigenvalues: 
                  0          1          2    
      0      -0.013030   0.097038   2.299342
A(iso)  0.794450
 Nucleus: 21 H  
 Isotope: 1 
 Nuclear Spin:  0.5 
 Prefactor (MHz): 533.551395 
 Raw A tensor (MHz): 
                  0          1          2    
      0       0.089672   0.302054  -0.108351
      1       0.302407   2.191628  -0.369266
      2      -0.108495  -0.369073   0.104589
 A Tensor eigenvectors:
                   0          1          2    
      0      -0.682401  -0.717131   0.141609
      1      -0.028970   0.220106   0.975046
      2      -0.730404   0.661269  -0.170975
 A Eigenvalues: 
                  0          1          2    
      0      -0.012362   0.097983   2.300267
A(iso)  0.795296
 Nucleus: 23 H  
 Isotope: 1 
 Nuclear Spin:  0.5 
 Prefactor (MHz): 533.551395 
 Raw A tensor (MHz): 
                  0          1          2    
      0      25.776300  -1.490541   0.889775
      1      -1.490054  25.934581  -0.485778
      2       0.889149  -0.485934  24.531010
 A Tensor eigenvectors:
                   0          1          2    
      0       0.603725   0.420874   0.677039
      1       0.276259   0.686199  -0.672913
      2      -0.747795   0.593292   0.298005
 A Eigenvalues: 
                  0          1          2    
      0      23.992524  24.600287  27.649080
A(iso)  25.413964
 Nucleus: 24 H  
 Isotope: 1 
 Nuclear Spin:  0.5 
 Prefactor (MHz): 533.551395 
 Raw A tensor (MHz): 
                  0          1          2    
      0      25.843605  -1.484505  -0.901851
      1      -1.484024  26.005037   0.496924
      2      -0.901223   0.497081  24.616162
 A Tensor eigenvectors:
                   0          1          2    
      0      -0.606506   0.418712   0.675893
      1      -0.272854   0.688857  -0.671585
      2      -0.746794  -0.591741  -0.303548
 A Eigenvalues: 
                  0          1          2    
      0      24.065691  24.675755  27.723357
A(iso)  25.488268
 Nucleus: 26 H  
 Isotope: 1 
 Nuclear Spin:  0.5 
 Prefactor (MHz): 533.551395 
 Raw A tensor (MHz): 
                  0          1          2    
      0      -0.819678   0.375412   0.093755
      1       0.374938   0.723846   0.394384
      2       0.093515   0.394138  -0.942567
 A Tensor eigenvectors:
                   0          1          2    
      0       0.219710   0.973070   0.069729
      1       0.951592  -0.229510   0.204443
      2       0.214941   0.021436  -0.976392
 A Eigenvalues: 
                  0          1          2    
      0       0.899353  -0.905978  -1.031773
A(iso)  -0.346133
 Nucleus: 27 H  
 Isotope: 1 
 Nuclear Spin:  0.5 
 Prefactor (MHz): 533.551395 
 Raw A tensor (MHz): 
                  0          1          2    
      0      -0.822229   0.375265  -0.092442
      1       0.374790   0.727717  -0.386570
      2      -0.092204  -0.386322  -0.948339
 A Tensor eigenvectors:
                   0          1          2    
      0       0.219134   0.972822  -0.074822
      1       0.952755  -0.229883  -0.198525
      2      -0.210330  -0.027784  -0.977236
 A Eigenvalues: 
                  0          1          2    
      0       0.899132  -0.908102  -1.033881
A(iso)  -0.347617
 Nucleus: 29 H  
 Isotope: 1 
 Nuclear Spin:  0.5 
 Prefactor (MHz): 533.551395 
 Raw A tensor (MHz): 
                  0          1          2    
      0      -0.036569  -0.266056   0.059032
      1      -0.266219   0.713585  -0.122872
