-------------------------------------------------------------
----------------------- !PROPERTIES! ------------------------
-------------------------------------------------------------
# -----------------------------------------------------------
$ PAL_Flags
   description: The PAL Flags
   geom. index: 1
   prop. index: 1
        Diskflag:     2
# -----------------------------------------------------------
$ SCF_Energy
   description: The SCF energy
   geom. index: 1
   prop. index: 1
        SCF Energy:     -739.6892096755
# -----------------------------------------------------------
$ DFT_Energy
   description: The DFT energy
   geom. index: 1
   prop. index: 1
   Number of Alpha Electrons                 71.0001788993 
   Number of Beta  Electrons                 70.0001763935 
   Total number of  Electrons               141.0003552928 
   Exchange energy                          -85.6237110034 
   Correlation energy                        -5.4142941111 
   Correlation energy NL                      0.0000000000 
   Exchange-Correlation energy              -91.0380051145 
   Embedding correction                       0.0000000000 
   Total DFT Energy (No VdW correction)    -739.6892096755 
# -----------------------------------------------------------
$ Mayer_Pop
   description: The Mayer population analysis
   geom. index: 1
   prop. index: 1
     Number of atoms                     : 46
     Threshold for printing              : 0.1000000
     Number of bond orders printed       : 46
  NA   - Mulliken gross atomic population
  ZA   - Total nuclear charge
  QA   - Mulliken gross atomic charge
  VA   - Mayer's total valence
  BVA  - Mayer's bonded valence
  FA   - Mayer's free valence
  ATOM       NA         ZA         QA         VA         BVA        FA
  0   0     5.3802     6.0000     0.6198     2.9162     2.9162     0.0000
  1   0     5.9713     6.0000     0.0287     3.9584     3.9584     0.0000
  2   0     6.0259     6.0000    -0.0259     4.0866     4.0866     0.0000
  3   0     5.9705     6.0000     0.0295     3.8984     3.8984     0.0000
  4   0     6.0598     6.0000    -0.0598     3.8494     3.8494     0.0000
  5   0     6.0731     6.0000    -0.0731     4.1629     4.1629     0.0000
  6   0     5.9772     6.0000     0.0228     3.9752     3.9752     0.0000
  7   0     1.0549     1.0000    -0.0549     1.0010     1.0010     0.0000
  8   0     1.0439     1.0000    -0.0439     0.9844     0.9844     0.0000
  9   0     5.9665     6.0000     0.0335     4.0147     4.0147     0.0000
 10   0     0.9757     1.0000     0.0243     0.9655     0.9655     0.0000
 11   0     0.9746     1.0000     0.0254     0.9650     0.9650     0.0000
 12   0     6.0394     6.0000    -0.0394     4.1181     4.1181     0.0000
 13   0     0.9835     1.0000     0.0165     0.9641     0.9641     0.0000
 14   0     0.9826     1.0000     0.0174     0.9635     0.9635     0.0000
 15   0     6.0253     6.0000    -0.0253     4.1160     4.1160     0.0000
 16   0     0.9950     1.0000     0.0050     0.9671     0.9671     0.0000
 17   0     0.9949     1.0000     0.0051     0.9672     0.9672     0.0000
 18   0     5.9990     6.0000     0.0010     4.0185     4.0185     0.0000
 19   0     0.9825     1.0000     0.0175     0.9775     0.9775     0.0000
 20   0     0.9824     1.0000     0.0176     0.9774     0.9774     0.0000
 21   0     5.9521     6.0000     0.0479     4.0161     4.0161     0.0000
 22   0     0.9693     1.0000     0.0307     0.9696     0.9696     0.0000
 23   0     0.9694     1.0000     0.0306     0.9696     0.9696     0.0000
 24   0     6.0338     6.0000    -0.0338     4.1145     4.1145     0.0000
 25   0     0.9860     1.0000     0.0140     0.9635     0.9635     0.0000
 26   0     0.9861     1.0000     0.0139     0.9636     0.9636     0.0000
 27   0     5.9867     6.0000     0.0133     4.0762     4.0762     0.0000
 28   0     0.9966     1.0000     0.0034     0.9698     0.9698     0.0000
 29   0     0.9966     1.0000     0.0034     0.9697     0.9697     0.0000
 30   0     6.0058     6.0000    -0.0058     4.0840     4.0839     0.0001
 31   0     0.9987     1.0000     0.0013     0.9698     0.9698     0.0000
 32   0     0.9987     1.0000     0.0013     0.9698     0.9698     0.0000
 33   0     6.0002     6.0000    -0.0002     4.0592     4.0565     0.0027
 34   0     0.9964     1.0000     0.0036     0.9709     0.9709     0.0000
 35   0     0.9964     1.0000     0.0036     0.9709     0.9709     0.0000
 36   0     6.0013     6.0000    -0.0013     4.1001     4.0976     0.0025
 37   0     0.9896     1.0000     0.0104     0.9657     0.9655     0.0002
 38   0     0.9895     1.0000     0.0105     0.9657     0.9655     0.0002
 39   0     6.0688     6.0000    -0.0688     3.9787     3.1231     0.8556
 40   0     0.9751     1.0000     0.0249     0.9760     0.9738     0.0022
 41   0     0.9751     1.0000     0.0249     0.9761     0.9739     0.0022
 42   0     6.5951     6.0000    -0.5951     3.4062     3.4062     0.0000
 43   0     1.0314     1.0000    -0.0314     1.0298     1.0298     0.0000
 44   0     0.9874     1.0000     0.0126     0.9735     0.9735     0.0000
 45   0     1.0558     1.0000    -0.0558     0.9794     0.9794     0.0000
      Bond orders larger than 0.1000000
           Atom A     A.N. of A          Atom B    A.N. of B              Bond order
                0             6               4            6                0.908203
                0             6              42            6                2.141653
                1             6               2            6                1.421823
                1             6               6            6                1.431120
                1             6              45            1                0.933052
                2             6               3            6                1.426704
                2             6               9            6                1.044777
                3             6               4            6                1.392432
                3             6               7            1                0.927605
                4             6               5            6                1.409645
                5             6               6            6                1.441700
                5             6              21            6                1.088784
                6             6               8            1                0.918245
                9             6              10            1                0.914489
                9             6              11            1                0.913796
                9             6              12            6                1.103972
               12             6              13            1                0.931259
               12             6              14            1                0.930197
               12             6              15            6                1.075065
               15             6              16            1                0.941382
               15             6              17            1                0.941339
               15             6              18            6                1.105715
               18             6              19            1                0.966542
               18             6              20            1                0.966555
               18             6              44            1                0.962142
               21             6              22            1                0.898436
               21             6              23            1                0.898679
               21             6              24            6                1.099940
               24             6              25            1                0.927470
               24             6              26            1                0.927519
               24             6              27            6                1.077936
               27             6              28            1                0.934015
               27             6              29            1                0.934048
               27             6              30            6                1.077687
               30             6              31            1                0.935833
               30             6              32            1                0.935763
               30             6              33            6                1.077913
               33             6              34            1                0.940158
               33             6              35            1                0.940157
               33             6              36            6                1.048466
               36             6              37            1                0.935849
               36             6              38            1                0.935930
               36             6              39            6                1.136271
               39             6              40            1                0.964928
               39             6              41            1                0.964920
               42             6              43            1                1.116460
# -----------------------------------------------------------
$ Calculation_Info
   description: Details of the calculation
   geom. index: 1
   prop. index: 1
     Multiplicity:                          2
     Charge:                                0
     number of atoms:                       46
     number of electrons:                   0
     number of frozen core electrons:       1
     number of correlated electrons:        0
     number of basis functions:             401
     number of aux C basis functions:       2649
     number of aux J basis functions:       2649
     number of aux JK basis functions:      2649
     number of aux CABS basis functions:    0
     Total Energy                           -739.689210
# -----------------------------------------------------------
$ SCF_Electric_Properties
   description: The SCF Calculated Electric Properties
   geom. index: 1
   prop. index: 1
       Filename                          : cc-pVDZ_i.scfp 
       Do Dipole Moment Calculation      : true 
       Do Quadrupole Moment Calculation  : false 
       Do Polarizability Calculation     : false 
** Dipole moment part of electric properties **
        Magnitude of dipole moment (Debye) :        0.7764038638
        Electronic Contribution:
                  0    
      0       4.337937
      1      -7.760120
      2       0.418347
        Nuclear Contribution:
                  0    
      0      -4.607615
      1       7.616677
      2      -0.418874
        Total Dipole moment:
                  0    
      0      -0.269678
      1      -0.143443
      2      -0.000527
# -----------------------------------------------------------
$ EPRNMR_GTensor
   description: Electronic g tensor
   geom. index: 1
   prop. index: 1
 Source density: 1 SCF 
 Spin multiplicity: 2 
 raw g tensor: 
                  0          1          2    
      0       2.002349   0.000219  -0.000010
      1       0.000267   2.002546   0.000007
      2      -0.000012   0.000007   2.002720
 g tensor: 
                  0          1          2    
      0       0.829168   0.558637  -0.020104
      1      -0.558438   0.829411   0.014974
      2       0.025039  -0.001190   0.999686
 G eigenvalues: 
                  0          1          2    
      0       2.002185   2.002710   2.002720
# -----------------------------------------------------------
$ EPRNMR_OrbitalShielding
   description: Orbital contribution to the NMR Shielding tensor (ppm)
   geom. index: 1
   prop. index: 1
 Number of stored nuclei 27
 Source density: 1 SCF 
 Nucleus: 7 H 
 Shielding tensor (ppm): 
                  0          1          2    
      0      27.513920   5.637233   0.072536
      1       5.400160  26.257200  -0.057964
      2       0.028625  -0.045833  18.813801
 P Tensor eigenvectors:
                   0          1          2    
      0      -0.019841  -0.667256  -0.744564
      1       0.021411   0.744256  -0.667551
      2       0.999574  -0.029187  -0.000480
 P Eigenvalues: 
                  0          1          2    
      0      18.811722  21.333339  32.439859
P(iso)  24.194974
 Nucleus: 8 H 
 Shielding tensor (ppm): 
                  0          1          2    
      0      27.636409   3.834787   0.069400
      1       4.623741  26.573739  -0.103052
      2       0.055256  -0.124444  19.145396
 P Tensor eigenvectors:
                   0          1          2    
      0      -0.020771  -0.655795  -0.754653
      1       0.027095   0.754170  -0.656120
      2       0.999417  -0.034076   0.002104
 P Eigenvalues: 
                  0          1          2    
      0      19.141004  22.847341  31.367200
P(iso)  24.451848
 Nucleus: 10 H 
 Shielding tensor (ppm): 
                  0          1          2    
      0      28.900774  -0.393960   3.696422
      1      -0.040484  30.993838  -0.881867
      2       5.179955   0.131908  26.379924
 P Tensor eigenvectors:
                   0          1          2    
      0      -0.591185  -0.237141   0.770886
      1       0.030993  -0.961772  -0.272093
      2       0.805941  -0.136965   0.575934
 P Eigenvalues: 
                  0          1          2    
      0      23.025383  30.880006  32.369147
P(iso)  28.758179
 Nucleus: 11 H 
 Shielding tensor (ppm): 
                  0          1          2    
      0      28.954605  -0.413627  -3.602226
      1      -0.245297  30.871123   0.680080
      2      -5.115543  -0.426793  26.381764
 P Tensor eigenvectors:
                   0          1          2    
      0       0.588199  -0.179176   0.788618
      1       0.002719  -0.974704  -0.223483
      2       0.808712   0.133596  -0.572832
 P Eigenvalues: 
                  0          1          2    
      0      23.124549  30.790089  32.292853
P(iso)  28.735831
 Nucleus: 13 H 
 Shielding tensor (ppm): 
                  0          1          2    
      0      30.071714   0.968260  -3.637564
      1       0.805394  31.291877   0.283680
      2      -3.465798   1.588786  28.049733
 P Tensor eigenvectors:
                   0          1          2    
      0       0.594865  -0.027642   0.803350
      1      -0.193031  -0.975076   0.109385
      2       0.780304  -0.220141  -0.585375
 P Eigenvalues: 
                  0          1          2    
      0      25.103138  31.540337  32.769850
P(iso)  29.804441
 Nucleus: 14 H 
 Shielding tensor (ppm): 
                  0          1          2    
      0      29.997742   1.127518   3.692805
      1       0.921753  31.218648  -0.393691
      2       3.546639  -1.600280  28.087711
 P Tensor eigenvectors:
                   0          1          2    
      0      -0.601331  -0.010156   0.798936
      1       0.212025  -0.966099   0.147303
      2       0.770355   0.257972   0.583099
 P Eigenvalues: 
                  0          1          2    
      0      24.978579  31.508250  32.817272
P(iso)  29.768034
 Nucleus: 16 H 
 Shielding tensor (ppm): 
                  0          1          2    
      0      30.822213   0.114246  -4.567226
      1       0.157503  30.469749  -0.355531
      2      -4.354831  -1.003350  28.604219
 P Tensor eigenvectors:
                   0          1          2    
      0       0.611545  -0.156334  -0.775611
      1       0.079129   0.987455  -0.136643
      2       0.787243   0.022191   0.616244
 P Eigenvalues: 
                  0          1          2    
      0      25.078517  30.436670  34.380995
P(iso)  29.965394
 Nucleus: 17 H 
 Shielding tensor (ppm): 
                  0          1          2    
      0      30.718639   0.206483   4.608751
      1       0.276681  30.506494   0.287891
      2       4.400457   0.929856  28.680627
 P Tensor eigenvectors:
                   0          1          2    
      0      -0.621758  -0.149504  -0.768808
      1      -0.055061   0.987527  -0.147507
      2       0.781272  -0.049383  -0.622235
 P Eigenvalues: 
                  0          1          2    
      0      25.061850  30.442578  34.401332
P(iso)  29.968587
 Nucleus: 19 H 
 Shielding tensor (ppm): 
                  0          1          2    
      0      29.704150  -1.457418   3.835029
      1      -2.317890  30.534659  -2.392621
      2       3.265586  -2.026492  30.741600
 P Tensor eigenvectors:
                   0          1          2    
      0      -0.758053   0.326513   0.564574
      1       0.001908   0.866762  -0.498718
      2       0.652190   0.376977   0.657675
 P Eigenvalues: 
                  0          1          2    
      0      26.634889  28.837136  35.508384
P(iso)  30.326803
 Nucleus: 20 H 
 Shielding tensor (ppm): 
                  0          1          2    
      0      29.790404  -1.586396  -3.790073
      1      -2.430303  30.653435   2.357502
      2      -3.191210   2.027122  30.542712
 P Tensor eigenvectors:
                   0          1          2    
      0      -0.750333   0.332281  -0.571481
      1      -0.015112   0.855643   0.517345
      2      -0.660887  -0.396817   0.636996
 P Eigenvalues: 
                  0          1          2    
      0      26.655516  28.830495  35.500539
P(iso)  30.328850
 Nucleus: 22 H 
 Shielding tensor (ppm): 
                  0          1          2    
      0      27.891943  -1.582881   3.485597
      1      -1.066084  31.730446  -0.429956
      2       5.116878   0.781746  26.240042
 P Tensor eigenvectors:
                   0          1          2    
      0      -0.630620   0.562518  -0.534688
      1      -0.095550   0.627434   0.772785
      2       0.770187   0.538423  -0.341924
 P Eigenvalues: 
                  0          1          2    
      0      22.583411  30.713541  32.565479
P(iso)  28.620810
 Nucleus: 23 H 
 Shielding tensor (ppm): 
                  0          1          2    
      0      28.258867  -1.731162  -3.307241
      1      -1.356154  31.707234   0.070544
      2      -4.960631  -1.157454  25.901982
 P Tensor eigenvectors:
                   0          1          2    
      0       0.596292   0.589050  -0.545395
      1       0.137853   0.594165   0.792442
      2       0.790843  -0.547711   0.273094
 P Eigenvalues: 
                  0          1          2    
      0      22.579144  30.709849  32.579091
P(iso)  28.622694
 Nucleus: 25 H 
 Shielding tensor (ppm): 
                  0          1          2    
      0      29.759769   0.889896   3.913605
      1       0.777662  31.672077  -0.238520
      2       3.828796  -1.698690  27.954252
 P Tensor eigenvectors:
                   0          1          2    
      0      -0.613634  -0.067372   0.786711
      1       0.168344  -0.984608   0.046989
      2       0.771436   0.161272   0.615530
 P Eigenvalues: 
                  0          1          2    
      0      24.650542  31.900805  32.834751
P(iso)  29.795366
 Nucleus: 26 H 
 Shielding tensor (ppm): 
                  0          1          2    
      0      30.045184   0.580711  -3.871646
      1       0.534069  31.784703   0.052932
      2      -3.770796   1.508803  27.566795
 P Tensor eigenvectors:
                   0          1          2    
      0       0.583820  -0.084820   0.807441
      1      -0.122880  -0.992302  -0.015391
      2       0.802530  -0.090233  -0.589748
 P Eigenvalues: 
                  0          1          2    
      0      24.660509  31.913016  32.823155
P(iso)  29.798894
 Nucleus: 28 H 
 Shielding tensor (ppm): 
                  0          1          2    
      0      29.514152   0.137535   4.056800
      1       0.106020  32.059952  -0.211227
      2       3.713705   0.248646  28.369164
 P Tensor eigenvectors:
                   0          1          2    
      0      -0.655891  -0.088725  -0.749624
      1       0.012093   0.991706  -0.127958
      2       0.754759  -0.092992  -0.649378
 P Eigenvalues: 
                  0          1          2    
      0      25.013973  32.047227  32.882069
P(iso)  29.981089
 Nucleus: 29 H 
 Shielding tensor (ppm): 
                  0          1          2    
      0      29.758894  -0.051579  -4.001512
      1      -0.084968  32.026861   0.004364
      2      -3.666125  -0.462248  28.157777
 P Tensor eigenvectors:
                   0          1          2    
      0       0.632396  -0.102181  -0.767877
      1       0.028631   0.993668  -0.108648
      2       0.774116   0.046724   0.631317
 P Eigenvalues: 
                  0          1          2    
      0      25.034979  32.023948  32.884606
P(iso)  29.981178
 Nucleus: 31 H 
 Shielding tensor (ppm): 
                  0          1          2    
      0      29.606948  -0.095256  -3.891267
      1      -0.112838  31.866950   0.223187
      2      -3.335988   0.560367  28.558445
 P Tensor eigenvectors:
                   0          1          2    
      0       0.656382  -0.266373   0.705839
      1      -0.033197  -0.944885  -0.325714
      2       0.753698   0.190361  -0.629048
 P Eigenvalues: 
                  0          1          2    
      0      25.423332  31.759861  32.849150
P(iso)  30.010781
 Nucleus: 32 H 
 Shielding tensor (ppm): 
                  0          1          2    
      0      29.414427   0.140268   3.917228
      1       0.084287  31.813685  -0.392168
      2       3.367561  -0.728962  28.801968
 P Tensor eigenvectors:
                   0          1          2    
      0      -0.676134  -0.257203   0.690427
      1       0.073854  -0.956029  -0.283821
      2       0.733068  -0.140910   0.665399
 P Eigenvalues: 
                  0          1          2    
      0      25.415753  31.763371  32.850957
P(iso)  30.010027
 Nucleus: 34 H 
 Shielding tensor (ppm): 
                  0          1          2    
      0      30.027512   0.074711  -4.044772
      1       0.267094  31.199423  -0.423008
      2      -3.074693  -0.702148  29.100009
 P Tensor eigenvectors:
                   0          1          2    
      0       0.661868  -0.212491  -0.718873
      1       0.056453   0.970388  -0.234860
      2       0.747492   0.114864   0.654265
 P Eigenvalues: 
                  0          1          2    
      0      25.956012  31.096685  33.274247
P(iso)  30.108981
 Nucleus: 35 H 
 Shielding tensor (ppm): 
                  0          1          2    
      0      29.843502   0.262631   4.061431
      1       0.417652  31.260552   0.321211
      2       3.074319   0.594104  29.216867
 P Tensor eigenvectors:
                   0          1          2    
      0      -0.680350  -0.208390  -0.702636
      1      -0.017746   0.963126  -0.268464
      2       0.732672  -0.170181  -0.658962
 P Eigenvalues: 
                  0          1          2    
      0      25.946894  31.106326  33.267701
P(iso)  30.106973
 Nucleus: 37 H 
 Shielding tensor (ppm): 
                  0          1          2    
      0      29.348532  -0.301779   4.453431
      1      -0.673759  30.050910  -1.494653
      2       2.821252  -1.875853  28.191665
 P Tensor eigenvectors:
                   0          1          2    
      0      -0.619404  -0.451822   0.642025
      1       0.189461  -0.879647  -0.436263
      2       0.761869  -0.148584   0.630459
 P Eigenvalues: 
                  0          1          2    
      0      24.897263  29.526601  33.167243
P(iso)  29.197036
 Nucleus: 38 H 
 Shielding tensor (ppm): 
                  0          1          2    
      0      29.505155  -0.583490  -4.392705
      1      -0.854118  30.221024   1.365006
      2      -2.743467   1.751852  27.862390
 P Tensor eigenvectors:
                   0          1          2    
      0       0.602448  -0.455830   0.655191
      1      -0.148114  -0.870468  -0.469413
      2       0.784295   0.185754  -0.591926
 P Eigenvalues: 
                  0          1          2    
      0      24.904753  29.520737  33.163079
P(iso)  29.196190
 Nucleus: 40 H 
 Shielding tensor (ppm): 
                  0          1          2    
      0      26.817782   1.716226   0.743632
      1       1.676267  29.764816   0.733894
      2      -1.028222  -0.025876  24.062013
 P Tensor eigenvectors:
                   0          1          2    
      0       0.089705  -0.906301  -0.413002
      1      -0.099239   0.404477  -0.909148
      2       0.991012   0.122541  -0.053657
 P Eigenvalues: 
                  0          1          2    
      0      24.015220  26.081625  30.547765
P(iso)  26.881537
 Nucleus: 41 H 
 Shielding tensor (ppm): 
                  0          1          2    
      0      26.818810   1.683968  -0.765852
      1       1.751316  29.714476  -0.998040
      2       1.001155  -0.236338  24.119556
 P Tensor eigenvectors:
                   0          1          2    
      0      -0.113840  -0.902457  -0.415466
      1       0.152443   0.397365  -0.904910
      2       0.981734  -0.166350   0.092337
 P Eigenvalues: 
                  0          1          2    
      0      24.013908  26.086347  30.552587
P(iso)  26.884281
 Nucleus: 43 H 
 Shielding tensor (ppm): 
                  0          1          2    
      0      35.199538  -0.816374   0.266427
      1      -1.309399  25.729114  -0.078593
      2       0.264531  -0.067181  23.836821
 P Tensor eigenvectors:
                   0          1          2    
      0      -0.020970   0.106800  -0.994059
      1       0.026675   0.993984   0.106229
      2       0.999424  -0.024289  -0.023693
 P Eigenvalues: 
                  0          1          2    
      0      23.829339  25.612495  35.323639
P(iso)  28.255158
 Nucleus: 44 H 
 Shielding tensor (ppm): 
                  0          1          2    
      0      28.736429   2.257758  -0.012131
      1       3.490407  35.911929  -0.117569
      2      -0.017696  -0.122583  25.755015
 P Tensor eigenvectors:
                   0          1          2    
      0      -0.008653  -0.940295  -0.340250
      1       0.014333   0.340111  -0.940276
      2       0.999860  -0.013013   0.010534
 P Eigenvalues: 
                  0          1          2    
      0      25.753428  27.728361  36.921583
P(iso)  30.134457
 Nucleus: 45 H 
 Shielding tensor (ppm): 
                  0          1          2    
      0      22.961175   0.875266   0.025948
      1      -0.136513  29.983861  -0.266603
      2       0.087406  -0.276577  20.297395
 P Tensor eigenvectors:
                   0          1          2    
      0      -0.024749  -0.998789  -0.042530
      1       0.028613   0.041818  -0.998715
      2       0.999284  -0.025934   0.027543
 P Eigenvalues: 
                  0          1          2    
      0      20.288099  22.944333  30.009997
P(iso)  24.414143
# -----------------------------------------------------------
$ EPRNMR_ATensor
   description: Hyperfine A tensor
   geom. index: 1
   prop. index: 1
 Number of stored nuclei 27
 Source density: 1 SCF 
 Spin multiplicity: 2 
 Nucleus: 7 H  
 Isotope: 1 
 Nuclear Spin:  0.5 
 Prefactor (MHz): 533.551395 
 Raw A tensor (MHz): 
                  0          1          2    
      0      -0.039231   0.005025  -0.000120
      1       0.005003   0.095537  -0.003649
      2      -0.000120  -0.003649  -0.040110
 A Tensor eigenvectors:
                   0          1          2    
      0       0.999137  -0.018516  -0.037192
      1      -0.036674   0.027550  -0.998947
      2       0.019521   0.999449   0.026848
 A Eigenvalues: 
                  0          1          2    
      0      -0.039417  -0.040208   0.095822
A(iso)  0.005399
 Nucleus: 8 H  
 Isotope: 1 
 Nuclear Spin:  0.5 
 Prefactor (MHz): 533.551395 
 Raw A tensor (MHz): 
                  0          1          2    
      0      -0.073908   0.146940  -0.002537
      1       0.146932   0.218394  -0.006999
      2      -0.002537  -0.006999  -0.147072
 A Tensor eigenvectors:
                   0          1          2    
      0       0.923190  -0.019378  -0.383855
      1      -0.383306   0.026923  -0.923229
      2       0.028225   0.999450   0.017427
 A Eigenvalues: 
                  0          1          2    
      0      -0.134992  -0.147211   0.279617
A(iso)  -0.000862
 Nucleus: 10 H  
 Isotope: 1 
 Nuclear Spin:  0.5 
 Prefactor (MHz): 533.551395 
 Raw A tensor (MHz): 
                  0          1          2    
      0      -0.025672   0.030620   0.001563
      1       0.030616   0.060202   0.004755
      2       0.001563   0.004755  -0.035603
 A Tensor eigenvectors:
                   0          1          2    
      0       0.945740   0.113413   0.304489
      1      -0.307857   0.013034   0.951344
      2       0.103926  -0.993462   0.047241
 A Eigenvalues: 
                  0          1          2    
      0      -0.035466  -0.035843   0.070237
A(iso)  -0.000358
 Nucleus: 11 H  
 Isotope: 1 
 Nuclear Spin:  0.5 
 Prefactor (MHz): 533.551395 
 Raw A tensor (MHz): 
                  0          1          2    
      0      -0.025652   0.030404  -0.002913
      1       0.030400   0.059435  -0.009010
      2      -0.002913  -0.009009  -0.034918
 A Tensor eigenvectors:
                   0          1          2    
      0       0.948764   0.085942  -0.304075
      1      -0.309994   0.066629  -0.948401
      2      -0.061247   0.994070   0.089856
 A Eigenvalues: 
                  0          1          2    
      0      -0.035397  -0.035773   0.070035
A(iso)  -0.000378
 Nucleus: 13 H  
 Isotope: 1 
 Nuclear Spin:  0.5 
 Prefactor (MHz): 533.551395 
 Raw A tensor (MHz): 
                  0          1          2    
      0      -0.027400   0.011368   0.000514
      1       0.011358   0.056528   0.003746
      2       0.000513   0.003746  -0.028899
 A Tensor eigenvectors:
                   0          1          2    
      0       0.985862   0.103501   0.131770
      1      -0.135492   0.029766   0.990331
      2       0.098578  -0.994184   0.043369
 A Eigenvalues: 
                  0          1          2    
      0      -0.028909  -0.029065   0.058203
A(iso)  0.000076
 Nucleus: 14 H  
 Isotope: 1 
 Nuclear Spin:  0.5 
 Prefactor (MHz): 533.551395 
 Raw A tensor (MHz): 
                  0          1          2    
      0      -0.027269   0.011329  -0.000999
      1       0.011319   0.055807  -0.007415
      2      -0.000998  -0.007414  -0.028295
 A Tensor eigenvectors:
                   0          1          2    
      0       0.989947   0.050147  -0.132247
      1      -0.135985   0.080392  -0.987444
      2      -0.038885   0.995501   0.086403
 A Eigenvalues: 
                  0          1          2    
      0      -0.028785  -0.028944   0.057972
A(iso)  0.000081
 Nucleus: 16 H  
 Isotope: 1 
 Nuclear Spin:  0.5 
 Prefactor (MHz): 533.551395 
 Raw A tensor (MHz): 
                  0          1          2    
      0      -0.016513   0.015863  -0.001281
      1       0.015860   0.037147  -0.004651
      2      -0.001281  -0.004650  -0.020603
 A Tensor eigenvectors:
                   0          1          2    
      0       0.960925   0.086198  -0.263045
      1      -0.268288   0.056067  -0.961706
      2      -0.068148   0.994699   0.077002
 A Eigenvalues: 
                  0          1          2    
      0      -0.020850  -0.020976   0.041857
A(iso)  0.000010
 Nucleus: 17 H  
 Isotope: 1 
 Nuclear Spin:  0.5 
 Prefactor (MHz): 533.551395 
 Raw A tensor (MHz): 
                  0          1          2    
      0      -0.016575   0.015925   0.000641
      1       0.015922   0.037555   0.002298
      2       0.000641   0.002297  -0.020945
 A Tensor eigenvectors:
                   0          1          2    
      0       0.957354   0.120433   0.262620
      1      -0.265265   0.006197   0.964156
      2       0.114488  -0.992702   0.037879
 A Eigenvalues: 
                  0          1          2    
      0      -0.020910  -0.021037   0.041982
A(iso)  0.000012
 Nucleus: 19 H  
 Isotope: 1 
 Nuclear Spin:  0.5 
 Prefactor (MHz): 533.551395 
 Raw A tensor (MHz): 
                  0          1          2    
      0      -0.016488   0.006163  -0.000465
      1       0.006157   0.033546  -0.003825
      2      -0.000464  -0.003825  -0.017023
 A Tensor eigenvectors:
                   0          1          2    
      0       0.992683   0.012054  -0.120149
      1      -0.120712   0.073548  -0.989959
      2      -0.003096   0.997219   0.074465
 A Eigenvalues: 
                  0          1          2    
      0      -0.017236  -0.017310   0.034581
A(iso)  0.000012
 Nucleus: 20 H  
 Isotope: 1 
 Nuclear Spin:  0.5 
 Prefactor (MHz): 533.551395 
 Raw A tensor (MHz): 
                  0          1          2    
      0      -0.016538   0.006166   0.000215
      1       0.006159   0.033867   0.001755
      2       0.000214   0.001755  -0.017294
 A Tensor eigenvectors:
                   0          1          2    
      0       0.991853   0.043800   0.119617
      1      -0.120942   0.028944   0.992238
      2       0.039998  -0.998621   0.034005
 A Eigenvalues: 
                  0          1          2    
      0      -0.017280  -0.017355   0.034670
A(iso)  0.000012
 Nucleus: 22 H  
 Isotope: 1 
 Nuclear Spin:  0.5 
 Prefactor (MHz): 533.551395 
 Raw A tensor (MHz): 
                  0          1          2    
      0      -0.193105  -0.053804   0.028585
      1      -0.053894   0.358094  -0.099732
      2       0.028607  -0.099741  -0.194827
 A Tensor eigenvectors:
                   0          1          2    
      0      -0.812347   0.574463   0.100422
      1      -0.182007  -0.086146  -0.979516
      2      -0.554045  -0.813984   0.174537
 A Eigenvalues: 
                  0          1          2    
      0      -0.185672  -0.225556   0.381390
A(iso)  -0.009946
 Nucleus: 23 H  
 Isotope: 1 
 Nuclear Spin:  0.5 
 Prefactor (MHz): 533.551395 
 Raw A tensor (MHz): 
                  0          1          2    
      0      -0.190725  -0.058885  -0.025102
      1      -0.058975   0.367317   0.065956
      2      -0.025118   0.065967  -0.206374
 A Tensor eigenvectors:
                   0          1          2    
      0      -0.835835  -0.538509   0.106709
      1      -0.151954   0.040158  -0.987571
      2       0.527531  -0.841662  -0.115394
 A Eigenvalues: 
                  0          1          2    
      0      -0.185595  -0.225583   0.381397
A(iso)  -0.009927
 Nucleus: 25 H  
 Isotope: 1 
 Nuclear Spin:  0.5 
 Prefactor (MHz): 533.551395 
 Raw A tensor (MHz): 
                  0          1          2    
      0      -0.308222   0.286257   0.119024
      1       0.286229   0.443795   0.154133
      2       0.119039   0.154154  -0.380974
 A Tensor eigenvectors:
                   0          1          2    
      0      -0.656267   0.680725  -0.325466
      1       0.365715  -0.090320  -0.926334
      2      -0.659975  -0.726950  -0.189677
 A Eigenvalues: 
                  0          1          2    
      0      -0.348029  -0.473296   0.575925
A(iso)  -0.081800
 Nucleus: 26 H  
 Isotope: 1 
 Nuclear Spin:  0.5 
 Prefactor (MHz): 533.551395 
 Raw A tensor (MHz): 
                  0          1          2    
      0      -0.298021   0.286225  -0.132198
      1       0.286196   0.426302  -0.187755
      2      -0.132212  -0.187775  -0.371554
 A Tensor eigenvectors:
                   0          1          2    
      0       0.680986   0.651935  -0.333524
      1      -0.400665  -0.049528  -0.914885
      2      -0.612964   0.756656   0.227479
 A Eigenvalues: 
                  0          1          2    
      0      -0.347413  -0.473185   0.577324
A(iso)  -0.081091
 Nucleus: 28 H  
 Isotope: 1 
 Nuclear Spin:  0.5 
 Prefactor (MHz): 533.551395 
 Raw A tensor (MHz): 
                  0          1          2    
      0      -0.379612  -0.295469   0.197404
      1      -0.295777   1.304668  -0.520176
      2       0.197549  -0.520221  -0.375054
 A Tensor eigenvectors:
                   0          1          2    
      0       0.811117  -0.557647   0.176409
      1       0.299731   0.137311  -0.944091
      2       0.502246   0.818643   0.278519
 A Eigenvalues: 
                  0          1          2    
      0      -0.366615  -0.596780   1.513397
A(iso)  0.183334
 Nucleus: 29 H  
 Isotope: 1 
 Nuclear Spin:  0.5 
 Prefactor (MHz): 533.551395 
 Raw A tensor (MHz): 
                  0          1          2    
      0      -0.365137  -0.320072  -0.180347
      1      -0.320387   1.359165   0.418128
      2      -0.180475   0.418181  -0.433961
 A Tensor eigenvectors:
                   0          1          2    
      0      -0.826031   0.532729  -0.184047
      1      -0.273167  -0.092773   0.957482
      2       0.493004   0.841185   0.222157
 A Eigenvalues: 
                  0          1          2    
      0      -0.363401  -0.594300   1.517768
A(iso)  0.186689
 Nucleus: 31 H  
 Isotope: 1 
 Nuclear Spin:  0.5 
 Prefactor (MHz): 533.551395 
 Raw A tensor (MHz): 
                  0          1          2    
      0      -0.909075   1.325710  -0.913579
      1       1.325567   0.764517  -0.717077
      2      -0.913573  -0.717478  -1.456414
 A Tensor eigenvectors:
                   0          1          2    
      0       0.560816   0.493752   0.664601
      1      -0.571951   0.811433  -0.120203
      2      -0.598630  -0.312707   0.737467
 A Eigenvalues: 
                  0          1          2    
      0      -1.285920   1.847677  -2.162729
A(iso)  -0.533657
 Nucleus: 32 H  
 Isotope: 1 
 Nuclear Spin:  0.5 
 Prefactor (MHz): 533.551395 
 Raw A tensor (MHz): 
                  0          1          2    
      0      -0.956882   1.354191   0.856836
      1       1.354057   0.837520   0.632334
      2       0.856838   0.632740  -1.479668
 A Tensor eigenvectors:
                   0          1          2    
      0       0.544020   0.485567  -0.684300
      1      -0.538769   0.827360   0.158757
      2       0.643249   0.282313   0.711709
 A Eigenvalues: 
                  0          1          2    
      0      -1.284865   1.848173  -2.162339
A(iso)  -0.533010
 Nucleus: 34 H  
 Isotope: 1 
 Nuclear Spin:  0.5 
 Prefactor (MHz): 533.551395 
 Raw A tensor (MHz): 
                  0          1          2    
      0      -5.460752  -2.609522  -3.362595
      1      -2.611627   0.551125   4.021651
      2      -3.363999   4.022216  -5.417223
 A Tensor eigenvectors:
                   0          1          2    
      0       0.380088  -0.683256  -0.623453
      1      -0.797578  -0.583446   0.153168
      2      -0.468404   0.439035  -0.766711
 A Eigenvalues: 
                  0          1          2    
      0       4.158595  -5.529902  -8.955544
A(iso)  -3.442283
 Nucleus: 35 H  
 Isotope: 1 
 Nuclear Spin:  0.5 
 Prefactor (MHz): 533.551395 
 Raw A tensor (MHz): 
                  0          1          2    
      0      -5.634183  -2.327469   3.478338
      1      -2.329508   0.100825  -4.365516
      2       3.479849  -4.366024  -4.816734
 A Tensor eigenvectors:
                   0          1          2    
      0      -0.368066   0.672769   0.641801
      1       0.771706   0.606068  -0.192746
      2      -0.518649   0.424339  -0.742253
 A Eigenvalues: 
                  0          1          2    
      0       4.146893  -5.538394  -8.958592
A(iso)  -3.450031
 Nucleus: 37 H  
 Isotope: 1 
 Nuclear Spin:  0.5 
 Prefactor (MHz): 533.551395 
 Raw A tensor (MHz): 
                  0          1          2    
      0      29.898102   5.951379   3.390384
      1       5.952480  30.034783   3.705400
      2       3.393855   3.706277  25.844413
 A Tensor eigenvectors:
                   0          1          2    
      0      -0.097411   0.757122  -0.645970
      1       0.567575  -0.490904  -0.660963
      2      -0.817539  -0.431021  -0.381904
 A Eigenvalues: 
                  0          1          2    
      0      23.675781  24.107888  37.993630
A(iso)  28.592433
 Nucleus: 38 H  
 Isotope: 1 
 Nuclear Spin:  0.5 
 Prefactor (MHz): 533.551395 
