-------------------------------------------------------------
----------------------- !PROPERTIES! ------------------------
-------------------------------------------------------------
# -----------------------------------------------------------
$ PAL_Flags
   description: The PAL Flags
   geom. index: 1
   prop. index: 1
        Diskflag:     2
# -----------------------------------------------------------
$ SCF_Energy
   description: The SCF energy
   geom. index: 1
   prop. index: 1
        SCF Energy:     -739.6892097522
# -----------------------------------------------------------
$ DFT_Energy
   description: The DFT energy
   geom. index: 1
   prop. index: 1
   Number of Alpha Electrons                 71.0001789826 
   Number of Beta  Electrons                 70.0001764096 
   Total number of  Electrons               141.0003553922 
   Exchange energy                          -85.6236999056 
   Correlation energy                        -5.4142928441 
   Correlation energy NL                      0.0000000000 
   Exchange-Correlation energy              -91.0379927496 
   Embedding correction                       0.0000000000 
   Total DFT Energy (No VdW correction)    -739.6892097522 
# -----------------------------------------------------------
$ Mayer_Pop
   description: The Mayer population analysis
   geom. index: 1
   prop. index: 1
     Number of atoms                     : 46
     Threshold for printing              : 0.1000000
     Number of bond orders printed       : 46
  NA   - Mulliken gross atomic population
  ZA   - Total nuclear charge
  QA   - Mulliken gross atomic charge
  VA   - Mayer's total valence
  BVA  - Mayer's bonded valence
  FA   - Mayer's free valence
  ATOM       NA         ZA         QA         VA         BVA        FA
  0   0     5.3801     6.0000     0.6199     2.9161     2.9161     0.0000
  1   0     5.9713     6.0000     0.0287     3.9584     3.9584     0.0000
  2   0     6.0259     6.0000    -0.0259     4.0866     4.0866     0.0000
  3   0     5.9705     6.0000     0.0295     3.8984     3.8984     0.0000
  4   0     6.0599     6.0000    -0.0599     3.8495     3.8495     0.0000
  5   0     6.0731     6.0000    -0.0731     4.1629     4.1629     0.0000
  6   0     5.9772     6.0000     0.0228     3.9752     3.9752     0.0000
  7   0     1.0549     1.0000    -0.0549     1.0010     1.0010     0.0000
  8   0     1.0439     1.0000    -0.0439     0.9844     0.9844     0.0000
  9   0     5.9665     6.0000     0.0335     4.0147     4.0147     0.0000
 10   0     0.9757     1.0000     0.0243     0.9655     0.9655     0.0000
 11   0     0.9746     1.0000     0.0254     0.9650     0.9650     0.0000
 12   0     6.0393     6.0000    -0.0393     4.1180     4.1180     0.0000
 13   0     0.9835     1.0000     0.0165     0.9641     0.9641     0.0000
 14   0     0.9826     1.0000     0.0174     0.9635     0.9635     0.0000
 15   0     6.0253     6.0000    -0.0253     4.1161     4.1161     0.0000
 16   0     0.9950     1.0000     0.0050     0.9671     0.9671     0.0000
 17   0     0.9949     1.0000     0.0051     0.9672     0.9672     0.0000
 18   0     5.9990     6.0000     0.0010     4.0185     4.0185     0.0000
 19   0     0.9825     1.0000     0.0175     0.9775     0.9775     0.0000
 20   0     0.9824     1.0000     0.0176     0.9774     0.9774     0.0000
 21   0     5.9521     6.0000     0.0479     4.0161     4.0161     0.0000
 22   0     0.9693     1.0000     0.0307     0.9696     0.9696     0.0000
 23   0     0.9694     1.0000     0.0306     0.9696     0.9696     0.0000
 24   0     6.0338     6.0000    -0.0338     4.1145     4.1145     0.0000
 25   0     0.9860     1.0000     0.0140     0.9635     0.9635     0.0000
 26   0     0.9861     1.0000     0.0139     0.9636     0.9636     0.0000
 27   0     5.9867     6.0000     0.0133     4.0762     4.0762     0.0000
 28   0     0.9966     1.0000     0.0034     0.9698     0.9698     0.0000
 29   0     0.9966     1.0000     0.0034     0.9697     0.9697     0.0000
 30   0     6.0058     6.0000    -0.0058     4.0840     4.0839     0.0001
 31   0     0.9987     1.0000     0.0013     0.9698     0.9698     0.0000
 32   0     0.9987     1.0000     0.0013     0.9698     0.9698     0.0000
 33   0     6.0002     6.0000    -0.0002     4.0592     4.0565     0.0027
 34   0     0.9964     1.0000     0.0036     0.9709     0.9709     0.0000
 35   0     0.9964     1.0000     0.0036     0.9709     0.9709     0.0000
 36   0     6.0013     6.0000    -0.0013     4.1002     4.0977     0.0025
 37   0     0.9896     1.0000     0.0104     0.9657     0.9655     0.0002
 38   0     0.9895     1.0000     0.0105     0.9657     0.9655     0.0002
 39   0     6.0688     6.0000    -0.0688     3.9787     3.1231     0.8556
 40   0     0.9751     1.0000     0.0249     0.9760     0.9738     0.0022
 41   0     0.9751     1.0000     0.0249     0.9760     0.9738     0.0022
 42   0     6.5951     6.0000    -0.5951     3.4062     3.4062     0.0000
 43   0     1.0314     1.0000    -0.0314     1.0298     1.0298     0.0000
 44   0     0.9874     1.0000     0.0126     0.9735     0.9735     0.0000
 45   0     1.0558     1.0000    -0.0558     0.9794     0.9794     0.0000
      Bond orders larger than 0.1000000
           Atom A     A.N. of A          Atom B    A.N. of B              Bond order
                0             6               4            6                0.908190
                0             6              42            6                2.141628
                1             6               2            6                1.421804
                1             6               6            6                1.431121
                1             6              45            1                0.933055
                2             6               3            6                1.426710
                2             6               9            6                1.044769
                3             6               4            6                1.392451
                3             6               7            1                0.927605
                4             6               5            6                1.409640
                5             6               6            6                1.441715
                5             6              21            6                1.088779
                6             6               8            1                0.918239
                9             6              10            1                0.914490
                9             6              11            1                0.913798
                9             6              12            6                1.103972
               12             6              13            1                0.931268
               12             6              14            1                0.930187
               12             6              15            6                1.075065
               15             6              16            1                0.941382
               15             6              17            1                0.941340
               15             6              18            6                1.105715
               18             6              19            1                0.966536
               18             6              20            1                0.966561
               18             6              44            1                0.962142
               21             6              22            1                0.898446
               21             6              23            1                0.898671
               21             6              24            6                1.099940
               24             6              25            1                0.927483
               24             6              26            1                0.927507
               24             6              27            6                1.077937
               27             6              28            1                0.934019
               27             6              29            1                0.934046
               27             6              30            6                1.077682
               30             6              31            1                0.935834
               30             6              32            1                0.935762
               30             6              33            6                1.077919
               33             6              34            1                0.940158
               33             6              35            1                0.940159
               33             6              36            6                1.048464
               36             6              37            1                0.935856
               36             6              38            1                0.935932
               36             6              39            6                1.136258
               39             6              40            1                0.964923
               39             6              41            1                0.964916
               42             6              43            1                1.116469
# -----------------------------------------------------------
$ Calculation_Info
   description: Details of the calculation
   geom. index: 1
   prop. index: 1
     Multiplicity:                          2
     Charge:                                0
     number of atoms:                       46
     number of electrons:                   0
     number of frozen core electrons:       1
     number of correlated electrons:        0
     number of basis functions:             401
     number of aux C basis functions:       2649
     number of aux J basis functions:       2649
     number of aux JK basis functions:      2649
     number of aux CABS basis functions:    0
     Total Energy                           -739.689210
# -----------------------------------------------------------
$ SCF_Electric_Properties
   description: The SCF Calculated Electric Properties
   geom. index: 1
   prop. index: 1
       Filename                          : cc-pVDZ.scfp 
       Do Dipole Moment Calculation      : true 
       Do Quadrupole Moment Calculation  : false 
       Do Polarizability Calculation     : false 
** Dipole moment part of electric properties **
        Magnitude of dipole moment (Debye) :        0.7765660129
        Electronic Contribution:
                  0    
      0       4.338699
      1      -7.760595
      2       0.424998
        Nuclear Contribution:
                  0    
      0      -4.608615
      1       7.617462
      2      -0.425466
        Total Dipole moment:
                  0    
      0      -0.269915
      1      -0.143133
      2      -0.000468
# -----------------------------------------------------------
$ EPRNMR_GTensor
   description: Electronic g tensor
   geom. index: 1
   prop. index: 1
 Source density: 1 SCF 
 Spin multiplicity: 2 
 raw g tensor: 
                  0          1          2    
      0       2.002727   0.000188  -0.000009
      1       0.000206   2.002534   0.000015
      2      -0.000009   0.000015   2.003001
 g tensor: 
                  0          1          2    
      0      -0.528278   0.848954   0.014104
      1       0.848557   0.528463  -0.026042
      2      -0.029562  -0.001789  -0.999561
 G eigenvalues: 
                  0          1          2    
      0       2.002411   2.002850   2.003002
# -----------------------------------------------------------
$ EPRNMR_OrbitalShielding
   description: Orbital contribution to the NMR Shielding tensor (ppm)
   geom. index: 1
   prop. index: 1
 Number of stored nuclei 27
 Source density: 1 SCF 
 Nucleus: 7 H 
 Shielding tensor (ppm): 
                  0          1          2    
      0     -19.967690 134.216025  -5.031184
      1     -233.156977  68.475281  -6.380000
      2       5.749706   1.426005  31.890112
 P Tensor eigenvectors:
                   0          1          2    
      0      -0.022620   0.417481  -0.908404
      1       0.029702   0.908516   0.416793
      2       0.999303  -0.017554  -0.032951
 P Eigenvalues: 
                  0          1          2    
      0      31.799046  15.595897  33.002761
P(iso)  26.799234
 Nucleus: 8 H 
 Shielding tensor (ppm): 
                  0          1          2    
      0     101.700730 -98.254751   3.537002
      1      51.744871  27.638112   2.175596
      2      -1.857306   0.272851  87.869203
 P Tensor eigenvectors:
                   0          1          2    
      0       0.651758   0.024090  -0.758045
      1       0.758427  -0.021171   0.651414
      2      -0.000356  -0.999486  -0.032069
 P Eigenvalues: 
                  0          1          2    
      0      36.107656  87.885320  93.215068
P(iso)  72.402682
 Nucleus: 10 H 
 Shielding tensor (ppm): 
                  0          1          2    
      0      63.842678 -264.906612 173.247914
      1     361.221466  -2.070519 349.442755
      2     -119.928156 -256.732497  34.996468
 P Tensor eigenvectors:
                   0          1          2    
      0       0.643491   0.387366  -0.660202
      1      -0.342698   0.917023   0.204029
      2      -0.684454  -0.094959  -0.722845
 P Eigenvalues: 
                  0          1          2    
      0      19.610322  32.332987  44.825318
P(iso)  32.256209
 Nucleus: 11 H 
 Shielding tensor (ppm): 
                  0          1          2    
      0      62.765976 -269.813491 -164.475747
      1     363.962415  -5.351008 -349.604759
      2     105.716120 259.615964  37.864028
 P Tensor eigenvectors:
                   0          1          2    
      0       0.647138   0.387673   0.656446
      1      -0.317447   0.919884  -0.230303
      2       0.693137   0.059349  -0.718358
 P Eigenvalues: 
                  0          1          2    
      0      18.040211  32.348557  44.890228
P(iso)  31.759665
 Nucleus: 13 H 
 Shielding tensor (ppm): 
                  0          1          2    
      0      36.346179 290.443590 108.874120
      1     -396.237205  74.351943 459.816506
      2     -84.658327 -335.655271  87.007315
 P Tensor eigenvectors:
                   0          1          2    
      0       0.750957   0.194712   0.630992
      1      -0.155003   0.980819  -0.118189
      2       0.641902   0.009051  -0.766733
 P Eigenvalues: 
                  0          1          2    
      0      69.767408  53.852906  74.085123
P(iso)  65.901812
 Nucleus: 14 H 
 Shielding tensor (ppm): 
                  0          1          2    
      0      34.211062 284.338000 -120.402951
      1     -389.600748  69.526586 -460.906884
      2      98.350633 336.427985  89.535417
 P Tensor eigenvectors:
                   0          1          2    
      0      -0.754411   0.198892   0.625545
      1       0.178677   0.979227  -0.095860
      2       0.631616  -0.039452   0.774277
 P Eigenvalues: 
                  0          1          2    
      0      68.058340  52.641716  72.573009
P(iso)  64.424355
 Nucleus: 16 H 
 Shielding tensor (ppm): 
                  0          1          2    
      0      29.901319 -351.253894 -165.542262
      1     491.997554  -9.162888 -519.814455
      2     106.224078 377.726449  -4.977639
 P Tensor eigenvectors:
                   0          1          2    
      0       0.709864   0.232435   0.664881
      1      -0.220606   0.969854  -0.103519
      2       0.668899   0.073193  -0.739741
 P Eigenvalues: 
                  0          1          2    
      0     -16.845015  13.602101  19.003706
P(iso)  5.253597
 Nucleus: 17 H 
 Shielding tensor (ppm): 
                  0          1          2    
      0      31.044743 -342.543885 178.829466
      1     483.142605  -3.933708 526.598755
      2     -124.484089 -382.994348  -7.913187
 P Tensor eigenvectors:
                   0          1          2    
      0       0.716848   0.235332  -0.656314
      1      -0.244709   0.966355   0.079224
      2      -0.652876  -0.103815  -0.750317
 P Eigenvalues: 
                  0          1          2    
      0     -14.810664  14.200414  19.808099
P(iso)  6.399283
 Nucleus: 19 H 
 Shielding tensor (ppm): 
                  0          1          2    
      0     -31.242282 386.886338 -118.520042
      1     -495.706563  56.346365 -575.488388
      2      90.281609 414.826764   9.357956
 P Tensor eigenvectors:
                   0          1          2    
      0      -0.742512   0.242900   0.624239
      1       0.143920   0.968021  -0.205483
      2       0.654188   0.062733   0.753725
 P Eigenvalues: 
                  0          1          2    
      0      -1.833693  15.219718  21.076015
P(iso)  11.487347
 Nucleus: 20 H 
 Shielding tensor (ppm): 
                  0          1          2    
      0     -29.947529 394.441072 104.962788
      1     -504.155072  61.852019 571.514245
      2     -73.942896 -415.389431   5.698039
 P Tensor eigenvectors:
                   0          1          2    
      0       0.737746   0.241403   0.630441
      1      -0.121507   0.966110  -0.227746
      2       0.664053  -0.091416  -0.742076
 P Eigenvalues: 
                  0          1          2    
      0      -0.439320  15.972349  22.069500
P(iso)  12.534176
 Nucleus: 22 H 
 Shielding tensor (ppm): 
                  0          1          2    
      0     101.386978 -47.315116  85.443815
      1      71.755214  34.427479  88.895482
      2     -50.935370 -62.532036  94.545477
 P Tensor eigenvectors:
                   0          1          2    
      0       0.355282  -0.755955   0.549824
      1      -0.822126  -0.532618  -0.201062
      2      -0.444840   0.380591   0.810721
 P Eigenvalues: 
                  0          1          2    
      0      51.824809  75.968698 102.566426
P(iso)  76.786644
 Nucleus: 23 H 
 Shielding tensor (ppm): 
                  0          1          2    
      0     103.364334 -54.793305 -83.076670
      1      78.321305  33.560989 -82.374392
      2      48.427298  63.699323  94.330705
 P Tensor eigenvectors:
                   0          1          2    
      0      -0.333161   0.738678  -0.585968
      1       0.797914   0.551984   0.242171
      2      -0.502331   0.386870   0.773301
 P Eigenvalues: 
                  0          1          2    
      0      52.075263  76.447613 102.733152
P(iso)  77.085343
 Nucleus: 25 H 
 Shielding tensor (ppm): 
                  0          1          2    
      0      94.743690 122.298059 -22.184951
      1     -182.202749  49.903521 -205.939399
      2      25.778667 152.409740 112.490173
 P Tensor eigenvectors:
                   0          1          2    
      0       0.765185   0.039979   0.642568
      1      -0.074071  -0.985976   0.149550
      2      -0.639535   0.162029   0.751493
 P Eigenvalues: 
                  0          1          2    
      0     100.856975  62.554674  93.725735
P(iso)  85.712462
 Nucleus: 26 H 
 Shielding tensor (ppm): 
                  0          1          2    
      0      94.321429 129.267640  15.529512
      1     -191.503803  52.601176 201.712089
      2     -17.303934 -144.011399 109.205259
 P Tensor eigenvectors:
                   0          1          2    
      0       0.739252   0.041718  -0.672135
      1      -0.043813  -0.992985  -0.109821
      2       0.672002  -0.110633   0.732239
 P Eigenvalues: 
                  0          1          2    
      0     100.398091  62.291803  93.437970
P(iso)  85.375955
 Nucleus: 28 H 
 Shielding tensor (ppm): 
                  0          1          2    
      0      90.344530 -211.119311  91.007738
      1     283.661748  22.397846 317.337904
      2     -59.062186 -229.475307  75.348613
 P Tensor eigenvectors:
                   0          1          2    
      0      -0.714302   0.297549   0.633433
      1       0.216178   0.954662  -0.204667
      2       0.665613   0.009260   0.746240
 P Eigenvalues: 
                  0          1          2    
      0      66.777821  49.889080  71.424088
P(iso)  62.696996
 Nucleus: 29 H 
 Shielding tensor (ppm): 
                  0          1          2    
      0      91.679027 -222.699675 -79.913930
      1     295.989188  18.248617 -305.920702
      2      45.286011 226.358889  78.819371
 P Tensor eigenvectors:
                   0          1          2    
      0      -0.693365   0.299550  -0.655374
      1       0.182577   0.952853   0.242357
      2      -0.697073  -0.048385   0.715366
 P Eigenvalues: 
                  0          1          2    
      0      67.093943  50.068138  71.584935
P(iso)  62.915672
 Nucleus: 31 H 
 Shielding tensor (ppm): 
                  0          1          2    
      0      71.591080 296.232092  25.884538
      1     -406.446215  50.514025 416.993812
      2     -21.795461 -301.209665  88.382601
 P Tensor eigenvectors:
                   0          1          2    
      0       0.718806   0.012718   0.695094
      1      -0.038253   0.999041   0.021279
      2       0.694157   0.041885  -0.718604
 P Eigenvalues: 
                  0          1          2    
      0      81.647622  54.030672  74.809412
P(iso)  70.162569
 Nucleus: 32 H 
 Shielding tensor (ppm): 
                  0          1          2    
      0      72.078558 285.895709 -41.071789
      1     -393.021569  44.723875 -426.026677
      2      41.399696 311.927437  94.516267
 P Tensor eigenvectors:
                   0          1          2    
      0       0.738011   0.013677  -0.674650
      1      -0.072562   0.995606  -0.059194
      2      -0.670876  -0.092640  -0.735761
 P Eigenvalues: 
                  0          1          2    
      0      82.053209  54.220883  75.044607
P(iso)  70.439566
 Nucleus: 34 H 
 Shielding tensor (ppm): 
                  0          1          2    
      0      65.040806 -358.753861 -83.472739
      1     486.328339  10.604334 -511.524724
      2      44.774176 370.746153  53.235292
 P Tensor eigenvectors:
                   0          1          2    
      0       0.717478   0.172535   0.674875
      1      -0.110738   0.984770  -0.134032
      2       0.687722  -0.021431  -0.725658
 P Eigenvalues: 
                  0          1          2    
      0      40.280037  37.034353  51.566043
P(iso)  42.960144
 Nucleus: 35 H 
 Shielding tensor (ppm): 
                  0          1          2    
      0      63.879085 -344.781100 101.531019
      1     470.719814  17.900574 524.654796
      2     -68.521103 -376.985760  46.511615
 P Tensor eigenvectors:
                   0          1          2    
      0      -0.733850   0.172072   0.657157
      1       0.144832   0.984776  -0.096122
      2       0.663693  -0.024639   0.747599
 P Eigenvalues: 
                  0          1          2    
      0      39.996098  36.896976  51.398199
P(iso)  42.763758
 Nucleus: 37 H 
 Shielding tensor (ppm): 
                  0          1          2    
      0      25.043196 409.742344 -50.976630
      1     -557.008368  40.869199 -603.065885
      2      43.498584 430.746743  55.963436
 P Tensor eigenvectors:
                   0          1          2    
      0      -0.734416   0.063858   0.675689
      1       0.053992   0.997906  -0.035624
      2       0.676549  -0.010319   0.736326
 P Eigenvalues: 
                  0          1          2    
      0      42.502652  33.201292  46.171888
P(iso)  40.625277
 Nucleus: 38 H 
 Shielding tensor (ppm): 
                  0          1          2    
      0      24.382441 421.693999  29.166544
      1     -572.401946  49.569578 589.921497
      2     -15.424198 -420.257960  47.117192
 P Tensor eigenvectors:
                   0          1          2    
      0      -0.718238  -0.064686  -0.692784
      1       0.019099  -0.997127   0.073302
      2      -0.695535   0.039417   0.717410
 P Eigenvalues: 
                  0          1          2    
      0      42.068675  33.036313  45.964223
P(iso)  40.356404
 Nucleus: 40 H 
 Shielding tensor (ppm): 
                  0          1          2    
      0     -91.483402 -164.161811  92.415132
      1     271.181792  24.087255 643.308809
      2     -52.653741 -442.750436 -130.618178
 P Tensor eigenvectors:
                   0          1          2    
      0       0.927056  -0.004792   0.374893
      1      -0.097263  -0.968759   0.228134
      2      -0.362088   0.247956   0.898560
 P Eigenvalues: 
                  0          1          2    
      0     -111.454485 -33.153644 -53.406197
P(iso)  -66.004775
 Nucleus: 41 H 
 Shielding tensor (ppm): 
                  0          1          2    
      0     -89.812722 -179.707121 -82.877532
      1     289.659424  13.447948 -645.417378
      2      39.301295 432.290843 -120.341540
 P Tensor eigenvectors:
                   0          1          2    
      0       0.917944   0.000101  -0.396711
      1      -0.078095  -0.980386  -0.180953
      2       0.388948  -0.197085   0.899932
 P Eigenvalues: 
                  0          1          2    
      0     -110.767925 -32.939068 -52.999321
P(iso)  -65.568771
 Nucleus: 43 H 
 Shielding tensor (ppm): 
                  0          1          2    
      0      51.450177  81.326876  -0.205834
      1     -157.850123 -82.076493  -2.915214
      2       7.566104   2.098995 -65.598124
 P Tensor eigenvectors:
                   0          1          2    
      0      -0.554564  -0.022432  -0.831839
      1       0.831176   0.033195  -0.555017
      2      -0.040063   0.999197  -0.000236
 P Eigenvalues: 
                  0          1          2    
      0      -5.521808 -65.692448 -25.010184
P(iso)  -32.074813
 Nucleus: 44 H 
 Shielding tensor (ppm): 
                  0          1          2    
      0     -152.073236 -131.968047   3.095633
      1     282.005527  18.987796   1.802603
      2      -5.383472  -6.908533 -178.600363
 P Tensor eigenvectors:
                   0          1          2    
      0       0.266557   0.021847   0.963572
      1      -0.963453  -0.021509   0.267012
      2       0.026559  -0.999530   0.015315
 P Eigenvalues: 
                  0          1          2    
      0     -31.723359 -178.626607 -101.335837
P(iso)  -103.895268
 Nucleus: 45 H 
 Shielding tensor (ppm): 
                  0          1          2    
      0      79.880772 -181.821521   6.741314
      1     237.661334 -27.674014   6.235210
      2      -6.388077  -2.185330  28.604540
 P Tensor eigenvectors:
                   0          1          2    
      0      -0.018592   0.465681  -0.884757
      1       0.032346   0.884727   0.464986
      2       0.999304  -0.019973  -0.031512
 P Eigenvalues: 
                  0          1          2    
      0      28.654145  18.603857  33.553296
P(iso)  26.937099
# -----------------------------------------------------------
$ EPRNMR_ATensor
   description: Hyperfine A tensor
   geom. index: 1
   prop. index: 1
 Number of stored nuclei 27
 Source density: 1 SCF 
 Spin multiplicity: 2 
 Nucleus: 7 H  
 Isotope: 1 
 Nuclear Spin:  0.5 
 Prefactor (MHz): 533.551395 
 Raw A tensor (MHz): 
                  0          1          2    
      0      -0.039233   0.005028  -0.000121
      1       0.005006   0.095538  -0.003660
      2      -0.000120  -0.003660  -0.040112
 A Tensor eigenvectors:
                   0          1          2    
      0       0.999139  -0.018354  -0.037217
      1      -0.036702   0.027626  -0.998944
      2       0.019363   0.999450   0.026928
 A Eigenvalues: 
                  0          1          2    
      0      -0.039419  -0.040211   0.095823
A(iso)  0.005398
 Nucleus: 8 H  
 Isotope: 1 
 Nuclear Spin:  0.5 
 Prefactor (MHz): 533.551395 
 Raw A tensor (MHz): 
                  0          1          2    
      0      -0.073902   0.146943  -0.002588
      1       0.146935   0.218380  -0.007117
      2      -0.002588  -0.007117  -0.147064
 A Tensor eigenvectors:
                   0          1          2    
      0       0.923187  -0.019129  -0.383874
      1      -0.383323   0.027146  -0.923215
      2       0.028081   0.999448   0.017728
 A Eigenvalues: 
                  0          1          2    
      0      -0.134991  -0.147208   0.279613
A(iso)  -0.000862
 Nucleus: 10 H  
 Isotope: 1 
 Nuclear Spin:  0.5 
 Prefactor (MHz): 533.551395 
 Raw A tensor (MHz): 
                  0          1          2    
      0      -0.025670   0.030628   0.001559
      1       0.030624   0.060204   0.004742
      2       0.001559   0.004742  -0.035606
 A Tensor eigenvectors:
                   0          1          2    
      0       0.945709   0.113505   0.304550
      1      -0.307903   0.012858   0.951331
      2       0.104064  -0.993454   0.047109
 A Eigenvalues: 
                  0          1          2    
      0      -0.035469  -0.035846   0.070242
A(iso)  -0.000358
 Nucleus: 11 H  
 Isotope: 1 
 Nuclear Spin:  0.5 
 Prefactor (MHz): 533.551395 
 Raw A tensor (MHz): 
                  0          1          2    
      0      -0.025652   0.030399  -0.002917
      1       0.030396   0.059429  -0.009022
      2      -0.002916  -0.009022  -0.034913
 A Tensor eigenvectors:
                   0          1          2    
      0       0.948787   0.085747  -0.304057
      1      -0.309971   0.066829  -0.948394
      2      -0.061002   0.994073   0.089986
 A Eigenvalues: 
                  0          1          2    
      0      -0.035395  -0.035771   0.070030
A(iso)  -0.000378
 Nucleus: 13 H  
 Isotope: 1 
 Nuclear Spin:  0.5 
 Prefactor (MHz): 533.551395 
 Raw A tensor (MHz): 
                  0          1          2    
      0      -0.027401   0.011373   0.000514
      1       0.011363   0.056532   0.003745
      2       0.000514   0.003745  -0.028902
 A Tensor eigenvectors:
                   0          1          2    
      0       0.985816   0.103878   0.131819
      1      -0.135551   0.029697   0.990325
      2       0.098958  -0.994147   0.043357
 A Eigenvalues: 
                  0          1          2    
      0      -0.028912  -0.029068   0.058209
A(iso)  0.000076
 Nucleus: 14 H  
 Isotope: 1 
 Nuclear Spin:  0.5 
 Prefactor (MHz): 533.551395 
 Raw A tensor (MHz): 
                  0          1          2    
      0      -0.027268   0.011328  -0.000999
      1       0.011317   0.055803  -0.007415
      2      -0.000998  -0.007415  -0.028293
 A Tensor eigenvectors:
                   0          1          2    
      0       0.989974   0.049640  -0.132239
      1      -0.135936   0.080474  -0.987444
      2      -0.038375   0.995520   0.086415
 A Eigenvalues: 
                  0          1          2    
      0      -0.028783  -0.028942   0.057968
A(iso)  0.000081
 Nucleus: 16 H  
 Isotope: 1 
 Nuclear Spin:  0.5 
 Prefactor (MHz): 533.551395 
 Raw A tensor (MHz): 
                  0          1          2    
      0      -0.016512   0.015862  -0.001281
      1       0.015859   0.037145  -0.004652
      2      -0.001281  -0.004652  -0.020602
 A Tensor eigenvectors:
                   0          1          2    
      0       0.960953   0.085894  -0.263043
      1      -0.268270   0.056182  -0.961704
      2      -0.067826   0.994719   0.077031
 A Eigenvalues: 
                  0          1          2    
      0      -0.020849  -0.020975   0.041855
A(iso)  0.000010
 Nucleus: 17 H  
 Isotope: 1 
 Nuclear Spin:  0.5 
 Prefactor (MHz): 533.551395 
 Raw A tensor (MHz): 
                  0          1          2    
      0      -0.016575   0.015928   0.000641
      1       0.015925   0.037556   0.002296
      2       0.000640   0.002296  -0.020946
 A Tensor eigenvectors:
                   0          1          2    
      0       0.957318   0.120629   0.262661
      1      -0.265304   0.006108   0.964146
      2       0.114700  -0.992679   0.037850
 A Eigenvalues: 
                  0          1          2    
      0      -0.020911  -0.021038   0.041985
A(iso)  0.000012
 Nucleus: 19 H  
 Isotope: 1 
 Nuclear Spin:  0.5 
 Prefactor (MHz): 533.551395 
 Raw A tensor (MHz): 
                  0          1          2    
      0      -0.016488   0.006163  -0.000464
      1       0.006157   0.033545  -0.003823
      2      -0.000464  -0.003822  -0.017022
 A Tensor eigenvectors:
                   0          1          2    
      0       0.992685   0.011854  -0.120152
      1      -0.120700   0.073526  -0.989962
      2      -0.002901   0.997223   0.074419
 A Eigenvalues: 
                  0          1          2    
      0      -0.017235  -0.017310   0.034579
A(iso)  0.000012
 Nucleus: 20 H  
 Isotope: 1 
 Nuclear Spin:  0.5 
 Prefactor (MHz): 533.551395 
 Raw A tensor (MHz): 
                  0          1          2    
      0      -0.016538   0.006168   0.000215
      1       0.006162   0.033869   0.001758
      2       0.000215   0.001757  -0.017295
 A Tensor eigenvectors:
                   0          1          2    
      0       0.991842   0.043948   0.119654
      1      -0.120985   0.028971   0.992232
      2       0.040140  -0.998614   0.034051
 A Eigenvalues: 
                  0          1          2    
      0      -0.017281  -0.017356   0.034672
A(iso)  0.000012
 Nucleus: 22 H  
 Isotope: 1 
 Nuclear Spin:  0.5 
 Prefactor (MHz): 533.551395 
 Raw A tensor (MHz): 
                  0          1          2    
      0      -0.193139  -0.053725   0.028592
      1      -0.053814   0.358027  -0.099921
      2       0.028613  -0.099930  -0.194745
 A Tensor eigenvectors:
                   0          1          2    
      0      -0.812134   0.574786   0.100297
      1      -0.182130  -0.086425  -0.979469
      2      -0.554317  -0.813727   0.174875
 A Eigenvalues: 
                  0          1          2    
      0      -0.185680  -0.225554   0.381377
A(iso)  -0.009952
 Nucleus: 23 H  
 Isotope: 1 
 Nuclear Spin:  0.5 
 Prefactor (MHz): 533.551395 
 Raw A tensor (MHz): 
                  0          1          2    
      0      -0.190714  -0.058904  -0.025072
      1      -0.058994   0.367397   0.065754
      2      -0.025088   0.065765  -0.206447
 A Tensor eigenvectors:
                   0          1          2    
      0      -0.836101  -0.538094   0.106720
      1      -0.151751   0.039920  -0.987612
      2       0.527168  -0.841939  -0.115034
 A Eigenvalues: 
                  0          1          2    
      0      -0.185605  -0.225590   0.381430
A(iso)  -0.009921
 Nucleus: 25 H  
 Isotope: 1 
 Nuclear Spin:  0.5 
 Prefactor (MHz): 533.551395 
 Raw A tensor (MHz): 
                  0          1          2    
      0      -0.308278   0.286259   0.118933
      1       0.286231   0.443832   0.153949
      2       0.118948   0.153970  -0.381004
 A Tensor eigenvectors:
                   0          1          2    
      0      -0.656076   0.680923  -0.325436
      1       0.365525  -0.090564  -0.926385
      2      -0.660270  -0.726734  -0.189477
 A Eigenvalues: 
                  0          1          2    
      0      -0.348052  -0.473272   0.575875
A(iso)  -0.081816
 Nucleus: 26 H  
 Isotope: 1 
 Nuclear Spin:  0.5 
 Prefactor (MHz): 533.551395 
 Raw A tensor (MHz): 
                  0          1          2    
      0      -0.297930   0.286265  -0.132266
      1       0.286236   0.426205  -0.187904
      2      -0.132280  -0.187924  -0.371516
 A Tensor eigenvectors:
                   0          1          2    
      0       0.681143   0.651728  -0.333609
      1      -0.400855  -0.049331  -0.914812
      2      -0.612666   0.756847   0.227647
 A Eigenvalues: 
                  0          1          2    
      0      -0.347410  -0.473182   0.577352
A(iso)  -0.081080
 Nucleus: 28 H  
 Isotope: 1 
 Nuclear Spin:  0.5 
 Prefactor (MHz): 533.551395 
 Raw A tensor (MHz): 
                  0          1          2    
      0      -0.379606  -0.295312   0.197413
      1      -0.295620   1.304566  -0.520562
      2       0.197558  -0.520607  -0.374782
 A Tensor eigenvectors:
                   0          1          2    
      0       0.811159  -0.557607   0.176339
      1       0.299773   0.137538  -0.944044
      2       0.502153   0.818631   0.278721
 A Eigenvalues: 
                  0          1          2    
      0      -0.366583  -0.596717   1.513479
A(iso)  0.183393
 Nucleus: 29 H  
 Isotope: 1 
 Nuclear Spin:  0.5 
 Prefactor (MHz): 533.551395 
 Raw A tensor (MHz): 
                  0          1          2    
      0      -0.365270  -0.319970  -0.180179
      1      -0.320285   1.359353   0.417689
      2      -0.180307   0.417742  -0.434233
 A Tensor eigenvectors:
                   0          1          2    
      0      -0.826090   0.532668  -0.183959
      1      -0.272960  -0.092624   0.957556
      2       0.493020   0.841241   0.221912
 A Eigenvalues: 
                  0          1          2    
      0      -0.363516  -0.594320   1.517687
A(iso)  0.186617
 Nucleus: 31 H  
 Isotope: 1 
 Nuclear Spin:  0.5 
 Prefactor (MHz): 533.551395 
 Raw A tensor (MHz): 
                  0          1          2    
      0      -0.908728   1.325652  -0.913727
      1       1.325509   0.764373  -0.717383
      2      -0.913721  -0.717785  -1.456384
 A Tensor eigenvectors:
                   0          1          2    
      0       0.560945   0.493789   0.664465
      1      -0.572067   0.811378  -0.120024
      2      -0.598398  -0.312791   0.737618
 A Eigenvalues: 
                  0          1          2    
      0      -1.285921   1.847824  -2.162643
A(iso)  -0.533580
 Nucleus: 32 H  
 Isotope: 1 
 Nuclear Spin:  0.5 
 Prefactor (MHz): 533.551395 
 Raw A tensor (MHz): 
                  0          1          2    
      0      -0.957136   1.354318   0.856476
      1       1.354184   0.837822   0.631917
      2       0.856478   0.632323  -1.479762
 A Tensor eigenvectors:
                   0          1          2    
      0       0.543930   0.485524  -0.684402
      1      -0.538592   0.827439   0.158949
      2       0.643474   0.282156   0.711568
 A Eigenvalues: 
                  0          1          2    
      0      -1.284928   1.848121  -2.162269
A(iso)  -0.533025
 Nucleus: 34 H  
 Isotope: 1 
 Nuclear Spin:  0.5 
 Prefactor (MHz): 533.551395 
 Raw A tensor (MHz): 
                  0          1          2    
      0      -5.461448  -2.610036  -3.361493
      1      -2.612142   0.553350   4.020496
      2      -3.362897   4.021061  -5.419648
 A Tensor eigenvectors:
                   0          1          2    
      0       0.380025  -0.683318  -0.623424
      1      -0.797731  -0.583273   0.153031
      2      -0.468195   0.439169  -0.766762
 A Eigenvalues: 
                  0          1          2    
      0       4.158434  -5.530416  -8.955765
A(iso)  -3.442582
 Nucleus: 35 H  
 Isotope: 1 
 Nuclear Spin:  0.5 
 Prefactor (MHz): 533.551395 
 Raw A tensor (MHz): 
                  0          1          2    
      0      -5.634391  -2.326406   3.479012
      1      -2.328445   0.100324  -4.367299
      2       3.480523  -4.367807  -4.814668
 A Tensor eigenvectors:
                   0          1          2    
      0      -0.368000   0.672816   0.641790
      1       0.771629   0.606101  -0.192952
      2      -0.518811   0.424218  -0.742209
 A Eigenvalues: 
                  0          1          2    
      0       4.148204  -5.537966  -8.958973
A(iso)  -3.449578
 Nucleus: 37 H  
 Isotope: 1 
 Nuclear Spin:  0.5 
 Prefactor (MHz): 533.551395 
 Raw A tensor (MHz): 
                  0          1          2    
      0      29.891942   5.950309   3.389026
      1       5.951411  30.030220   3.705396
      2       3.392497   3.706274  25.839921
 A Tensor eigenvectors:
                   0          1          2    
      0      -0.098159   0.757075  -0.645912
      1       0.568019  -0.490314  -0.661019
      2      -0.817141  -0.431775  -0.381905
 A Eigenvalues: 
                  0          1          2    
      0      23.671156  24.104101  37.986826
A(iso)  28.587361
 Nucleus: 38 H  
 Isotope: 1 
