-------------------------------------------------------------
----------------------- !PROPERTIES! ------------------------
-------------------------------------------------------------
# -----------------------------------------------------------
$ PAL_Flags
   description: The PAL Flags
   geom. index: 1
   prop. index: 1
        Diskflag:     2
# -----------------------------------------------------------
$ SCF_Energy
   description: The SCF energy
   geom. index: 1
   prop. index: 1
        SCF Energy:     -739.6892150958
# -----------------------------------------------------------
$ DFT_Energy
   description: The DFT energy
   geom. index: 1
   prop. index: 1
   Number of Alpha Electrons                 71.0001788998 
   Number of Beta  Electrons                 70.0001763942 
   Total number of  Electrons               141.0003552940 
   Exchange energy                          -85.6236805087 
   Correlation energy                        -5.4142905980 
   Correlation energy NL                      0.0000000000 
   Exchange-Correlation energy              -91.0379711068 
   Embedding correction                       0.0000000000 
   Total DFT Energy (No VdW correction)    -739.6892150958 
# -----------------------------------------------------------
$ Mayer_Pop
   description: The Mayer population analysis
   geom. index: 1
   prop. index: 1
     Number of atoms                     : 46
     Threshold for printing              : 0.1000000
     Number of bond orders printed       : 46
  NA   - Mulliken gross atomic population
  ZA   - Total nuclear charge
  QA   - Mulliken gross atomic charge
  VA   - Mayer's total valence
  BVA  - Mayer's bonded valence
  FA   - Mayer's free valence
  ATOM       NA         ZA         QA         VA         BVA        FA
  0   0     5.3798     6.0000     0.6202     2.9161     2.9161     0.0000
  1   0     5.9713     6.0000     0.0287     3.9584     3.9584     0.0000
  2   0     6.0259     6.0000    -0.0259     4.0866     4.0866     0.0000
  3   0     5.9704     6.0000     0.0296     3.8984     3.8984     0.0000
  4   0     6.0599     6.0000    -0.0599     3.8495     3.8495     0.0000
  5   0     6.0732     6.0000    -0.0732     4.1629     4.1629     0.0000
  6   0     5.9772     6.0000     0.0228     3.9752     3.9752     0.0000
  7   0     1.0550     1.0000    -0.0550     1.0010     1.0010     0.0000
  8   0     1.0439     1.0000    -0.0439     0.9844     0.9844     0.0000
  9   0     5.9665     6.0000     0.0335     4.0147     4.0147     0.0000
 10   0     0.9757     1.0000     0.0243     0.9655     0.9655     0.0000
 11   0     0.9746     1.0000     0.0254     0.9650     0.9650     0.0000
 12   0     6.0394     6.0000    -0.0394     4.1181     4.1181     0.0000
 13   0     0.9835     1.0000     0.0165     0.9641     0.9641     0.0000
 14   0     0.9826     1.0000     0.0174     0.9635     0.9635     0.0000
 15   0     6.0253     6.0000    -0.0253     4.1160     4.1160     0.0000
 16   0     0.9950     1.0000     0.0050     0.9671     0.9671     0.0000
 17   0     0.9949     1.0000     0.0051     0.9672     0.9672     0.0000
 18   0     5.9990     6.0000     0.0010     4.0185     4.0185     0.0000
 19   0     0.9825     1.0000     0.0175     0.9775     0.9775     0.0000
 20   0     0.9824     1.0000     0.0176     0.9774     0.9774     0.0000
 21   0     5.9521     6.0000     0.0479     4.0162     4.0162     0.0000
 22   0     0.9693     1.0000     0.0307     0.9696     0.9696     0.0000
 23   0     0.9694     1.0000     0.0306     0.9696     0.9696     0.0000
 24   0     6.0338     6.0000    -0.0338     4.1145     4.1145     0.0000
 25   0     0.9860     1.0000     0.0140     0.9635     0.9635     0.0000
 26   0     0.9861     1.0000     0.0139     0.9636     0.9636     0.0000
 27   0     5.9867     6.0000     0.0133     4.0762     4.0762     0.0000
 28   0     0.9966     1.0000     0.0034     0.9698     0.9698     0.0000
 29   0     0.9966     1.0000     0.0034     0.9697     0.9697     0.0000
 30   0     6.0058     6.0000    -0.0058     4.0840     4.0839     0.0001
 31   0     0.9987     1.0000     0.0013     0.9698     0.9698     0.0000
 32   0     0.9987     1.0000     0.0013     0.9698     0.9698     0.0000
 33   0     6.0002     6.0000    -0.0002     4.0592     4.0565     0.0027
 34   0     0.9964     1.0000     0.0036     0.9709     0.9709     0.0000
 35   0     0.9964     1.0000     0.0036     0.9709     0.9709     0.0000
 36   0     6.0013     6.0000    -0.0013     4.1001     4.0976     0.0025
 37   0     0.9896     1.0000     0.0104     0.9657     0.9655     0.0002
 38   0     0.9895     1.0000     0.0105     0.9657     0.9655     0.0002
 39   0     6.0688     6.0000    -0.0688     3.9787     3.1230     0.8557
 40   0     0.9751     1.0000     0.0249     0.9760     0.9737     0.0023
 41   0     0.9751     1.0000     0.0249     0.9761     0.9738     0.0023
 42   0     6.5954     6.0000    -0.5954     3.4061     3.4061     0.0000
 43   0     1.0314     1.0000    -0.0314     1.0298     1.0298     0.0000
 44   0     0.9874     1.0000     0.0126     0.9735     0.9735     0.0000
 45   0     1.0558     1.0000    -0.0558     0.9794     0.9794     0.0000
      Bond orders larger than 0.1000000
           Atom A     A.N. of A          Atom B    A.N. of B              Bond order
                0             6               4            6                0.908208
                0             6              42            6                2.141540
                1             6               2            6                1.421819
                1             6               6            6                1.431119
                1             6              45            1                0.933050
                2             6               3            6                1.426706
                2             6               9            6                1.044770
                3             6               4            6                1.392440
                3             6               7            1                0.927599
                4             6               5            6                1.409644
                5             6               6            6                1.441704
                5             6              21            6                1.088787
                6             6               8            1                0.918247
                9             6              10            1                0.914490
                9             6              11            1                0.913797
                9             6              12            6                1.103973
               12             6              13            1                0.931260
               12             6              14            1                0.930197
               12             6              15            6                1.075064
               15             6              16            1                0.941382
               15             6              17            1                0.941339
               15             6              18            6                1.105715
               18             6              19            1                0.966542
               18             6              20            1                0.966555
               18             6              44            1                0.962142
               21             6              22            1                0.898437
               21             6              23            1                0.898679
               21             6              24            6                1.099939
               24             6              25            1                0.927470
               24             6              26            1                0.927519
               24             6              27            6                1.077935
               27             6              28            1                0.934016
               27             6              29            1                0.934048
               27             6              30            6                1.077686
               30             6              31            1                0.935833
               30             6              32            1                0.935764
               30             6              33            6                1.077914
               33             6              34            1                0.940159
               33             6              35            1                0.940157
               33             6              36            6                1.048473
               36             6              37            1                0.935850
               36             6              38            1                0.935931
               36             6              39            6                1.136256
               39             6              40            1                0.964920
               39             6              41            1                0.964912
               42             6              43            1                1.116468
# -----------------------------------------------------------
$ Calculation_Info
   description: Details of the calculation
   geom. index: 1
   prop. index: 1
     Multiplicity:                          2
     Charge:                                0
     number of atoms:                       46
     number of electrons:                   0
     number of frozen core electrons:       1
     number of correlated electrons:        0
     number of basis functions:             401
     number of aux C basis functions:       2649
     number of aux J basis functions:       2649
     number of aux JK basis functions:      2649
     number of aux CABS basis functions:    0
     Total Energy                           -739.689215
# -----------------------------------------------------------
$ SCF_Electric_Properties
   description: The SCF Calculated Electric Properties
   geom. index: 1
   prop. index: 1
       Filename                          : cc-pVDZ.scfp 
       Do Dipole Moment Calculation      : true 
       Do Quadrupole Moment Calculation  : false 
       Do Polarizability Calculation     : false 
** Dipole moment part of electric properties **
        Magnitude of dipole moment (Debye) :        0.7776384856
        Electronic Contribution:
                  0    
      0       4.337515
      1      -7.760362
      2       0.418346
        Nuclear Contribution:
                  0    
      0      -4.607615
      1       7.616677
      2      -0.418874
        Total Dipole moment:
                  0    
      0      -0.270100
      1      -0.143685
      2      -0.000528
# -----------------------------------------------------------
$ EPRNMR_GTensor
   description: Electronic g tensor
   geom. index: 1
   prop. index: 1
 Source density: 1 SCF 
 Spin multiplicity: 2 
 raw g tensor: 
                  0          1          2    
      0       2.002727   0.000187  -0.000009
      1       0.000206   2.002534   0.000015
      2      -0.000009   0.000014   2.003001
 g tensor: 
                  0          1          2    
      0      -0.528057   0.849097   0.013768
      1       0.848700   0.528232  -0.026039
      2      -0.029382  -0.002065  -0.999566
 G eigenvalues: 
                  0          1          2    
      0       2.002411   2.002850   2.003002
# -----------------------------------------------------------
$ EPRNMR_OrbitalShielding
   description: Orbital contribution to the NMR Shielding tensor (ppm)
   geom. index: 1
   prop. index: 1
 Number of stored nuclei 27
 Source density: 1 SCF 
 Nucleus: 7 H 
 Shielding tensor (ppm): 
                  0          1          2    
      0     -19.969462 134.214721  -5.016501
      1     -233.158670  68.471124  -6.470425
      2       5.723086   1.520628  31.884808
 P Tensor eigenvectors:
                   0          1          2    
      0      -0.023120   0.417448  -0.908407
      1       0.029328   0.908542   0.416763
      2       0.999302  -0.017007  -0.033249
 P Eigenvalues: 
                  0          1          2    
      0      31.794258  15.593802  32.998410
P(iso)  26.795490
 Nucleus: 8 H 
 Shielding tensor (ppm): 
                  0          1          2    
      0     101.697824 -98.251434   3.519443
      1      51.742194  27.635390   2.241017
      2      -1.801866   0.180677  87.867007
 P Tensor eigenvectors:
                   0          1          2    
      0       0.651762   0.024457  -0.758029
      1       0.758424  -0.021699   0.651401
      2      -0.000517  -0.999465  -0.032692
 P Eigenvalues: 
                  0          1          2    
      0      36.105058  87.882138  93.213025
P(iso)  72.400074
 Nucleus: 10 H 
 Shielding tensor (ppm): 
                  0          1          2    
      0      63.786917 -264.716638 173.307370
      1     361.008377  -2.054654 349.633717
      2     -119.955706 -256.852908  34.982495
 P Tensor eigenvectors:
                   0          1          2    
      0       0.643871   0.387370  -0.659830
      1      -0.342809   0.917022   0.203843
      2      -0.684041  -0.094947  -0.723238
 P Eigenvalues: 
                  0          1          2    
      0      19.576207  32.323893  44.814657
P(iso)  32.238252
 Nucleus: 11 H 
 Shielding tensor (ppm): 
                  0          1          2    
      0      62.821607 -269.994989 -164.414014
      1     364.166079  -5.362202 -349.428042
      2     105.685201 259.508175  37.875996
 P Tensor eigenvectors:
                   0          1          2    
      0       0.646782   0.387670   0.656799
      1      -0.317328   0.919885  -0.230466
      2       0.693525   0.059360  -0.717983
 P Eigenvalues: 
                  0          1          2    
      0      18.075349  32.358375  44.901677
P(iso)  31.778467
 Nucleus: 13 H 
 Shielding tensor (ppm): 
                  0          1          2    
      0      36.295440 290.624749 108.789596
      1     -396.458053  74.372896 459.631206
      2     -84.590275 -335.493863  86.954269
 P Tensor eigenvectors:
                   0          1          2    
      0       0.750658   0.194768   0.631331
      1      -0.154866   0.980809  -0.118445
      2       0.642285   0.008860  -0.766415
 P Eigenvalues: 
                  0          1          2    
      0      69.729862  53.832621  74.060120
P(iso)  65.874201
 Nucleus: 14 H 
 Shielding tensor (ppm): 
                  0          1          2    
      0      34.260967 284.155045 -120.477995
      1     -389.378045  69.502603 -461.090546
      2      98.408607 336.593084  89.584848
 P Tensor eigenvectors:
                   0          1          2    
      0      -0.754708   0.198833   0.625205
      1       0.178796   0.979231  -0.095591
      2       0.631227  -0.039641   0.774584
 P Eigenvalues: 
                  0          1          2    
      0      68.092704  52.660277  72.595437
P(iso)  64.449473
 Nucleus: 16 H 
 Shielding tensor (ppm): 
                  0          1          2    
      0      29.950348 -351.435160 -165.460546
      1     492.198181  -9.191337 -519.702553
      2     106.144797 377.660163  -4.934426
 P Tensor eigenvectors:
                   0          1          2    
      0      -0.709666   0.232442  -0.665091
      1       0.220459   0.969866   0.103723
      2      -0.669158   0.073017   0.739524
 P Eigenvalues: 
                  0          1          2    
      0     -16.808554  13.613782  19.019358
P(iso)  5.274862
 Nucleus: 17 H 
 Shielding tensor (ppm): 
                  0          1          2    
      0      30.991552 -342.359870 178.901640
      1     482.940532  -3.903112 526.712580
      2     -124.553352 -383.066855  -7.961303
 P Tensor eigenvectors:
                   0          1          2    
      0       0.717047   0.235315  -0.656103
      1      -0.244839   0.966340   0.079001
      2      -0.652608  -0.103992  -0.750525
 P Eigenvalues: 
                  0          1          2    
      0     -14.850705  14.187337  19.790504
P(iso)  6.375712
 Nucleus: 19 H 
 Shielding tensor (ppm): 
                  0          1          2    
      0     -31.196798 386.729292 -118.629765
      1     -495.517146  56.306749 -575.703840
      2      90.392453 414.988197   9.423490
 P Tensor eigenvectors:
                   0          1          2    
      0      -0.742743   0.242825   0.623995
      1       0.144075   0.968053  -0.205222
      2       0.653893   0.062525   0.753999
 P Eigenvalues: 
                  0          1          2    
      0      -1.797545  15.234926  21.096061
P(iso)  11.511147
 Nucleus: 20 H 
 Shielding tensor (ppm): 
                  0          1          2    
      0     -29.988956 394.599696 104.841180
      1     -504.347796  61.887515 571.300787
      2     -73.822021 -415.238469   5.636460
 P Tensor eigenvectors:
                   0          1          2    
      0       0.737514   0.241464   0.630689
      1      -0.121334   0.966075  -0.227984
      2       0.664343  -0.091618  -0.741792
 P Eigenvalues: 
                  0          1          2    
      0      -0.473732  15.958121  22.050631
P(iso)  12.511673
 Nucleus: 22 H 
 Shielding tensor (ppm): 
                  0          1          2    
      0     101.431237 -47.338718  85.462540
      1      71.796308  34.443964  88.839191
      2     -50.983222 -62.502815  94.543409
 P Tensor eigenvectors:
                   0          1          2    
      0       0.354864  -0.755792   0.550319
      1      -0.822283  -0.532413  -0.200965
      2      -0.444884   0.381203   0.810409
 P Eigenvalues: 
                  0          1          2    
      0      51.828900  76.004468 102.585241
P(iso)  76.806203
 Nucleus: 23 H 
 Shielding tensor (ppm): 
                  0          1          2    
      0     103.321128 -54.762828 -83.069424
      1      78.275714  33.543341 -82.426779
      2      48.384150  63.727243  94.329297
 P Tensor eigenvectors:
                   0          1          2    
      0      -0.333580   0.738870  -0.585488
      1       0.797783   0.552139   0.242250
      2      -0.502262   0.386282   0.773640
 P Eigenvalues: 
                  0          1          2    
      0      52.066352  76.411573 102.715842
P(iso)  77.064589
 Nucleus: 25 H 
 Shielding tensor (ppm): 
                  0          1          2    
      0      94.710284 122.341110 -22.202841
      1     -182.260088  49.893046 -205.904823
      2      25.813152 152.358531 112.465101
 P Tensor eigenvectors:
                   0          1          2    
      0       0.765028   0.039793   0.642766
      1      -0.074273  -0.985977   0.149442
      2      -0.639700   0.162067   0.751345
 P Eigenvalues: 
                  0          1          2    
      0     100.822294  62.538130  93.708007
P(iso)  85.689477
 Nucleus: 26 H 
 Shielding tensor (ppm): 
                  0          1          2    
      0      94.358282 129.221130  15.517137
      1     -191.437948  52.612653 201.749694
      2     -17.274333 -144.063959 109.234329
 P Tensor eigenvectors:
                   0          1          2    
      0       0.739431   0.041885  -0.671928
      1      -0.043645  -0.992981  -0.109927
      2       0.671816  -0.110610   0.732413
 P Eigenvalues: 
                  0          1          2    
      0     100.436426  62.310249  93.458589
P(iso)  85.401755
 Nucleus: 28 H 
 Shielding tensor (ppm): 
                  0          1          2    
      0      90.370468 -211.135896  91.013010
      1     283.670739  22.400812 317.337449
      2     -59.071740 -229.496204  75.371480
 P Tensor eigenvectors:
                   0          1          2    
      0      -0.714279   0.297612   0.633429
      1       0.216194   0.954642  -0.204743
      2       0.665631   0.009301   0.746223
 P Eigenvalues: 
                  0          1          2    
      0      66.801477  49.902063  71.439220
P(iso)  62.714253
 Nucleus: 29 H 
 Shielding tensor (ppm): 
                  0          1          2    
      0      91.645872 -222.680087 -79.907458
      1     295.985341  18.244634 -305.926280
      2      45.273740 226.340937  78.787004
 P Tensor eigenvectors:
                   0          1          2    
      0      -0.693391   0.299453  -0.655391
      1       0.182548   0.952886   0.242249
      2      -0.697055  -0.048332   0.715387
 P Eigenvalues: 
                  0          1          2    
      0      67.060510  50.051978  71.565023
P(iso)  62.892504
 Nucleus: 31 H 
 Shielding tensor (ppm): 
                  0          1          2    
      0      71.618911 296.179720  25.906521
      1     -406.374507  50.503893 417.051132
      2     -21.818080 -301.272292  88.411936
 P Tensor eigenvectors:
                   0          1          2    
      0       0.718917   0.012669   0.694980
      1      -0.038298   0.999037   0.021405
      2       0.694040   0.042005  -0.718710
 P Eigenvalues: 
                  0          1          2    
      0      81.673510  54.040263  74.820966
P(iso)  70.178246
 Nucleus: 32 H 
 Shielding tensor (ppm): 
                  0          1          2    
      0      72.054284 285.946236 -41.037807
      1     -393.086776  44.729761 -425.964776
      2      41.370387 311.858518  94.479185
 P Tensor eigenvectors:
                   0          1          2    
      0       0.737903   0.013702  -0.674767
      1      -0.072509   0.995617  -0.059077
      2      -0.671000  -0.092520  -0.735662
 P Eigenvalues: 
                  0          1          2    
      0      82.023408  54.209552  75.030270
P(iso)  70.421077
 Nucleus: 34 H 
 Shielding tensor (ppm): 
                  0          1          2    
      0      65.018471 -358.698987 -83.502181
      1     486.271450  10.622487 -511.554267
      2      44.813557 370.751986  53.201029
 P Tensor eigenvectors:
                   0          1          2    
      0       0.717536   0.172483   0.674827
      1      -0.110792   0.984782  -0.133902
      2       0.687653  -0.021314  -0.725726
 P Eigenvalues: 
                  0          1          2    
      0      40.258668  37.026957  51.556362
P(iso)  42.947329
 Nucleus: 35 H 
 Shielding tensor (ppm): 
                  0          1          2    
      0      63.909579 -344.813384 101.487478
      1     470.746297  17.889426 524.646296
      2     -68.469839 -376.997327  46.549396
 P Tensor eigenvectors:
                   0          1          2    
      0      -0.733832   0.172085   0.657174
      1       0.144744   0.984778  -0.096241
      2       0.663732  -0.024497   0.747569
 P Eigenvalues: 
                  0          1          2    
      0      40.024249  36.909529  51.414624
P(iso)  42.782800
 Nucleus: 37 H 
 Shielding tensor (ppm): 
                  0          1          2    
      0      25.020182 409.868275 -50.903238
      1     -557.178007  40.892703 -602.909390
      2      43.423109 430.624943  55.912784
 P Tensor eigenvectors:
                   0          1          2    
      0      -0.734226   0.063881   0.675893
      1       0.053893   0.997906  -0.035771
      2       0.676762  -0.010162   0.736132
 P Eigenvalues: 
                  0          1          2    
      0      42.477475  33.190806  46.157388
P(iso)  40.608556
 Nucleus: 38 H 
 Shielding tensor (ppm): 
                  0          1          2    
      0      24.382977 421.599992  29.228954
      1     -572.271477  49.543021 590.078174
      2     -15.499328 -420.382883  47.131485
 P Tensor eigenvectors:
                   0          1          2    
      0      -0.718408  -0.064674  -0.692609
      1       0.019196  -0.997133   0.073199
      2      -0.695358   0.039291   0.717589
 P Eigenvalues: 
                  0          1          2    
      0      42.063027  33.034137  45.960320
P(iso)  40.352494
 Nucleus: 40 H 
 Shielding tensor (ppm): 
                  0          1          2    
      0     -91.398241 -164.633669  92.389754
      1     271.795259  24.040185 643.261482
      2     -52.628685 -442.712666 -130.528590
 P Tensor eigenvectors:
                   0          1          2    
      0       0.926746  -0.004631   0.375661
      1      -0.097192  -0.968839   0.227826
      2      -0.362900   0.247648   0.898318
 P Eigenvalues: 
                  0          1          2    
      0     -111.412103 -33.124484 -53.350060
P(iso)  -65.962216
 Nucleus: 41 H 
 Shielding tensor (ppm): 
                  0          1          2    
      0     -89.744664 -179.979172 -82.894850
      1     290.011750  13.462553 -645.387013
      2      39.318351 432.326747 -120.302276
 P Tensor eigenvectors:
                   0          1          2    
      0       0.917757   0.000176  -0.397142
      1      -0.078100  -0.980392  -0.180917
      2       0.389387  -0.197055   0.899748
 P Eigenvalues: 
                  0          1          2    
      0     -110.728353 -32.910446 -52.945588
P(iso)  -65.528129
 Nucleus: 43 H 
 Shielding tensor (ppm): 
                  0          1          2    
      0      51.454229  81.329795  -0.144412
      1     -157.839591 -82.072951  -2.939817
      2       7.514915   2.116823 -65.590942
 P Tensor eigenvectors:
                   0          1          2    
      0      -0.554591  -0.022512  -0.831818
      1       0.831176   0.032695  -0.555047
      2      -0.039691   0.999212  -0.000579
 P Eigenvalues: 
                  0          1          2    
      0      -5.520303 -65.685610 -25.003751
P(iso)  -32.069888
 Nucleus: 44 H 
 Shielding tensor (ppm): 
                  0          1          2    
      0     -152.074414 -131.961582   3.104323
      1     281.993557  18.988087   1.670306
      2      -5.417644  -6.871877 -178.598832
 P Tensor eigenvectors:
                   0          1          2    
      0       0.266569   0.021411   0.963578
      1      -0.963452  -0.021571   0.267013
      2       0.026503  -0.999538   0.014879
 P Eigenvalues: 
                  0          1          2    
      0     -31.721819 -178.626670 -101.336670
P(iso)  -103.895053
 Nucleus: 45 H 
 Shielding tensor (ppm): 
                  0          1          2    
      0      79.880737 -181.816342   6.707645
      1     237.659373 -27.671240   6.301934
      2      -6.314495  -2.227474  28.606567
 P Tensor eigenvectors:
                   0          1          2    
      0      -0.018947   0.465660  -0.884761
      1       0.032028   0.884748   0.464967
      2       0.999307  -0.019527  -0.031678
 P Eigenvalues: 
                  0          1          2    
      0      28.656319  18.604565  33.555180
P(iso)  26.938688
# -----------------------------------------------------------
$ EPRNMR_ATensor
   description: Hyperfine A tensor
   geom. index: 1
   prop. index: 1
 Number of stored nuclei 27
 Source density: 1 SCF 
 Spin multiplicity: 2 
 Nucleus: 7 H  
 Isotope: 1 
 Nuclear Spin:  0.5 
 Prefactor (MHz): 533.551395 
 Raw A tensor (MHz): 
                  0          1          2    
      0      -0.039258   0.005022  -0.000120
      1       0.005000   0.095511  -0.003649
      2      -0.000120  -0.003649  -0.040135
 A Tensor eigenvectors:
                   0          1          2    
      0       0.999138  -0.018506  -0.037171
      1      -0.036653   0.027550  -0.998948
      2       0.019511   0.999449   0.026848
 A Eigenvalues: 
                  0          1          2    
      0      -0.039444  -0.040234   0.095795
A(iso)  0.005373
 Nucleus: 8 H  
 Isotope: 1 
 Nuclear Spin:  0.5 
 Prefactor (MHz): 533.551395 
 Raw A tensor (MHz): 
                  0          1          2    
      0      -0.073909   0.146931  -0.002537
      1       0.146923   0.218403  -0.006999
      2      -0.002537  -0.006999  -0.147058
 A Tensor eigenvectors:
                   0          1          2    
      0       0.923199  -0.019378  -0.383833
      1      -0.383284   0.026923  -0.923238
      2       0.028225   0.999450   0.017427
 A Eigenvalues: 
                  0          1          2    
      0      -0.134985  -0.147198   0.279618
A(iso)  -0.000855
 Nucleus: 10 H  
 Isotope: 1 
 Nuclear Spin:  0.5 
 Prefactor (MHz): 533.551395 
 Raw A tensor (MHz): 
                  0          1          2    
      0      -0.025677   0.030619   0.001563
      1       0.030615   0.060196   0.004755
      2       0.001563   0.004755  -0.035607
 A Tensor eigenvectors:
                   0          1          2    
      0       0.945679   0.113940   0.304482
      1      -0.307857   0.012863   0.951346
      2       0.104480  -0.993404   0.047241
 A Eigenvalues: 
                  0          1          2    
      0      -0.035471  -0.035848   0.070231
A(iso)  -0.000362
 Nucleus: 11 H  
 Isotope: 1 
 Nuclear Spin:  0.5 
 Prefactor (MHz): 533.551395 
 Raw A tensor (MHz): 
                  0          1          2    
      0      -0.025658   0.030403  -0.002913
      1       0.030399   0.059429  -0.009010
      2      -0.002913  -0.009009  -0.034922
 A Tensor eigenvectors:
                   0          1          2    
      0       0.948718   0.086467  -0.304068
      1      -0.310024   0.066458  -0.948403
      2      -0.061798   0.994036   0.089857
 A Eigenvalues: 
                  0          1          2    
      0      -0.035402  -0.035778   0.070029
A(iso)  -0.000384
 Nucleus: 13 H  
 Isotope: 1 
 Nuclear Spin:  0.5 
 Prefactor (MHz): 533.551395 
 Raw A tensor (MHz): 
                  0          1          2    
      0      -0.027399   0.011367   0.000514
      1       0.011357   0.056528   0.003746
      2       0.000513   0.003746  -0.028899
 A Tensor eigenvectors:
                   0          1          2    
      0       0.985854   0.103581   0.131766
      1      -0.135491   0.029754   0.990332
      2       0.098659  -0.994176   0.043368
 A Eigenvalues: 
                  0          1          2    
      0      -0.028909  -0.029064   0.058203
A(iso)  0.000077
 Nucleus: 14 H  
 Isotope: 1 
 Nuclear Spin:  0.5 
 Prefactor (MHz): 533.551395 
 Raw A tensor (MHz): 
                  0          1          2    
      0      -0.027269   0.011329  -0.000999
      1       0.011318   0.055807  -0.007415
      2      -0.000998  -0.007414  -0.028294
 A Tensor eigenvectors:
                   0          1          2    
      0       0.989942   0.050273  -0.132244
      1      -0.135992   0.080374  -0.987444
      2      -0.039012   0.995496   0.086402
 A Eigenvalues: 
                  0          1          2    
      0      -0.028784  -0.028943   0.057972
A(iso)  0.000081
 Nucleus: 16 H  
 Isotope: 1 
 Nuclear Spin:  0.5 
 Prefactor (MHz): 533.551395 
 Raw A tensor (MHz): 
                  0          1          2    
      0      -0.016513   0.015863  -0.001281
      1       0.015859   0.037147  -0.004651
      2      -0.001281  -0.004650  -0.020603
 A Tensor eigenvectors:
                   0          1          2    
      0       0.960938   0.086068  -0.263041
      1      -0.268276   0.056104  -0.961707
      2      -0.068014   0.994708   0.077002
 A Eigenvalues: 
                  0          1          2    
      0      -0.020850  -0.020976   0.041857
A(iso)  0.000010
 Nucleus: 17 H  
 Isotope: 1 
 Nuclear Spin:  0.5 
 Prefactor (MHz): 533.551395 
 Raw A tensor (MHz): 
                  0          1          2    
      0      -0.016575   0.015925   0.000641
      1       0.015921   0.037554   0.002298
      2       0.000641   0.002297  -0.020945
 A Tensor eigenvectors:
                   0          1          2    
      0       0.957371   0.120304   0.262615
      1      -0.265260   0.006233   0.964157
      2       0.114355  -0.992718   0.037879
 A Eigenvalues: 
                  0          1          2    
      0      -0.020910  -0.021037   0.041981
A(iso)  0.000012
 Nucleus: 19 H  
 Isotope: 1 
 Nuclear Spin:  0.5 
 Prefactor (MHz): 533.551395 
 Raw A tensor (MHz): 
                  0          1          2    
      0      -0.016488   0.006163  -0.000464
      1       0.006157   0.033546  -0.003825
      2      -0.000464  -0.003825  -0.017023
 A Tensor eigenvectors:
                   0          1          2    
      0       0.992684   0.012012  -0.120146
      1      -0.120706   0.073553  -0.989960
      2      -0.003054   0.997219   0.074465
 A Eigenvalues: 
                  0          1          2    
      0      -0.017236  -0.017310   0.034581
A(iso)  0.000012
 Nucleus: 20 H  
 Isotope: 1 
 Nuclear Spin:  0.5 
 Prefactor (MHz): 533.551395 
 Raw A tensor (MHz): 
                  0          1          2    
      0      -0.016538   0.006166   0.000215
      1       0.006159   0.033867   0.001755
      2       0.000214   0.001755  -0.017294
 A Tensor eigenvectors:
                   0          1          2    
      0       0.991856   0.043757   0.119614
      1      -0.120937   0.028949   0.992238
      2       0.039955  -0.998623   0.034005
 A Eigenvalues: 
                  0          1          2    
      0      -0.017280  -0.017355   0.034669
A(iso)  0.000012
 Nucleus: 22 H  
 Isotope: 1 
 Nuclear Spin:  0.5 
 Prefactor (MHz): 533.551395 
 Raw A tensor (MHz): 
                  0          1          2    
      0      -0.192927  -0.053789   0.028548
      1      -0.053878   0.358281  -0.099718
      2       0.028570  -0.099727  -0.194648
 A Tensor eigenvectors:
                   0          1          2    
      0      -0.812504   0.574248   0.100384
      1      -0.181937  -0.086192  -0.979525
      2      -0.553838  -0.814131   0.174508
 A Eigenvalues: 
                  0          1          2    
      0      -0.185519  -0.225343   0.381568
A(iso)  -0.009765
 Nucleus: 23 H  
 Isotope: 1 
 Nuclear Spin:  0.5 
 Prefactor (MHz): 533.551395 
 Raw A tensor (MHz): 
                  0          1          2    
      0      -0.190550  -0.058866  -0.025066
      1      -0.058957   0.367502   0.065943
      2      -0.025082   0.065954  -0.206191
 A Tensor eigenvectors:
                   0          1          2    
      0      -0.835982  -0.538290   0.106670
      1      -0.151895   0.040196  -0.987579
      2       0.527316  -0.841801  -0.115366
 A Eigenvalues: 
                  0          1          2    
      0      -0.185443  -0.225370   0.381574
A(iso)  -0.009746
 Nucleus: 25 H  
 Isotope: 1 
 Nuclear Spin:  0.5 
 Prefactor (MHz): 533.551395 
 Raw A tensor (MHz): 
                  0          1          2    
      0      -0.308023   0.286207   0.118942
      1       0.286179   0.444022   0.154091
      2       0.118958   0.154112  -0.380767
 A Tensor eigenvectors:
                   0          1          2    
      0      -0.656331   0.680690  -0.325409
      1       0.365637  -0.090305  -0.926366
      2      -0.659954  -0.726985  -0.189615
 A Eigenvalues: 
                  0          1          2    
      0      -0.347850  -0.473011   0.576093
A(iso)  -0.081589
 Nucleus: 26 H  
 Isotope: 1 
 Nuclear Spin:  0.5 
 Prefactor (MHz): 533.551395 
 Raw A tensor (MHz): 
                  0          1          2    
      0      -0.297831   0.286178  -0.132114
      1       0.286149   0.426531  -0.187716
      2      -0.132128  -0.187736  -0.371347
 A Tensor eigenvectors:
                   0          1          2    
      0       0.681049   0.651900  -0.333465
      1      -0.400585  -0.049511  -0.914921
      2      -0.612947   0.756687   0.227421
 A Eigenvalues: 
                  0          1          2    
      0      -0.347236  -0.472902   0.577490
A(iso)  -0.080882
 Nucleus: 28 H  
 Isotope: 1 
 Nuclear Spin:  0.5 
 Prefactor (MHz): 533.551395 
 Raw A tensor (MHz): 
                  0          1          2    
      0      -0.378766  -0.295420   0.197220
      1      -0.295728   1.305621  -0.520134
      2       0.197365  -0.520179  -0.374221
 A Tensor eigenvectors:
                   0          1          2    
      0       0.811278  -0.557430   0.176353
      1       0.299623   0.137382  -0.944114
      2       0.502050   0.818779   0.278474
 A Eigenvalues: 
                  0          1          2    
      0      -0.365876  -0.595771   1.514281
A(iso)  0.184212
 Nucleus: 29 H  
 Isotope: 1 
 Nuclear Spin:  0.5 
 Prefactor (MHz): 533.551395 
 Raw A tensor (MHz): 
                  0          1          2    
      0      -0.364305  -0.320011  -0.180166
      1      -0.320327   1.360110   0.418082
      2      -0.180294   0.418135  -0.433115
 A Tensor eigenvectors:
                   0          1          2    
      0      -0.826186   0.532508  -0.183990
      1      -0.273071  -0.092837   0.957504
      2       0.492798   0.841318   0.222113
 A Eigenvalues: 
                  0          1          2    
      0      -0.362665  -0.593294   1.518649
A(iso)  0.187563
 Nucleus: 31 H  
 Isotope: 1 
 Nuclear Spin:  0.5 
 Prefactor (MHz): 533.551395 
 Raw A tensor (MHz): 
                  0          1          2    
      0      -0.906811   1.325576  -0.913121
      1       1.325432   0.767002  -0.716999
      2      -0.913116  -0.717400  -1.454269
 A Tensor eigenvectors:
                   0          1          2    
      0       0.560959   0.493692   0.664525
      1      -0.571865   0.811502  -0.120145
      2      -0.598578  -0.312622   0.737544
 A Eigenvalues: 
                  0          1          2    
      0      -1.283794   1.849786  -2.160070
A(iso)  -0.531359
 Nucleus: 32 H  
 Isotope: 1 
 Nuclear Spin:  0.5 
 Prefactor (MHz): 533.551395 
 Raw A tensor (MHz): 
                  0          1          2    
      0      -0.954585   1.354035   0.856390
      1       1.353901   0.840005   0.632235
      2       0.856392   0.632641  -1.477530
 A Tensor eigenvectors:
                   0          1          2    
      0       0.544165   0.485510  -0.684226
      1      -0.538687   0.827424   0.158702
      2       0.643196   0.282223   0.711793
 A Eigenvalues: 
                  0          1          2    
      0      -1.282731   1.850292  -2.159672
A(iso)  -0.530704
 Nucleus: 34 H  
 Isotope: 1 
 Nuclear Spin:  0.5 
 Prefactor (MHz): 533.551395 
 Raw A tensor (MHz): 
                  0          1          2    
      0      -5.468748  -2.609199  -3.362808
      1      -2.611305   0.543288   4.021430
      2      -3.364213   4.021994  -5.424460
 A Tensor eigenvectors:
                   0          1          2    
      0       0.380079  -0.683189  -0.623532
      1      -0.797570  -0.583468   0.153127
      2      -0.468426   0.439110  -0.766655
 A Eigenvalues: 
                  0          1          2    
      0       4.150582  -5.537198  -8.963303
A(iso)  -3.449973
 Nucleus: 35 H  
 Isotope: 1 
 Nuclear Spin:  0.5 
 Prefactor (MHz): 533.551395 
 Raw A tensor (MHz): 
                  0          1          2    
      0      -5.642197  -2.327142   3.478517
      1      -2.329181   0.093003  -4.365257
      2       3.480027  -4.365765  -4.823993
 A Tensor eigenvectors:
                   0          1          2    
      0      -0.368056   0.672700   0.641880
      1       0.771697   0.606094  -0.192702
      2      -0.518670   0.424411  -0.742197
 A Eigenvalues: 
                  0          1          2    
      0       4.138872  -5.545700  -8.966360
A(iso)  -3.457729
 Nucleus: 37 H  
 Isotope: 1 
 Nuclear Spin:  0.5 
 Prefactor (MHz): 533.551395 
 Raw A tensor (MHz): 
                  0          1          2    
      0      29.937094   5.951592   3.385895
      1       5.952693  30.077729   3.705872
      2       3.389366   3.706750  25.879786
 A Tensor eigenvectors:
                   0          1          2    
      0      -0.098311   0.757078  -0.645886
      1       0.567776  -0.490357  -0.661196
      2      -0.817292  -0.431721  -0.381643
 A Eigenvalues: 
                  0          1          2    
      0      23.712451  24.150131  38.032028
A(iso)  28.631537
 Nucleus: 38 H  
 Isotope: 1 
