-------------------------------------------------------------
----------------------- !PROPERTIES! ------------------------
-------------------------------------------------------------
# -----------------------------------------------------------
$ PAL_Flags
   description: The PAL Flags
   geom. index: 1
   prop. index: 1
        Diskflag:     2
# -----------------------------------------------------------
$ SCF_Energy
   description: The SCF energy
   geom. index: 1
   prop. index: 1
        SCF Energy:     -739.6892124089
# -----------------------------------------------------------
$ DFT_Energy
   description: The DFT energy
   geom. index: 1
   prop. index: 1
   Number of Alpha Electrons                 71.0001789818 
   Number of Beta  Electrons                 70.0001764073 
   Total number of  Electrons               141.0003553890 
   Exchange energy                          -85.6237180640 
   Correlation energy                        -5.4142944884 
   Correlation energy NL                      0.0000000000 
   Exchange-Correlation energy              -91.0380125524 
   Embedding correction                       0.0000000000 
   Total DFT Energy (No VdW correction)    -739.6892124089 
# -----------------------------------------------------------
$ Mayer_Pop
   description: The Mayer population analysis
   geom. index: 1
   prop. index: 1
     Number of atoms                     : 46
     Threshold for printing              : 0.1000000
     Number of bond orders printed       : 46
  NA   - Mulliken gross atomic population
  ZA   - Total nuclear charge
  QA   - Mulliken gross atomic charge
  VA   - Mayer's total valence
  BVA  - Mayer's bonded valence
  FA   - Mayer's free valence
  ATOM       NA         ZA         QA         VA         BVA        FA
  0   0     5.3797     6.0000     0.6203     2.9160     2.9160     0.0000
  1   0     5.9713     6.0000     0.0287     3.9584     3.9584     0.0000
  2   0     6.0258     6.0000    -0.0258     4.0865     4.0865     0.0000
  3   0     5.9702     6.0000     0.0298     3.8984     3.8984     0.0000
  4   0     6.0600     6.0000    -0.0600     3.8495     3.8495     0.0000
  5   0     6.0733     6.0000    -0.0733     4.1629     4.1629     0.0000
  6   0     5.9772     6.0000     0.0228     3.9752     3.9752     0.0000
  7   0     1.0550     1.0000    -0.0550     1.0010     1.0010     0.0000
  8   0     1.0439     1.0000    -0.0439     0.9844     0.9844     0.0000
  9   0     5.9665     6.0000     0.0335     4.0147     4.0147     0.0000
 10   0     0.9757     1.0000     0.0243     0.9655     0.9655     0.0000
 11   0     0.9746     1.0000     0.0254     0.9650     0.9650     0.0000
 12   0     6.0393     6.0000    -0.0393     4.1180     4.1180     0.0000
 13   0     0.9835     1.0000     0.0165     0.9641     0.9641     0.0000
 14   0     0.9826     1.0000     0.0174     0.9635     0.9635     0.0000
 15   0     6.0253     6.0000    -0.0253     4.1160     4.1160    -0.0000
 16   0     0.9950     1.0000     0.0050     0.9671     0.9671    -0.0000
 17   0     0.9949     1.0000     0.0051     0.9672     0.9672    -0.0000
 18   0     5.9990     6.0000     0.0010     4.0185     4.0185     0.0000
 19   0     0.9825     1.0000     0.0175     0.9775     0.9775    -0.0000
 20   0     0.9824     1.0000     0.0176     0.9774     0.9774    -0.0000
 21   0     5.9522     6.0000     0.0478     4.0162     4.0162     0.0000
 22   0     0.9693     1.0000     0.0307     0.9696     0.9696     0.0000
 23   0     0.9694     1.0000     0.0306     0.9696     0.9696     0.0000
 24   0     6.0338     6.0000    -0.0338     4.1145     4.1145     0.0000
 25   0     0.9860     1.0000     0.0140     0.9635     0.9635     0.0000
 26   0     0.9861     1.0000     0.0139     0.9636     0.9636     0.0000
 27   0     5.9867     6.0000     0.0133     4.0762     4.0762     0.0000
 28   0     0.9966     1.0000     0.0034     0.9698     0.9698     0.0000
 29   0     0.9966     1.0000     0.0034     0.9697     0.9697     0.0000
 30   0     6.0058     6.0000    -0.0058     4.0840     4.0839     0.0001
 31   0     0.9987     1.0000     0.0013     0.9698     0.9698     0.0000
 32   0     0.9987     1.0000     0.0013     0.9698     0.9698     0.0000
 33   0     6.0002     6.0000    -0.0002     4.0592     4.0565     0.0027
 34   0     0.9964     1.0000     0.0036     0.9709     0.9709     0.0000
 35   0     0.9964     1.0000     0.0036     0.9709     0.9709     0.0000
 36   0     6.0014     6.0000    -0.0014     4.1002     4.0978     0.0024
 37   0     0.9895     1.0000     0.0105     0.9657     0.9655     0.0002
 38   0     0.9895     1.0000     0.0105     0.9657     0.9655     0.0002
 39   0     6.0688     6.0000    -0.0688     3.9787     3.1231     0.8556
 40   0     0.9751     1.0000     0.0249     0.9760     0.9738     0.0022
 41   0     0.9751     1.0000     0.0249     0.9760     0.9738     0.0022
 42   0     6.5955     6.0000    -0.5955     3.4061     3.4061     0.0000
 43   0     1.0314     1.0000    -0.0314     1.0298     1.0298     0.0000
 44   0     0.9874     1.0000     0.0126     0.9735     0.9735     0.0000
 45   0     1.0558     1.0000    -0.0558     0.9794     0.9794     0.0000
      Bond orders larger than 0.1000000
           Atom A     A.N. of A          Atom B    A.N. of B              Bond order
                0             6               4            6                0.908190
                0             6              42            6                2.141487
                1             6               2            6                1.421802
                1             6               6            6                1.431120
                1             6              45            1                0.933049
                2             6               3            6                1.426709
                2             6               9            6                1.044762
                3             6               4            6                1.392469
                3             6               7            1                0.927591
                4             6               5            6                1.409634
                5             6               6            6                1.441728
                5             6              21            6                1.088782
                6             6               8            1                0.918239
                9             6              10            1                0.914491
                9             6              11            1                0.913799
                9             6              12            6                1.103977
               12             6              13            1                0.931268
               12             6              14            1                0.930187
               12             6              15            6                1.075065
               15             6              16            1                0.941381
               15             6              17            1                0.941339
               15             6              18            6                1.105718
               18             6              19            1                0.966535
               18             6              20            1                0.966560
               18             6              44            1                0.962143
               21             6              22            1                0.898448
               21             6              23            1                0.898672
               21             6              24            6                1.099942
               24             6              25            1                0.927483
               24             6              26            1                0.927506
               24             6              27            6                1.077939
               27             6              28            1                0.934018
               27             6              29            1                0.934045
               27             6              30            6                1.077683
               30             6              31            1                0.935833
               30             6              32            1                0.935761
               30             6              33            6                1.077918
               33             6              34            1                0.940158
               33             6              35            1                0.940158
               33             6              36            6                1.048458
               36             6              37            1                0.935855
               36             6              38            1                0.935931
               36             6              39            6                1.136280
               39             6              40            1                0.964931
               39             6              41            1                0.964924
               42             6              43            1                1.116479
# -----------------------------------------------------------
$ Calculation_Info
   description: Details of the calculation
   geom. index: 1
   prop. index: 1
     Multiplicity:                          2
     Charge:                                0
     number of atoms:                       46
     number of electrons:                   0
     number of frozen core electrons:       1
     number of correlated electrons:        0
     number of basis functions:             401
     number of aux C basis functions:       2649
     number of aux J basis functions:       2649
     number of aux JK basis functions:      2649
     number of aux CABS basis functions:    0
     Total Energy                           -739.689212
# -----------------------------------------------------------
$ SCF_Electric_Properties
   description: The SCF Calculated Electric Properties
   geom. index: 1
   prop. index: 1
       Filename                          : cc-pVDZ_i.scfp 
       Do Dipole Moment Calculation      : true 
       Do Quadrupole Moment Calculation  : false 
       Do Polarizability Calculation     : false 
** Dipole moment part of electric properties **
        Magnitude of dipole moment (Debye) :        0.7795693998
        Electronic Contribution:
                  0    
      0       4.337691
      1      -7.761215
      2       0.424997
        Nuclear Contribution:
                  0    
      0      -4.608615
      1       7.617462
      2      -0.425466
        Total Dipole moment:
                  0    
      0      -0.270924
      1      -0.143753
      2      -0.000469
# -----------------------------------------------------------
$ EPRNMR_GTensor
   description: Electronic g tensor
   geom. index: 1
   prop. index: 1
 Source density: 1 SCF 
 Spin multiplicity: 2 
 raw g tensor: 
                  0          1          2    
      0       2.002349   0.000219  -0.000011
      1       0.000267   2.002546   0.000008
      2      -0.000012   0.000008   2.002720
 g tensor: 
                  0          1          2    
      0       0.828950   0.558864  -0.022650
      1      -0.558751   0.829254   0.011642
      2       0.025288   0.003005   0.999676
 G eigenvalues: 
                  0          1          2    
      0       2.002185   2.002710   2.002720
# -----------------------------------------------------------
$ EPRNMR_OrbitalShielding
   description: Orbital contribution to the NMR Shielding tensor (ppm)
   geom. index: 1
   prop. index: 1
 Number of stored nuclei 27
 Source density: 1 SCF 
 Nucleus: 7 H 
 Shielding tensor (ppm): 
                  0          1          2    
      0      27.513737   5.637108   0.071254
      1       5.393706  26.260484  -0.059125
      2       0.029802  -0.044910  18.856036
 P Tensor eigenvectors:
                   0          1          2    
      0      -0.020116  -0.667383  -0.744443
      1       0.021770   0.744125  -0.667685
      2       0.999561  -0.029638  -0.000440
 P Eigenvalues: 
                  0          1          2    
      0      18.853922  21.338392  32.437943
P(iso)  24.210086
 Nucleus: 8 H 
 Shielding tensor (ppm): 
                  0          1          2    
      0      27.640059   3.831546   0.069282
      1       4.620100  26.578308  -0.104335
      2       0.052901  -0.125598  19.151816
 P Tensor eigenvectors:
                   0          1          2    
      0      -0.020698  -0.655805  -0.754646
      1       0.027205   0.754159  -0.656128
      2       0.999416  -0.034111   0.002232
 P Eigenvalues: 
                  0          1          2    
      0      19.147411  22.854926  31.367846
P(iso)  24.456727
 Nucleus: 10 H 
 Shielding tensor (ppm): 
                  0          1          2    
      0      28.903096  -0.398675   3.692086
      1      -0.045269  30.996807  -0.879118
      2       5.186558   0.129145  26.376724
 P Tensor eigenvectors:
                   0          1          2    
      0      -0.590909  -0.238796   0.770586
      1       0.030595  -0.961134  -0.274383
      2       0.806158  -0.138560   0.575249
 P Eigenvalues: 
                  0          1          2    
      0      23.023235  30.880719  32.372672
P(iso)  28.758875
 Nucleus: 11 H 
 Shielding tensor (ppm): 
                  0          1          2    
      0      28.954326  -0.411197  -3.601752
      1      -0.246263  30.870979   0.679699
      2      -5.122485  -0.419867  26.386390
 P Tensor eigenvectors:
                   0          1          2    
      0       0.588426  -0.179388   0.788401
      1       0.002412  -0.974684  -0.223573
      2       0.808548   0.133458  -0.573096
 P Eigenvalues: 
                  0          1          2    
      0      23.124392  30.789537  32.297765
P(iso)  28.737231
 Nucleus: 13 H 
 Shielding tensor (ppm): 
                  0          1          2    
      0      30.069019   0.968490  -3.637895
      1       0.806452  31.290350   0.282844
      2      -3.464009   1.584529  28.071301
 P Tensor eigenvectors:
                   0          1          2    
      0       0.596063  -0.028653   0.802427
      1      -0.193326  -0.975085   0.108790
      2       0.779317  -0.219975  -0.586751
 P Eigenvalues: 
                  0          1          2    
      0      25.116519  31.538949  32.775202
P(iso)  29.810223
 Nucleus: 14 H 
 Shielding tensor (ppm): 
                  0          1          2    
      0      30.007952   1.126420   3.688190
      1       0.920105  31.217827  -0.394088
      2       3.547494  -1.597688  28.099446
 P Tensor eigenvectors:
                   0          1          2    
      0      -0.601287  -0.011475   0.798951
      1       0.212258  -0.966266   0.145866
      2       0.770325   0.257291   0.583439
 P Eigenvalues: 
                  0          1          2    
      0      24.991618  31.507742  32.825864
P(iso)  29.775075
 Nucleus: 16 H 
 Shielding tensor (ppm): 
                  0          1          2    
      0      30.827280   0.116189  -4.564374
      1       0.158736  30.470652  -0.355519
      2      -4.354860  -0.999709  28.613255
 P Tensor eigenvectors:
                   0          1          2    
      0       0.611689  -0.156056  -0.775553
      1       0.078826   0.987495  -0.136531
      2       0.787161   0.022381   0.616341
 P Eigenvalues: 
                  0          1          2    
      0      25.087776  30.437239  34.386171
P(iso)  29.970395
 Nucleus: 17 H 
 Shielding tensor (ppm): 
                  0          1          2    
      0      30.720503   0.202144   4.609214
      1       0.274988  30.505901   0.288594
      2       4.397955   0.932410  28.686728
 P Tensor eigenvectors:
                   0          1          2    
      0      -0.621888  -0.149541  -0.768696
      1      -0.055655   0.987556  -0.147092
      2       0.781126  -0.048693  -0.622472
 P Eigenvalues: 
                  0          1          2    
      0      25.066908  30.442796  34.403427
P(iso)  29.971044
 Nucleus: 19 H 
 Shielding tensor (ppm): 
                  0          1          2    
      0      29.714012  -1.457675   3.833923
      1      -2.319874  30.536393  -2.392546
      2       3.259752  -2.029298  30.743426
 P Tensor eigenvectors:
                   0          1          2    
      0      -0.757614   0.327188   0.564773
      1       0.002439   0.866697  -0.498829
      2       0.652698   0.376542   0.657420
 P Eigenvalues: 
                  0          1          2    
      0      26.644729  28.837380  35.511723
P(iso)  30.331277
 Nucleus: 20 H 
 Shielding tensor (ppm): 
                  0          1          2    
      0      29.786636  -1.584574  -3.788972
      1      -2.428819  30.651731   2.357955
      2      -3.186898   2.026792  30.553239
 P Tensor eigenvectors:
                   0          1          2    
      0      -0.751234   0.331110  -0.570976
      1      -0.015831   0.855780   0.517097
      2      -0.659846  -0.397500   0.637649
 P Eigenvalues: 
                  0          1          2    
      0      26.660772  28.830667  35.500167
P(iso)  30.330535
 Nucleus: 22 H 
 Shielding tensor (ppm): 
                  0          1          2    
      0      27.893236  -1.577777   3.484799
      1      -1.067083  31.725727  -0.429795
      2       5.116506   0.780798  26.244836
 P Tensor eigenvectors:
                   0          1          2    
      0      -0.630744   0.561487  -0.535626
      1      -0.095535   0.628809   0.771669
      2       0.770088   0.537896  -0.342975
 P Eigenvalues: 
                  0          1          2    
      0      22.587562  30.714355  32.561882
P(iso)  28.621266
 Nucleus: 23 H 
 Shielding tensor (ppm): 
                  0          1          2    
      0      28.260945  -1.733229  -3.308292
      1      -1.357195  31.710186   0.072262
      2      -4.965596  -1.158559  25.893747
 P Tensor eigenvectors:
                   0          1          2    
      0       0.595900   0.589435  -0.545407
      1       0.137691   0.594112   0.792510
      2       0.791166  -0.547355   0.272872
 P Eigenvalues: 
                  0          1          2    
      0      22.571922  30.709635  32.583320
P(iso)  28.621626
 Nucleus: 25 H 
 Shielding tensor (ppm): 
                  0          1          2    
      0      29.756502   0.888051   3.915160
      1       0.779743  31.674492  -0.238923
      2       3.818613  -1.706902  27.970370
 P Tensor eigenvectors:
                   0          1          2    
      0      -0.614392  -0.071106   0.785791
      1       0.169019  -0.984672   0.043050
      2       0.770685   0.159263   0.616992
 P Eigenvalues: 
                  0          1          2    
      0      24.661796  31.905179  32.834389
P(iso)  29.800455
 Nucleus: 26 H 
 Shielding tensor (ppm): 
                  0          1          2    
      0      30.052816   0.577572  -3.870925
      1       0.530635  31.786801   0.052853
      2      -3.765708   1.521409  27.575643
 P Tensor eigenvectors:
                   0          1          2    
      0       0.583697  -0.090689   0.806891
      1      -0.123370  -0.992111  -0.022261
      2       0.802544  -0.086552  -0.590281
 P Eigenvalues: 
                  0          1          2    
      0      24.670720  31.915940  32.828600
P(iso)  29.805087
 Nucleus: 28 H 
 Shielding tensor (ppm): 
                  0          1          2    
      0      29.519330   0.141169   4.055369
      1       0.106421  32.059468  -0.211566
      2       3.716852   0.254937  28.361883
 P Tensor eigenvectors:
                   0          1          2    
      0      -0.655285  -0.091837  -0.749779
      1       0.011973   0.991194  -0.131872
      2       0.755287  -0.095391  -0.648415
 P Eigenvalues: 
                  0          1          2    
      0      25.011178  32.045848  32.883656
P(iso)  29.980227
 Nucleus: 29 H 
 Shielding tensor (ppm): 
                  0          1          2    
      0      29.756635  -0.051072  -4.004784
      1      -0.082990  32.024759   0.005842
      2      -3.669096  -0.474861  28.152567
 P Tensor eigenvectors:
                   0          1          2    
      0       0.632294  -0.106184  -0.767418
      1       0.029010   0.993113  -0.113510
      2       0.774185   0.049509   0.631020
 P Eigenvalues: 
                  0          1          2    
      0      25.027671  32.021113  32.885176
P(iso)  29.977987
 Nucleus: 31 H 
 Shielding tensor (ppm): 
                  0          1          2    
      0      29.611559  -0.099552  -3.888413
      1      -0.113805  31.869506   0.221584
      2      -3.330443   0.572832  28.563650
 P Tensor eigenvectors:
                   0          1          2    
      0       0.656322  -0.269865   0.704566
      1      -0.033538  -0.943355  -0.330085
      2       0.753735   0.193012  -0.628196
 P Eigenvalues: 
                  0          1          2    
      0      25.432261  31.758959  32.853495
P(iso)  30.014905
 Nucleus: 32 H 
 Shielding tensor (ppm): 
                  0          1          2    
      0      29.408893   0.136809   3.918747
      1       0.087511  31.815398  -0.393037
      2       3.359738  -0.737695  28.811091
 P Tensor eigenvectors:
                   0          1          2    
      0      -0.676821  -0.260188   0.688633
      1       0.074385  -0.954839  -0.287661
      2       0.732380  -0.143471   0.665609
 P Eigenvalues: 
                  0          1          2    
      0      25.420793  31.763173  32.851416
P(iso)  30.011794
 Nucleus: 34 H 
 Shielding tensor (ppm): 
                  0          1          2    
      0      30.020352   0.074564  -4.046090
      1       0.269995  31.196735  -0.422810
      2      -3.074956  -0.717250  29.091822
 P Tensor eigenvectors:
                   0          1          2    
      0       0.661726  -0.215091  -0.718230
      1       0.057177   0.969653  -0.237707
      2       0.747562   0.116231   0.653943
 P Eigenvalues: 
                  0          1          2    
      0      25.946946  31.091550  33.270413
P(iso)  30.102970
 Nucleus: 35 H 
 Shielding tensor (ppm): 
                  0          1          2    
      0      29.844875   0.266034   4.060223
      1       0.419033  31.259438   0.320975
      2       3.077416   0.601994  29.207384
 P Tensor eigenvectors:
                   0          1          2    
      0      -0.679752  -0.210052  -0.702720
      1      -0.018003   0.962602  -0.270319
      2       0.733221  -0.171099  -0.658112
 P Eigenvalues: 
                  0          1          2    
      0      25.941350  31.102945  33.267402
P(iso)  30.103899
 Nucleus: 37 H 
 Shielding tensor (ppm): 
                  0          1          2    
      0      29.338138  -0.305296   4.455067
      1      -0.669956  30.052418  -1.495514
      2       2.813810  -1.882506  28.188255
 P Tensor eigenvectors:
                   0          1          2    
      0      -0.619606  -0.453154   0.640890
      1       0.189757  -0.878771  -0.437897
      2       0.761630  -0.149711   0.630481
 P Eigenvalues: 
                  0          1          2    
      0      24.893029  29.524314  33.161467
P(iso)  29.192937
 Nucleus: 38 H 
 Shielding tensor (ppm): 
                  0          1          2    
      0      29.505115  -0.586228  -4.390112
      1      -0.853475  30.224064   1.363058
      2      -2.733668   1.762187  27.852275
 P Tensor eigenvectors:
                   0          1          2    
      0       0.601572  -0.457736   0.654667
      1      -0.148733  -0.869395  -0.471201
      2       0.784850   0.186091  -0.591085
 P Eigenvalues: 
                  0          1          2    
      0      24.903434  29.519544  33.158477
P(iso)  29.193818
 Nucleus: 40 H 
 Shielding tensor (ppm): 
                  0          1          2    
      0      26.810386   1.716571   0.735612
      1       1.679731  29.765447   0.735210
      2      -1.030117  -0.026353  24.047375
 P Tensor eigenvectors:
                   0          1          2    
      0       0.091439  -0.906286  -0.412655
      1      -0.099584   0.403992  -0.909326
      2       0.990819   0.124242  -0.053311
 P Eigenvalues: 
                  0          1          2    
      0      23.999632  26.075274  30.548301
P(iso)  26.874403
 Nucleus: 41 H 
 Shielding tensor (ppm): 
                  0          1          2    
      0      26.804078   1.677274  -0.759042
      1       1.757927  29.716264  -1.000994
      2       1.006630  -0.239481  24.105243
 P Tensor eigenvectors:
                   0          1          2    
      0      -0.116317  -0.902715  -0.414218
      1       0.153199   0.395751  -0.905489
      2       0.981326  -0.168782   0.092262
 P Eigenvalues: 
                  0          1          2    
      0      23.997482  26.076654  30.551449
P(iso)  26.875195
 Nucleus: 43 H 
 Shielding tensor (ppm): 
                  0          1          2    
      0      35.202525  -0.813891   0.264605
      1      -1.311648  25.727711  -0.078045
      2       0.260808  -0.066781  23.839371
 P Tensor eigenvectors:
                   0          1          2    
      0      -0.020749   0.106693  -0.994076
      1       0.026614   0.993996   0.106129
      2       0.999430  -0.024254  -0.023464
 P Eigenvalues: 
                  0          1          2    
      0      23.832027  25.611169  35.326411
P(iso)  28.256536
 Nucleus: 44 H 
 Shielding tensor (ppm): 
                  0          1          2    
      0      28.739369   2.256870  -0.005553
      1       3.490164  35.911168  -0.113866
      2      -0.018196  -0.114630  25.754043
 P Tensor eigenvectors:
                   0          1          2    
      0      -0.009338  -0.940259  -0.340331
      1       0.013980   0.340190  -0.940253
      2       0.999859  -0.013538   0.009968
 P Eigenvalues: 
                  0          1          2    
      0      25.752566  27.731273  36.920741
P(iso)  30.134860
 Nucleus: 45 H 
 Shielding tensor (ppm): 
                  0          1          2    
      0      22.961774   0.873430   0.024804
      1      -0.138273  29.983735  -0.264324
      2       0.088203  -0.274951  20.298552
 P Tensor eigenvectors:
                   0          1          2    
      0      -0.024617  -0.998802  -0.042286
      1       0.028403   0.041583  -0.998731
      2       0.999293  -0.025787   0.027345
 P Eigenvalues: 
                  0          1          2    
      0      20.289379  22.945101  30.009582
P(iso)  24.414687
# -----------------------------------------------------------
$ EPRNMR_ATensor
   description: Hyperfine A tensor
   geom. index: 1
   prop. index: 1
 Number of stored nuclei 27
 Source density: 1 SCF 
 Spin multiplicity: 2 
 Nucleus: 7 H  
 Isotope: 1 
 Nuclear Spin:  0.5 
 Prefactor (MHz): 533.551395 
 Raw A tensor (MHz): 
                  0          1          2    
      0      -0.039205   0.005031  -0.000121
      1       0.005009   0.095566  -0.003660
      2      -0.000120  -0.003660  -0.040085
 A Tensor eigenvectors:
                   0          1          2    
      0       0.999138  -0.018365  -0.037237
      1      -0.036722   0.027626  -0.998944
      2       0.019375   0.999450   0.026928
 A Eigenvalues: 
                  0          1          2    
      0      -0.039392  -0.040184   0.095851
A(iso)  0.005425
 Nucleus: 8 H  
 Isotope: 1 
 Nuclear Spin:  0.5 
 Prefactor (MHz): 533.551395 
 Raw A tensor (MHz): 
                  0          1          2    
      0      -0.073903   0.146953  -0.002588
      1       0.146945   0.218370  -0.007117
      2      -0.002588  -0.007117  -0.147079
 A Tensor eigenvectors:
                   0          1          2    
      0       0.923178  -0.019129  -0.383896
      1      -0.383345   0.027146  -0.923206
      2       0.028081   0.999448   0.017727
 A Eigenvalues: 
                  0          1          2    
      0      -0.135000  -0.147223   0.279611
A(iso)  -0.000870
 Nucleus: 10 H  
 Isotope: 1 
 Nuclear Spin:  0.5 
 Prefactor (MHz): 533.551395 
 Raw A tensor (MHz): 
                  0          1          2    
      0      -0.025665   0.030629   0.001559
      1       0.030625   0.060209   0.004742
      2       0.001559   0.004742  -0.035602
 A Tensor eigenvectors:
                   0          1          2    
      0       0.945770   0.112980   0.304557
      1      -0.307903   0.013028   0.951329
      2       0.103513  -0.993512   0.047108
 A Eigenvalues: 
                  0          1          2    
      0      -0.035465  -0.035842   0.070248
A(iso)  -0.000353
 Nucleus: 11 H  
 Isotope: 1 
 Nuclear Spin:  0.5 
 Prefactor (MHz): 533.551395 
 Raw A tensor (MHz): 
                  0          1          2    
      0      -0.025647   0.030400  -0.002917
      1       0.030397   0.059434  -0.009022
      2      -0.002916  -0.009022  -0.034908
 A Tensor eigenvectors:
                   0          1          2    
      0       0.948832   0.085223  -0.304064
      1      -0.309941   0.067000  -0.948392
      2      -0.060453   0.994107   0.089985
 A Eigenvalues: 
                  0          1          2    
      0      -0.035390  -0.035767   0.070036
A(iso)  -0.000374
 Nucleus: 13 H  
 Isotope: 1 
 Nuclear Spin:  0.5 
 Prefactor (MHz): 533.551395 
 Raw A tensor (MHz): 
                  0          1          2    
      0      -0.027402   0.011373   0.000514
      1       0.011363   0.056533   0.003746
      2       0.000514   0.003745  -0.028903
 A Tensor eigenvectors:
                   0          1          2    
      0       0.985820   0.103835   0.131823
      1      -0.135554   0.029704   0.990325
      2       0.098914  -0.994151   0.043358
 A Eigenvalues: 
                  0          1          2    
      0      -0.028913  -0.029068   0.058209
A(iso)  0.000076
 Nucleus: 14 H  
 Isotope: 1 
 Nuclear Spin:  0.5 
 Prefactor (MHz): 533.551395 
 Raw A tensor (MHz): 
                  0          1          2    
      0      -0.027268   0.011328  -0.000999
      1       0.011318   0.055804  -0.007415
      2      -0.000998  -0.007415  -0.028293
 A Tensor eigenvectors:
                   0          1          2    
      0       0.989978   0.049545  -0.132243
      1      -0.135932   0.080488  -0.987443
      2      -0.038279   0.995523   0.086416
 A Eigenvalues: 
                  0          1          2    
      0      -0.028784  -0.028942   0.057968
A(iso)  0.000081
 Nucleus: 16 H  
 Isotope: 1 
 Nuclear Spin:  0.5 
 Prefactor (MHz): 533.551395 
 Raw A tensor (MHz): 
                  0          1          2    
      0      -0.016512   0.015862  -0.001281
      1       0.015859   0.037145  -0.004652
      2      -0.001281  -0.004652  -0.020602
 A Tensor eigenvectors:
                   0          1          2    
      0       0.960940   0.086028  -0.263047
      1      -0.268282   0.056144  -0.961703
      2      -0.067965   0.994709   0.077031
 A Eigenvalues: 
                  0          1          2    
      0      -0.020849  -0.020975   0.041855
A(iso)  0.000010
 Nucleus: 17 H  
 Isotope: 1 
 Nuclear Spin:  0.5 
 Prefactor (MHz): 533.551395 
 Raw A tensor (MHz): 
                  0          1          2    
      0      -0.016575   0.015929   0.000641
      1       0.015926   0.037556   0.002296
      2       0.000640   0.002296  -0.020947
 A Tensor eigenvectors:
                   0          1          2    
      0       0.957300   0.120763   0.262665
      1      -0.265309   0.006070   0.964144
      2       0.114839  -0.992663   0.037851
 A Eigenvalues: 
                  0          1          2    
      0      -0.020912  -0.021039   0.041985
A(iso)  0.000012
 Nucleus: 19 H  
 Isotope: 1 
 Nuclear Spin:  0.5 
 Prefactor (MHz): 533.551395 
 Raw A tensor (MHz): 
                  0          1          2    
      0      -0.016488   0.006163  -0.000464
      1       0.006157   0.033545  -0.003823
      2      -0.000464  -0.003822  -0.017022
 A Tensor eigenvectors:
                   0          1          2    
      0       0.992684   0.011896  -0.120155
      1      -0.120707   0.073521  -0.989962
      2      -0.002943   0.997223   0.074419
 A Eigenvalues: 
                  0          1          2    
      0      -0.017235  -0.017310   0.034580
A(iso)  0.000012
 Nucleus: 20 H  
 Isotope: 1 
 Nuclear Spin:  0.5 
 Prefactor (MHz): 533.551395 
 Raw A tensor (MHz): 
                  0          1          2    
      0      -0.016538   0.006168   0.000215
      1       0.006162   0.033869   0.001758
      2       0.000215   0.001757  -0.017296
 A Tensor eigenvectors:
                   0          1          2    
      0       0.991840   0.043990   0.119657
      1      -0.120989   0.028966   0.992231
      2       0.040182  -0.998612   0.034052
 A Eigenvalues: 
                  0          1          2    
      0      -0.017281  -0.017356   0.034672
A(iso)  0.000012
 Nucleus: 22 H  
 Isotope: 1 
 Nuclear Spin:  0.5 
 Prefactor (MHz): 533.551395 
 Raw A tensor (MHz): 
                  0          1          2    
      0      -0.193326  -0.053742   0.028631
      1      -0.053831   0.357831  -0.099936
      2       0.028652  -0.099945  -0.194933
 A Tensor eigenvectors:
                   0          1          2    
      0      -0.811977   0.575001   0.100339
      1      -0.182205  -0.086379  -0.979459
      2      -0.554523  -0.813580   0.174906
 A Eigenvalues: 
                  0          1          2    
      0      -0.185841  -0.225779   0.381192
A(iso)  -0.010143
 Nucleus: 23 H  
 Isotope: 1 
 Nuclear Spin:  0.5 
 Prefactor (MHz): 533.551395 
 Raw A tensor (MHz): 
                  0          1          2    
      0      -0.190897  -0.058924  -0.025110
      1      -0.059014   0.367203   0.065768
      2      -0.025126   0.065779  -0.206640
 A Tensor eigenvectors:
                   0          1          2    
      0      -0.835955  -0.538313   0.106763
      1      -0.151814   0.039883  -0.987604
      2       0.527383  -0.841800  -0.115064
 A Eigenvalues: 
                  0          1          2    
      0      -0.185765  -0.225814   0.381245
A(iso)  -0.010111
 Nucleus: 25 H  
 Isotope: 1 
 Nuclear Spin:  0.5 
 Prefactor (MHz): 533.551395 
 Raw A tensor (MHz): 
                  0          1          2    
      0      -0.308481   0.286313   0.119020
      1       0.286285   0.443600   0.153995
      2       0.119035   0.154016  -0.381218
 A Tensor eigenvectors:
                   0          1          2    
      0      -0.656017   0.680950  -0.325496
      1       0.365610  -0.090575  -0.926351
      2      -0.660281  -0.726707  -0.189543
 A Eigenvalues: 
                  0          1          2    
      0      -0.348237  -0.473568   0.575706
A(iso)  -0.082033
 Nucleus: 26 H  
 Isotope: 1 
 Nuclear Spin:  0.5 
 Prefactor (MHz): 533.551395 
 Raw A tensor (MHz): 
                  0          1          2    
      0      -0.298123   0.286316  -0.132355
      1       0.286286   0.425970  -0.187947
      2      -0.132369  -0.187967  -0.371730
 A Tensor eigenvectors:
                   0          1          2    
      0       0.681085   0.651756  -0.333672
      1      -0.400941  -0.049342  -0.914774
      2      -0.612673   0.756822   0.227710
 A Eigenvalues: 
                  0          1          2    
      0      -0.347592  -0.473476   0.577185
A(iso)  -0.081294
 Nucleus: 28 H  
 Isotope: 1 
 Nuclear Spin:  0.5 
 Prefactor (MHz): 533.551395 
 Raw A tensor (MHz): 
                  0          1          2    
      0      -0.380530  -0.295370   0.197614
      1      -0.295677   1.303525  -0.520611
      2       0.197759  -0.520655  -0.375693
 A Tensor eigenvectors:
                   0          1          2    
      0       0.810985  -0.557840   0.176401
      1       0.299891   0.137461  -0.944018
      2       0.502362   0.818486   0.278771
 A Eigenvalues: 
                  0          1          2    
      0      -0.367393  -0.597820   1.512516
A(iso)  0.182434
 Nucleus: 29 H  
 Isotope: 1 
 Nuclear Spin:  0.5 
 Prefactor (MHz): 533.551395 
 Raw A tensor (MHz): 
                  0          1          2    
      0      -0.366178  -0.320039  -0.180377
      1      -0.320354   1.358322   0.417742
      2      -0.180505   0.417795  -0.435157
 A Tensor eigenvectors:
                   0          1          2    
      0      -0.825922   0.532905  -0.184024
      1      -0.273066  -0.092555   0.957532
      2       0.493241   0.841098   0.221962
 A Eigenvalues: 
                  0          1          2    
      0      -0.364322  -0.595419   1.516728
A(iso)  0.185662
 Nucleus: 31 H  
 Isotope: 1 
 Nuclear Spin:  0.5 
 Prefactor (MHz): 533.551395 
 Raw A tensor (MHz): 
                  0          1          2    
      0      -0.911019   1.325800  -0.914200
      1       1.325656   0.761879  -0.717477
      2      -0.914195  -0.717878  -1.458559
 A Tensor eigenvectors:
                   0          1          2    
      0       0.560803   0.493848   0.664540
      1      -0.572154   0.811308  -0.120080
      2      -0.598448  -0.312878   0.737541
 A Eigenvalues: 
                  0          1          2    
      0      -1.288078   1.845723  -2.165345
A(iso)  -0.535900
 Nucleus: 32 H  
 Isotope: 1 
 Nuclear Spin:  0.5 
 Prefactor (MHz): 533.551395 
 Raw A tensor (MHz): 
                  0          1          2    
      0      -0.959462   1.354487   0.856938
      1       1.354353   0.835331   0.632030
      2       0.856940   0.632437  -1.481930
 A Tensor eigenvectors:
                   0          1          2    
      0       0.543786   0.485581  -0.684477
      1      -0.538676   0.827374   0.159001
      2       0.643526   0.282248   0.711485
 A Eigenvalues: 
                  0          1          2    
      0      -1.287092   1.846010  -2.164980
A(iso)  -0.535354
 Nucleus: 34 H  
 Isotope: 1 
 Nuclear Spin:  0.5 
 Prefactor (MHz): 533.551395 
 Raw A tensor (MHz): 
                  0          1          2    
      0      -5.453050  -2.610420  -3.361302
      1      -2.612526   0.561567   4.020759
      2      -3.362706   4.021324  -5.412065
 A Tensor eigenvectors:
                   0          1          2    
      0       0.380038  -0.683388  -0.623340
      1      -0.797738  -0.583252   0.153074
      2      -0.468173   0.439088  -0.766822
 A Eigenvalues: 
                  0          1          2    
      0       4.166900  -5.522792  -8.947655
A(iso)  -3.434516
 Nucleus: 35 H  
 Isotope: 1 
 Nuclear Spin:  0.5 
 Prefactor (MHz): 533.551395 
 Raw A tensor (MHz): 
                  0          1          2    
      0      -5.625966  -2.326792   3.478860
      1      -2.328831   0.108530  -4.367603
      2       3.480371  -4.368111  -4.807048
 A Tensor eigenvectors:
                   0          1          2    
      0      -0.368014   0.672888   0.641707
      1       0.771637   0.606076  -0.192998
      2      -0.518789   0.424139  -0.742270
 A Eigenvalues: 
                  0          1          2    
      0       4.156687  -5.530324  -8.950847
A(iso)  -3.441495
 Nucleus: 37 H  
 Isotope: 1 
 Nuclear Spin:  0.5 
 Prefactor (MHz): 533.551395 
 Raw A tensor (MHz): 
                  0          1          2    
      0      29.851109   5.950132   3.393836
      1       5.951234  29.985181   3.704901
      2       3.397308   3.705779  25.803079
 A Tensor eigenvectors:
                   0          1          2    
      0      -0.097289   0.757111  -0.646001
      1       0.567866  -0.490828  -0.660770
      2      -0.817351  -0.431127  -0.382185
 A Eigenvalues: 
                  0          1          2    
      0      23.632877  24.059780  37.946711
A(iso)  28.546456
 Nucleus: 38 H  
 Isotope: 1 
 Nuclear Spin:  0.5 
 Prefactor (MHz): 533.551395 
