-------------------------------------------------------------
----------------------- !PROPERTIES! ------------------------
-------------------------------------------------------------
# -----------------------------------------------------------
$ PAL_Flags
   description: The PAL Flags
   geom. index: 1
   prop. index: 1
        Diskflag:     2
# -----------------------------------------------------------
$ SCF_Energy
   description: The SCF energy
   geom. index: 1
   prop. index: 1
        SCF Energy:     -739.7690909434
# -----------------------------------------------------------
$ DFT_Energy
   description: The DFT energy
   geom. index: 1
   prop. index: 1
   Number of Alpha Electrons                 71.0001198403 
   Number of Beta  Electrons                 70.0001307114 
   Total number of  Electrons               141.0002505517 
   Exchange energy                          -85.5501664014 
   Correlation energy                        -5.4167199258 
   Correlation energy NL                      0.0000000000 
   Exchange-Correlation energy              -90.9668863272 
   Embedding correction                       0.0000000000 
   Total DFT Energy (No VdW correction)    -739.7690909434 
# -----------------------------------------------------------
$ Mayer_Pop
   description: The Mayer population analysis
   geom. index: 1
   prop. index: 1
     Number of atoms                     : 46
     Threshold for printing              : 0.1000000
     Number of bond orders printed       : 50
  NA   - Mulliken gross atomic population
  ZA   - Total nuclear charge
  QA   - Mulliken gross atomic charge
  VA   - Mayer's total valence
  BVA  - Mayer's bonded valence
  FA   - Mayer's free valence
  ATOM       NA         ZA         QA         VA         BVA        FA
  0   0     5.9986     6.0000     0.0014     3.8190     3.8190     0.0000
  1   0     6.3330     6.0000    -0.3330     4.2462     4.2462     0.0000
  2   0     5.4891     6.0000     0.5109     3.7496     3.7496     0.0000
  3   0     6.4450     6.0000    -0.4450     4.3280     4.3280     0.0000
  4   0     5.5767     6.0000     0.4233     3.9432     3.9432     0.0000
  5   0     5.7165     6.0000     0.2835     3.8551     3.8551     0.0000
  6   0     6.2432     6.0000    -0.2432     4.1965     4.1965     0.0000
  7   0     0.8704     1.0000     0.1296     0.9649     0.9649    -0.0000
  8   0     0.8854     1.0000     0.1146     0.9694     0.9694     0.0000
  9   0     6.3961     6.0000    -0.3961     4.0122     4.0122     0.0000
 10   0     0.8545     1.0000     0.1455     0.9649     0.9649     0.0000
 11   0     0.8526     1.0000     0.1474     0.9644     0.9644     0.0000
 12   0     6.2612     6.0000    -0.2612     4.0152     4.0152     0.0000
 13   0     0.8579     1.0000     0.1421     0.9665     0.9665    -0.0000
 14   0     0.8595     1.0000     0.1405     0.9668     0.9668     0.0000
 15   0     6.2568     6.0000    -0.2568     3.8914     3.8914     0.0000
 16   0     0.8595     1.0000     0.1405     0.9678     0.9678     0.0000
 17   0     0.8592     1.0000     0.1408     0.9677     0.9677    -0.0000
 18   0     6.5081     6.0000    -0.5081     3.8995     3.8995    -0.0000
 19   0     0.8418     1.0000     0.1582     0.9657     0.9657    -0.0000
 20   0     0.8417     1.0000     0.1583     0.9656     0.9656    -0.0000
 21   0     6.3883     6.0000    -0.3883     4.0402     4.0402    -0.0000
 22   0     0.8441     1.0000     0.1559     0.9625     0.9625     0.0000
 23   0     0.8442     1.0000     0.1558     0.9625     0.9625     0.0000
 24   0     6.2705     6.0000    -0.2705     3.9797     3.9797     0.0000
 25   0     0.8586     1.0000     0.1414     0.9679     0.9679     0.0000
 26   0     0.8586     1.0000     0.1414     0.9678     0.9678     0.0000
 27   0     6.2866     6.0000    -0.2866     3.9476     3.9476    -0.0000
 28   0     0.8570     1.0000     0.1430     0.9691     0.9691     0.0000
 29   0     0.8567     1.0000     0.1433     0.9690     0.9690     0.0000
 30   0     6.2820     6.0000    -0.2820     3.9343     3.9342     0.0001
 31   0     0.8553     1.0000     0.1447     0.9698     0.9698     0.0000
 32   0     0.8553     1.0000     0.1447     0.9698     0.9698     0.0000
 33   0     6.3029     6.0000    -0.3029     3.9097     3.9049     0.0048
 34   0     0.8440     1.0000     0.1560     0.9667     0.9667     0.0000
 35   0     0.8440     1.0000     0.1560     0.9667     0.9667     0.0000
 36   0     6.2232     6.0000    -0.2232     3.8809     3.8789     0.0020
 37   0     0.8529     1.0000     0.1471     0.9686     0.9684     0.0002
 38   0     0.8529     1.0000     0.1471     0.9687     0.9685     0.0002
 39   0     6.4332     6.0000    -0.4332     3.8498     2.9899     0.8599
 40   0     0.8341     1.0000     0.1659     0.9703     0.9683     0.0020
 41   0     0.8341     1.0000     0.1659     0.9703     0.9683     0.0020
 42   0     6.5413     6.0000    -0.5413     3.8944     3.8944     0.0000
 43   0     0.8198     1.0000     0.1802     0.9773     0.9773     0.0000
 44   0     0.8566     1.0000     0.1434     0.9669     0.9669     0.0000
 45   0     0.8966     1.0000     0.1034     0.9601     0.9601     0.0000
      Bond orders larger than 0.1000000
           Atom A     A.N. of A          Atom B    A.N. of B              Bond order
                0             6               4            6                0.916462
                0             6              42            6                2.695350
                1             6               2            6                1.369298
                1             6               3            6                0.120736
                1             6               5            6                0.105344
                1             6               6            6                1.484225
                1             6              45            1                0.982782
                2             6               3            6                1.446813
                2             6               4            6                0.107841
                2             6               9            6                0.897464
                3             6               4            6                1.423824
                3             6               7            1                0.981839
                4             6               5            6                1.382471
                4             6               6            6                0.110160
                5             6               6            6                1.424537
                5             6              21            6                0.945163
                6             6               8            1                0.978608
                9             6              10            1                0.969049
                9             6              11            1                0.967861
                9             6              12            6                1.020421
               12             6              13            1                0.962936
               12             6              14            1                0.961380
               12             6              15            6                0.984150
               15             6              16            1                0.972283
               15             6              17            1                0.972011
               15             6              18            6                0.956054
               18             6              19            1                0.971922
               18             6              20            1                0.971747
               18             6              44            1                0.968476
               21             6              22            1                0.958278
               21             6              23            1                0.958551
               21             6              24            6                1.002777
               24             6              25            1                0.962106
               24             6              26            1                0.962179
               24             6              27            6                0.974200
               27             6              28            1                0.975827
               27             6              29            1                0.975984
               27             6              30            6                0.970629
               30             6              31            1                0.980350
               30             6              32            1                0.980232
               30             6              33            6                0.956295
               33             6              34            1                0.978795
               33             6              35            1                0.978700
               33             6              36            6                0.936484
               36             6              37            1                0.977607
               36             6              38            1                0.977697
               36             6              39            6                0.974452
               39             6              40            1                0.973403
               39             6              41            1                0.973408
               42             6              43            1                0.984033
# -----------------------------------------------------------
$ Calculation_Info
   description: Details of the calculation
   geom. index: 1
   prop. index: 1
     Multiplicity:                          2
     Charge:                                0
     number of atoms:                       46
     number of electrons:                   0
     number of frozen core electrons:       1
     number of correlated electrons:        0
     number of basis functions:             512
     number of aux C basis functions:       3496
     number of aux J basis functions:       3496
     number of aux JK basis functions:      3496
     number of aux CABS basis functions:    0
     Total Energy                           -739.769091
# -----------------------------------------------------------
$ SCF_Electric_Properties
   description: The SCF Calculated Electric Properties
   geom. index: 1
   prop. index: 1
       Filename                          : EPRII_i.scfp 
       Do Dipole Moment Calculation      : true 
       Do Quadrupole Moment Calculation  : false 
       Do Polarizability Calculation     : false 
** Dipole moment part of electric properties **
        Magnitude of dipole moment (Debye) :        0.8757705495
        Electronic Contribution:
                  0    
      0       4.297229
      1      -7.764937
      2       0.423537
        Nuclear Contribution:
                  0    
      0      -4.608615
      1       7.617462
      2      -0.425466
        Total Dipole moment:
                  0    
      0      -0.311385
      1      -0.147474
      2      -0.001929
# -----------------------------------------------------------
$ EPRNMR_GTensor
   description: Electronic g tensor
   geom. index: 1
   prop. index: 1
 Source density: 1 SCF 
 Spin multiplicity: 2 
 raw g tensor: 
                  0          1          2    
      0       2.002348   0.000235  -0.000011
      1       0.000287   2.002563   0.000007
      2      -0.000013   0.000007   2.002724
 g tensor: 
                  0          1          2    
      0      -0.830678  -0.005665   0.556725
      1       0.556189   0.036569   0.830251
      2      -0.025062   0.999315  -0.027226
 G eigenvalues: 
                  0          1          2    
      0       2.002173   2.002725   2.002737
# -----------------------------------------------------------
$ EPRNMR_OrbitalShielding
   description: Orbital contribution to the NMR Shielding tensor (ppm)
   geom. index: 1
   prop. index: 1
 Number of stored nuclei 27
 Source density: 1 SCF 
 Nucleus: 7 H 
 Shielding tensor (ppm): 
                  0          1          2    
      0      27.696535   6.064358   0.062954
      1       5.614524  25.925613  -0.042163
      2       0.029458  -0.017406  19.005559
 P Tensor eigenvectors:
                   0          1          2    
      0      -0.019411  -0.654835  -0.755523
      1       0.020496   0.755246  -0.655121
      2       0.999601  -0.028202  -0.001239
 P Eigenvalues: 
                  0          1          2    
      0      19.004080  20.906550  32.717076
P(iso)  24.209235
 Nucleus: 8 H 
 Shielding tensor (ppm): 
                  0          1          2    
      0      27.682901   4.224113   0.053400
      1       5.158031  26.582829  -0.089927
      2       0.034022  -0.110480  19.370334
 P Tensor eigenvectors:
                   0          1          2    
      0      -0.020587  -0.657911  -0.752815
      1       0.027280   0.752324  -0.658228
      2       0.999416  -0.034087   0.002460
 P Eigenvalues: 
                  0          1          2    
      0      19.366692  22.413906  31.855466
P(iso)  24.545355
 Nucleus: 10 H 
 Shielding tensor (ppm): 
                  0          1          2    
      0      28.880257  -0.589000   3.796001
      1      -0.136687  31.366628  -0.948346
      2       5.154802   0.065163  26.549759
 P Tensor eigenvectors:
                   0          1          2    
      0      -0.600946  -0.340866   0.722962
      1       0.025684  -0.912274  -0.408774
      2       0.798877  -0.227083   0.556982
 P Eigenvalues: 
                  0          1          2    
      0      23.090525  31.113560  32.592560
P(iso)  28.932215
 Nucleus: 11 H 
 Shielding tensor (ppm): 
                  0          1          2    
      0      28.931572  -0.613649  -3.705069
      1      -0.344397  31.240726   0.738192
      2      -5.085931  -0.366087  26.555068
 P Tensor eigenvectors:
                   0          1          2    
      0       0.598757  -0.284161   0.748827
      1       0.007879  -0.932811  -0.360279
      2       0.800892   0.221619  -0.556288
 P Eigenvalues: 
                  0          1          2    
      0      23.189554  31.046876  32.490936
P(iso)  28.909122
 Nucleus: 13 H 
 Shielding tensor (ppm): 
                  0          1          2    
      0      30.253243   1.097656  -3.726335
      1       0.818611  31.471840   0.199323
      2      -3.478532   1.519788  28.265001
 P Tensor eigenvectors:
                   0          1          2    
      0       0.600959   0.024988   0.798889
      1      -0.189413  -0.966587   0.172718
      2       0.776512  -0.255116  -0.576147
 P Eigenvalues: 
                  0          1          2    
      0      25.264969  31.685930  33.039186
P(iso)  29.996695
 Nucleus: 14 H 
 Shielding tensor (ppm): 
                  0          1          2    
      0      30.189138   1.263705   3.777468
      1       0.930238  31.413516  -0.300684
      2       3.563966  -1.536886  28.292183
 P Tensor eigenvectors:
                   0          1          2    
      0      -0.606484   0.039671   0.794106
      1       0.207754  -0.956150   0.206435
      2       0.767474   0.290178   0.571648
 P Eigenvalues: 
                  0          1          2    
      0      25.138074  31.659896  33.096867
P(iso)  29.964946
 Nucleus: 16 H 
 Shielding tensor (ppm): 
                  0          1          2    
      0      30.969019  -0.046060  -4.735518
      1       0.080417  30.824821  -0.304912
      2      -4.408312  -0.983826  28.765093
 P Tensor eigenvectors:
                   0          1          2    
      0       0.615778  -0.137669  -0.775799
      1       0.081429   0.990464  -0.111129
      2       0.783701   0.005259   0.621117
 P Eigenvalues: 
                  0          1          2    
      0      25.121240  30.822719  34.614973
P(iso)  30.186311
 Nucleus: 17 H 
 Shielding tensor (ppm): 
                  0          1          2    
      0      30.857156   0.046766   4.778843
      1       0.197261  30.855430   0.236953
      2       4.451932   0.912929  28.843885
 P Tensor eigenvectors:
                   0          1          2    
      0      -0.625842  -0.132390  -0.768631
      1      -0.059144   0.990707  -0.122483
      2       0.777704  -0.031195  -0.627856
 P Eigenvalues: 
                  0          1          2    
      0      25.102816  30.824081  34.629574
P(iso)  30.185490
 Nucleus: 19 H 
 Shielding tensor (ppm): 
                  0          1          2    
      0      30.094207  -1.463805   3.960792
      1      -2.389280  30.894773  -2.452478
      2       3.316537  -2.044538  31.183933
 P Tensor eigenvectors:
                   0          1          2    
      0      -0.760473   0.319300   0.565445
      1      -0.001814   0.869712  -0.493556
      2       0.649367   0.376362   0.660814
 P Eigenvalues: 
                  0          1          2    
      0      26.959969  29.186655  36.026288
P(iso)  30.724304
 Nucleus: 20 H 
 Shielding tensor (ppm): 
                  0          1          2    
      0      30.168270  -1.592907  -3.916486
      1      -2.499893  31.011332   2.423050
      2      -3.243124   2.041841  30.990167
 P Tensor eigenvectors:
                   0          1          2    
      0      -0.754071   0.323400  -0.571656
      1      -0.019626   0.858890   0.511784
      2      -0.656500  -0.397141   0.641316
 P Eigenvalues: 
                  0          1          2    
      0      26.975436  29.179556  36.014777
P(iso)  30.723256
 Nucleus: 22 H 
 Shielding tensor (ppm): 
                  0          1          2    
      0      28.022627  -1.768940   3.546462
      1      -1.104555  31.890298  -0.537530
      2       5.144820   0.738401  26.356022
 P Tensor eigenvectors:
                   0          1          2    
      0      -0.632256  -0.554233   0.541367
      1      -0.095126  -0.637934  -0.764193
      2       0.768898  -0.534664   0.350616
 P Eigenvalues: 
                  0          1          2    
      0      22.659627  30.748212  32.861108
P(iso)  28.756316
 Nucleus: 23 H 
 Shielding tensor (ppm): 
                  0          1          2    
      0      28.397199  -1.930675  -3.356475
      1      -1.401798  31.884538   0.173428
      2      -4.992488  -1.127694  25.994156
 P Tensor eigenvectors:
                   0          1          2    
      0       0.597335   0.581714  -0.552086
      1       0.137321   0.604041   0.785033
      2       0.790148  -0.544741   0.280933
 P Eigenvalues: 
                  0          1          2    
      0      22.645197  30.745209  32.885487
P(iso)  28.758631
 Nucleus: 25 H 
 Shielding tensor (ppm): 
                  0          1          2    
      0      29.981366   1.062585   4.038892
      1       0.876628  31.863139  -0.159862
      2       3.867034  -1.666670  28.184714
 P Tensor eigenvectors:
                   0          1          2    
      0      -0.618330   0.024033   0.785551
      1       0.172085  -0.971137   0.165163
      2       0.766847   0.237307   0.596348
 P Eigenvalues: 
                  0          1          2    
      0      24.784474  32.075670  33.169075
P(iso)  30.009740
 Nucleus: 26 H 
 Shielding tensor (ppm): 
                  0          1          2    
      0      30.280920   0.745291  -4.005834
      1       0.627785  31.971043  -0.019433
      2      -3.817219   1.489454  27.789453
 P Tensor eigenvectors:
                   0          1          2    
      0       0.587961   0.013121   0.808783
      1      -0.126632  -0.986047   0.108054
      2       0.798916  -0.165949  -0.578095
 P Eigenvalues: 
                  0          1          2    
      0      24.792119  32.095409  33.153888
P(iso)  30.013805
 Nucleus: 28 H 
 Shielding tensor (ppm): 
                  0          1          2    
      0      29.684993   0.065337   4.233765
      1       0.126945  32.352621  -0.270921
      2       3.761781   0.192203  28.620545
 P Tensor eigenvectors:
                   0          1          2    
      0      -0.661871   0.031684   0.748948
      1       0.016164  -0.998271   0.056516
      2       0.749443   0.049512   0.660214
 P Eigenvalues: 
                  0          1          2    
      0      25.118746  32.351146  33.188268
P(iso)  30.219387
 Nucleus: 29 H 
 Shielding tensor (ppm): 
                  0          1          2    
      0      29.931830  -0.137286  -4.179421
      1      -0.068606  32.323649   0.061751
      2      -3.717156  -0.416715  28.397292
 P Tensor eigenvectors:
                   0          1          2    
      0       0.638866  -0.046413  -0.767917
      1       0.024634   0.998901  -0.039879
      2       0.768924   0.006561   0.639307
 P Eigenvalues: 
                  0          1          2    
      0      25.136925  32.327951  33.187895
P(iso)  30.217590
 Nucleus: 31 H 
 Shielding tensor (ppm): 
                  0          1          2    
      0      29.770372  -0.046477  -4.067931
      1      -0.074838  32.166568   0.222800
      2      -3.364275   0.567571  28.864326
 P Tensor eigenvectors:
                   0          1          2    
      0       0.665780  -0.246440   0.704276
      1      -0.036436  -0.953494  -0.299202
      2       0.745258   0.173541  -0.643796
 P Eigenvalues: 
                  0          1          2    
      0      25.564112  32.080156  33.156998
P(iso)  30.267089
 Nucleus: 32 H 
 Shielding tensor (ppm): 
                  0          1          2    
      0      29.563798   0.199007   4.088969
      1       0.126424  32.112742  -0.390607
      2       3.387508  -0.729382  29.118312
 P Tensor eigenvectors:
                   0          1          2    
      0      -0.685998  -0.236609   0.688057
      1       0.076543  -0.963869  -0.255142
      2       0.723566  -0.122360   0.679323
 P Eigenvalues: 
                  0          1          2    
      0      25.555321  32.083793  33.155739
P(iso)  30.264951
 Nucleus: 34 H 
 Shielding tensor (ppm): 
                  0          1          2    
      0      30.211514   0.035477  -4.187538
      1       0.307165  31.553255  -0.416702
      2      -3.180901  -0.698422  29.340003
 P Tensor eigenvectors:
                   0          1          2    
      0       0.666952  -0.209521  -0.715035
      1       0.051859   0.970376  -0.235970
      2       0.743294   0.120299   0.658060
 P Eigenvalues: 
                  0          1          2    
      0      26.049653  31.448208  33.606911
P(iso)  30.368257
 Nucleus: 35 H 
 Shielding tensor (ppm): 
                  0          1          2    
      0      30.027452   0.234250   4.204735
      1       0.463287  31.614992   0.308906
      2       3.180547   0.575776  29.463475
 P Tensor eigenvectors:
                   0          1          2    
      0      -0.685045  -0.204010  -0.699352
      1      -0.012692   0.963185  -0.268541
      2       0.728390  -0.175086  -0.662414
 P Eigenvalues: 
                  0          1          2    
      0      26.041266  31.460502  33.604151
P(iso)  30.368640
 Nucleus: 37 H 
 Shielding tensor (ppm): 
                  0          1          2    
      0      29.396889  -0.208358   4.646074
      1      -0.642517  30.339325  -1.479943
      2       2.780523  -1.897310  28.425203
 P Tensor eigenvectors:
                   0          1          2    
      0      -0.633584  -0.448562   0.630368
      1       0.184935  -0.878960  -0.439577
      2       0.751246  -0.161931   0.639849
 P Eigenvalues: 
                  0          1          2    
      0      24.976329  29.822787  33.362301
P(iso)  29.387139
 Nucleus: 38 H 
 Shielding tensor (ppm): 
                  0          1          2    
      0      29.564760  -0.500102  -4.590920
      1      -0.822397  30.510816   1.346251
      2      -2.705484   1.777296  28.084096
 P Tensor eigenvectors:
                   0          1          2    
      0       0.615887  -0.453649   0.644116
      1      -0.144564  -0.868770  -0.473645
      2       0.774457   0.198596  -0.600646
 P Eigenvalues: 
                  0          1          2    
      0      24.984266  29.817625  33.357780
P(iso)  29.386557
 Nucleus: 40 H 
 Shielding tensor (ppm): 
                  0          1          2    
      0      26.997386   1.601022   0.860331
      1       1.613428  29.915125   0.830401
      2      -0.999744  -0.017954  23.909259
 P Tensor eigenvectors:
                   0          1          2    
      0       0.047933  -0.913856  -0.403198
      1      -0.091927   0.397913  -0.912806
      2       0.994611   0.080818  -0.064935
 P Eigenvalues: 
                  0          1          2    
      0      23.872014  26.306731  30.643026
P(iso)  26.940590
 Nucleus: 41 H 
 Shielding tensor (ppm): 
                  0          1          2    
      0      26.998443   1.557712  -0.867526
      1       1.691890  29.858529  -1.114304
      2       0.989426  -0.266851  23.970653
 P Tensor eigenvectors:
                   0          1          2    
      0      -0.073517  -0.911173  -0.405413
      1       0.146114   0.392285  -0.908165
      2       0.986532  -0.126002   0.104296
 P Eigenvalues: 
                  0          1          2    
      0      23.869884  26.311232  30.646510
P(iso)  26.942542
 Nucleus: 43 H 
 Shielding tensor (ppm): 
                  0          1          2    
      0      35.536585  -0.953782   0.271452
      1      -1.265594  25.928036  -0.077163
      2       0.263509  -0.070514  24.032304
 P Tensor eigenvectors:
                   0          1          2    
      0      -0.020783   0.111373  -0.993561
      1       0.026724   0.993483   0.110805
      2       0.999427  -0.024249  -0.023623
 P Eigenvalues: 
                  0          1          2    
      0      24.024803  25.802650  35.669471
P(iso)  28.498975
 Nucleus: 44 H 
 Shielding tensor (ppm): 
                  0          1          2    
      0      29.172812   2.209910  -0.006049
      1       3.445636  36.366437  -0.115548
      2      -0.018913  -0.115124  26.021725
 P Tensor eigenvectors:
                   0          1          2    
      0      -0.007950  -0.941880  -0.335854
      1       0.013406   0.335735  -0.941861
      2       0.999879  -0.011990   0.009958
 P Eigenvalues: 
                  0          1          2    
      0      26.020287  28.195447  37.345239
P(iso)  30.520325
 Nucleus: 45 H 
 Shielding tensor (ppm): 
                  0          1          2    
      0      22.612821   1.012597   0.013740
      1      -0.063378  30.318033  -0.269977
      2       0.074643  -0.271109  20.561533
 P Tensor eigenvectors:
                   0          1          2    
      0      -0.027698  -0.998322  -0.050856
      1       0.028752   0.050059  -0.998332
      2       0.999203  -0.029114   0.027317
 P Eigenvalues: 
                  0          1          2    
      0      20.552426  22.586311  30.353651
P(iso)  24.497463
# -----------------------------------------------------------
$ EPRNMR_ATensor
   description: Hyperfine A tensor
   geom. index: 1
   prop. index: 1
 Number of stored nuclei 27
 Source density: 1 SCF 
 Spin multiplicity: 2 
 Nucleus: 7 H  
 Isotope: 1 
 Nuclear Spin:  0.5 
 Prefactor (MHz): 533.551395 
 Raw A tensor (MHz): 
                  0          1          2    
      0      -0.038396   0.005075  -0.000123
      1       0.005053   0.096014  -0.003651
      2      -0.000123  -0.003651  -0.039305
 A Tensor eigenvectors:
                   0          1          2    
      0       0.999154  -0.016498  -0.037661
      1      -0.037198   0.027569  -0.998928
      2       0.017519   0.999484   0.026932
 A Eigenvalues: 
                  0          1          2    
      0      -0.038586  -0.039404   0.096303
A(iso)  0.006104
 Nucleus: 8 H  
 Isotope: 1 
 Nuclear Spin:  0.5 
 Prefactor (MHz): 533.551395 
 Raw A tensor (MHz): 
                  0          1          2    
      0      -0.073624   0.146581  -0.002576
      1       0.146571   0.217204  -0.007087
      2      -0.002576  -0.007087  -0.146860
 A Tensor eigenvectors:
                   0          1          2    
      0       0.922944  -0.019183  -0.384455
      1      -0.383903   0.027168  -0.922974
      2       0.028151   0.999447   0.017710
 A Eigenvalues: 
                  0          1          2    
      0      -0.134670  -0.147003   0.278393
A(iso)  -0.001093
 Nucleus: 10 H  
 Isotope: 1 
 Nuclear Spin:  0.5 
 Prefactor (MHz): 533.551395 
 Raw A tensor (MHz): 
                  0          1          2    
      0      -0.025640   0.030559   0.001553
      1       0.030556   0.059943   0.004724
      2       0.001553   0.004723  -0.035573
 A Tensor eigenvectors:
                   0          1          2    
      0       0.946326   0.107507   0.304809
      1      -0.308068   0.014730   0.951250
      2       0.097776  -0.994095   0.047059
 A Eigenvalues: 
                  0          1          2    
      0      -0.035426  -0.035810   0.069968
A(iso)  -0.000423
 Nucleus: 11 H  
 Isotope: 1 
 Nuclear Spin:  0.5 
 Prefactor (MHz): 533.551395 
 Raw A tensor (MHz): 
                  0          1          2    
      0      -0.025625   0.030332  -0.002907
      1       0.030328   0.059168  -0.008990
      2      -0.002906  -0.008989  -0.034885
 A Tensor eigenvectors:
                   0          1          2    
      0       0.949246   0.079512  -0.304318
      1      -0.309781   0.068786  -0.948316
      2      -0.054470   0.994458   0.089927
 A Eigenvalues: 
                  0          1          2    
      0      -0.035355  -0.035739   0.069753
A(iso)  -0.000447
 Nucleus: 13 H  
 Isotope: 1 
 Nuclear Spin:  0.5 
 Prefactor (MHz): 533.551395 
 Raw A tensor (MHz): 
                  0          1          2    
      0      -0.027308   0.011379   0.000516
      1       0.011369   0.056379   0.003727
      2       0.000516   0.003727  -0.028825
 A Tensor eigenvectors:
                   0          1          2    
      0       0.984317   0.116738   0.132256
      1      -0.136350   0.027781   0.990271
      2       0.111928  -0.992774   0.043263
 A Eigenvalues: 
                  0          1          2    
      0      -0.028824  -0.028990   0.058060
A(iso)  0.000082
 Nucleus: 14 H  
 Isotope: 1 
 Nuclear Spin:  0.5 
 Prefactor (MHz): 533.551395 
 Raw A tensor (MHz): 
                  0          1          2    
      0      -0.027171   0.011333  -0.001001
      1       0.011323   0.055655  -0.007386
      2      -0.001000  -0.007386  -0.028215
 A Tensor eigenvectors:
                   0          1          2    
      0       0.989186   0.062508  -0.132676
      1      -0.137401   0.078570  -0.987394
      2      -0.051296   0.994947   0.086309
 A Eigenvalues: 
                  0          1          2    
      0      -0.028692  -0.028861   0.057822
A(iso)  0.000090
 Nucleus: 16 H  
 Isotope: 1 
 Nuclear Spin:  0.5 
 Prefactor (MHz): 533.551395 
 Raw A tensor (MHz): 
                  0          1          2    
      0      -0.016460   0.015837  -0.001279
      1       0.015834   0.037047  -0.004639
      2      -0.001278  -0.004638  -0.020553
 A Tensor eigenvectors:
                   0          1          2    
      0       0.961209   0.082165  -0.263300
      1      -0.268304   0.057165  -0.961637
      2      -0.063961   0.994978   0.076992
 A Eigenvalues: 
                  0          1          2    
      0      -0.020795  -0.020925   0.041754
A(iso)  0.000011
 Nucleus: 17 H  
 Isotope: 1 
 Nuclear Spin:  0.5 
 Prefactor (MHz): 533.551395 
 Raw A tensor (MHz): 
                  0          1          2    
      0      -0.016522   0.015903   0.000639
      1       0.015900   0.037458   0.002288
      2       0.000639   0.002288  -0.020896
 A Tensor eigenvectors:
                   0          1          2    
      0       0.957729   0.116744   0.262918
      1      -0.265528   0.007120   0.964077
      2       0.110678  -0.993136   0.037818
 A Eigenvalues: 
                  0          1          2    
      0      -0.020856  -0.020988   0.041884
A(iso)  0.000013
 Nucleus: 19 H  
 Isotope: 1 
 Nuclear Spin:  0.5 
 Prefactor (MHz): 533.551395 
 Raw A tensor (MHz): 
                  0          1          2    
      0      -0.016445   0.006170  -0.000465
      1       0.006164   0.033470  -0.003813
      2      -0.000464  -0.003812  -0.016987
 A Tensor eigenvectors:
                   0          1          2    
      0       0.992590   0.015216  -0.120555
      1      -0.121351   0.073075  -0.989916
      2      -0.006253   0.997210   0.074380
 A Eigenvalues: 
                  0          1          2    
      0      -0.017195  -0.017273   0.034507
A(iso)  0.000013
 Nucleus: 20 H  
 Isotope: 1 
 Nuclear Spin:  0.5 
 Prefactor (MHz): 533.551395 
 Raw A tensor (MHz): 
                  0          1          2    
      0      -0.016495   0.006175   0.000215
      1       0.006169   0.033792   0.001752
      2       0.000215   0.001752  -0.017259
 A Tensor eigenvectors:
                   0          1          2    
      0       0.991627   0.047562   0.120057
      1      -0.121491   0.028479   0.992184
      2       0.043772  -0.998462   0.034018
 A Eigenvalues: 
                  0          1          2    
      0      -0.017242  -0.017320   0.034599
A(iso)  0.000013
 Nucleus: 22 H  
 Isotope: 1 
 Nuclear Spin:  0.5 
 Prefactor (MHz): 533.551395 
 Raw A tensor (MHz): 
                  0          1          2    
      0      -0.194166  -0.052913   0.028519
      1      -0.053003   0.355052  -0.099632
      2       0.028540  -0.099641  -0.195625
 A Tensor eigenvectors:
                   0          1          2    
      0      -0.811644   0.575655   0.099273
      1      -0.181468  -0.086935  -0.979547
      2      -0.555251  -0.813058   0.175023
 A Eigenvalues: 
                  0          1          2    
      0      -0.186494  -0.226470   0.378226
A(iso)  -0.011579
 Nucleus: 23 H  
 Isotope: 1 
 Nuclear Spin:  0.5 
 Prefactor (MHz): 533.551395 
 Raw A tensor (MHz): 
                  0          1          2    
      0      -0.191722  -0.058070  -0.025052
      1      -0.058162   0.364446   0.065598
      2      -0.025068   0.065610  -0.207265
 A Tensor eigenvectors:
                   0          1          2    
      0      -0.835548  -0.539158   0.105682
      1      -0.151007   0.040415  -0.987706
      2       0.528259  -0.841234  -0.115185
 A Eigenvalues: 
                  0          1          2    
      0      -0.186387  -0.226473   0.378319
A(iso)  -0.011514
 Nucleus: 25 H  
 Isotope: 1 
 Nuclear Spin:  0.5 
 Prefactor (MHz): 533.551395 
 Raw A tensor (MHz): 
                  0          1          2    
      0      -0.324785   0.285836   0.119387
      1       0.285798   0.421487   0.152691
      2       0.119400   0.152719  -0.396648
 A Tensor eigenvectors:
                   0          1          2    
      0      -0.651553  -0.684495   0.327025
      1       0.366337   0.093586   0.925764
      2      -0.664286   0.722986   0.189779
 A Eigenvalues: 
                  0          1          2    
      0      -0.363757  -0.489937   0.553749
A(iso)  -0.099982
 Nucleus: 26 H  
 Isotope: 1 
 Nuclear Spin:  0.5 
 Prefactor (MHz): 533.551395 
 Raw A tensor (MHz): 
                  0          1          2    
      0      -0.314313   0.285741  -0.132734
      1       0.285702   0.404149  -0.186304
      2      -0.132745  -0.186331  -0.387199
 A Tensor eigenvectors:
                   0          1          2    
      0      -0.676672   0.655568   0.335180
      1       0.401874  -0.052594   0.914183
      2       0.616938   0.753303  -0.227867
 A Eigenvalues: 
                  0          1          2    
      0      -0.362977  -0.489730   0.555344
A(iso)  -0.099121
 Nucleus: 28 H  
 Isotope: 1 
 Nuclear Spin:  0.5 
 Prefactor (MHz): 533.551395 
 Raw A tensor (MHz): 
                  0          1          2    
      0      -0.327990  -0.292123   0.194661
      1      -0.292438   1.349886  -0.518430
      2       0.194800  -0.518481  -0.325215
 A Tensor eigenvectors:
                   0          1          2    
      0       0.815432  -0.551730   0.175113
      1       0.297511   0.139965  -0.944403
      2       0.496546   0.822194   0.278278
 A Eigenvalues: 
                  0          1          2    
      0      -0.316095  -0.544100   1.556876
A(iso)  0.232227
 Nucleus: 29 H  
 Isotope: 1 
 Nuclear Spin:  0.5 
 Prefactor (MHz): 533.551395 
 Raw A tensor (MHz): 
                  0          1          2    
      0      -0.313066  -0.316569  -0.177566
      1      -0.316891   1.405252   0.415888
      2      -0.177688   0.415946  -0.383565
 A Tensor eigenvectors:
                   0          1          2    
      0       0.830175  -0.526711  -0.182717
      1       0.271002   0.094844   0.957895
      2      -0.487204  -0.844737   0.221477
 A Eigenvalues: 
                  0          1          2    
      0      -0.312260  -0.540981   1.561861
A(iso)  0.236207
 Nucleus: 31 H  
 Isotope: 1 
 Nuclear Spin:  0.5 
 Prefactor (MHz): 533.551395 
 Raw A tensor (MHz): 
                  0          1          2    
      0      -1.033910   1.309046  -0.921756
      1       1.308905   0.619873  -0.706113
      2      -0.921740  -0.706564  -1.569128
 A Tensor eigenvectors:
                   0          1          2    
      0      -0.556993   0.494886  -0.666968
      1       0.573890   0.809848   0.121639
      2       0.600340  -0.315014  -0.735090
 A Eigenvalues: 
                  0          1          2    
      0      -1.389240   1.694634  -2.288559
A(iso)  -0.661055
 Nucleus: 32 H  
 Isotope: 1 
 Nuclear Spin:  0.5 
 Prefactor (MHz): 533.551395 
 Raw A tensor (MHz): 
                  0          1          2    
      0      -1.082212   1.338453   0.864993
      1       1.338323   0.692785   0.622014
      2       0.864984   0.622470  -1.590376
 A Tensor eigenvectors:
                   0          1          2    
      0      -0.539944   0.486557   0.686821
      1       0.540317   0.826031  -0.160406
      2      -0.645382   0.284491  -0.708905
 A Eigenvalues: 
                  0          1          2    
      0      -1.387719   1.695531  -2.287615
A(iso)  -0.659934
 Nucleus: 34 H  
 Isotope: 1 
 Nuclear Spin:  0.5 
 Prefactor (MHz): 533.551395 
 Raw A tensor (MHz): 
                  0          1          2    
      0      -6.212215  -2.569775  -3.353475
      1      -2.571919  -0.331842   3.999481
      2      -3.354857   4.000088  -6.198439
 A Tensor eigenvectors:
                   0          1          2    
      0       0.381965  -0.685969  -0.619314
      1      -0.795148  -0.585456   0.158055
      2      -0.471002   0.432074  -0.769070
 A Eigenvalues: 
                  0          1          2    
      0       3.273232  -6.294317  -9.721411
A(iso)  -4.247499
 Nucleus: 35 H  
 Isotope: 1 
 Nuclear Spin:  0.5 
 Prefactor (MHz): 533.551395 
 Raw A tensor (MHz): 
                  0          1          2    
      0      -6.387047  -2.287042   3.469352
      1      -2.289123  -0.784190  -4.339706
      2       3.470841  -4.340255  -5.598758
 A Tensor eigenvectors:
                   0          1          2    
      0      -0.369843   0.675659   0.637731
      1       0.768928   0.607871  -0.198095
      2      -0.521503   0.417105  -0.744350
 A Eigenvalues: 
                  0          1          2    
      0       3.260652  -6.303979  -9.726667
A(iso)  -4.256665
 Nucleus: 37 H  
 Isotope: 1 
 Nuclear Spin:  0.5 
 Prefactor (MHz): 533.551395 
 Raw A tensor (MHz): 
                  0          1          2    
      0      35.398728   5.839270   3.361151
      1       5.840384  35.527009   3.660973
      2       3.364822   3.661983  31.505683
 A Tensor eigenvectors:
                   0          1          2    
