-------------------------------------------------------------
----------------------- !PROPERTIES! ------------------------
-------------------------------------------------------------
# -----------------------------------------------------------
$ PAL_Flags
   description: The PAL Flags
   geom. index: 1
   prop. index: 1
        Diskflag:     2
# -----------------------------------------------------------
$ SCF_Energy
   description: The SCF energy
   geom. index: 1
   prop. index: 1
        SCF Energy:     -739.7690902330
# -----------------------------------------------------------
$ DFT_Energy
   description: The DFT energy
   geom. index: 1
   prop. index: 1
   Number of Alpha Electrons                 71.0001198428 
   Number of Beta  Electrons                 70.0001307233 
   Total number of  Electrons               141.0002505661 
   Exchange energy                          -85.5501662701 
   Correlation energy                        -5.4167197859 
   Correlation energy NL                      0.0000000000 
   Exchange-Correlation energy              -90.9668860560 
   Embedding correction                       0.0000000000 
   Total DFT Energy (No VdW correction)    -739.7690902330 
# -----------------------------------------------------------
$ Mayer_Pop
   description: The Mayer population analysis
   geom. index: 1
   prop. index: 1
     Number of atoms                     : 46
     Threshold for printing              : 0.1000000
     Number of bond orders printed       : 50
  NA   - Mulliken gross atomic population
  ZA   - Total nuclear charge
  QA   - Mulliken gross atomic charge
  VA   - Mayer's total valence
  BVA  - Mayer's bonded valence
  FA   - Mayer's free valence
  ATOM       NA         ZA         QA         VA         BVA        FA
  0   0     5.9987     6.0000     0.0013     3.8190     3.8190     0.0000
  1   0     6.3330     6.0000    -0.3330     4.2462     4.2462     0.0000
  2   0     5.4889     6.0000     0.5111     3.7496     3.7496     0.0000
  3   0     6.4448     6.0000    -0.4448     4.3280     4.3280     0.0000
  4   0     5.5769     6.0000     0.4231     3.9433     3.9433     0.0000
  5   0     5.7167     6.0000     0.2833     3.8551     3.8551     0.0000
  6   0     6.2433     6.0000    -0.2433     4.1965     4.1965     0.0000
  7   0     0.8705     1.0000     0.1295     0.9649     0.9649     0.0000
  8   0     0.8854     1.0000     0.1146     0.9694     0.9694     0.0000
  9   0     6.3961     6.0000    -0.3961     4.0122     4.0122     0.0000
 10   0     0.8545     1.0000     0.1455     0.9649     0.9649     0.0000
 11   0     0.8527     1.0000     0.1473     0.9644     0.9644     0.0000
 12   0     6.2612     6.0000    -0.2612     4.0152     4.0152     0.0000
 13   0     0.8579     1.0000     0.1421     0.9665     0.9665     0.0000
 14   0     0.8595     1.0000     0.1405     0.9668     0.9668     0.0000
 15   0     6.2568     6.0000    -0.2568     3.8914     3.8914     0.0000
 16   0     0.8595     1.0000     0.1405     0.9678     0.9678     0.0000
 17   0     0.8592     1.0000     0.1408     0.9677     0.9677     0.0000
 18   0     6.5082     6.0000    -0.5082     3.8995     3.8995     0.0000
 19   0     0.8418     1.0000     0.1582     0.9657     0.9657     0.0000
 20   0     0.8417     1.0000     0.1583     0.9656     0.9656     0.0000
 21   0     6.3884     6.0000    -0.3884     4.0402     4.0402    -0.0000
 22   0     0.8441     1.0000     0.1559     0.9625     0.9625     0.0000
 23   0     0.8442     1.0000     0.1558     0.9625     0.9625     0.0000
 24   0     6.2705     6.0000    -0.2705     3.9796     3.9796     0.0000
 25   0     0.8586     1.0000     0.1414     0.9679     0.9679     0.0000
 26   0     0.8586     1.0000     0.1414     0.9678     0.9678     0.0000
 27   0     6.2866     6.0000    -0.2866     3.9476     3.9476    -0.0000
 28   0     0.8570     1.0000     0.1430     0.9691     0.9691     0.0000
 29   0     0.8567     1.0000     0.1433     0.9690     0.9690     0.0000
 30   0     6.2820     6.0000    -0.2820     3.9343     3.9342     0.0001
 31   0     0.8553     1.0000     0.1447     0.9698     0.9698     0.0000
 32   0     0.8553     1.0000     0.1447     0.9698     0.9698     0.0000
 33   0     6.3030     6.0000    -0.3030     3.9097     3.9049     0.0048
 34   0     0.8440     1.0000     0.1560     0.9667     0.9667     0.0000
 35   0     0.8440     1.0000     0.1560     0.9667     0.9667     0.0000
 36   0     6.2233     6.0000    -0.2233     3.8809     3.8789     0.0020
 37   0     0.8528     1.0000     0.1472     0.9686     0.9684     0.0002
 38   0     0.8528     1.0000     0.1472     0.9687     0.9685     0.0002
 39   0     6.4332     6.0000    -0.4332     3.8498     2.9899     0.8599
 40   0     0.8341     1.0000     0.1659     0.9703     0.9683     0.0020
 41   0     0.8341     1.0000     0.1659     0.9703     0.9683     0.0020
 42   0     6.5412     6.0000    -0.5412     3.8944     3.8944     0.0000
 43   0     0.8198     1.0000     0.1802     0.9773     0.9773     0.0000
 44   0     0.8566     1.0000     0.1434     0.9669     0.9669     0.0000
 45   0     0.8966     1.0000     0.1034     0.9601     0.9601     0.0000
      Bond orders larger than 0.1000000
           Atom A     A.N. of A          Atom B    A.N. of B              Bond order
                0             6               4            6                0.916487
                0             6              42            6                2.695359
                1             6               2            6                1.369282
                1             6               3            6                0.120765
                1             6               5            6                0.105349
                1             6               6            6                1.484209
                1             6              45            1                0.982789
                2             6               3            6                1.446790
                2             6               4            6                0.107862
                2             6               9            6                0.897440
                3             6               4            6                1.423824
                3             6               7            1                0.981864
                4             6               5            6                1.382492
                4             6               6            6                0.110146
                5             6               6            6                1.424570
                5             6              21            6                0.945186
                6             6               8            1                0.978609
                9             6              10            1                0.969062
                9             6              11            1                0.967873
                9             6              12            6                1.020424
               12             6              13            1                0.962938
               12             6              14            1                0.961382
               12             6              15            6                0.984142
               15             6              16            1                0.972283
               15             6              17            1                0.972011
               15             6              18            6                0.956052
               18             6              19            1                0.971920
               18             6              20            1                0.971745
               18             6              44            1                0.968475
               21             6              22            1                0.958269
               21             6              23            1                0.958541
               21             6              24            6                1.002773
               24             6              25            1                0.962106
               24             6              26            1                0.962177
               24             6              27            6                0.974191
               27             6              28            1                0.975827
               27             6              29            1                0.975984
               27             6              30            6                0.970627
               30             6              31            1                0.980349
               30             6              32            1                0.980231
               30             6              33            6                0.956294
               33             6              34            1                0.978793
               33             6              35            1                0.978698
               33             6              36            6                0.936487
               36             6              37            1                0.977605
               36             6              38            1                0.977695
               36             6              39            6                0.974453
               39             6              40            1                0.973399
               39             6              41            1                0.973404
               42             6              43            1                0.984029
# -----------------------------------------------------------
$ Calculation_Info
   description: Details of the calculation
   geom. index: 1
   prop. index: 1
     Multiplicity:                          2
     Charge:                                0
     number of atoms:                       46
     number of electrons:                   0
     number of frozen core electrons:       1
     number of correlated electrons:        0
     number of basis functions:             512
     number of aux C basis functions:       3496
     number of aux J basis functions:       3496
     number of aux JK basis functions:      3496
     number of aux CABS basis functions:    0
     Total Energy                           -739.769090
# -----------------------------------------------------------
$ SCF_Electric_Properties
   description: The SCF Calculated Electric Properties
   geom. index: 1
   prop. index: 1
       Filename                          : EPRII.scfp 
       Do Dipole Moment Calculation      : true 
       Do Quadrupole Moment Calculation  : false 
       Do Polarizability Calculation     : false 
** Dipole moment part of electric properties **
        Magnitude of dipole moment (Debye) :        0.8769542093
        Electronic Contribution:
                  0    
      0       4.297146
      1      -7.765846
      2       0.423562
        Nuclear Contribution:
                  0    
      0      -4.608615
      1       7.617462
      2      -0.425466
        Total Dipole moment:
                  0    
      0      -0.311469
      1      -0.148384
      2      -0.001904
# -----------------------------------------------------------
$ EPRNMR_GTensor
   description: Electronic g tensor
   geom. index: 1
   prop. index: 1
 Source density: 1 SCF 
 Spin multiplicity: 2 
 raw g tensor: 
                  0          1          2    
      0       2.002736   0.000238  -0.000010
      1       0.000229   2.002559   0.000015
      2      -0.000010   0.000015   2.003014
 g tensor: 
                  0          1          2    
      0      -0.567455   0.823298   0.013260
      1       0.822880   0.567595  -0.026557
      2      -0.029390  -0.004158  -0.999559
 G eigenvalues: 
                  0          1          2    
      0       2.002397   2.002897   2.003014
# -----------------------------------------------------------
$ EPRNMR_OrbitalShielding
   description: Orbital contribution to the NMR Shielding tensor (ppm)
   geom. index: 1
   prop. index: 1
 Number of stored nuclei 27
 Source density: 1 SCF 
 Nucleus: 7 H 
 Shielding tensor (ppm): 
                  0          1          2    
      0     -23.409256 136.258518  -5.089743
      1     -232.129122  66.151302  -6.319346
      2       5.658811   1.515013  30.888994
 P Tensor eigenvectors:
                   0          1          2    
      0      -0.022773   0.420270  -0.907113
      1       0.029182   0.907241   0.419597
      2       0.999315  -0.016916  -0.032925
 P Eigenvalues: 
                  0          1          2    
      0      30.801521  13.837904  28.991615
P(iso)  24.543680
 Nucleus: 8 H 
 Shielding tensor (ppm): 
                  0          1          2    
      0      96.811787 -97.193845   3.475058
      1      52.333158  26.174575   2.152271
      2      -1.905325   0.259906  85.086309
 P Tensor eigenvectors:
                   0          1          2    
      0       0.662403   0.024824  -0.748736
      1       0.749147  -0.020631   0.662083
      2       0.000988  -0.999479  -0.032263
 P Eigenvalues: 
                  0          1          2    
      0      34.909958  85.102227  88.060485
P(iso)  69.357557
 Nucleus: 10 H 
 Shielding tensor (ppm): 
                  0          1          2    
      0      61.211312 -267.928386 172.231807
      1     360.826468  -1.094394 348.996309
      2     -119.740360 -256.154395  33.220509
 P Tensor eigenvectors:
                   0          1          2    
      0      -0.644912   0.384151   0.660694
      1       0.340159   0.918423  -0.201970
      2       0.684383  -0.094488   0.722974
 P Eigenvalues: 
                  0          1          2    
      0      18.957920  31.220055  43.159451
P(iso)  31.112475
 Nucleus: 11 H 
 Shielding tensor (ppm): 
                  0          1          2    
      0      60.162374 -272.819171 -163.324776
      1     363.578443  -4.373570 -349.253339
      2     105.585780 258.915582  36.119893
 P Tensor eigenvectors:
                   0          1          2    
      0       0.648495   0.384475   0.656988
      1      -0.314991   0.921251  -0.228205
      2       0.692990   0.058955  -0.718532
 P Eigenvalues: 
                  0          1          2    
      0      17.445228  31.238416  43.225055
P(iso)  30.636233
 Nucleus: 13 H 
 Shielding tensor (ppm): 
                  0          1          2    
      0      35.081867 292.595500 109.829814
      1     -395.410639  72.627102 458.662035
      2     -83.886507 -335.048144  84.921769
 P Tensor eigenvectors:
                   0          1          2    
      0      -0.750689   0.197427  -0.630467
      1       0.156208   0.980288   0.120976
      2      -0.641923   0.007668   0.766731
 P Eigenvalues: 
                  0          1          2    
      0      68.698241  52.234623  71.697873
P(iso)  64.210246
 Nucleus: 14 H 
 Shielding tensor (ppm): 
                  0          1          2    
      0      32.974741 286.468908 -121.373120
      1     -388.798088  67.819339 -459.750110
      2      97.536436 335.826957  87.440419
 P Tensor eigenvectors:
                   0          1          2    
      0      -0.754157   0.201512   0.625012
      1       0.179782   0.978749  -0.098632
      2       0.631606  -0.037983   0.774359
 P Eigenvalues: 
                  0          1          2    
      0      66.985408  51.039631  70.209460
P(iso)  62.744833
 Nucleus: 16 H 
 Shielding tensor (ppm): 
                  0          1          2    
      0      28.806042 -355.522595 -164.981447
      1     490.621189  -8.072122 -518.663929
      2     105.388436 377.443038  -6.981163
 P Tensor eigenvectors:
                   0          1          2    
      0      -0.710968   0.229466  -0.664733
      1       0.217581   0.970660   0.102357
      2      -0.668718   0.071860   0.740035
 P Eigenvalues: 
                  0          1          2    
      0     -17.627114  13.133167  18.246704
P(iso)  4.584252
 Nucleus: 17 H 
 Shielding tensor (ppm): 
                  0          1          2    
      0      29.967600 -346.825068 178.434908
      1     481.801912  -2.878261 525.349628
      2     -123.623460 -382.836631  -9.877926
 P Tensor eigenvectors:
                   0          1          2    
      0       0.717962   0.232390  -0.656144
      1      -0.241686   0.967206   0.078105
      2      -0.652777  -0.102504  -0.750583
 P Eigenvalues: 
                  0          1          2    
      0     -15.555855  13.725883  19.041386
P(iso)  5.737138
 Nucleus: 19 H 
 Shielding tensor (ppm): 
                  0          1          2    
      0     -26.944705 391.403686 -118.649013
      1     -495.792833  55.050214 -574.381530
      2      89.187769 414.924237  11.250313
 P Tensor eigenvectors:
                   0          1          2    
      0      -0.742404   0.241660   0.624850
      1       0.144328   0.968468  -0.203074
      2       0.654222   0.060580   0.753872
 P Eigenvalues: 
                  0          1          2    
      0       1.549132  15.883139  21.923551
P(iso)  13.118607
 Nucleus: 20 H 
 Shielding tensor (ppm): 
                  0          1          2    
      0     -25.689450 398.957520 105.018847
      1     -504.193207  60.517020 570.512434
      2     -72.829463 -415.361138   7.633748
 P Tensor eigenvectors:
                   0          1          2    
      0       0.737631   0.240158   0.631050
      1      -0.121947   0.966622  -0.225324
      2       0.664100  -0.089251  -0.742297
 P Eigenvalues: 
                  0          1          2    
      0       2.958584  16.618880  22.883854
P(iso)  14.153773
 Nucleus: 22 H 
 Shielding tensor (ppm): 
                  0          1          2    
      0      96.924169 -47.389588  84.582971
      1      71.972399  33.899193  88.643467
      2     -51.022935 -62.361332  91.376213
 P Tensor eigenvectors:
                   0          1          2    
      0       0.376086  -0.749984   0.544136
      1      -0.809361  -0.551795  -0.201142
      2      -0.451104   0.364756   0.814529
 P Eigenvalues: 
                  0          1          2    
      0      50.929207  72.699101  98.571267
P(iso)  74.066525
 Nucleus: 23 H 
 Shielding tensor (ppm): 
                  0          1          2    
      0      98.864074 -54.810595 -82.246092
      1      78.531885  33.025321 -82.266506
      2      48.467006  63.385303  91.202364
 P Tensor eigenvectors:
                   0          1          2    
      0      -0.353251   0.733623  -0.580526
      1       0.785185   0.569864   0.242363
      2      -0.508624   0.370206   0.777335
 P Eigenvalues: 
                  0          1          2    
      0      51.183180  73.192864  98.715716
P(iso)  74.363920
 Nucleus: 25 H 
 Shielding tensor (ppm): 
                  0          1          2    
      0      90.509530 123.866099 -22.951455
      1     -181.279544  48.536447 -205.466166
      2      25.149069 152.096216 109.293585
 P Tensor eigenvectors:
                   0          1          2    
      0       0.766693   0.036749   0.640961
      1      -0.075248  -0.986336   0.146559
      2      -0.637589   0.160596   0.753452
 P Eigenvalues: 
                  0          1          2    
      0      97.585439  60.708039  90.046084
P(iso)  82.779854
 Nucleus: 26 H 
 Shielding tensor (ppm): 
                  0          1          2    
      0      90.030484 130.867740  16.187505
      1     -190.529339  51.225288 201.177738
      2     -16.739434 -143.738852 106.069428
 P Tensor eigenvectors:
                   0          1          2    
      0       0.740816   0.038518  -0.670603
      1      -0.044865  -0.993288  -0.106614
      2       0.670208  -0.109068   0.734115
 P Eigenvalues: 
                  0          1          2    
      0      97.138533  60.442898  89.743770
P(iso)  82.441734
 Nucleus: 28 H 
 Shielding tensor (ppm): 
                  0          1          2    
      0      86.570324 -212.693536  90.228717
      1     283.361389  22.174372 316.682128
      2     -59.002343 -229.237950  72.882469
 P Tensor eigenvectors:
                   0          1          2    
      0      -0.715254   0.294551   0.633760
      1       0.214623   0.955599  -0.201910
      2       0.665093   0.008398   0.746713
 P Eigenvalues: 
                  0          1          2    
      0      64.328475  48.434956  68.863734
P(iso)  60.542388
 Nucleus: 29 H 
 Shielding tensor (ppm): 
                  0          1          2    
      0      87.891564 -224.219539 -79.083267
      1     295.667309  18.035370 -305.404864
      2      45.216462 225.961885  76.363228
 P Tensor eigenvectors:
                   0          1          2    
      0      -0.694353   0.296497  -0.655716
      1       0.181031   0.953843   0.239605
      2      -0.696492  -0.047665   0.715979
 P Eigenvalues: 
                  0          1          2    
      0      64.667183  48.605812  69.017167
P(iso)  60.763387
 Nucleus: 31 H 
 Shielding tensor (ppm): 
                  0          1          2    
      0      68.769151 298.936014  26.166527
      1     -405.508382  49.447816 416.183239
      2     -21.194830 -300.759314  86.862936
 P Tensor eigenvectors:
                   0          1          2    
      0      -0.719118  -0.013238  -0.694762
      1       0.037112  -0.999123  -0.019377
      2      -0.693896  -0.039718   0.718979
 P Eigenvalues: 
                  0          1          2    
      0      79.807208  52.683720  72.588975
P(iso)  68.359968
 Nucleus: 32 H 
 Shielding tensor (ppm): 
                  0          1          2    
      0      69.284674 288.589364 -41.531846
      1     -392.140631  43.675836 -425.218440
      2      40.724822 311.528299  92.946179
 P Tensor eigenvectors:
                   0          1          2    
      0      -0.738317   0.014140   0.674306
      1       0.071436   0.995796   0.057336
      2       0.670660  -0.090502   0.736223
 P Eigenvalues: 
                  0          1          2    
      0      80.210922  52.873377  72.822391
P(iso)  68.635563
 Nucleus: 34 H 
 Shielding tensor (ppm): 
                  0          1          2    
      0      63.563993 -361.893512 -82.515543
      1     485.300289  10.730374 -510.542037
      2      44.140905 370.219838  52.870627
 P Tensor eigenvectors:
                   0          1          2    
      0       0.717777   0.172368   0.674600
      1      -0.109476   0.984761  -0.135135
      2       0.687612  -0.023145  -0.725709
 P Eigenvalues: 
                  0          1          2    
      0      39.800755  36.621148  50.743091
P(iso)  42.388331
 Nucleus: 35 H 
 Shielding tensor (ppm): 
                  0          1          2    
      0      62.397827 -347.978568 100.719679
      1     469.749521  18.000656 523.613545
      2     -67.851736 -376.562826  46.167291
 P Tensor eigenvectors:
                   0          1          2    
      0      -0.734141   0.171873   0.656884
      1       0.143575   0.984852  -0.097225
      2       0.663644  -0.022935   0.747697
 P Eigenvalues: 
                  0          1          2    
      0      39.497006  36.488022  50.580745
P(iso)  42.188591
 Nucleus: 37 H 
 Shielding tensor (ppm): 
                  0          1          2    
      0      24.244385 414.437301 -50.840225
      1     -555.826453  39.992774 -601.751806
      2      43.695784 429.890518  56.670905
 P Tensor eigenvectors:
                   0          1          2    
      0      -0.734525   0.062051   0.675739
      1       0.053041   0.998014  -0.033989
      2       0.676506  -0.010876   0.736357
 P Eigenvalues: 
                  0          1          2    
      0      42.020846  33.048544  45.838675
P(iso)  40.302688
 Nucleus: 38 H 
 Shielding tensor (ppm): 
                  0          1          2    
      0      23.594289 426.350883  28.736599
      1     -571.200591  48.678198 588.716988
      2     -15.715533 -419.204248  47.828696
 P Tensor eigenvectors:
                   0          1          2    
      0      -0.718350  -0.062850  -0.692837
      1       0.018126  -0.997264   0.071673
      2      -0.695446   0.038928   0.717524
 P Eigenvalues: 
                  0          1          2    
      0      41.577596  32.886386  45.637201
P(iso)  40.033728
 Nucleus: 40 H 
 Shielding tensor (ppm): 
                  0          1          2    
      0     -85.255369 -168.337687  92.908158
      1     269.886472  24.460227 642.121518
      2     -47.644990 -436.805741 -130.947744
 P Tensor eigenvectors:
                   0          1          2    
      0       0.928202   0.001984   0.372071
      1      -0.086691  -0.971312   0.221447
      2      -0.361836   0.237802   0.901401
 P Eigenvalues: 
                  0          1          2    
      0     -107.346053 -31.926791 -52.470042
P(iso)  -63.914295
 Nucleus: 41 H 
 Shielding tensor (ppm): 
                  0          1          2    
      0     -83.453290 -183.741576 -82.982096
      1     288.081458  13.568550 -644.297744
      2      34.527265 426.213420 -120.535816
 P Tensor eigenvectors:
                   0          1          2    
      0       0.919100   0.006620  -0.393969
      1      -0.067557  -0.982405  -0.174113
      2       0.388190  -0.186643   0.902482
 P Eigenvalues: 
                  0          1          2    
      0     -106.645850 -31.713744 -52.060961
P(iso)  -63.473519
 Nucleus: 43 H 
 Shielding tensor (ppm): 
                  0          1          2    
      0      50.199986  80.771819  -0.093428
      1     -157.237346 -85.181076  -2.959517
      2       7.627502   2.031131 -70.656513
 P Tensor eigenvectors:
                   0          1          2    
      0      -0.564828  -0.022416  -0.824904
      1       0.824240   0.033096  -0.565273
      2      -0.039972   0.999201   0.000218
 P Eigenvalues: 
                  0          1          2    
      0      -6.167660 -70.754417 -28.715526
P(iso)  -35.212534
 Nucleus: 44 H 
 Shielding tensor (ppm): 
                  0          1          2    
      0     -144.998388 -135.188123   3.148358
      1     279.571898  19.712936   1.885904
      2      -5.349392  -6.846097 -172.159803
 P Tensor eigenvectors:
                   0          1          2    
      0       0.275205   0.022037   0.961133
      1      -0.961012  -0.021542   0.275665
      2       0.026779  -0.999525   0.015249
 P Eigenvalues: 
                  0          1          2    
      0     -30.974096 -172.184436 -94.286724
P(iso)  -99.148418
 Nucleus: 45 H 
 Shielding tensor (ppm): 
                  0          1          2    
      0      75.742409 -181.879599   6.686985
      1     238.217570 -28.696247   6.264398
      2      -6.455324  -2.159369  28.012626
 P Tensor eigenvectors:
                   0          1          2    
      0      -0.018630   0.464114  -0.885580
      1       0.032358   0.885549   0.463417
      2       0.999303  -0.020023  -0.031515
 P Eigenvalues: 
                  0          1          2    
      0      28.064278  16.902494  30.092016
P(iso)  25.019596
# -----------------------------------------------------------
$ EPRNMR_ATensor
   description: Hyperfine A tensor
   geom. index: 1
   prop. index: 1
 Number of stored nuclei 27
 Source density: 1 SCF 
 Spin multiplicity: 2 
 Nucleus: 7 H  
 Isotope: 1 
 Nuclear Spin:  0.5 
 Prefactor (MHz): 533.551395 
 Raw A tensor (MHz): 
                  0          1          2    
      0      -0.038409   0.005073  -0.000123
      1       0.005051   0.096002  -0.003651
      2      -0.000123  -0.003651  -0.039318
 A Tensor eigenvectors:
                   0          1          2    
      0       0.999155  -0.016499  -0.037648
      1      -0.037185   0.027569  -0.998928
      2       0.017519   0.999484   0.026932
 A Eigenvalues: 
                  0          1          2    
      0      -0.038599  -0.039416   0.096290
A(iso)  0.006092
 Nucleus: 8 H  
 Isotope: 1 
 Nuclear Spin:  0.5 
 Prefactor (MHz): 533.551395 
 Raw A tensor (MHz): 
                  0          1          2    
      0      -0.073624   0.146578  -0.002576
      1       0.146569   0.217207  -0.007087
      2      -0.002576  -0.007087  -0.146856
 A Tensor eigenvectors:
                   0          1          2    
      0       0.922947  -0.019183  -0.384448
      1      -0.383895   0.027168  -0.922977
      2       0.028151   0.999447   0.017710
 A Eigenvalues: 
                  0          1          2    
      0      -0.134668  -0.146999   0.278394
A(iso)  -0.001091
 Nucleus: 10 H  
 Isotope: 1 
 Nuclear Spin:  0.5 
 Prefactor (MHz): 533.551395 
 Raw A tensor (MHz): 
                  0          1          2    
      0      -0.025643   0.030559   0.001553
      1       0.030555   0.059940   0.004724
      2       0.001553   0.004723  -0.035576
 A Tensor eigenvectors:
                   0          1          2    
      0       0.946298   0.107761   0.304806
      1      -0.308070   0.014647   0.951251
      2       0.098044  -0.994069   0.047059
 A Eigenvalues: 
                  0          1          2    
      0      -0.035429  -0.035813   0.069964
A(iso)  -0.000426
 Nucleus: 11 H  
 Isotope: 1 
 Nuclear Spin:  0.5 
 Prefactor (MHz): 533.551395 
 Raw A tensor (MHz): 
                  0          1          2    
      0      -0.025628   0.030331  -0.002907
      1       0.030328   0.059165  -0.008990
      2      -0.002906  -0.008989  -0.034888
 A Tensor eigenvectors:
                   0          1          2    
      0       0.949226   0.079766  -0.304315
      1      -0.309797   0.068704  -0.948317
      2      -0.054736   0.994443   0.089927
 A Eigenvalues: 
                  0          1          2    
      0      -0.035359  -0.035742   0.069750
A(iso)  -0.000450
 Nucleus: 13 H  
 Isotope: 1 
 Nuclear Spin:  0.5 
 Prefactor (MHz): 533.551395 
 Raw A tensor (MHz): 
                  0          1          2    
      0      -0.027307   0.011379   0.000516
      1       0.011369   0.056379   0.003727
      2       0.000516   0.003727  -0.028824
 A Tensor eigenvectors:
                   0          1          2    
      0       0.984318   0.116732   0.132255
      1      -0.136349   0.027782   0.990271
      2       0.111922  -0.992775   0.043262
 A Eigenvalues: 
                  0          1          2    
      0      -0.028823  -0.028989   0.058060
A(iso)  0.000082
 Nucleus: 14 H  
 Isotope: 1 
 Nuclear Spin:  0.5 
 Prefactor (MHz): 533.551395 
 Raw A tensor (MHz): 
                  0          1          2    
      0      -0.027171   0.011333  -0.001001
      1       0.011323   0.055655  -0.007386
      2      -0.001000  -0.007386  -0.028214
 A Tensor eigenvectors:
                   0          1          2    
      0       0.989188   0.062493  -0.132675
      1      -0.137398   0.078572  -0.987395
      2      -0.051281   0.994948   0.086309
 A Eigenvalues: 
                  0          1          2    
      0      -0.028692  -0.028860   0.057822
A(iso)  0.000090
 Nucleus: 16 H  
 Isotope: 1 
 Nuclear Spin:  0.5 
 Prefactor (MHz): 533.551395 
 Raw A tensor (MHz): 
                  0          1          2    
      0      -0.016460   0.015837  -0.001279
      1       0.015834   0.037047  -0.004639
      2      -0.001278  -0.004638  -0.020553
 A Tensor eigenvectors:
                   0          1          2    
      0       0.961213   0.082114  -0.263299
      1      -0.268300   0.057179  -0.961637
      2      -0.063909   0.994981   0.076992
 A Eigenvalues: 
                  0          1          2    
      0      -0.020795  -0.020925   0.041754
A(iso)  0.000011
 Nucleus: 17 H  
 Isotope: 1 
 Nuclear Spin:  0.5 
 Prefactor (MHz): 533.551395 
 Raw A tensor (MHz): 
                  0          1          2    
      0      -0.016522   0.015903   0.000639
      1       0.015900   0.037458   0.002288
      2       0.000639   0.002288  -0.020896
 A Tensor eigenvectors:
                   0          1          2    
      0       0.957735   0.116697   0.262916
      1      -0.265527   0.007133   0.964077
      2       0.110630  -0.993142   0.037818
 A Eigenvalues: 
                  0          1          2    
      0      -0.020856  -0.020988   0.041884
A(iso)  0.000013
 Nucleus: 19 H  
 Isotope: 1 
 Nuclear Spin:  0.5 
 Prefactor (MHz): 533.551395 
 Raw A tensor (MHz): 
                  0          1          2    
      0      -0.016445   0.006170  -0.000465
      1       0.006164   0.033469  -0.003813
      2      -0.000464  -0.003812  -0.016987
 A Tensor eigenvectors:
                   0          1          2    
      0       0.992590   0.015201  -0.120554
      1      -0.121348   0.073077  -0.989916
      2      -0.006238   0.997210   0.074380
 A Eigenvalues: 
                  0          1          2    
      0      -0.017195  -0.017273   0.034507
A(iso)  0.000013
 Nucleus: 20 H  
 Isotope: 1 
 Nuclear Spin:  0.5 
 Prefactor (MHz): 533.551395 
 Raw A tensor (MHz): 
                  0          1          2    
      0      -0.016495   0.006175   0.000215
      1       0.006169   0.033792   0.001752
      2       0.000215   0.001752  -0.017259
 A Tensor eigenvectors:
                   0          1          2    
      0       0.991627   0.047554   0.120056
      1      -0.121489   0.028479   0.992184
      2       0.043764  -0.998463   0.034018
 A Eigenvalues: 
                  0          1          2    
      0      -0.017242  -0.017320   0.034599
A(iso)  0.000012
 Nucleus: 22 H  
 Isotope: 1 
 Nuclear Spin:  0.5 
 Prefactor (MHz): 533.551395 
 Raw A tensor (MHz): 
                  0          1          2    
      0      -0.194066  -0.052909   0.028505
      1      -0.052999   0.355156  -0.099628
      2       0.028526  -0.099637  -0.195528
 A Tensor eigenvectors:
                   0          1          2    
      0      -0.811717   0.575554   0.099261
      1      -0.181441  -0.086955  -0.979550
      2      -0.555153  -0.813127   0.175012
 A Eigenvalues: 
                  0          1          2    
      0      -0.186405  -0.226359   0.378327
A(iso)  -0.011479
 Nucleus: 23 H  
 Isotope: 1 
 Nuclear Spin:  0.5 
 Prefactor (MHz): 533.551395 
 Raw A tensor (MHz): 
                  0          1          2    
      0      -0.191625  -0.058065  -0.025038
      1      -0.058156   0.364549   0.065594
      2      -0.025054   0.065606  -0.207166
 A Tensor eigenvectors:
                   0          1          2    
      0      -0.835616  -0.539054   0.105670
      1      -0.150985   0.040432  -0.987709
      2       0.528156  -0.841300  -0.115175
 A Eigenvalues: 
                  0          1          2    
      0      -0.186299  -0.226363   0.378420
A(iso)  -0.011414
 Nucleus: 25 H  
 Isotope: 1 
 Nuclear Spin:  0.5 
 Prefactor (MHz): 533.551395 
 Raw A tensor (MHz): 
                  0          1          2    
      0      -0.324640   0.285820   0.119356
      1       0.285782   0.421645   0.152678
      2       0.119370   0.152706  -0.396505
 A Tensor eigenvectors:
                   0          1          2    
      0      -0.651591  -0.684469   0.327004
      1       0.366311   0.093573   0.925776
      2      -0.664263   0.723012   0.189757
 A Eigenvalues: 
                  0          1          2    
      0      -0.363624  -0.489762   0.553887
A(iso)  -0.099833
 Nucleus: 26 H  
 Isotope: 1 
 Nuclear Spin:  0.5 
 Prefactor (MHz): 533.551395 
 Raw A tensor (MHz): 
                  0          1          2    
      0      -0.314171   0.285726  -0.132703
      1       0.285687   0.404308  -0.186293
      2      -0.132714  -0.186320  -0.387057
 A Tensor eigenvectors:
                   0          1          2    
      0      -0.676709   0.655541   0.335159
      1       0.401846  -0.052580   0.914196
      2       0.616916   0.753327  -0.227845
 A Eigenvalues: 
                  0          1          2    
      0      -0.362844  -0.489556   0.555481
A(iso)  -0.098973
 Nucleus: 28 H  
 Isotope: 1 
 Nuclear Spin:  0.5 
 Prefactor (MHz): 533.551395 
 Raw A tensor (MHz): 
                  0          1          2    
      0      -0.327572  -0.292108   0.194599
      1      -0.292423   1.350341  -0.518417
      2       0.194738  -0.518467  -0.324807
 A Tensor eigenvectors:
                   0          1          2    
      0       0.815493  -0.551646   0.175095
      1       0.297473   0.139991  -0.944411
      2       0.496468   0.822247   0.278262
 A Eigenvalues: 
                  0          1          2    
      0      -0.315715  -0.543631   1.557307
A(iso)  0.232654
 Nucleus: 29 H  
 Isotope: 1 
 Nuclear Spin:  0.5 
 Prefactor (MHz): 533.551395 
 Raw A tensor (MHz): 
                  0          1          2    
      0      -0.312653  -0.316550  -0.177505
      1      -0.316872   1.405704   0.415872
      2      -0.177627   0.415931  -0.383153
 A Tensor eigenvectors:
                   0          1          2    
      0       0.830234  -0.526624  -0.182699
      1       0.270968   0.094868   0.957902
      2      -0.487122  -0.844788   0.221461
 A Eigenvalues: 
                  0          1          2    
      0      -0.311882  -0.540512   1.562293
A(iso)  0.236633
 Nucleus: 31 H  
 Isotope: 1 
 Nuclear Spin:  0.5 
 Prefactor (MHz): 533.551395 
 Raw A tensor (MHz): 
                  0          1          2    
      0      -1.032603   1.309002  -0.921565
      1       1.308862   0.621298  -0.706086
      2      -0.921549  -0.706536  -1.567877
 A Tensor eigenvectors:
                   0          1          2    
      0      -0.557054   0.494860  -0.666937
      1       0.573852   0.809879   0.121616
      2       0.600321  -0.314976  -0.735122
 A Eigenvalues: 
                  0          1          2    
      0      -1.387995   1.695905  -2.287091
A(iso)  -0.659727
 Nucleus: 32 H  
 Isotope: 1 
 Nuclear Spin:  0.5 
 Prefactor (MHz): 533.551395 
 Raw A tensor (MHz): 
                  0          1          2    
      0      -1.080892   1.338401   0.864807
      1       1.338270   0.694209   0.621976
      2       0.864798   0.622432  -1.589131
 A Tensor eigenvectors:
                   0          1          2    
      0      -0.540005   0.486531   0.686791
      1       0.540279   0.826060  -0.160384
      2      -0.645362   0.284451  -0.708940
 A Eigenvalues: 
                  0          1          2    
      0      -1.386473   1.696805  -2.286146
A(iso)  -0.658605
 Nucleus: 34 H  
 Isotope: 1 
 Nuclear Spin:  0.5 
 Prefactor (MHz): 533.551395 
 Raw A tensor (MHz): 
                  0          1          2    
      0      -6.215303  -2.569664  -3.353536
      1      -2.571808  -0.334882   3.999395
      2      -3.354917   4.000002  -6.201284
 A Tensor eigenvectors:
                   0          1          2    
      0       0.381961  -0.685947  -0.619340
      1      -0.795146  -0.585462   0.158041
      2      -0.471008   0.432100  -0.769052
 A Eigenvalues: 
                  0          1          2    
      0       3.270119  -6.297175  -9.724412
A(iso)  -4.250490
 Nucleus: 35 H  
 Isotope: 1 
 Nuclear Spin:  0.5 
 Prefactor (MHz): 533.551395 
 Raw A tensor (MHz): 
                  0          1          2    
      0      -6.390142  -2.286930   3.469401
      1      -2.289011  -0.787225  -4.339608
      2       3.470891  -4.340158  -5.601612
 A Tensor eigenvectors:
                   0          1          2    
      0      -0.369839   0.675637   0.637757
      1       0.768926   0.607880  -0.198080
      2      -0.521510   0.417130  -0.744332
 A Eigenvalues: 
                  0          1          2    
      0       3.257534  -6.306841  -9.729672
A(iso)  -4.259660
 Nucleus: 37 H  
 Isotope: 1 
 Nuclear Spin:  0.5 
 Prefactor (MHz): 533.551395 
 Raw A tensor (MHz): 
                  0          1          2    
      0      35.417302   5.839330   3.359440
      1       5.840444  35.547052   3.661091
      2       3.363111   3.662101  31.522885
 A Tensor eigenvectors:
