-------------------------------------------------------------
----------------------- !PROPERTIES! ------------------------
-------------------------------------------------------------
# -----------------------------------------------------------
$ PAL_Flags
   description: The PAL Flags
   geom. index: 1
   prop. index: 1
        Diskflag:     2
# -----------------------------------------------------------
$ SCF_Energy
   description: The SCF energy
   geom. index: 1
   prop. index: 1
        SCF Energy:     -739.7702560518
# -----------------------------------------------------------
$ DFT_Energy
   description: The DFT energy
   geom. index: 1
   prop. index: 1
   Number of Alpha Electrons                 71.0001181405 
   Number of Beta  Electrons                 70.0001291026 
   Total number of  Electrons               141.0002472430 
   Exchange energy                          -85.5707497750 
   Correlation energy                        -5.4170373588 
   Correlation energy NL                      0.0000000000 
   Exchange-Correlation energy              -90.9877871338 
   Embedding correction                       0.0000000000 
   Total DFT Energy (No VdW correction)    -739.7702560518 
# -----------------------------------------------------------
$ Mayer_Pop
   description: The Mayer population analysis
   geom. index: 1
   prop. index: 1
     Number of atoms                     : 46
     Threshold for printing              : 0.1000000
     Number of bond orders printed       : 50
  NA   - Mulliken gross atomic population
  ZA   - Total nuclear charge
  QA   - Mulliken gross atomic charge
  VA   - Mayer's total valence
  BVA  - Mayer's bonded valence
  FA   - Mayer's free valence
  ATOM       NA         ZA         QA         VA         BVA        FA
  0   0     6.0045     6.0000    -0.0045     3.8170     3.8170     0.0000
  1   0     6.3312     6.0000    -0.3312     4.2383     4.2383     0.0000
  2   0     5.5006     6.0000     0.4994     3.7535     3.7535     0.0000
  3   0     6.4389     6.0000    -0.4389     4.3178     4.3178     0.0000
  4   0     5.5796     6.0000     0.4204     3.9256     3.9256     0.0000
  5   0     5.7248     6.0000     0.2752     3.8541     3.8541     0.0000
  6   0     6.2410     6.0000    -0.2410     4.1888     4.1888     0.0000
  7   0     0.8687     1.0000     0.1313     0.9644     0.9644    -0.0000
  8   0     0.8836     1.0000     0.1164     0.9690     0.9690     0.0000
  9   0     6.3982     6.0000    -0.3982     4.0081     4.0081     0.0000
 10   0     0.8519     1.0000     0.1481     0.9642     0.9642     0.0000
 11   0     0.8499     1.0000     0.1501     0.9637     0.9637     0.0000
 12   0     6.2669     6.0000    -0.2669     4.0108     4.0108     0.0000
 13   0     0.8548     1.0000     0.1452     0.9658     0.9658     0.0000
 14   0     0.8568     1.0000     0.1432     0.9663     0.9663     0.0000
 15   0     6.2655     6.0000    -0.2655     3.8906     3.8906     0.0000
 16   0     0.8565     1.0000     0.1435     0.9671     0.9671     0.0000
 17   0     0.8563     1.0000     0.1437     0.9670     0.9670     0.0000
 18   0     6.5110     6.0000    -0.5110     3.8990     3.8990     0.0000
 19   0     0.8396     1.0000     0.1604     0.9651     0.9651     0.0000
 20   0     0.8395     1.0000     0.1605     0.9650     0.9650     0.0000
 21   0     6.3904     6.0000    -0.3904     4.0357     4.0357    -0.0000
 22   0     0.8417     1.0000     0.1583     0.9619     0.9619     0.0000
 23   0     0.8414     1.0000     0.1586     0.9617     0.9617     0.0000
 24   0     6.2771     6.0000    -0.2771     3.9760     3.9760     0.0000
 25   0     0.8557     1.0000     0.1443     0.9673     0.9673     0.0000
 26   0     0.8553     1.0000     0.1447     0.9672     0.9672     0.0000
 27   0     6.2930     6.0000    -0.2930     3.9421     3.9421    -0.0000
 28   0     0.8538     1.0000     0.1462     0.9685     0.9685     0.0000
 29   0     0.8535     1.0000     0.1465     0.9684     0.9684     0.0000
 30   0     6.2887     6.0000    -0.2887     3.9295     3.9294     0.0001
 31   0     0.8521     1.0000     0.1479     0.9691     0.9691     0.0000
 32   0     0.8521     1.0000     0.1479     0.9691     0.9691     0.0000
 33   0     6.3093     6.0000    -0.3093     3.9061     3.9013     0.0048
 34   0     0.8406     1.0000     0.1594     0.9660     0.9660     0.0000
 35   0     0.8407     1.0000     0.1593     0.9660     0.9660     0.0000
 36   0     6.2308     6.0000    -0.2308     3.8781     3.8761     0.0020
 37   0     0.8498     1.0000     0.1502     0.9680     0.9679     0.0001
 38   0     0.8498     1.0000     0.1502     0.9681     0.9680     0.0001
 39   0     6.4363     6.0000    -0.4363     3.8496     2.9881     0.8615
 40   0     0.8317     1.0000     0.1683     0.9699     0.9679     0.0020
 41   0     0.8317     1.0000     0.1683     0.9699     0.9679     0.0020
 42   0     6.5365     6.0000    -0.5365     3.8961     3.8961     0.0000
 43   0     0.8184     1.0000     0.1816     0.9772     0.9772     0.0000
 44   0     0.8549     1.0000     0.1451     0.9665     0.9665    -0.0000
 45   0     0.8950     1.0000     0.1050     0.9597     0.9597     0.0000
      Bond orders larger than 0.1000000
           Atom A     A.N. of A          Atom B    A.N. of B              Bond order
                0             6               4            6                0.912313
                0             6              42            6                2.701580
                1             6               2            6                1.371331
                1             6               3            6                0.118679
                1             6               5            6                0.101836
                1             6               6            6                1.482942
                1             6              45            1                0.982133
                2             6               3            6                1.446946
                2             6               4            6                0.103622
                2             6               9            6                0.899209
                3             6               4            6                1.421726
                3             6               7            1                0.980667
                4             6               5            6                1.379947
                4             6               6            6                0.106938
                5             6               6            6                1.424631
                5             6              21            6                0.945068
                6             6               8            1                0.977565
                9             6              10            1                0.969143
                9             6              11            1                0.967786
                9             6              12            6                1.019088
               12             6              13            1                0.963889
               12             6              14            1                0.961986
               12             6              15            6                0.982473
               15             6              16            1                0.972890
               15             6              17            1                0.972549
               15             6              18            6                0.956348
               18             6              19            1                0.971959
               18             6              20            1                0.971806
               18             6              44            1                0.968615
               21             6              22            1                0.958236
               21             6              23            1                0.958756
               21             6              24            6                1.001661
               24             6              25            1                0.962943
               24             6              26            1                0.963217
               24             6              27            6                0.971986
               27             6              28            1                0.976518
               27             6              29            1                0.976788
               27             6              30            6                0.968283
               30             6              31            1                0.980891
               30             6              32            1                0.980871
               30             6              33            6                0.954673
               33             6              34            1                0.979159
               33             6              35            1                0.979062
               33             6              36            6                0.934881
               36             6              37            1                0.978221
               36             6              38            1                0.978273
               36             6              39            6                0.973156
               39             6              40            1                0.973739
               39             6              41            1                0.973738
               42             6              43            1                0.983172
# -----------------------------------------------------------
$ Calculation_Info
   description: Details of the calculation
   geom. index: 1
   prop. index: 1
     Multiplicity:                          2
     Charge:                                0
     number of atoms:                       46
     number of electrons:                   0
     number of frozen core electrons:       1
     number of correlated electrons:        0
     number of basis functions:             512
     number of aux C basis functions:       3496
     number of aux J basis functions:       3496
     number of aux JK basis functions:      3496
     number of aux CABS basis functions:    0
     Total Energy                           -739.770256
# -----------------------------------------------------------
$ SCF_Electric_Properties
   description: The SCF Calculated Electric Properties
   geom. index: 1
   prop. index: 1
       Filename                          : EPRII.scfp 
       Do Dipole Moment Calculation      : true 
       Do Quadrupole Moment Calculation  : false 
       Do Polarizability Calculation     : false 
** Dipole moment part of electric properties **
        Magnitude of dipole moment (Debye) :        0.9069538217
        Electronic Contribution:
                  0    
      0       4.291112
      1      -7.808892
      2       0.336057
        Nuclear Contribution:
                  0    
      0      -4.617844
      1       7.665512
      2      -0.338434
        Total Dipole moment:
                  0    
      0      -0.326732
      1      -0.143380
      2      -0.002378
# -----------------------------------------------------------
$ EPRNMR_GTensor
   description: Electronic g tensor
   geom. index: 1
   prop. index: 1
 Source density: 1 SCF 
 Spin multiplicity: 2 
 raw g tensor: 
                  0          1          2    
      0       2.002727   0.000234  -0.000009
      1       0.000230   2.002565   0.000013
      2      -0.000009   0.000014   2.003025
 g tensor: 
                  0          1          2    
      0      -0.578875   0.815329   0.011943
      1       0.815013   0.578987  -0.022978
      2      -0.025649  -0.003567  -0.999665
 G eigenvalues: 
                  0          1          2    
      0       2.002400   2.002891   2.003025
# -----------------------------------------------------------
$ EPRNMR_OrbitalShielding
   description: Orbital contribution to the NMR Shielding tensor (ppm)
   geom. index: 1
   prop. index: 1
 Number of stored nuclei 27
 Source density: 1 SCF 
 Nucleus: 7 H 
 Shielding tensor (ppm): 
                  0          1          2    
      0     -24.667305 137.013980  -4.956332
      1     -232.416582  66.065208  -8.026013
      2       5.339760   3.020769  30.171513
 P Tensor eigenvectors:
                   0          1          2    
      0      -0.031760  -0.422286   0.905906
      1       0.023507  -0.906428  -0.421705
      2       0.999219   0.007902   0.038714
 P Eigenvalues: 
                  0          1          2    
      0      30.077524  13.400159  28.091733
P(iso)  23.856472
 Nucleus: 8 H 
 Shielding tensor (ppm): 
                  0          1          2    
      0      96.542825 -97.593708   3.207882
      1      52.721164  26.076667   3.201985
      2      -1.048784  -1.160285  85.218037
 P Tensor eigenvectors:
                   0          1          2    
      0       0.664536   0.029621  -0.746669
      1       0.747250  -0.030502   0.663843
      2      -0.003111  -0.999096  -0.042404
 P Eigenvalues: 
                  0          1          2    
      0      34.903910  85.211815  87.721803
P(iso)  69.279176
 Nucleus: 10 H 
 Shielding tensor (ppm): 
                  0          1          2    
      0      60.303663 -268.271139 174.443398
      1     361.538774  -1.076820 352.356776
      2     -120.954932 -258.242977  32.226087
 P Tensor eigenvectors:
                   0          1          2    
      0      -0.647612   0.383935   0.658173
      1       0.341858   0.918366  -0.199342
      2       0.680978  -0.095906   0.725996
 P Eigenvalues: 
                  0          1          2    
      0      17.781755  30.904100  42.767076
P(iso)  30.484310
 Nucleus: 11 H 
 Shielding tensor (ppm): 
                  0          1          2    
      0      60.265112 -274.643854 -165.790160
      1     365.162013  -4.203306 -352.539962
      2     107.114706 261.487380  36.087891
 P Tensor eigenvectors:
                   0          1          2    
      0       0.650027   0.386014   0.654567
      1      -0.316644   0.920620  -0.228463
      2       0.690798   0.058758  -0.720657
 P Eigenvalues: 
                  0          1          2    
      0      17.201885  31.453467  43.494345
P(iso)  30.716565
 Nucleus: 13 H 
 Shielding tensor (ppm): 
                  0          1          2    
      0      34.405217 294.266302 111.033753
      1     -396.162313  72.792415 463.811769
      2     -84.516132 -338.426880  84.609008
 P Tensor eigenvectors:
                   0          1          2    
      0      -0.753416   0.198820  -0.626765
      1       0.156565   0.980019   0.122675
      2      -0.638632   0.005704   0.769491
 P Eigenvalues: 
                  0          1          2    
      0      68.063575  52.152163  71.590902
P(iso)  63.935547
 Nucleus: 14 H 
 Shielding tensor (ppm): 
                  0          1          2    
      0      33.553204 288.206870 -122.723328
      1     -390.487858  67.980381 -463.210730
      2      98.428525 338.637728  88.628082
 P Tensor eigenvectors:
                   0          1          2    
      0      -0.755275   0.200854   0.623872
      1       0.180269   0.978833  -0.096894
      2       0.630129  -0.039283   0.775496
 P Eigenvalues: 
                  0          1          2    
      0      67.877788  51.496435  70.787444
P(iso)  63.387222
 Nucleus: 16 H 
 Shielding tensor (ppm): 
                  0          1          2    
      0      29.228552 -357.537278 -167.065826
      1     491.866438  -8.035475 -526.173679
      2     106.065537 382.967583  -6.779966
 P Tensor eigenvectors:
                   0          1          2    
      0       0.714993   0.230404   0.660075
      1      -0.217050   0.970637  -0.103699
      2       0.664585   0.069125  -0.744008
 P Eigenvalues: 
                  0          1          2    
      0     -17.605980  13.409882  18.609209
P(iso)  4.804370
 Nucleus: 17 H 
 Shielding tensor (ppm): 
                  0          1          2    
      0      29.205797 -348.750258 180.785298
      1     484.437093  -2.526585 529.374670
      2     -125.219092 -385.537761 -11.722858
 P Tensor eigenvectors:
                   0          1          2    
      0       0.718903   0.230997  -0.655605
      1      -0.242611   0.967239   0.074764
      2      -0.651397  -0.105309  -0.751393
 P Eigenvalues: 
                  0          1          2    
      0     -16.984159  13.378267  18.562246
P(iso)  4.985451
 Nucleus: 19 H 
 Shielding tensor (ppm): 
                  0          1          2    
      0     -24.957147 395.780448 -120.598911
      1     -501.643296  55.033361 -580.968107
      2      90.577764 419.994037  14.132014
 P Tensor eigenvectors:
                   0          1          2    
      0      -0.742674   0.238049   0.625913
      1       0.144756   0.969653  -0.197023
      2       0.653820   0.055719   0.754596
 P Eigenvalues: 
                  0          1          2    
      0       4.152046  16.842319  23.213863
P(iso)  14.736076
 Nucleus: 20 H 
 Shielding tensor (ppm): 
                  0          1          2    
      0     -25.025062 402.064644 105.112364
      1     -507.419761  61.091344 577.612404
      2     -71.873160 -420.702212   8.234887
 P Tensor eigenvectors:
                   0          1          2    
      0       0.740021   0.238064   0.629042
      1      -0.119819   0.966965  -0.224995
      2       0.661825  -0.091130  -0.744099
 P Eigenvalues: 
                  0          1          2    
      0       3.957761  16.971161  23.372247
P(iso)  14.767056
 Nucleus: 22 H 
 Shielding tensor (ppm): 
                  0          1          2    
      0      97.184455 -47.917225  86.354944
      1      72.549156  34.256874  89.296390
      2     -52.629072 -62.961638  91.236700
 P Tensor eigenvectors:
                   0          1          2    
      0       0.379808  -0.748307   0.543860
      1      -0.807419  -0.555086  -0.199887
      2      -0.451466   0.363204   0.815022
 P Eigenvalues: 
                  0          1          2    
      0      51.211023  72.766446  98.700560
P(iso)  74.226010
 Nucleus: 23 H 
 Shielding tensor (ppm): 
                  0          1          2    
      0      98.172650 -55.232853 -83.105256
      1      78.761694  32.790080 -83.558494
      2      48.432996  64.208870  90.904479
 P Tensor eigenvectors:
                   0          1          2    
      0      -0.363564   0.733861  -0.573820
      1       0.778917   0.577348   0.244862
      2      -0.510989   0.357935   0.781520
 P Eigenvalues: 
                  0          1          2    
      0      51.203625  72.310290  98.353293
P(iso)  73.955736
 Nucleus: 25 H 
 Shielding tensor (ppm): 
                  0          1          2    
      0      89.849905 124.693714 -23.813578
      1     -181.765892  48.514453 -207.399223
      2      26.108900 153.179652 109.304478
 P Tensor eigenvectors:
                   0          1          2    
      0       0.768892   0.031767   0.638589
      1      -0.080009  -0.986134   0.145390
      2      -0.634353   0.162882   0.755689
 P Eigenvalues: 
                  0          1          2    
      0      97.053479  60.677677  89.937680
P(iso)  82.556278
 Nucleus: 26 H 
 Shielding tensor (ppm): 
                  0          1          2    
      0      90.369659 131.615974  16.066784
      1     -190.937551  51.711633 202.886012
      2     -16.311878 -145.253362 106.607502
 P Tensor eigenvectors:
                   0          1          2    
      0       0.743010   0.039777  -0.668097
      1      -0.042447  -0.993422  -0.106353
      2       0.667933  -0.107380   0.736434
 P Eigenvalues: 
                  0          1          2    
      0      97.659563  60.898826  90.130405
P(iso)  82.896265
 Nucleus: 28 H 
 Shielding tensor (ppm): 
                  0          1          2    
      0      86.776725 -214.190369  91.727622
      1     284.659012  22.452123 319.393934
      2     -60.105469 -231.437591  73.005004
 P Tensor eigenvectors:
                   0          1          2    
      0      -0.716345   0.295649   0.632014
      1       0.216233   0.955264  -0.201776
      2       0.663395   0.007879   0.748228
 P Eigenvalues: 
                  0          1          2    
      0      64.382546  48.715387  69.135920
P(iso)  60.744618
 Nucleus: 29 H 
 Shielding tensor (ppm): 
                  0          1          2    
      0      87.091352 -225.138325 -80.168147
      1     296.619136  18.050334 -308.742007
      2      45.620746 228.024417  75.754305
 P Tensor eigenvectors:
                   0          1          2    
      0      -0.697305   0.295000  -0.653254
      1       0.181377   0.954339   0.237358
      2      -0.693447  -0.047026   0.718971
 P Eigenvalues: 
                  0          1          2    
      0      63.775003  48.412000  68.708987
P(iso)  60.298664
 Nucleus: 31 H 
 Shielding tensor (ppm): 
                  0          1          2    
      0      69.388158 300.543430  26.439374
      1     -406.729240  49.606869 420.326978
      2     -21.403741 -304.001903  87.747575
 P Tensor eigenvectors:
                   0          1          2    
      0      -0.721557  -0.012324  -0.692245
      1       0.037214  -0.999087  -0.021004
      2      -0.691354  -0.040917   0.721356
 P Eigenvalues: 
                  0          1          2    
      0      80.506543  53.124186  73.111873
P(iso)  68.914201
 Nucleus: 32 H 
 Shielding tensor (ppm): 
                  0          1          2    
      0      68.803310 290.336385 -41.615035
      1     -393.422883  43.820931 -429.589275
      2      40.783898 314.280704  92.789384
 P Tensor eigenvectors:
                   0          1          2    
      0      -0.740583   0.015208   0.671793
      1       0.071015   0.995917   0.055741
      2       0.668202  -0.088989   0.738639
 P Eigenvalues: 
                  0          1          2    
      0      79.748156  52.873495  72.791974
P(iso)  68.471208
 Nucleus: 34 H 
 Shielding tensor (ppm): 
                  0          1          2    
      0      62.889696 -363.879259 -84.071938
      1     487.279052  11.077765 -516.064796
      2      45.286873 373.739669  52.065807
 P Tensor eigenvectors:
                   0          1          2    
      0       0.720070   0.171256   0.672436
      1      -0.110701   0.985006  -0.132318
      2       0.685014  -0.020839  -0.728232
 P Eigenvalues: 
                  0          1          2    
      0      39.000915  36.490963  50.541391
P(iso)  42.011089
 Nucleus: 35 H 
 Shielding tensor (ppm): 
                  0          1          2    
      0      62.815404 -350.328218 101.624266
      1     471.630806  18.116788 529.600650
      2     -68.117235 -381.098705  46.720086
 P Tensor eigenvectors:
                   0          1          2    
      0      -0.736616   0.172356   0.653981
      1       0.143099   0.984808  -0.098365
      2       0.660999  -0.021127   0.750089
 P Eigenvalues: 
                  0          1          2    
      0      39.813248  36.835240  51.003789
P(iso)  42.550759
 Nucleus: 37 H 
 Shielding tensor (ppm): 
                  0          1          2    
      0      24.039625 417.568862 -50.114252
      1     -558.797569  40.348684 -608.318892
      2      42.833993 434.169367  56.208923
 P Tensor eigenvectors:
                   0          1          2    
      0      -0.736387   0.061906   0.673722
      1       0.051536   0.998044  -0.035378
      2       0.674595  -0.008669   0.738137
 P Eigenvalues: 
                  0          1          2    
      0      41.644274  33.072258  45.880699
P(iso)  40.199077
 Nucleus: 38 H 
 Shielding tensor (ppm): 
                  0          1          2    
      0      24.535843 429.727139  29.479409
      1     -574.693961  48.538415 595.503061
      2     -16.637451 -424.137550  48.982116
 P Tensor eigenvectors:
                   0          1          2    
      0      -0.720210  -0.061407  -0.691033
      1       0.019196  -0.997458   0.068629
      2      -0.693490   0.036162   0.719558
 P Eigenvalues: 
                  0          1          2    
      0      42.438552  33.359541  46.258282
P(iso)  40.685458
 Nucleus: 40 H 
 Shielding tensor (ppm): 
                  0          1          2    
      0     -85.365115 -167.979941  93.583560
      1     268.878967  24.361685 651.020948
      2     -47.471611 -441.605241 -132.045267
 P Tensor eigenvectors:
                   0          1          2    
      0       0.930411   0.001107   0.366516
      1      -0.085313  -0.971874   0.219506
      2      -0.356451   0.235499   0.904148
 P Eigenvalues: 
                  0          1          2    
      0     -107.431026 -32.339414 -53.278257
P(iso)  -64.349566
 Nucleus: 41 H 
 Shielding tensor (ppm): 
                  0          1          2    
      0     -84.763337 -182.915456 -84.087260
      1     287.016245  14.270496 -649.441685
      2      35.327805 429.179340 -123.752777
 P Tensor eigenvectors:
                   0          1          2    
      0       0.920948   0.007011  -0.389622
      1      -0.067817  -0.981697  -0.177965
      2       0.383739  -0.190320   0.903617
 P Eigenvalues: 
                  0          1          2    
      0     -108.050636 -32.538245 -53.656737
P(iso)  -64.748539
 Nucleus: 43 H 
 Shielding tensor (ppm): 
                  0          1          2    
      0      50.379902  82.298736   0.966325
      1     -159.186164 -86.557851  -3.523366
      2       7.091015   2.422579 -71.877045
 P Tensor eigenvectors:
                   0          1          2    
      0      -0.567070  -0.024871  -0.823294
      1       0.822905   0.025968  -0.567586
      2      -0.035496   0.999353  -0.005741
 P Eigenvalues: 
                  0          1          2    
      0      -6.431145 -71.990494 -29.633355
P(iso)  -36.018331
 Nucleus: 44 H 
 Shielding tensor (ppm): 
                  0          1          2    
      0     -145.576174 -136.712925   2.617583
      1     281.541411  20.032182  -2.904667
      2      -5.435432  -4.154694 -173.936174
 P Tensor eigenvectors:
                   0          1          2    
      0      -0.276795  -0.003483  -0.960923
      1       0.960727   0.019477  -0.276809
      2      -0.019680   0.999804   0.002045
 P Eigenvalues: 
                  0          1          2    
      0     -31.126408 -173.999727 -94.354030
P(iso)  -99.826722
 Nucleus: 45 H 
 Shielding tensor (ppm): 
                  0          1          2    
      0      75.393985 -182.230819   6.327034
      1     238.826784 -29.227849   7.482547
      2      -5.421092  -2.882451  27.557987
 P Tensor eigenvectors:
                   0          1          2    
      0      -0.024670   0.464566  -0.885195
      1       0.028201   0.885435   0.463906
      2       0.999298  -0.013518  -0.034945
 P Eigenvalues: 
                  0          1          2    
      0      27.609867  16.581799  29.532457
P(iso)  24.574708
# -----------------------------------------------------------
$ EPRNMR_ATensor
   description: Hyperfine A tensor
   geom. index: 1
   prop. index: 1
 Number of stored nuclei 27
 Source density: 1 SCF 
 Spin multiplicity: 2 
 Nucleus: 7 H  
 Isotope: 1 
 Nuclear Spin:  0.5 
 Prefactor (MHz): 533.551395 
 Raw A tensor (MHz): 
                  0          1          2    
      0      -0.038145   0.005216  -0.000120
      1       0.005193   0.095493  -0.003459
      2      -0.000119  -0.003459  -0.039084
 A Tensor eigenvectors:
                   0          1          2    
      0       0.999090  -0.017406  -0.038927
      1      -0.038461   0.026349  -0.998913
      2       0.018413   0.999501   0.025656
 A Eigenvalues: 
                  0          1          2    
      0      -0.038347  -0.039173   0.095784
A(iso)  0.006088
 Nucleus: 8 H  
 Isotope: 1 
 Nuclear Spin:  0.5 
 Prefactor (MHz): 533.551395 
 Raw A tensor (MHz): 
                  0          1          2    
      0      -0.073127   0.145812  -0.001739
      1       0.145800   0.216022  -0.005135
      2      -0.001739  -0.005135  -0.146252
 A Tensor eigenvectors:
                   0          1          2    
      0       0.922805  -0.022521  -0.384608
      1      -0.384119   0.023227  -0.922991
      2       0.029720   0.999477   0.012783
 A Eigenvalues: 
                  0          1          2    
      0      -0.133873  -0.146332   0.276849
A(iso)  -0.001119
 Nucleus: 10 H  
 Isotope: 1 
 Nuclear Spin:  0.5 
 Prefactor (MHz): 533.551395 
 Raw A tensor (MHz): 
                  0          1          2    
      0      -0.025452   0.030359   0.001579
      1       0.030354   0.059453   0.004805
      2       0.001578   0.004805  -0.035320
 A Tensor eigenvectors:
                   0          1          2    
      0       0.946700   0.103307   0.305102
      1      -0.308405   0.017284   0.951098
      2       0.092982  -0.994499   0.048223
 A Eigenvalues: 
                  0          1          2    
      0      -0.035185  -0.035568   0.069434
A(iso)  -0.000440
 Nucleus: 11 H  
 Isotope: 1 
 Nuclear Spin:  0.5 
 Prefactor (MHz): 533.551395 
 Raw A tensor (MHz): 
                  0          1          2    
      0      -0.025492   0.030223  -0.002840
      1       0.030219   0.058847  -0.008763
      2      -0.002840  -0.008762  -0.034768
 A Tensor eigenvectors:
                   0          1          2    
      0       0.948632   0.084949  -0.304765
      1      -0.310500   0.065073  -0.948343
      2      -0.060729   0.994258   0.088107
 A Eigenvalues: 
                  0          1          2    
      0      -0.035201  -0.035584   0.069372
A(iso)  -0.000471
 Nucleus: 13 H  
 Isotope: 1 
 Nuclear Spin:  0.5 
 Prefactor (MHz): 533.551395 
 Raw A tensor (MHz): 
                  0          1          2    
      0      -0.027076   0.011412   0.000526
      1       0.011401   0.055936   0.003763
      2       0.000526   0.003763  -0.028607
 A Tensor eigenvectors:
                   0          1          2    
      0       0.984030   0.117590   0.133630
      1      -0.137825   0.028255   0.990054
      2       0.112645  -0.992660   0.044011
 A Eigenvalues: 
                  0          1          2    
      0      -0.028613  -0.028776   0.057643
A(iso)  0.000084
 Nucleus: 14 H  
 Isotope: 1 
 Nuclear Spin:  0.5 
 Prefactor (MHz): 533.551395 
 Raw A tensor (MHz): 
                  0          1          2    
      0      -0.027016   0.011383  -0.000989
      1       0.011372   0.055398  -0.007225
      2      -0.000988  -0.007225  -0.028103
 A Tensor eigenvectors:
                   0          1          2    
      0       0.988730   0.067003  -0.133877
      1      -0.138867   0.076379  -0.987361
      2      -0.055931   0.994825   0.084823
 A Eigenvalues: 
                  0          1          2    
      0      -0.028558  -0.028724   0.057561
A(iso)  0.000093
 Nucleus: 16 H  
 Isotope: 1 
 Nuclear Spin:  0.5 
 Prefactor (MHz): 533.551395 
 Raw A tensor (MHz): 
                  0          1          2    
      0      -0.016371   0.015747  -0.001263
      1       0.015744   0.036846  -0.004578
      2      -0.001263  -0.004578  -0.020445
 A Tensor eigenvectors:
                   0          1          2    
      0       0.960569   0.089435  -0.263265
      1      -0.268651   0.054542  -0.961692
      2      -0.071650   0.994498   0.076418
 A Eigenvalues: 
                  0          1          2    
      0      -0.020680  -0.020809   0.041520
A(iso)  0.000010
 Nucleus: 17 H  
 Isotope: 1 
 Nuclear Spin:  0.5 
 Prefactor (MHz): 533.551395 
 Raw A tensor (MHz): 
                  0          1          2    
      0      -0.016390   0.015784   0.000632
      1       0.015780   0.037163   0.002262
      2       0.000631   0.002262  -0.020733
 A Tensor eigenvectors:
                   0          1          2    
      0       0.958014   0.114196   0.263000
      1      -0.265574   0.007676   0.964060
      2       0.108072  -0.993429   0.037682
 A Eigenvalues: 
                  0          1          2    
      0      -0.020693  -0.020823   0.041557
A(iso)  0.000014
 Nucleus: 19 H  
 Isotope: 1 
 Nuclear Spin:  0.5 
 Prefactor (MHz): 533.551395 
 Raw A tensor (MHz): 
                  0          1          2    
      0      -0.016372   0.006170  -0.000462
      1       0.006163   0.033330  -0.003774
      2      -0.000462  -0.003774  -0.016920
 A Tensor eigenvectors:
                   0          1          2    
      0       0.992487   0.017846  -0.121044
      1      -0.122027   0.072304  -0.989890
      2      -0.008914   0.997223   0.073938
 A Eigenvalues: 
                  0          1          2    
      0      -0.017125  -0.017202   0.034366
A(iso)  0.000013
 Nucleus: 20 H  
 Isotope: 1 
 Nuclear Spin:  0.5 
 Prefactor (MHz): 533.551395 
 Raw A tensor (MHz): 
                  0          1          2    
      0      -0.016383   0.006175   0.000213
      1       0.006168   0.033571   0.001723
      2       0.000213   0.001723  -0.017152
 A Tensor eigenvectors:
                   0          1          2    
      0       0.991640   0.045330   0.120811
      1      -0.122165   0.028369   0.992104
      2       0.041545  -0.998569   0.033670
 A Eigenvalues: 
                  0          1          2    
      0      -0.017134  -0.017211   0.034381
A(iso)  0.000012
 Nucleus: 22 H  
 Isotope: 1 
 Nuclear Spin:  0.5 
 Prefactor (MHz): 533.551395 
 Raw A tensor (MHz): 
                  0          1          2    
      0      -0.192643  -0.052726   0.028695
      1      -0.052819   0.354862  -0.096686
      2       0.028716  -0.096696  -0.195289
 A Tensor eigenvectors:
                   0          1          2    
      0      -0.811023   0.576520   0.099327
      1      -0.179099  -0.083052  -0.980319
      2      -0.556924  -0.812851   0.170611
 A Eigenvalues: 
                  0          1          2    
      0      -0.184589  -0.225521   0.377040
A(iso)  -0.011023
 Nucleus: 23 H  
 Isotope: 1 
 Nuclear Spin:  0.5 
 Prefactor (MHz): 533.551395 
 Raw A tensor (MHz): 
                  0          1          2    
      0      -0.190426  -0.057209  -0.025646
      1      -0.057302   0.361708   0.067786
      2      -0.025663   0.067798  -0.205284
 A Tensor eigenvectors:
                   0          1          2    
      0      -0.833245  -0.542817   0.105128
      1      -0.153186   0.043952  -0.987219
      2       0.531259  -0.838700  -0.119775
 A Eigenvalues: 
                  0          1          2    
      0      -0.184600  -0.225436   0.376035
A(iso)  -0.011334
 Nucleus: 25 H  
 Isotope: 1 
 Nuclear Spin:  0.5 
 Prefactor (MHz): 533.551395 
 Raw A tensor (MHz): 
                  0          1          2    
      0      -0.322576   0.284165   0.121471
      1       0.284123   0.418132   0.155150
      2       0.121485   0.155178  -0.392219
 A Tensor eigenvectors:
                   0          1          2    
      0      -0.648935  -0.686677   0.327657
      1       0.369614   0.091900   0.924629
      2      -0.665033   0.721131   0.194168
 A Eigenvalues: 
                  0          1          2    
      0      -0.359922  -0.488141   0.551400
A(iso)  -0.098888
 Nucleus: 26 H  
 Isotope: 1 
 Nuclear Spin:  0.5 
 Prefactor (MHz): 533.551395 
 Raw A tensor (MHz): 
                  0          1          2    
      0      -0.311977   0.285166  -0.132338
      1       0.285123   0.404387  -0.181419
      2      -0.132349  -0.181447  -0.385817
 A Tensor eigenvectors:
                   0          1          2    
      0      -0.673883   0.658137   0.335764
      1       0.399467  -0.057747   0.914927
      2       0.621536   0.750681  -0.223989
 A Eigenvalues: 
                  0          1          2    
      0      -0.358939  -0.487912   0.553443
A(iso)  -0.097802
 Nucleus: 28 H  
 Isotope: 1 
 Nuclear Spin:  0.5 
 Prefactor (MHz): 533.551395 
 Raw A tensor (MHz): 
                  0          1          2    
      0      -0.333078  -0.289109   0.194514
      1      -0.289430   1.345438  -0.508642
      2       0.194653  -0.508693  -0.335580
 A Tensor eigenvectors:
                   0          1          2    
      0       0.814383  -0.553660   0.173899
      1       0.294431   0.135967  -0.945951
      2       0.500091   0.821568   0.273744
 A Eigenvalues: 
                  0          1          2    
      0      -0.318216  -0.550847   1.545842
A(iso)  0.225593
 Nucleus: 29 H  
 Isotope: 1 
 Nuclear Spin:  0.5 
 Prefactor (MHz): 533.551395 
 Raw A tensor (MHz): 
                  0          1          2    
      0      -0.319457  -0.311621  -0.180258
      1      -0.311947   1.389605   0.422534
      2      -0.180383   0.422593  -0.386400
 A Tensor eigenvectors:
                   0          1          2    
      0      -0.829327   0.528472  -0.181476
      1      -0.272417  -0.098839   0.957089
      2       0.487858   0.843177   0.225935
 A Eigenvalues: 
                  0          1          2    
      0      -0.315842  -0.548915   1.548504
A(iso)  0.227916
 Nucleus: 31 H  
 Isotope: 1 
 Nuclear Spin:  0.5 
 Prefactor (MHz): 533.551395 
 Raw A tensor (MHz): 
                  0          1          2    
      0      -1.023665   1.313798  -0.915816
      1       1.313650   0.625138  -0.688971
      2      -0.915803  -0.689422  -1.563166
 A Tensor eigenvectors:
                   0          1          2    
      0      -0.553116   0.496446  -0.669032
      1       0.571456   0.810441   0.128930
      2       0.606218  -0.311009  -0.731965
 A Eigenvalues: 
                  0          1          2    
      0      -1.377338   1.694468  -2.278824
A(iso)  -0.653898
 Nucleus: 32 H  
 Isotope: 1 
 Nuclear Spin:  0.5 
 Prefactor (MHz): 533.551395 
 Raw A tensor (MHz): 
                  0          1          2    
      0      -1.071722   1.334641   0.871683
      1       1.334504   0.684091   0.627719
      2       0.871677   0.628174  -1.569944
 A Tensor eigenvectors:
                   0          1          2    
      0      -0.535703   0.488156   0.689004
      1       0.543908   0.823625  -0.160644
      2      -0.645900   0.288698  -0.706730
 A Eigenvalues: 
                  0          1          2    
      0      -1.375845   1.695286  -2.277016
A(iso)  -0.652525
 Nucleus: 34 H  
 Isotope: 1 
 Nuclear Spin:  0.5 
 Prefactor (MHz): 533.551395 
 Raw A tensor (MHz): 
                  0          1          2    
      0      -6.142835  -2.539499  -3.374065
      1      -2.541654  -0.252364   4.024758
      2      -3.375461   4.025361  -6.068460
 A Tensor eigenvectors:
                   0          1          2    
      0       0.380225  -0.684583  -0.621912
      1      -0.793932  -0.586515   0.160225
      2      -0.474448   0.432834  -0.766520
 A Eigenvalues: 
                  0          1          2    
      0       3.370607  -6.186431  -9.647835
A(iso)  -4.154553
 Nucleus: 35 H  
 Isotope: 1 
 Nuclear Spin:  0.5 
 Prefactor (MHz): 533.551395 
 Raw A tensor (MHz): 
                  0          1          2    
      0      -6.321326  -2.285940   3.465301
      1      -2.288046  -0.619744  -4.316530
      2       3.466787  -4.317076  -5.539974
 A Tensor eigenvectors:
                   0          1          2    
      0      -0.367652   0.673758   0.641001
      1       0.772535   0.604990  -0.192812
      2      -0.517708   0.424308  -0.742927
 A Eigenvalues: 
                  0          1          2    
      0       3.362397  -6.192748  -9.650693
A(iso)  -4.160348
 Nucleus: 37 H  
 Isotope: 1 
 Nuclear Spin:  0.5 
 Prefactor (MHz): 533.551395 
 Raw A tensor (MHz): 
                  0          1          2    
      0      34.293244   5.827424   3.364725
      1       5.828515  34.386121   3.680216
      2       3.368455   3.681222  30.385042
 A Tensor eigenvectors:
