-------------------------------------------------------------
----------------------- !PROPERTIES! ------------------------
-------------------------------------------------------------
# -----------------------------------------------------------
$ PAL_Flags
   description: The PAL Flags
   geom. index: 1
   prop. index: 1
        Diskflag:     2
# -----------------------------------------------------------
$ SCF_Energy
   description: The SCF energy
   geom. index: 1
   prop. index: 1
        SCF Energy:     -739.7702560496
# -----------------------------------------------------------
$ DFT_Energy
   description: The DFT energy
   geom. index: 1
   prop. index: 1
   Number of Alpha Electrons                 71.0001181409 
   Number of Beta  Electrons                 70.0001291026 
   Total number of  Electrons               141.0002472435 
   Exchange energy                          -85.5707524773 
   Correlation energy                        -5.4170375423 
   Correlation energy NL                      0.0000000000 
   Exchange-Correlation energy              -90.9877900196 
   Embedding correction                       0.0000000000 
   Total DFT Energy (No VdW correction)    -739.7702560496 
# -----------------------------------------------------------
$ Mayer_Pop
   description: The Mayer population analysis
   geom. index: 1
   prop. index: 1
     Number of atoms                     : 46
     Threshold for printing              : 0.1000000
     Number of bond orders printed       : 50
  NA   - Mulliken gross atomic population
  ZA   - Total nuclear charge
  QA   - Mulliken gross atomic charge
  VA   - Mayer's total valence
  BVA  - Mayer's bonded valence
  FA   - Mayer's free valence
  ATOM       NA         ZA         QA         VA         BVA        FA
  0   0     6.0045     6.0000    -0.0045     3.8170     3.8170     0.0000
  1   0     6.3312     6.0000    -0.3312     4.2383     4.2383     0.0000
  2   0     5.5006     6.0000     0.4994     3.7534     3.7534     0.0000
  3   0     6.4389     6.0000    -0.4389     4.3178     4.3178     0.0000
  4   0     5.5796     6.0000     0.4204     3.9255     3.9255     0.0000
  5   0     5.7248     6.0000     0.2752     3.8541     3.8541     0.0000
  6   0     6.2410     6.0000    -0.2410     4.1888     4.1888     0.0000
  7   0     0.8687     1.0000     0.1313     0.9644     0.9644    -0.0000
  8   0     0.8836     1.0000     0.1164     0.9690     0.9690     0.0000
  9   0     6.3982     6.0000    -0.3982     4.0081     4.0081     0.0000
 10   0     0.8519     1.0000     0.1481     0.9642     0.9642     0.0000
 11   0     0.8499     1.0000     0.1501     0.9637     0.9637     0.0000
 12   0     6.2669     6.0000    -0.2669     4.0108     4.0108     0.0000
 13   0     0.8548     1.0000     0.1452     0.9658     0.9658     0.0000
 14   0     0.8568     1.0000     0.1432     0.9663     0.9663     0.0000
 15   0     6.2655     6.0000    -0.2655     3.8906     3.8906     0.0000
 16   0     0.8565     1.0000     0.1435     0.9671     0.9671    -0.0000
 17   0     0.8563     1.0000     0.1437     0.9670     0.9670     0.0000
 18   0     6.5110     6.0000    -0.5110     3.8990     3.8990    -0.0000
 19   0     0.8396     1.0000     0.1604     0.9651     0.9651     0.0000
 20   0     0.8395     1.0000     0.1605     0.9650     0.9650     0.0000
 21   0     6.3904     6.0000    -0.3904     4.0357     4.0357    -0.0000
 22   0     0.8417     1.0000     0.1583     0.9619     0.9619     0.0000
 23   0     0.8414     1.0000     0.1586     0.9617     0.9617     0.0000
 24   0     6.2771     6.0000    -0.2771     3.9760     3.9760     0.0000
 25   0     0.8557     1.0000     0.1443     0.9673     0.9673     0.0000
 26   0     0.8553     1.0000     0.1447     0.9672     0.9672     0.0000
 27   0     6.2930     6.0000    -0.2930     3.9421     3.9421    -0.0000
 28   0     0.8538     1.0000     0.1462     0.9685     0.9685     0.0000
 29   0     0.8535     1.0000     0.1465     0.9684     0.9684     0.0000
 30   0     6.2887     6.0000    -0.2887     3.9295     3.9294     0.0001
 31   0     0.8521     1.0000     0.1479     0.9691     0.9691     0.0000
 32   0     0.8521     1.0000     0.1479     0.9691     0.9691     0.0000
 33   0     6.3093     6.0000    -0.3093     3.9061     3.9013     0.0048
 34   0     0.8406     1.0000     0.1594     0.9660     0.9660     0.0000
 35   0     0.8407     1.0000     0.1593     0.9660     0.9660     0.0000
 36   0     6.2308     6.0000    -0.2308     3.8781     3.8761     0.0020
 37   0     0.8498     1.0000     0.1502     0.9680     0.9679     0.0001
 38   0     0.8498     1.0000     0.1502     0.9681     0.9680     0.0001
 39   0     6.4363     6.0000    -0.4363     3.8496     2.9881     0.8615
 40   0     0.8317     1.0000     0.1683     0.9699     0.9679     0.0020
 41   0     0.8317     1.0000     0.1683     0.9699     0.9679     0.0020
 42   0     6.5365     6.0000    -0.5365     3.8962     3.8962     0.0000
 43   0     0.8184     1.0000     0.1816     0.9772     0.9772     0.0000
 44   0     0.8549     1.0000     0.1451     0.9665     0.9665     0.0000
 45   0     0.8950     1.0000     0.1050     0.9597     0.9597     0.0000
      Bond orders larger than 0.1000000
           Atom A     A.N. of A          Atom B    A.N. of B              Bond order
                0             6               4            6                0.912311
                0             6              42            6                2.701588
                1             6               2            6                1.371326
                1             6               3            6                0.118683
                1             6               5            6                0.101841
                1             6               6            6                1.482936
                1             6              45            1                0.982132
                2             6               3            6                1.446938
                2             6               4            6                0.103623
                2             6               9            6                0.899208
                3             6               4            6                1.421734
                3             6               7            1                0.980672
                4             6               5            6                1.379952
                4             6               6            6                0.106926
                5             6               6            6                1.424637
                5             6              21            6                0.945072
                6             6               8            1                0.977562
                9             6              10            1                0.969143
                9             6              11            1                0.967787
                9             6              12            6                1.019088
               12             6              13            1                0.963890
               12             6              14            1                0.961986
               12             6              15            6                0.982471
               15             6              16            1                0.972890
               15             6              17            1                0.972550
               15             6              18            6                0.956348
               18             6              19            1                0.971959
               18             6              20            1                0.971805
               18             6              44            1                0.968615
               21             6              22            1                0.958235
               21             6              23            1                0.958754
               21             6              24            6                1.001661
               24             6              25            1                0.962943
               24             6              26            1                0.963216
               24             6              27            6                0.971986
               27             6              28            1                0.976519
               27             6              29            1                0.976788
               27             6              30            6                0.968283
               30             6              31            1                0.980891
               30             6              32            1                0.980871
               30             6              33            6                0.954673
               33             6              34            1                0.979159
               33             6              35            1                0.979062
               33             6              36            6                0.934881
               36             6              37            1                0.978221
               36             6              38            1                0.978272
               36             6              39            6                0.973156
               39             6              40            1                0.973738
               39             6              41            1                0.973737
               42             6              43            1                0.983169
# -----------------------------------------------------------
$ Calculation_Info
   description: Details of the calculation
   geom. index: 1
   prop. index: 1
     Multiplicity:                          2
     Charge:                                0
     number of atoms:                       46
     number of electrons:                   0
     number of frozen core electrons:       1
     number of correlated electrons:        0
     number of basis functions:             512
     number of aux C basis functions:       3496
     number of aux J basis functions:       3496
     number of aux JK basis functions:      3496
     number of aux CABS basis functions:    0
     Total Energy                           -739.770256
# -----------------------------------------------------------
$ SCF_Electric_Properties
   description: The SCF Calculated Electric Properties
   geom. index: 1
   prop. index: 1
       Filename                          : EPRII_i.scfp 
       Do Dipole Moment Calculation      : true 
       Do Quadrupole Moment Calculation  : false 
       Do Polarizability Calculation     : false 
** Dipole moment part of electric properties **
        Magnitude of dipole moment (Debye) :        0.9069908678
        Electronic Contribution:
                  0    
      0       4.291168
      1      -7.809056
      2       0.336064
        Nuclear Contribution:
                  0    
      0      -4.617844
      1       7.665512
      2      -0.338434
        Total Dipole moment:
                  0    
      0      -0.326677
      1      -0.143543
      2      -0.002371
# -----------------------------------------------------------
$ EPRNMR_GTensor
   description: Electronic g tensor
   geom. index: 1
   prop. index: 1
 Source density: 1 SCF 
 Spin multiplicity: 2 
 raw g tensor: 
                  0          1          2    
      0       2.002351   0.000238  -0.000010
      1       0.000289   2.002568   0.000007
      2      -0.000011   0.000007   2.002732
 g tensor: 
                  0          1          2    
      0      -0.830729  -0.003474   0.556667
      1       0.556238   0.034571   0.830304
      2      -0.022129   0.999396  -0.026787
 G eigenvalues: 
                  0          1          2    
      0       2.002174   2.002732   2.002744
# -----------------------------------------------------------
$ EPRNMR_OrbitalShielding
   description: Orbital contribution to the NMR Shielding tensor (ppm)
   geom. index: 1
   prop. index: 1
 Number of stored nuclei 27
 Source density: 1 SCF 
 Nucleus: 7 H 
 Shielding tensor (ppm): 
                  0          1          2    
      0      27.767717   6.148736   0.059335
      1       5.706546  25.835553  -0.046878
      2       0.017842  -0.015991  19.155033
 P Tensor eigenvectors:
                   0          1          2    
      0      -0.020375  -0.650560  -0.759182
      1       0.022560   0.758847  -0.650878
      2       0.999538  -0.030389  -0.000785
 P Eigenvalues: 
                  0          1          2    
      0      19.153570  20.797446  32.807287
P(iso)  24.252768
 Nucleus: 8 H 
 Shielding tensor (ppm): 
                  0          1          2    
      0      27.736431   4.320873   0.080637
      1       5.276483  26.483499  -0.071056
      2       0.043506  -0.095824  19.514738
 P Tensor eigenvectors:
                   0          1          2    
      0      -0.024365  -0.652657  -0.757261
      1       0.028657   0.756719  -0.653112
      2       0.999292  -0.037614   0.000266
 P Eigenvalues: 
                  0          1          2    
      0      19.510839  22.275213  31.948616
P(iso)  24.578222
 Nucleus: 10 H 
 Shielding tensor (ppm): 
                  0          1          2    
      0      29.085144  -0.599734   3.840472
      1      -0.127818  31.548633  -0.964510
      2       5.157636   0.022924  26.720344
 P Tensor eigenvectors:
                   0          1          2    
      0      -0.600182  -0.342932   0.722619
      1       0.028282  -0.911962  -0.409298
      2       0.799363  -0.225216   0.557043
 P Eigenvalues: 
                  0          1          2    
      0      23.250150  31.288051  32.815921
P(iso)  29.118041
 Nucleus: 11 H 
 Shielding tensor (ppm): 
                  0          1          2    
      0      29.140367  -0.636826  -3.733029
      1      -0.370730  31.440569   0.717587
      2      -5.091314  -0.387997  26.716771
 P Tensor eigenvectors:
                   0          1          2    
      0       0.597509  -0.284025   0.749875
      1       0.011705  -0.931978  -0.362326
      2       0.801777   0.225271  -0.553541
 P Eigenvalues: 
                  0          1          2    
      0      23.351262  31.243996  32.702450
P(iso)  29.099236
 Nucleus: 13 H 
 Shielding tensor (ppm): 
                  0          1          2    
      0      30.448041   1.077239  -3.778530
      1       0.795001  31.692543   0.177284
      2      -3.479073   1.492289  28.432729
 P Tensor eigenvectors:
                   0          1          2    
      0       0.601239   0.028063   0.798577
      1      -0.182863  -0.968030   0.171692
      2       0.777865  -0.249258  -0.576886
 P Eigenvalues: 
                  0          1          2    
      0      25.432666  31.891788  33.248859
P(iso)  30.191104
 Nucleus: 14 H 
 Shielding tensor (ppm): 
                  0          1          2    
      0      30.418993   1.312964   3.829415
      1       0.964489  31.638793  -0.305622
      2       3.570894  -1.531599  28.404420
 P Tensor eigenvectors:
                   0          1          2    
      0      -0.602637   0.063859   0.795456
      1       0.207936  -0.949794   0.233782
      2       0.770448   0.306290   0.559103
 P Eigenvalues: 
                  0          1          2    
      0      25.260213  31.871472  33.330521
P(iso)  30.154069
 Nucleus: 16 H 
 Shielding tensor (ppm): 
                  0          1          2    
      0      31.186008  -0.066680  -4.793368
      1       0.061696  31.040051  -0.327183
      2      -4.413034  -0.986029  28.991314
 P Tensor eigenvectors:
                   0          1          2    
      0       0.616865  -0.137520  -0.774962
      1       0.084880   0.990498  -0.108204
      2       0.782479   0.000968   0.622676
 P Eigenvalues: 
                  0          1          2    
      0      25.309944  31.043454  34.863974
P(iso)  30.405791
 Nucleus: 17 H 
 Shielding tensor (ppm): 
                  0          1          2    
      0      31.117644   0.085722   4.834924
      1       0.230149  31.081485   0.241253
      2       4.447262   0.887520  29.006885
 P Tensor eigenvectors:
                   0          1          2    
      0      -0.623088  -0.132446  -0.770856
      1      -0.053988   0.990491  -0.126544
      2       0.780286  -0.037231  -0.624314
 P Eigenvalues: 
                  0          1          2    
      0      25.282607  31.041951  34.881456
P(iso)  30.402005
 Nucleus: 19 H 
 Shielding tensor (ppm): 
                  0          1          2    
      0      30.376216  -1.464930   4.036513
      1      -2.377125  31.097877  -2.416454
      2       3.393197  -2.022380  31.439828
 P Tensor eigenvectors:
                   0          1          2    
      0      -0.758843   0.313044   0.571105
      1      -0.003694   0.874822  -0.484431
      2       0.651263   0.369717   0.662696
 P Eigenvalues: 
                  0          1          2    
      0      27.155448  29.445939  36.312533
P(iso)  30.971307
 Nucleus: 20 H 
 Shielding tensor (ppm): 
                  0          1          2    
      0      30.404530  -1.638585  -3.958723
      1      -2.517785  31.262774   2.413609
      2      -3.275218   2.042270  31.241189
 P Tensor eigenvectors:
                   0          1          2    
      0      -0.756801   0.315214  -0.572619
      1      -0.029208   0.858856   0.511384
      2      -0.652993  -0.403741   0.640776
 P Eigenvalues: 
                  0          1          2    
      0      27.180215  29.424280  36.303997
P(iso)  30.969498
 Nucleus: 22 H 
 Shielding tensor (ppm): 
                  0          1          2    
      0      28.236775  -1.796290   3.596244
      1      -1.120505  32.119356  -0.557728
      2       5.149964   0.699453  26.483012
 P Tensor eigenvectors:
                   0          1          2    
      0      -0.629610  -0.557806   0.540780
      1      -0.092880  -0.637030  -0.765223
      2       0.771339  -0.532020   0.349272
 P Eigenvalues: 
                  0          1          2    
      0      22.798585  30.923100  33.117458
P(iso)  28.946381
 Nucleus: 23 H 
 Shielding tensor (ppm): 
                  0          1          2    
      0      28.598075  -1.906636  -3.396509
      1      -1.398074  32.043387   0.182716
      2      -4.979407  -1.118419  26.210909
 P Tensor eigenvectors:
                   0          1          2    
      0       0.598691   0.573285  -0.559387
      1       0.136638   0.615045   0.776563
      2       0.789240  -0.541354   0.289889
 P Eigenvalues: 
                  0          1          2    
      0      22.846481  30.947563  33.058326
P(iso)  28.950790
 Nucleus: 25 H 
 Shielding tensor (ppm): 
                  0          1          2    
      0      30.185192   1.057353   4.093535
      1       0.876730  32.081105  -0.149073
      2       3.863493  -1.647421  28.325435
 P Tensor eigenvectors:
                   0          1          2    
      0      -0.616847   0.035450   0.786285
      1       0.168659  -0.969827   0.176039
      2       0.768801   0.241203   0.592256
 P Eigenvalues: 
                  0          1          2    
      0      24.932270  32.282010  33.377452
P(iso)  30.197244
 Nucleus: 26 H 
 Shielding tensor (ppm): 
                  0          1          2    
      0      30.489328   0.755855  -4.037327
      1       0.651098  32.206849  -0.030745
      2      -3.790677   1.507157  27.947421
 P Tensor eigenvectors:
                   0          1          2    
      0       0.586252   0.028739   0.809619
      1      -0.127021  -0.983749   0.126897
      2       0.800109  -0.177233  -0.573074
 P Eigenvalues: 
                  0          1          2    
      0      24.963110  32.329146  33.351342
P(iso)  30.214533
 Nucleus: 28 H 
 Shielding tensor (ppm): 
                  0          1          2    
      0      29.903798   0.052198   4.291244
      1       0.112860  32.595854  -0.263369
      2       3.769744   0.205268  28.773523
 P Tensor eigenvectors:
                   0          1          2    
      0      -0.659565   0.031469   0.750989
      1       0.013706  -0.998454   0.053876
      2       0.751523   0.045828   0.658114
 P Eigenvalues: 
                  0          1          2    
      0      25.268196  32.594258  33.410722
P(iso)  30.424392
 Nucleus: 29 H 
 Shielding tensor (ppm): 
                  0          1          2    
      0      30.149717  -0.111920  -4.231411
      1      -0.054156  32.552280   0.065193
      2      -3.714030  -0.408698  28.554066
 P Tensor eigenvectors:
                   0          1          2    
      0       0.636823  -0.055176  -0.769033
      1       0.022144   0.998334  -0.053290
      2       0.770692   0.016906   0.636984
 P Eigenvalues: 
                  0          1          2    
      0      25.295351  32.554585  33.406127
P(iso)  30.418688
 Nucleus: 31 H 
 Shielding tensor (ppm): 
                  0          1          2    
      0      29.985401  -0.033644  -4.115687
      1      -0.054903  32.415089   0.226987
      2      -3.356231   0.577852  29.023837
 P Tensor eigenvectors:
                   0          1          2    
      0       0.663534  -0.251134   0.704737
      1      -0.038540  -0.952201  -0.303032
      2       0.747153   0.173912  -0.641496
 P Eigenvalues: 
                  0          1          2    
      0      25.727030  32.331166  33.366131
P(iso)  30.474776
 Nucleus: 32 H 
 Shielding tensor (ppm): 
                  0          1          2    
      0      29.775961   0.176662   4.144414
      1       0.113456  32.361788  -0.380932
      2       3.385897  -0.715945  29.275150
 P Tensor eigenvectors:
                   0          1          2    
      0      -0.684118  -0.241417   0.688259
      1       0.072657  -0.961496  -0.265039
      2       0.725743  -0.131311   0.675318
 P Eigenvalues: 
                  0          1          2    
      0      25.714819  32.325431  33.372649
P(iso)  30.470966
 Nucleus: 34 H 
 Shielding tensor (ppm): 
                  0          1          2    
      0      30.426725   0.051966  -4.236715
      1       0.328318  31.803343  -0.420131
      2      -3.175671  -0.692213  29.490388
 P Tensor eigenvectors:
                   0          1          2    
      0       0.664504  -0.214600  -0.715808
      1       0.048951   0.968322  -0.244861
      2       0.745680   0.127672   0.653958
 P Eigenvalues: 
                  0          1          2    
      0      26.208262  31.688791  33.823404
P(iso)  30.573486
 Nucleus: 35 H 
 Shielding tensor (ppm): 
                  0          1          2    
      0      30.235021   0.212762   4.256950
      1       0.454836  31.859468   0.322137
      2       3.181825   0.585816  29.628316
 P Tensor eigenvectors:
                   0          1          2    
      0      -0.683234  -0.208136  -0.699908
      1      -0.015982   0.962549  -0.270638
      2       0.730025  -0.173722  -0.660972
 P Eigenvalues: 
                  0          1          2    
      0      26.198503  31.705160  33.819143
P(iso)  30.574268
 Nucleus: 37 H 
 Shielding tensor (ppm): 
                  0          1          2    
      0      29.626252  -0.231563   4.698723
      1      -0.671856  30.583855  -1.483810
      2       2.761558  -1.889609  28.584513
 P Tensor eigenvectors:
                   0          1          2    
      0      -0.631765  -0.449436   0.631569
      1       0.180556  -0.877670  -0.443954
      2       0.753838  -0.166442   0.635630
 P Eigenvalues: 
                  0          1          2    
      0      25.156425  30.043952  33.594243
P(iso)  29.598207
 Nucleus: 38 H 
 Shielding tensor (ppm): 
                  0          1          2    
      0      29.803762  -0.481175  -4.643884
      1      -0.825468  30.726475   1.362889
      2      -2.690920   1.786572  28.264537
 P Tensor eigenvectors:
                   0          1          2    
      0       0.613226  -0.454341   0.646164
      1      -0.147130  -0.869408  -0.471680
      2       0.776084   0.194176  -0.599991
 P Eigenvalues: 
                  0          1          2    
      0      25.164176  30.042450  33.588149
P(iso)  29.598258
 Nucleus: 40 H 
 Shielding tensor (ppm): 
                  0          1          2    
      0      27.179807   1.569404   0.856884
      1       1.603567  30.126852   0.876818
      2      -0.993699  -0.039152  23.912747
 P Tensor eigenvectors:
                   0          1          2    
      0       0.042414  -0.916361  -0.398099
      1      -0.090079   0.393328  -0.914975
      2       0.995031   0.074668  -0.065862
 P Eigenvalues: 
                  0          1          2    
      0      23.876069  26.507848  30.835489
P(iso)  27.073135
 Nucleus: 41 H 
 Shielding tensor (ppm): 
                  0          1          2    
      0      27.180090   1.535706  -0.840692
      1       1.672377  30.080269  -1.110828
      2       1.007141  -0.193836  23.963387
 P Tensor eigenvectors:
                   0          1          2    
      0      -0.068592  -0.913753  -0.400438
      1       0.134386   0.389263  -0.911271
      2       0.988552  -0.116319   0.096095
 P Eigenvalues: 
                  0          1          2    
      0      23.874811  26.511700  30.837235
P(iso)  27.074582
 Nucleus: 43 H 
 Shielding tensor (ppm): 
                  0          1          2    
      0      35.712192  -0.927278   0.308364
      1      -1.296943  26.050418  -0.086194
      2       0.317426  -0.075149  24.163500
 P Tensor eigenvectors:
                   0          1          2    
      0      -0.024347   0.110693  -0.993556
      1       0.028251   0.993530   0.109998
      2       0.999304  -0.025391  -0.027316
 P Eigenvalues: 
                  0          1          2    
      0      24.153601  25.925285  35.847223
P(iso)  28.642036
 Nucleus: 44 H 
 Shielding tensor (ppm): 
                  0          1          2    
      0      29.378878   2.253200  -0.029144
      1       3.464171  36.685067  -0.193207
      2      -0.049347  -0.188304  26.217168
 P Tensor eigenvectors:
                   0          1          2    
      0      -0.005326  -0.942382  -0.334497
      1       0.019762   0.334337  -0.942246
      2       0.999791  -0.011629   0.016843
 P Eigenvalues: 
                  0          1          2    
      0      26.213624  28.394379  37.673111
P(iso)  30.760371
 Nucleus: 45 H 
 Shielding tensor (ppm): 
                  0          1          2    
      0      22.464271   1.012300   0.010040
      1      -0.042856  30.394524  -0.306139
      2       0.085747  -0.303976  20.696040
 P Tensor eigenvectors:
                   0          1          2    
      0      -0.035332  -0.998098  -0.050519
      1       0.032838   0.049363  -0.998241
      2       0.998836  -0.036929   0.031032
 P Eigenvalues: 
                  0          1          2    
      0      20.684189  22.438062  30.432584
P(iso)  24.518278
# -----------------------------------------------------------
$ EPRNMR_ATensor
   description: Hyperfine A tensor
   geom. index: 1
   prop. index: 1
 Number of stored nuclei 27
 Source density: 1 SCF 
 Spin multiplicity: 2 
 Nucleus: 7 H  
 Isotope: 1 
 Nuclear Spin:  0.5 
 Prefactor (MHz): 533.551395 
 Raw A tensor (MHz): 
                  0          1          2    
      0      -0.038143   0.005216  -0.000120
      1       0.005193   0.095494  -0.003459
      2      -0.000119  -0.003459  -0.039083
 A Tensor eigenvectors:
                   0          1          2    
      0       0.999090  -0.017402  -0.038929
      1      -0.038463   0.026349  -0.998913
      2       0.018409   0.999501   0.025656
 A Eigenvalues: 
                  0          1          2    
      0      -0.038345  -0.039172   0.095785
A(iso)  0.006089
 Nucleus: 8 H  
 Isotope: 1 
 Nuclear Spin:  0.5 
 Prefactor (MHz): 533.551395 
 Raw A tensor (MHz): 
                  0          1          2    
      0      -0.073128   0.145811  -0.001739
      1       0.145800   0.216022  -0.005135
      2      -0.001739  -0.005135  -0.146253
 A Tensor eigenvectors:
                   0          1          2    
      0       0.922805  -0.022521  -0.384608
      1      -0.384119   0.023227  -0.922992
      2       0.029720   0.999477   0.012783
 A Eigenvalues: 
                  0          1          2    
      0      -0.133873  -0.146333   0.276848
A(iso)  -0.001119
 Nucleus: 10 H  
 Isotope: 1 
 Nuclear Spin:  0.5 
 Prefactor (MHz): 533.551395 
 Raw A tensor (MHz): 
                  0          1          2    
      0      -0.025451   0.030359   0.001579
      1       0.030354   0.059453   0.004805
      2       0.001578   0.004805  -0.035320
 A Tensor eigenvectors:
                   0          1          2    
      0       0.946703   0.103281   0.305102
      1      -0.308405   0.017292   0.951098
      2       0.092955  -0.994502   0.048223
 A Eigenvalues: 
                  0          1          2    
      0      -0.035185  -0.035567   0.069434
A(iso)  -0.000439
 Nucleus: 11 H  
 Isotope: 1 
 Nuclear Spin:  0.5 
 Prefactor (MHz): 533.551395 
 Raw A tensor (MHz): 
                  0          1          2    
      0      -0.025492   0.030223  -0.002840
      1       0.030219   0.058847  -0.008763
      2      -0.002840  -0.008762  -0.034768
 A Tensor eigenvectors:
                   0          1          2    
      0       0.948634   0.084926  -0.304765
      1      -0.310498   0.065081  -0.948343
      2      -0.060705   0.994260   0.088107
 A Eigenvalues: 
                  0          1          2    
      0      -0.035201  -0.035584   0.069373
A(iso)  -0.000471
 Nucleus: 13 H  
 Isotope: 1 
 Nuclear Spin:  0.5 
 Prefactor (MHz): 533.551395 
 Raw A tensor (MHz): 
                  0          1          2    
      0      -0.027076   0.011412   0.000526
      1       0.011401   0.055936   0.003763
      2       0.000526   0.003763  -0.028607
 A Tensor eigenvectors:
                   0          1          2    
      0       0.984030   0.117589   0.133630
      1      -0.137824   0.028256   0.990054
      2       0.112643  -0.992660   0.044011
 A Eigenvalues: 
                  0          1          2    
      0      -0.028613  -0.028776   0.057643
A(iso)  0.000084
 Nucleus: 14 H  
 Isotope: 1 
 Nuclear Spin:  0.5 
 Prefactor (MHz): 533.551395 
 Raw A tensor (MHz): 
                  0          1          2    
      0      -0.027016   0.011383  -0.000989
      1       0.011372   0.055398  -0.007225
      2      -0.000988  -0.007225  -0.028103
 A Tensor eigenvectors:
                   0          1          2    
      0       0.988731   0.067000  -0.133877
      1      -0.138867   0.076380  -0.987361
      2      -0.055927   0.994825   0.084823
 A Eigenvalues: 
                  0          1          2    
      0      -0.028558  -0.028724   0.057561
A(iso)  0.000093
 Nucleus: 16 H  
 Isotope: 1 
 Nuclear Spin:  0.5 
 Prefactor (MHz): 533.551395 
 Raw A tensor (MHz): 
                  0          1          2    
      0      -0.016371   0.015747  -0.001263
      1       0.015744   0.036846  -0.004578
      2      -0.001263  -0.004578  -0.020445
 A Tensor eigenvectors:
                   0          1          2    
      0       0.960568   0.089444  -0.263265
      1      -0.268651   0.054540  -0.961692
      2      -0.071659   0.994497   0.076418
 A Eigenvalues: 
                  0          1          2    
      0      -0.020680  -0.020809   0.041520
A(iso)  0.000010
 Nucleus: 17 H  
 Isotope: 1 
 Nuclear Spin:  0.5 
 Prefactor (MHz): 533.551395 
 Raw A tensor (MHz): 
                  0          1          2    
      0      -0.016390   0.015784   0.000632
      1       0.015780   0.037163   0.002262
      2       0.000631   0.002262  -0.020733
 A Tensor eigenvectors:
                   0          1          2    
      0       0.958013   0.114205   0.263000
      1      -0.265575   0.007674   0.964060
      2       0.108082  -0.993428   0.037682
 A Eigenvalues: 
                  0          1          2    
      0      -0.020693  -0.020823   0.041557
A(iso)  0.000014
 Nucleus: 19 H  
 Isotope: 1 
 Nuclear Spin:  0.5 
 Prefactor (MHz): 533.551395 
 Raw A tensor (MHz): 
                  0          1          2    
      0      -0.016372   0.006170  -0.000462
      1       0.006163   0.033330  -0.003774
      2      -0.000462  -0.003774  -0.016920
 A Tensor eigenvectors:
                   0          1          2    
      0       0.992487   0.017852  -0.121044
      1      -0.122028   0.072303  -0.989890
      2      -0.008920   0.997223   0.073938
 A Eigenvalues: 
                  0          1          2    
      0      -0.017125  -0.017202   0.034366
A(iso)  0.000013
 Nucleus: 20 H  
 Isotope: 1 
 Nuclear Spin:  0.5 
 Prefactor (MHz): 533.551395 
 Raw A tensor (MHz): 
                  0          1          2    
      0      -0.016383   0.006175   0.000213
      1       0.006168   0.033571   0.001723
      2       0.000213   0.001723  -0.017152
 A Tensor eigenvectors:
                   0          1          2    
      0       0.991640   0.045334   0.120811
      1      -0.122165   0.028369   0.992104
      2       0.041549  -0.998569   0.033670
 A Eigenvalues: 
                  0          1          2    
      0      -0.017134  -0.017210   0.034381
A(iso)  0.000012
 Nucleus: 22 H  
 Isotope: 1 
 Nuclear Spin:  0.5 
 Prefactor (MHz): 533.551395 
 Raw A tensor (MHz): 
                  0          1          2    
      0      -0.192646  -0.052726   0.028695
      1      -0.052819   0.354858  -0.096686
      2       0.028717  -0.096696  -0.195292
 A Tensor eigenvectors:
                   0          1          2    
      0      -0.811023   0.576521   0.099328
      1      -0.179100  -0.083052  -0.980319
      2      -0.556925  -0.812851   0.170612
 A Eigenvalues: 
                  0          1          2    
      0      -0.184592  -0.225524   0.377037
A(iso)  -0.011026
 Nucleus: 23 H  
 Isotope: 1 
 Nuclear Spin:  0.5 
 Prefactor (MHz): 533.551395 
 Raw A tensor (MHz): 
                  0          1          2    
      0      -0.190429  -0.057209  -0.025647
      1      -0.057302   0.361705   0.067786
      2      -0.025664   0.067798  -0.205287
 A Tensor eigenvectors:
                   0          1          2    
      0      -0.833245  -0.542818   0.105128
      1      -0.153187   0.043952  -0.987219
      2       0.531260  -0.838700  -0.119775
 A Eigenvalues: 
                  0          1          2    
      0      -0.184603  -0.225439   0.376031
A(iso)  -0.011337
 Nucleus: 25 H  
 Isotope: 1 
 Nuclear Spin:  0.5 
 Prefactor (MHz): 533.551395 
 Raw A tensor (MHz): 
                  0          1          2    
      0      -0.322581   0.284165   0.121472
      1       0.284123   0.418127   0.155150
      2       0.121486   0.155179  -0.392224
 A Tensor eigenvectors:
                   0          1          2    
      0      -0.648934  -0.686677   0.327657
      1       0.369615   0.091900   0.924629
      2      -0.665033   0.721130   0.194169
 A Eigenvalues: 
                  0          1          2    
      0      -0.359926  -0.488147   0.551395
A(iso)  -0.098893
 Nucleus: 26 H  
 Isotope: 1 
 Nuclear Spin:  0.5 
 Prefactor (MHz): 533.551395 
 Raw A tensor (MHz): 
                  0          1          2    
      0      -0.311982   0.285167  -0.132338
      1       0.285124   0.404382  -0.181420
      2      -0.132350  -0.181448  -0.385822
 A Tensor eigenvectors:
                   0          1          2    
      0      -0.673883   0.658137   0.335765
      1       0.399468  -0.057747   0.914927
      2       0.621537   0.750680  -0.223990
 A Eigenvalues: 
                  0          1          2    
      0      -0.358944  -0.487917   0.553438
A(iso)  -0.097808
 Nucleus: 28 H  
 Isotope: 1 
 Nuclear Spin:  0.5 
 Prefactor (MHz): 533.551395 
 Raw A tensor (MHz): 
                  0          1          2    
      0      -0.333087  -0.289109   0.194515
      1      -0.289430   1.345428  -0.508643
      2       0.194654  -0.508694  -0.335589
 A Tensor eigenvectors:
                   0          1          2    
      0       0.814382  -0.553661   0.173900
      1       0.294432   0.135966  -0.945951
      2       0.500092   0.821567   0.273744
 A Eigenvalues: 
                  0          1          2    
      0      -0.318224  -0.550857   1.545834
A(iso)  0.225584
 Nucleus: 29 H  
 Isotope: 1 
 Nuclear Spin:  0.5 
 Prefactor (MHz): 533.551395 
 Raw A tensor (MHz): 
                  0          1          2    
      0      -0.319466  -0.311622  -0.180259
      1      -0.311948   1.389595   0.422535
      2      -0.180384   0.422594  -0.386409
 A Tensor eigenvectors:
                   0          1          2    
      0      -0.829326   0.528474  -0.181477
      1      -0.272418  -0.098839   0.957089
      2       0.487859   0.843176   0.225936
 A Eigenvalues: 
                  0          1          2    
      0      -0.315850  -0.548925   1.548495
A(iso)  0.227907
 Nucleus: 31 H  
 Isotope: 1 
 Nuclear Spin:  0.5 
 Prefactor (MHz): 533.551395 
 Raw A tensor (MHz): 
                  0          1          2    
      0      -1.023718   1.313801  -0.915822
      1       1.313653   0.625081  -0.688973
      2      -0.915810  -0.689424  -1.563217
 A Tensor eigenvectors:
                   0          1          2    
      0      -0.553114   0.496447  -0.669033
      1       0.571458   0.810440   0.128931
      2       0.606218  -0.311011  -0.731964
 A Eigenvalues: 
                  0          1          2    
      0      -1.377389   1.694418  -2.278882
A(iso)  -0.653951
 Nucleus: 32 H  
 Isotope: 1 
 Nuclear Spin:  0.5 
 Prefactor (MHz): 533.551395 
 Raw A tensor (MHz): 
                  0          1          2    
      0      -1.071778   1.334643   0.871690
      1       1.334506   0.684031   0.627721
      2       0.871683   0.628176  -1.569997
 A Tensor eigenvectors:
                   0          1          2    
      0      -0.535701   0.488157   0.689005
      1       0.543910   0.823623  -0.160644
      2      -0.645900   0.288699  -0.706729
 A Eigenvalues: 
                  0          1          2    
      0      -1.375899   1.695232  -2.277077
A(iso)  -0.652581
 Nucleus: 34 H  
 Isotope: 1 
 Nuclear Spin:  0.5 
 Prefactor (MHz): 533.551395 
 Raw A tensor (MHz): 
                  0          1          2    
      0      -6.142691  -2.539502  -3.374055
      1      -2.541656  -0.252207   4.024758
      2      -3.375451   4.025361  -6.068324
 A Tensor eigenvectors:
                   0          1          2    
      0       0.380224  -0.684584  -0.621911
      1      -0.793933  -0.586514   0.160225
      2      -0.474447   0.432834  -0.766521
 A Eigenvalues: 
                  0          1          2    
      0       3.370755  -6.186291  -9.647685
A(iso)  -4.154407
 Nucleus: 35 H  
 Isotope: 1 
 Nuclear Spin:  0.5 
 Prefactor (MHz): 533.551395 
 Raw A tensor (MHz): 
                  0          1          2    
      0      -6.321185  -2.285944   3.465293
      1      -2.288049  -0.619595  -4.316531
      2       3.466779  -4.317078  -5.539844
 A Tensor eigenvectors:
                   0          1          2    
      0      -0.367651   0.673759   0.641000
      1       0.772536   0.604989  -0.192813
      2      -0.517707   0.424308  -0.742928
 A Eigenvalues: 
                  0          1          2    
      0       3.362540  -6.192614  -9.650550
A(iso)  -4.160208
 Nucleus: 37 H  
 Isotope: 1 
 Nuclear Spin:  0.5 
 Prefactor (MHz): 533.551395 
 Raw A tensor (MHz): 
                  0          1          2    
      0      34.292449   5.827426   3.364798
      1       5.828516  34.385262   3.680218
      2       3.368528   3.681224  30.384303
 A Tensor eigenvectors:
                   0          1          2    
