-------------------------------------------------------------
----------------------- !PROPERTIES! ------------------------
-------------------------------------------------------------
# -----------------------------------------------------------
$ PAL_Flags
   description: The PAL Flags
   geom. index: 1
   prop. index: 1
        Diskflag:     2
# -----------------------------------------------------------
$ SCF_Energy
   description: The SCF energy
   geom. index: 1
   prop. index: 1
        SCF Energy:     -739.6954495795
# -----------------------------------------------------------
$ DFT_Energy
   description: The DFT energy
   geom. index: 1
   prop. index: 1
   Number of Alpha Electrons                 71.0000433503 
   Number of Beta  Electrons                 70.0000445531 
   Total number of  Electrons               141.0000879033 
   Exchange energy                          -85.6250447370 
   Correlation energy                        -5.4152844344 
   Correlation energy NL                      0.0000000000 
   Exchange-Correlation energy              -91.0403291714 
   Embedding correction                       0.0000000000 
   Total DFT Energy (No VdW correction)    -739.6954495795 
# -----------------------------------------------------------
$ Mayer_Pop
   description: The Mayer population analysis
   geom. index: 1
   prop. index: 1
     Number of atoms                     : 46
     Threshold for printing              : 0.1000000
     Number of bond orders printed       : 46
  NA   - Mulliken gross atomic population
  ZA   - Total nuclear charge
  QA   - Mulliken gross atomic charge
  VA   - Mayer's total valence
  BVA  - Mayer's bonded valence
  FA   - Mayer's free valence
  ATOM       NA         ZA         QA         VA         BVA        FA
  0   0     5.3799     6.0000     0.6201     2.9150     2.9150     0.0000
  1   0     5.9710     6.0000     0.0290     3.9584     3.9584     0.0000
  2   0     6.0264     6.0000    -0.0264     4.0874     4.0874     0.0000
  3   0     5.9705     6.0000     0.0295     3.8984     3.8984     0.0000
  4   0     6.0590     6.0000    -0.0590     3.8492     3.8492     0.0000
  5   0     6.0725     6.0000    -0.0725     4.1624     4.1624     0.0000
  6   0     5.9777     6.0000     0.0223     3.9748     3.9748     0.0000
  7   0     1.0551     1.0000    -0.0551     1.0010     1.0010     0.0000
  8   0     1.0436     1.0000    -0.0436     0.9847     0.9847     0.0000
  9   0     5.9662     6.0000     0.0338     4.0143     4.0143     0.0000
 10   0     0.9763     1.0000     0.0237     0.9657     0.9657     0.0000
 11   0     0.9741     1.0000     0.0259     0.9649     0.9649     0.0000
 12   0     6.0394     6.0000    -0.0394     4.1180     4.1180     0.0000
 13   0     0.9842     1.0000     0.0158     0.9645     0.9645     0.0000
 14   0     0.9820     1.0000     0.0180     0.9631     0.9631     0.0000
 15   0     6.0252     6.0000    -0.0252     4.1160     4.1160     0.0000
 16   0     0.9950     1.0000     0.0050     0.9670     0.9670     0.0000
 17   0     0.9950     1.0000     0.0050     0.9672     0.9672     0.0000
 18   0     5.9990     6.0000     0.0010     4.0185     4.0185     0.0000
 19   0     0.9826     1.0000     0.0174     0.9776     0.9776     0.0000
 20   0     0.9823     1.0000     0.0177     0.9773     0.9773     0.0000
 21   0     5.9546     6.0000     0.0454     4.0164     4.0164     0.0000
 22   0     0.9690     1.0000     0.0310     0.9692     0.9692     0.0000
 23   0     0.9696     1.0000     0.0304     0.9703     0.9703     0.0000
 24   0     6.0420     6.0000    -0.0420     4.1239     4.1238     0.0001
 25   0     0.9832     1.0000     0.0168     0.9621     0.9621     0.0000
 26   0     0.9816     1.0000     0.0184     0.9632     0.9632     0.0000
 27   0     5.9331     6.0000     0.0669     4.0022     3.9997     0.0025
 28   0     0.9933     1.0000     0.0067     0.9725     0.9721     0.0004
 29   0     0.9857     1.0000     0.0143     0.9653     0.9615     0.0038
 30   0     6.1135     6.0000    -0.1135     4.0043     3.2568     0.7475
 31   0     1.0177     1.0000    -0.0177     0.9897     0.9874     0.0023
 32   0     5.9596     6.0000     0.0404     4.0158     4.0133     0.0025
 33   0     0.9868     1.0000     0.0132     0.9643     0.9604     0.0039
 34   0     0.9957     1.0000     0.0043     0.9718     0.9715     0.0003
 35   0     6.0452     6.0000    -0.0452     4.1296     4.1295     0.0001
 36   0     0.9923     1.0000     0.0077     0.9654     0.9654     0.0000
 37   0     0.9915     1.0000     0.0085     0.9669     0.9669     0.0000
 38   0     6.0030     6.0000    -0.0030     4.0212     4.0212     0.0000
 39   0     0.9836     1.0000     0.0164     0.9771     0.9771     0.0000
 40   0     0.9838     1.0000     0.0162     0.9774     0.9774     0.0000
 41   0     6.5956     6.0000    -0.5956     3.4060     3.4060     0.0000
 42   0     1.0315     1.0000    -0.0315     1.0298     1.0298     0.0000
 43   0     0.9874     1.0000     0.0126     0.9735     0.9735    -0.0000
 44   0     0.9879     1.0000     0.0121     0.9736     0.9736     0.0000
 45   0     1.0557     1.0000    -0.0557     0.9795     0.9795     0.0000
      Bond orders larger than 0.1000000
           Atom A     A.N. of A          Atom B    A.N. of B              Bond order
                0             6               4            6                0.907673
                0             6              41            6                2.141289
                1             6               2            6                1.422073
                1             6               6            6                1.430808
                1             6              45            1                0.933079
                2             6               3            6                1.426638
                2             6               9            6                1.045002
                3             6               4            6                1.392664
                3             6               7            1                0.927566
                4             6               5            6                1.409845
                5             6               6            6                1.442003
                5             6              21            6                1.088058
                6             6               8            1                0.918399
                9             6              10            1                0.914801
                9             6              11            1                0.913428
                9             6              12            6                1.103800
               12             6              13            1                0.932024
               12             6              14            1                0.929518
               12             6              15            6                1.075080
               15             6              16            1                0.941403
               15             6              17            1                0.941316
               15             6              18            6                1.105719
               18             6              19            1                0.966500
               18             6              20            1                0.966594
               18             6              43            1                0.962151
               21             6              22            1                0.898414
               21             6              23            1                0.898186
               21             6              24            6                1.099716
               24             6              25            1                0.928700
               24             6              26            1                0.931130
               24             6              27            6                1.073032
               27             6              28            1                0.924384
               27             6              29            1                0.911322
               27             6              30            6                1.071695
               30             6              31            1                0.958626
               30             6              32            6                1.079990
               32             6              33            1                0.915636
               32             6              34            1                0.928312
               32             6              35            6                1.070933
               35             6              36            1                0.944520
               35             6              37            1                0.947424
               35             6              38            6                1.104762
               38             6              39            1                0.966715
               38             6              40            1                0.966436
               38             6              44            1                0.962777
               41             6              42            1                1.116540
# -----------------------------------------------------------
$ Calculation_Info
   description: Details of the calculation
   geom. index: 1
   prop. index: 1
     Multiplicity:                          2
     Charge:                                0
     number of atoms:                       46
     number of electrons:                   0
     number of frozen core electrons:       1
     number of correlated electrons:        0
     number of basis functions:             401
     number of aux C basis functions:       2649
     number of aux J basis functions:       2649
     number of aux JK basis functions:      2649
     number of aux CABS basis functions:    0
     Total Energy                           -739.695450
# -----------------------------------------------------------
$ SCF_Electric_Properties
   description: The SCF Calculated Electric Properties
   geom. index: 1
   prop. index: 1
       Filename                          : cc-pVDZ_i.scfp 
       Do Dipole Moment Calculation      : true 
       Do Quadrupole Moment Calculation  : false 
       Do Polarizability Calculation     : false 
** Dipole moment part of electric properties **
        Magnitude of dipole moment (Debye) :        0.5501900061
        Electronic Contribution:
                  0    
      0       4.216158
      1     -11.001523
      2      -0.145730
        Nuclear Contribution:
                  0    
      0      -4.427485
      1      11.003341
      2       0.098916
        Total Dipole moment:
                  0    
      0      -0.211326
      1       0.001819
      2      -0.046813
# -----------------------------------------------------------
$ EPRNMR_GTensor
   description: Electronic g tensor
   geom. index: 1
   prop. index: 1
 Source density: 1 SCF 
 Spin multiplicity: 2 
 raw g tensor: 
                  0          1          2    
      0       2.002710  -0.000043   0.000218
      1      -0.000005   2.002746   0.000019
      2       0.000207   0.000022   2.002269
 g tensor: 
                  0          1          2    
      0      -0.374575   0.233126  -0.897411
      1      -0.049313   0.961496   0.270357
      2       0.925884   0.145523  -0.348656
 G eigenvalues: 
                  0          1          2    
      0       2.002182   2.002743   2.002800
# -----------------------------------------------------------
$ EPRNMR_OrbitalShielding
   description: Orbital contribution to the NMR Shielding tensor (ppm)
   geom. index: 1
   prop. index: 1
 Number of stored nuclei 27
 Source density: 1 SCF 
 Nucleus: 7 H 
 Shielding tensor (ppm): 
                  0          1          2    
      0      27.734525   5.618712   0.111354
      1       5.376978  26.013546  -0.231138
      2       0.021533  -0.204393  18.844022
 P Tensor eigenvectors:
                   0          1          2    
      0      -0.050526  -0.649996  -0.758256
      1       0.068228   0.755205  -0.651928
      2       0.996390  -0.084674   0.006191
 P Eigenvalues: 
                  0          1          2    
      0      18.825890  21.326841  32.439363
P(iso)  24.197365
 Nucleus: 8 H 
 Shielding tensor (ppm): 
                  0          1          2    
      0      27.787392   3.697028   0.169872
      1       4.481458  26.297389  -0.313794
      2       0.084132  -0.416571  19.181810
 P Tensor eigenvectors:
                   0          1          2    
      0      -0.053237  -0.633232  -0.772129
      1       0.080515   0.767986  -0.635386
      2       0.995331  -0.095994   0.010100
 P Eigenvalues: 
                  0          1          2    
      0      19.145282  22.921263  31.200046
P(iso)  24.422197
 Nucleus: 10 H 
 Shielding tensor (ppm): 
                  0          1          2    
      0      28.795764  -0.271152   3.760814
      1       0.224626  31.005605  -1.164605
      2       5.222784  -0.248932  26.500602
 P Tensor eigenvectors:
                   0          1          2    
      0      -0.598553  -0.287240   0.747815
      1       0.077560  -0.949899  -0.302781
      2       0.797319  -0.123230   0.590844
 P Eigenvalues: 
                  0          1          2    
      0      22.977411  30.894698  32.429862
P(iso)  28.767324
 Nucleus: 11 H 
 Shielding tensor (ppm): 
                  0          1          2    
      0      29.046259  -0.450410  -3.501397
      1      -0.439021  30.802140   0.549214
      2      -5.048120  -0.583039  26.330089
 P Tensor eigenvectors:
                   0          1          2    
      0       0.580044  -0.167596   0.797158
      1       0.027189  -0.974077  -0.224576
      2       0.814131   0.151938  -0.560451
 P Eigenvalues: 
                  0          1          2    
      0      23.195122  30.727094  32.256272
P(iso)  28.726163
 Nucleus: 13 H 
 Shielding tensor (ppm): 
                  0          1          2    
      0      30.160690   0.787648  -3.602928
      1       0.671779  31.332484   0.228116
      2      -3.379310   1.577258  27.985067
 P Tensor eigenvectors:
                   0          1          2    
      0       0.585497  -0.072932   0.807387
      1      -0.175763  -0.983675   0.038603
      2       0.791391  -0.164511  -0.588758
 P Eigenvalues: 
                  0          1          2    
      0      25.197713  31.548740  32.731787
P(iso)  29.826080
 Nucleus: 14 H 
 Shielding tensor (ppm): 
                  0          1          2    
      0      29.984165   1.352525   3.700599
      1       1.112323  31.079263  -0.578093
      2       3.556907  -1.722714  28.172645
 P Tensor eigenvectors:
                   0          1          2    
      0      -0.602850  -0.008895   0.797805
      1       0.251192  -0.951204   0.179205
      2       0.757281   0.308436   0.575667
 P Eigenvalues: 
                  0          1          2    
      0      24.890236  31.478628  32.867209
P(iso)  29.745358
 Nucleus: 16 H 
 Shielding tensor (ppm): 
                  0          1          2    
      0      30.901986  -0.034383  -4.534499
      1      -0.007339  30.403878  -0.340874
      2      -4.343063  -0.997445  28.592863
 P Tensor eigenvectors:
                   0          1          2    
      0       0.606436  -0.140363  -0.782646
      1       0.097323   0.989998  -0.102140
      2       0.789154  -0.014229   0.614030
 P Eigenvalues: 
                  0          1          2    
      0      25.105435  30.420245  34.373047
P(iso)  29.966242
 Nucleus: 17 H 
 Shielding tensor (ppm): 
                  0          1          2    
      0      30.654165   0.344120   4.643145
      1       0.428590  30.533942   0.124333
      2       4.432153   0.762465  28.716180
 P Tensor eigenvectors:
                   0          1          2    
      0      -0.629435  -0.125315  -0.766882
      1      -0.013729   0.988550  -0.150269
      2       0.776932  -0.084056  -0.623948
 P Eigenvalues: 
                  0          1          2    
      0      25.043472  30.449171  34.411644
P(iso)  29.968096
 Nucleus: 19 H 
 Shielding tensor (ppm): 
                  0          1          2    
      0      29.604612  -1.277398   3.848913
      1      -2.163332  30.439946  -2.466770
      2       3.319077  -2.070478  30.942351
 P Tensor eigenvectors:
                   0          1          2    
      0      -0.760013   0.341918   0.552696
      1       0.042129   0.874553  -0.483097
      2       0.648541   0.343875   0.679076
 P Eigenvalues: 
                  0          1          2    
      0      26.621855  28.851107  35.513947
P(iso)  30.328970
 Nucleus: 20 H 
 Shielding tensor (ppm): 
                  0          1          2    
      0      29.740141  -1.727722  -3.666582
      1      -2.543700  30.891106   2.406135
      2      -3.041180   2.081073  30.350074
 P Tensor eigenvectors:
                   0          1          2    
      0      -0.748726   0.349512  -0.563250
      1      -0.027159   0.832814   0.552887
      2      -0.662323  -0.429258   0.614057
 P Eigenvalues: 
                  0          1          2    
      0      26.676040  28.809725  35.495556
P(iso)  30.327107
 Nucleus: 22 H 
 Shielding tensor (ppm): 
                  0          1          2    
      0      27.594793  -1.174323   3.652881
      1      -0.541985  31.621634  -0.648482
      2       5.293157   0.449799  26.669446
 P Tensor eigenvectors:
                   0          1          2    
      0      -0.660945  -0.511475   0.549131
      1      -0.044090  -0.704020  -0.708811
      2       0.749138  -0.492696   0.442767
 P Eigenvalues: 
                  0          1          2    
      0      22.610324  30.933522  32.342027
P(iso)  28.628625
 Nucleus: 23 H 
 Shielding tensor (ppm): 
                  0          1          2    
      0      28.624981  -1.828234  -3.086762
      1      -1.487307  31.528869  -0.216227
      2      -4.743694  -1.424901  25.531128
 P Tensor eigenvectors:
                   0          1          2    
      0       0.556688   0.603871  -0.570471
      1       0.167789   0.590829   0.789156
      2       0.813600  -0.535033   0.227584
 P Eigenvalues: 
                  0          1          2    
      0      22.578464  30.618818  32.487696
P(iso)  28.561659
 Nucleus: 25 H 
 Shielding tensor (ppm): 
                  0          1          2    
      0      29.525230   0.708704   3.989822
      1       0.638805  30.859021  -0.815682
      2       3.852235  -2.120957  28.592352
 P Tensor eigenvectors:
                   0          1          2    
      0      -0.634748  -0.336605   0.695551
      1       0.236043  -0.941573  -0.240256
      2       0.735784   0.011678   0.677115
 P Eigenvalues: 
                  0          1          2    
      0      24.720047  31.136131  33.120425
P(iso)  29.658868
 Nucleus: 26 H 
 Shielding tensor (ppm): 
                  0          1          2    
      0      30.438648   0.131761  -3.516026
      1       0.049360  31.248926   0.594097
      2      -3.562744   1.367396  27.081361
 P Tensor eigenvectors:
                   0          1          2    
      0       0.523269  -0.316716   0.791126
      1      -0.127553  -0.947020  -0.294760
      2       0.842567   0.053329  -0.535944
 P Eigenvalues: 
                  0          1          2    
      0      24.724578  31.230620  32.813738
P(iso)  29.589645
 Nucleus: 28 H 
 Shielding tensor (ppm): 
                  0          1          2    
      0      28.095037   1.107888   2.901403
      1       0.222204  31.712864  -0.284622
      2       3.530022   1.075216  27.899833
 P Tensor eigenvectors:
                   0          1          2    
      0      -0.694783   0.576517   0.430005
      1       0.029883  -0.574221   0.818155
      2       0.718598   0.581290   0.381732
 P Eigenvalues: 
                  0          1          2    
      0      24.775812  30.673090  32.258832
P(iso)  29.235911
 Nucleus: 29 H 
 Shielding tensor (ppm): 
                  0          1          2    
      0      28.990201  -0.239974  -3.752322
      1      -0.588086  30.247663   0.015549
      2      -4.149315  -0.255603  27.327490
 P Tensor eigenvectors:
                   0          1          2    
      0       0.627513   0.058107  -0.776434
      1       0.057525   0.991026   0.120659
      2       0.776478  -0.120380   0.618539
 P Eigenvalues: 
                  0          1          2    
      0      24.101196  30.237326  32.226832
P(iso)  28.855118
 Nucleus: 31 H 
 Shielding tensor (ppm): 
                  0          1          2    
      0      24.629045  -0.049538  -0.149871
      1      -0.092193  32.694421   0.142399
      2       0.233316   0.002584  24.292378
 P Tensor eigenvectors:
                   0          1          2    
      0      -0.118932   0.992861  -0.009114
      1      -0.010846   0.007880   0.999910
      2       0.992843   0.119020   0.009831
 P Eigenvalues: 
                  0          1          2    
      0      24.286532  24.633664  32.695648
P(iso)  27.205281
 Nucleus: 33 H 
 Shielding tensor (ppm): 
                  0          1          2    
      0      28.754062   0.901128  -3.625708
      1       0.924141  29.991332  -0.409688
      2      -3.714859  -0.552971  28.210409
 P Tensor eigenvectors:
                   0          1          2    
      0       0.684194   0.231350   0.691632
      1      -0.053951  -0.929697   0.364353
      2       0.727301  -0.286603  -0.623612
 P Eigenvalues: 
                  0          1          2    
      0      24.787706  29.616451  32.551647
P(iso)  28.985268
 Nucleus: 34 H 
 Shielding tensor (ppm): 
                  0          1          2    
      0      28.325661  -1.106847   2.661291
      1      -0.443101  31.359258   0.594060
      2       3.088630  -0.344732  28.434839
 P Tensor eigenvectors:
                   0          1          2    
      0       0.713621   0.491046  -0.499619
      1       0.109891   0.625901   0.772122
      2      -0.691860   0.605906  -0.392694
 P Eigenvalues: 
                  0          1          2    
      0      25.435171  30.883104  31.801483
P(iso)  29.373253
 Nucleus: 36 H 
 Shielding tensor (ppm): 
                  0          1          2    
      0      30.175102  -0.215075   4.642325
      1      -0.443932  30.097708   0.244004
      2       4.138600  -0.198492  29.366570
 P Tensor eigenvectors:
                   0          1          2    
      0      -0.677046   0.004597  -0.735926
      1      -0.054610   0.996910   0.056469
      2       0.733911   0.078421  -0.674703
 P Eigenvalues: 
                  0          1          2    
      0      25.350013  30.096916  34.192450
P(iso)  29.879793
 Nucleus: 37 H 
 Shielding tensor (ppm): 
                  0          1          2    
      0      30.639349   0.955983  -4.080555
      1       0.785392  30.075421  -0.364713
      2      -3.876832   0.691108  28.787385
 P Tensor eigenvectors:
                   0          1          2    
      0       0.624821  -0.030150  -0.780185
      1      -0.138772   0.979055  -0.148972
      2       0.768336   0.201349   0.607551
 P Eigenvalues: 
                  0          1          2    
      0      25.529281  30.084962  33.887912
P(iso)  29.834052
 Nucleus: 39 H 
 Shielding tensor (ppm): 
                  0          1          2    
      0      29.486358   0.996857   4.028529
      1       1.763102  29.965515   2.169386
      2       3.590828   1.696649  31.884036
 P Tensor eigenvectors:
                   0          1          2    
      0       0.806353   0.230083   0.544845
      1       0.008416  -0.925598   0.378416
      2      -0.591374   0.300551   0.748295
 P Eigenvalues: 
                  0          1          2    
      0      26.691065  28.977080  35.667765
P(iso)  30.445303
 Nucleus: 40 H 
 Shielding tensor (ppm): 
                  0          1          2    
      0      29.797406   2.450696  -3.382165
      1       2.982139  31.311427  -2.479903
      2      -2.649732  -1.873365  30.050027
 P Tensor eigenvectors:
                   0          1          2    
      0      -0.778408  -0.274515  -0.564555
      1       0.176472   0.767363  -0.616450
      2      -0.602443   0.579478   0.548878
 P Eigenvalues: 
                  0          1          2    
      0      26.824123  28.653076  35.681660
P(iso)  30.386287
 Nucleus: 42 H 
 Shielding tensor (ppm): 
                  0          1          2    
      0      35.128640  -0.949732   0.685014
      1      -1.449221  25.747927  -0.212571
      2       0.655836  -0.183113  23.876484
 P Tensor eigenvectors:
                   0          1          2    
      0      -0.052180   0.125032  -0.990780
      1       0.070337   0.990127   0.121246
      2       0.996158  -0.063362  -0.060459
 P Eigenvalues: 
                  0          1          2    
      0      23.827763  25.604279  35.321009
P(iso)  28.251017
 Nucleus: 43 H 
 Shielding tensor (ppm): 
                  0          1          2    
      0      28.854057   2.394393  -0.069325
      1       3.626160  35.771348  -0.473707
      2      -0.130578  -0.478721  25.777878
 P Tensor eigenvectors:
                   0          1          2    
      0      -0.019551  -0.933223  -0.358764
      1       0.053501   0.357342  -0.932440
      2       0.998376  -0.037425   0.042942
 P Eigenvalues: 
                  0          1          2    
      0      25.754390  27.731062  36.917831
P(iso)  30.134428
 Nucleus: 44 H 
 Shielding tensor (ppm): 
                  0          1          2    
      0      28.985397  -2.305986  -0.271740
      1      -3.651139  35.314296   1.442565
      2      -0.510509   1.522743  26.268886
 P Tensor eigenvectors:
                   0          1          2    
      0      -0.041657   0.927338  -0.371898
      1      -0.170358   0.360178   0.917197
      2       0.984501   0.101564   0.142976
 P Eigenvalues: 
                  0          1          2    
      0      26.028586  27.823490  36.716503
P(iso)  30.189526
 Nucleus: 45 H 
 Shielding tensor (ppm): 
                  0          1          2    
      0      22.966963   0.991092   0.062892
      1      -0.012988  29.889449  -0.763076
      2       0.200660  -0.792638  20.368744
 P Tensor eigenvectors:
                   0          1          2    
      0      -0.063594  -0.996273  -0.058267
      1       0.082982   0.052904  -0.995146
      2       0.994520  -0.068121   0.079309
 P Eigenvalues: 
                  0          1          2    
      0      20.294592  22.946221  29.984343
P(iso)  24.408385
# -----------------------------------------------------------
$ EPRNMR_ATensor
   description: Hyperfine A tensor
   geom. index: 1
   prop. index: 1
 Number of stored nuclei 27
 Source density: 1 SCF 
 Spin multiplicity: 2 
 Nucleus: 7 H  
 Isotope: 1 
 Nuclear Spin:  0.5 
 Prefactor (MHz): 533.551395 
 Raw A tensor (MHz): 
                  0          1          2    
      0      -0.109606   0.003515  -0.002086
      1       0.003524   0.266643  -0.031247
      2      -0.002083  -0.031218  -0.114062
 A Tensor eigenvectors:
                   0          1          2    
      0       0.971823   0.235511  -0.009695
      1      -0.028540   0.076743  -0.996642
      2      -0.233976   0.968837   0.081302
 A Eigenvalues: 
                  0          1          2    
      0      -0.109208  -0.117041   0.269224
A(iso)  0.014325
 Nucleus: 8 H  
 Isotope: 1 
 Nuclear Spin:  0.5 
 Prefactor (MHz): 533.551395 
 Raw A tensor (MHz): 
                  0          1          2    
      0      -0.243581   0.861382  -0.029732
      1       0.861590   0.874540  -0.035254
      2      -0.029653  -0.035017  -0.745575
 A Tensor eigenvectors:
                   0          1          2    
      0      -0.850123   0.222539   0.477250
      1       0.467784  -0.097021   0.878502
      2       0.241804   0.970084  -0.021620
 A Eigenvalues: 
                  0          1          2    
      0      -0.709185  -0.748871   1.343441
A(iso)  -0.038205
 Nucleus: 10 H  
 Isotope: 1 
 Nuclear Spin:  0.5 
 Prefactor (MHz): 533.551395 
 Raw A tensor (MHz): 
                  0          1          2    
      0      -0.023402   0.095592   0.004021
      1       0.095618   0.179826   0.010242
      2       0.004026   0.010263  -0.061912
 A Tensor eigenvectors:
                   0          1          2    
      0       0.929552  -0.018058   0.368249
      1      -0.367031   0.049363   0.928898
      2      -0.034952  -0.998618   0.039257
 A Eigenvalues: 
                  0          1          2    
      0      -0.061307  -0.062346   0.218165
A(iso)  0.031504
 Nucleus: 11 H  
 Isotope: 1 
 Nuclear Spin:  0.5 
 Prefactor (MHz): 533.551395 
 Raw A tensor (MHz): 
                  0          1          2    
      0      -0.023695   0.093398  -0.016756
      1       0.093430   0.174289  -0.037998
      2      -0.016748  -0.037959  -0.055690
 A Tensor eigenvectors:
                   0          1          2    
      0       0.732391   0.574273  -0.365806
      1      -0.383602  -0.095860  -0.918510
      2      -0.562541   0.813032   0.150086
 A Eigenvalues: 
                  0          1          2    
      0      -0.059763  -0.063033   0.217700
A(iso)  0.031635
 Nucleus: 13 H  
 Isotope: 1 
 Nuclear Spin:  0.5 
 Prefactor (MHz): 533.551395 
 Raw A tensor (MHz): 
                  0          1          2    
      0      -0.068869   0.027241   0.000040
      1       0.027253   0.140666   0.005312
      2       0.000042   0.005323  -0.072644
 A Tensor eigenvectors:
                   0          1          2    
      0      -0.805540  -0.578829  -0.126738
      1       0.088594   0.093832  -0.991638
      2       0.585881  -0.810033  -0.024304
 A Eigenvalues: 
                  0          1          2    
      0      -0.071896  -0.073231   0.144280
A(iso)  -0.000282
 Nucleus: 14 H  
 Isotope: 1 
 Nuclear Spin:  0.5 
 Prefactor (MHz): 533.551395 
 Raw A tensor (MHz): 
                  0          1          2    
      0      -0.068604   0.026694  -0.004492
      1       0.026711   0.134332  -0.031502
      2      -0.004491  -0.031477  -0.067770
 A Tensor eigenvectors:
                   0          1          2    
      0       0.859180   0.495633  -0.127114
      1      -0.184186   0.067808  -0.980550
      2      -0.477374   0.865881   0.149549
 A Eigenvalues: 
                  0          1          2    
      0      -0.071833  -0.072804   0.142595
A(iso)  -0.000681
 Nucleus: 16 H  
 Isotope: 1 
 Nuclear Spin:  0.5 
 Prefactor (MHz): 533.551395 
 Raw A tensor (MHz): 
                  0          1          2    
      0      -0.033791   0.040165  -0.005811
      1       0.040183   0.078709  -0.017155
      2      -0.005809  -0.017136  -0.044397
 A Tensor eigenvectors:
                   0          1          2    
      0       0.699895   0.646891  -0.302786
      1      -0.312722  -0.103589  -0.944179
      2      -0.642146   0.755514   0.129796
 A Eigenvalues: 
                  0          1          2    
      0      -0.046412  -0.047017   0.093950
A(iso)  0.000174
 Nucleus: 17 H  
 Isotope: 1 
 Nuclear Spin:  0.5 
 Prefactor (MHz): 533.551395 
 Raw A tensor (MHz): 
                  0          1          2    
      0      -0.033762   0.040731   0.000639
      1       0.040746   0.081686   0.002658
      2       0.000641   0.002668  -0.046686
 A Tensor eigenvectors:
                   0          1          2    
      0      -0.716658  -0.628480  -0.302348
      1       0.213932   0.214521  -0.953002
      2       0.663803  -0.747659  -0.019287
 A Eigenvalues: 
                  0          1          2    
      0      -0.046518  -0.046911   0.094666
A(iso)  0.000412
 Nucleus: 19 H  
 Isotope: 1 
 Nuclear Spin:  0.5 
 Prefactor (MHz): 533.551395 
 Raw A tensor (MHz): 
                  0          1          2    
      0      -0.034887   0.012874  -0.001856
      1       0.012886   0.069899  -0.013895
      2      -0.001856  -0.013883  -0.034689
 A Tensor eigenvectors:
                   0          1          2    
      0       0.749898   0.650692  -0.119386
      1      -0.174398   0.020362  -0.984465
      2      -0.638153   0.759068   0.128748
 A Eigenvalues: 
                  0          1          2    
      0      -0.036304  -0.036651   0.073278
A(iso)  0.000108
 Nucleus: 20 H  
 Isotope: 1 
 Nuclear Spin:  0.5 
 Prefactor (MHz): 533.551395 
 Raw A tensor (MHz): 
                  0          1          2    
      0      -0.035082   0.013028  -0.000050
      1       0.013038   0.071997   0.001031
      2      -0.000049   0.001037  -0.036699
 A Tensor eigenvectors:
                   0          1          2    
      0      -0.762529  -0.635907  -0.119048
      1       0.085470   0.083381  -0.992846
      2       0.641284  -0.767248  -0.009230
 A Eigenvalues: 
                  0          1          2    
      0      -0.036502  -0.036852   0.073570
A(iso)  0.000072
 Nucleus: 22 H  
 Isotope: 1 
 Nuclear Spin:  0.5 
 Prefactor (MHz): 533.551395 
 Raw A tensor (MHz): 
                  0          1          2    
      0      -0.090803  -0.736732   0.271478
      1      -0.736815   2.222243  -0.905007
      2       0.271575  -0.904685  -0.028274
 A Tensor eigenvectors:
                   0          1          2    
      0       0.933455  -0.240931   0.265732
      1       0.325865   0.259990  -0.908965
      2       0.149910   0.935071   0.321200
 A Eigenvalues: 
                  0          1          2    
      0      -0.304417  -0.349774   2.757357
A(iso)  0.701055
 Nucleus: 23 H  
 Isotope: 1 
 Nuclear Spin:  0.5 
 Prefactor (MHz): 533.551395 
 Raw A tensor (MHz): 
                  0          1          2    
      0      -0.081031  -0.574416  -0.307841
      1      -0.574761   2.932601   0.085757
      2      -0.307949   0.085839  -0.206238
 A Tensor eigenvectors:
                   0          1          2    
      0      -0.704405  -0.685340   0.184722
      1      -0.163067  -0.097034  -0.981832
      2       0.690813  -0.721729  -0.043405
 A Eigenvalues: 
                  0          1          2    
      0       0.087673  -0.486868   3.044527
A(iso)  0.881777
 Nucleus: 25 H  
 Isotope: 1 
 Nuclear Spin:  0.5 
 Prefactor (MHz): 533.551395 
 Raw A tensor (MHz): 
                  0          1          2    
      0      -3.466884   2.409457   0.735035
      1       2.409323   2.440724   2.157304
      2       0.735227   2.157017  -3.469412
 A Tensor eigenvectors:
                   0          1          2    
      0       0.319811  -0.264459   0.909825
      1       0.901373  -0.210987  -0.378168
      2       0.291972   0.941034   0.170901
 A Eigenvalues: 
                  0          1          2    
      0       3.994491  -4.159756  -4.330307
A(iso)  -1.498524
 Nucleus: 26 H  
 Isotope: 1 
 Nuclear Spin:  0.5 
 Prefactor (MHz): 533.551395 
 Raw A tensor (MHz): 
                  0          1          2    
      0      -3.681889   2.687015  -1.599523
      1       2.687792   2.864497  -2.607636
      2      -1.598930  -2.605442  -4.420359
 A Tensor eigenvectors:
                   0          1          2    
      0       0.766723  -0.339601  -0.544800
      1      -0.452174  -0.888080  -0.082782
      2      -0.455713   0.309816  -0.834470
 A Eigenvalues: 
                  0          1          2    
      0      -4.316829   4.802122  -5.723045
A(iso)  -1.745917
 Nucleus: 28 H  
 Isotope: 1 
 Nuclear Spin:  0.5 
 Prefactor (MHz): 533.551395 
 Raw A tensor (MHz): 
                  0          1          2    
      0      40.268257  -5.599747   3.527784
      1      -5.596474  39.223125  -3.762559
      2       3.525671  -3.764324  36.102205
 A Tensor eigenvectors:
                   0          1          2    
      0      -0.129461  -0.733699  -0.667027
      1      -0.634814  -0.455438   0.624169
      2      -0.761742   0.504244  -0.406801
 A Eigenvalues: 
                  0          1          2    
      0      33.565427  34.369980  47.658180
A(iso)  38.531196
 Nucleus: 29 H  
 Isotope: 1 
 Nuclear Spin:  0.5 
 Prefactor (MHz): 533.551395 
 Raw A tensor (MHz): 
                  0          1          2    
      0     113.103593  -5.671475  -2.170999
      1      -5.670984 115.228575   1.027411
      2      -2.169086   1.026335 108.890314
 A Tensor eigenvectors:
                   0          1          2    
      0      -0.631199   0.438896   0.639499
      1      -0.369556   0.554714  -0.745467
      2      -0.681921  -0.706869  -0.187938
 A Eigenvalues: 
                  0          1          2    
      0     107.438250 109.431975 120.352259
A(iso)  112.407494
 Nucleus: 31 H  
 Isotope: 1 
 Nuclear Spin:  0.5 
 Prefactor (MHz): 533.551395 
 Raw A tensor (MHz): 
                  0          1          2    
      0     -27.621129   0.311047  18.130427
      1       0.311754 -91.613179  -1.433366
      2      18.129254  -1.433822 -44.392345
 A Tensor eigenvectors:
                   0          1          2    
      0      -0.842408  -0.538629  -0.015065
      1       0.006751  -0.038506   0.999236
      2      -0.538798   0.841662   0.036074
 A Eigenvalues: 
                  0          1          2    
      0     -16.028074 -55.928941 -91.669639
A(iso)  -54.542218
 Nucleus: 33 H  
 Isotope: 1 
 Nuclear Spin:  0.5 
 Prefactor (MHz): 533.551395 
 Raw A tensor (MHz): 
                  0          1          2    
      0     112.782668   5.739042  -1.730017
      1       5.738314 116.055851  -0.696802
      2      -1.728363  -0.695746 109.123764
 A Tensor eigenvectors:
                   0          1          2    
      0      -0.672796   0.425408  -0.605289
      1       0.410647  -0.465813  -0.783828
      2      -0.615398  -0.775916   0.138705
 A Eigenvalues: 
                  0          1          2    
      0     107.697979 109.653935 120.610369
A(iso)  112.654094
 Nucleus: 34 H  
 Isotope: 1 
 Nuclear Spin:  0.5 
 Prefactor (MHz): 533.551395 
 Raw A tensor (MHz): 
                  0          1          2    
      0      37.162145   5.385808   3.752131
      1       5.382293  35.982712   3.978417
      2       3.749793   3.980362  33.686682
 A Tensor eigenvectors:
                   0          1          2    
      0      -0.174011   0.733542  -0.656990
      1       0.695796  -0.380526  -0.609153
      2      -0.696841  -0.563131  -0.444180
 A Eigenvalues: 
                  0          1          2    
      0      30.650519  31.490077  44.690943
A(iso)  35.610513
 Nucleus: 36 H  
 Isotope: 1 
 Nuclear Spin:  0.5 
 Prefactor (MHz): 533.551395 
 Raw A tensor (MHz): 
                  0          1          2    
      0      -3.256357  -2.735200   0.613343
      1      -2.734999   2.537016  -1.596807
      2       0.613584  -1.596703  -3.828401
 A Tensor eigenvectors:
                   0          1          2    
      0       0.360392  -0.202531  -0.910549
      1      -0.908043   0.147231  -0.392149
      2       0.213483   0.968145  -0.130846
 A Eigenvalues: 
                  0          1          2    
      0       3.998051  -4.199619  -4.346173
A(iso)  -1.515914
 Nucleus: 37 H  
 Isotope: 1 
 Nuclear Spin:  0.5 
 Prefactor (MHz): 533.551395 
 Raw A tensor (MHz): 
                  0          1          2    
      0      -3.628750  -2.651794  -1.983543
      1      -2.652497   2.101771   3.216746
      2      -1.983007   3.214743  -3.878972
 A Tensor eigenvectors:
                   0          1          2    
      0       0.740961  -0.360941   0.566302
      1       0.518128   0.843741  -0.140159
      2      -0.427223   0.397269   0.812193
 A Eigenvalues: 
                  0          1          2    
      0      -4.340426   4.751235  -5.816760
A(iso)  -1.801984
 Nucleus: 39 H  
 Isotope: 1 
 Nuclear Spin:  0.5 
 Prefactor (MHz): 533.551395 
