-------------------------------------------------------------
----------------------- !PROPERTIES! ------------------------
-------------------------------------------------------------
# -----------------------------------------------------------
$ PAL_Flags
   description: The PAL Flags
   geom. index: 1
   prop. index: 1
        Diskflag:     2
# -----------------------------------------------------------
$ SCF_Energy
   description: The SCF energy
   geom. index: 1
   prop. index: 1
        SCF Energy:     -739.6954495504
# -----------------------------------------------------------
$ DFT_Energy
   description: The DFT energy
   geom. index: 1
   prop. index: 1
   Number of Alpha Electrons                 71.0000433509 
   Number of Beta  Electrons                 70.0000445538 
   Total number of  Electrons               141.0000879046 
   Exchange energy                          -85.6250382999 
   Correlation energy                        -5.4152839532 
   Correlation energy NL                      0.0000000000 
   Exchange-Correlation energy              -91.0403222531 
   Embedding correction                       0.0000000000 
   Total DFT Energy (No VdW correction)    -739.6954495504 
# -----------------------------------------------------------
$ Mayer_Pop
   description: The Mayer population analysis
   geom. index: 1
   prop. index: 1
     Number of atoms                     : 46
     Threshold for printing              : 0.1000000
     Number of bond orders printed       : 46
  NA   - Mulliken gross atomic population
  ZA   - Total nuclear charge
  QA   - Mulliken gross atomic charge
  VA   - Mayer's total valence
  BVA  - Mayer's bonded valence
  FA   - Mayer's free valence
  ATOM       NA         ZA         QA         VA         BVA        FA
  0   0     5.3798     6.0000     0.6202     2.9150     2.9150     0.0000
  1   0     5.9710     6.0000     0.0290     3.9584     3.9584     0.0000
  2   0     6.0264     6.0000    -0.0264     4.0874     4.0874     0.0000
  3   0     5.9705     6.0000     0.0295     3.8984     3.8984     0.0000
  4   0     6.0590     6.0000    -0.0590     3.8492     3.8492     0.0000
  5   0     6.0725     6.0000    -0.0725     4.1624     4.1624     0.0000
  6   0     5.9777     6.0000     0.0223     3.9748     3.9748     0.0000
  7   0     1.0551     1.0000    -0.0551     1.0010     1.0010     0.0000
  8   0     1.0436     1.0000    -0.0436     0.9847     0.9847     0.0000
  9   0     5.9662     6.0000     0.0338     4.0144     4.0144     0.0000
 10   0     0.9763     1.0000     0.0237     0.9657     0.9657     0.0000
 11   0     0.9741     1.0000     0.0259     0.9649     0.9649     0.0000
 12   0     6.0394     6.0000    -0.0394     4.1180     4.1180     0.0000
 13   0     0.9842     1.0000     0.0158     0.9645     0.9645     0.0000
 14   0     0.9820     1.0000     0.0180     0.9631     0.9631     0.0000
 15   0     6.0252     6.0000    -0.0252     4.1160     4.1160     0.0000
 16   0     0.9950     1.0000     0.0050     0.9670     0.9670     0.0000
 17   0     0.9950     1.0000     0.0050     0.9672     0.9672     0.0000
 18   0     5.9990     6.0000     0.0010     4.0185     4.0185     0.0000
 19   0     0.9826     1.0000     0.0174     0.9776     0.9776     0.0000
 20   0     0.9823     1.0000     0.0177     0.9773     0.9773     0.0000
 21   0     5.9546     6.0000     0.0454     4.0164     4.0164     0.0000
 22   0     0.9690     1.0000     0.0310     0.9692     0.9692     0.0000
 23   0     0.9696     1.0000     0.0304     0.9703     0.9703     0.0000
 24   0     6.0420     6.0000    -0.0420     4.1239     4.1238     0.0001
 25   0     0.9832     1.0000     0.0168     0.9621     0.9621     0.0000
 26   0     0.9816     1.0000     0.0184     0.9632     0.9632     0.0000
 27   0     5.9331     6.0000     0.0669     4.0022     3.9997     0.0025
 28   0     0.9933     1.0000     0.0067     0.9725     0.9721     0.0004
 29   0     0.9857     1.0000     0.0143     0.9653     0.9615     0.0038
 30   0     6.1135     6.0000    -0.1135     4.0043     3.2568     0.7475
 31   0     1.0177     1.0000    -0.0177     0.9897     0.9874     0.0023
 32   0     5.9596     6.0000     0.0404     4.0158     4.0133     0.0025
 33   0     0.9868     1.0000     0.0132     0.9643     0.9604     0.0039
 34   0     0.9957     1.0000     0.0043     0.9718     0.9715     0.0003
 35   0     6.0452     6.0000    -0.0452     4.1296     4.1295     0.0001
 36   0     0.9923     1.0000     0.0077     0.9654     0.9654     0.0000
 37   0     0.9915     1.0000     0.0085     0.9669     0.9669     0.0000
 38   0     6.0030     6.0000    -0.0030     4.0212     4.0212     0.0000
 39   0     0.9836     1.0000     0.0164     0.9771     0.9771     0.0000
 40   0     0.9838     1.0000     0.0162     0.9774     0.9774     0.0000
 41   0     6.5958     6.0000    -0.5958     3.4059     3.4059     0.0000
 42   0     1.0315     1.0000    -0.0315     1.0298     1.0298     0.0000
 43   0     0.9874     1.0000     0.0126     0.9735     0.9735    -0.0000
 44   0     0.9879     1.0000     0.0121     0.9736     0.9736     0.0000
 45   0     1.0557     1.0000    -0.0557     0.9795     0.9795     0.0000
      Bond orders larger than 0.1000000
           Atom A     A.N. of A          Atom B    A.N. of B              Bond order
                0             6               4            6                0.907715
                0             6              41            6                2.141287
                1             6               2            6                1.422074
                1             6               6            6                1.430811
                1             6              45            1                0.933076
                2             6               3            6                1.426650
                2             6               9            6                1.044996
                3             6               4            6                1.392655
                3             6               7            1                0.927561
                4             6               5            6                1.409824
                5             6               6            6                1.442003
                5             6              21            6                1.088055
                6             6               8            1                0.918397
                9             6              10            1                0.914802
                9             6              11            1                0.913430
                9             6              12            6                1.103802
               12             6              13            1                0.932024
               12             6              14            1                0.929518
               12             6              15            6                1.075080
               15             6              16            1                0.941403
               15             6              17            1                0.941316
               15             6              18            6                1.105719
               18             6              19            1                0.966500
               18             6              20            1                0.966594
               18             6              43            1                0.962151
               21             6              22            1                0.898414
               21             6              23            1                0.898186
               21             6              24            6                1.099715
               24             6              25            1                0.928700
               24             6              26            1                0.931130
               24             6              27            6                1.073032
               27             6              28            1                0.924384
               27             6              29            1                0.911322
               27             6              30            6                1.071695
               30             6              31            1                0.958626
               30             6              32            6                1.079990
               32             6              33            1                0.915636
               32             6              34            1                0.928313
               32             6              35            6                1.070933
               35             6              36            1                0.944520
               35             6              37            1                0.947424
               35             6              38            6                1.104762
               38             6              39            1                0.966714
               38             6              40            1                0.966436
               38             6              44            1                0.962777
               41             6              42            1                1.116541
# -----------------------------------------------------------
$ Calculation_Info
   description: Details of the calculation
   geom. index: 1
   prop. index: 1
     Multiplicity:                          2
     Charge:                                0
     number of atoms:                       46
     number of electrons:                   0
     number of frozen core electrons:       1
     number of correlated electrons:        0
     number of basis functions:             401
     number of aux C basis functions:       2649
     number of aux J basis functions:       2649
     number of aux JK basis functions:      2649
     number of aux CABS basis functions:    0
     Total Energy                           -739.695450
# -----------------------------------------------------------
$ SCF_Electric_Properties
   description: The SCF Calculated Electric Properties
   geom. index: 1
   prop. index: 1
       Filename                          : cc-pVDZ.scfp 
       Do Dipole Moment Calculation      : true 
       Do Quadrupole Moment Calculation  : false 
       Do Polarizability Calculation     : false 
** Dipole moment part of electric properties **
        Magnitude of dipole moment (Debye) :        0.5511566415
        Electronic Contribution:
                  0    
      0       4.215771
      1     -11.001607
      2      -0.145744
        Nuclear Contribution:
                  0    
      0      -4.427485
      1      11.003341
      2       0.098916
        Total Dipole moment:
                  0    
      0      -0.211713
      1       0.001734
      2      -0.046828
# -----------------------------------------------------------
$ EPRNMR_GTensor
   description: Electronic g tensor
   geom. index: 1
   prop. index: 1
 Source density: 1 SCF 
 Spin multiplicity: 2 
 raw g tensor: 
                  0          1          2    
      0       2.002782  -0.000008   0.000227
      1       0.000041   2.002750   0.000020
      2       0.000224   0.000002   2.002369
 g tensor: 
                  0          1          2    
      0      -0.402836  -0.132963  -0.905563
      1      -0.007047   0.989813  -0.142198
      2       0.915245  -0.050901  -0.399669
 G eigenvalues: 
                  0          1          2    
      0       2.002270   2.002747   2.002883
# -----------------------------------------------------------
$ EPRNMR_OrbitalShielding
   description: Orbital contribution to the NMR Shielding tensor (ppm)
   geom. index: 1
   prop. index: 1
 Number of stored nuclei 27
 Source density: 1 SCF 
 Nucleus: 7 H 
 Shielding tensor (ppm): 
                  0          1          2    
      0     -21.770166 130.898384  -7.423224
      1     -228.477421  68.853744 -24.521973
      2       8.770535  13.957927  30.140651
 P Tensor eigenvectors:
                   0          1          2    
      0      -0.113147  -0.419305   0.900767
      1       0.006434  -0.906879  -0.421342
      2       0.993557  -0.041878   0.105308
 P Eigenvalues: 
                  0          1          2    
      0      29.329724  15.369759  32.524747
P(iso)  25.741410
 Nucleus: 8 H 
 Shielding tensor (ppm): 
                  0          1          2    
      0     103.537256 -97.031538   3.504918
      1      49.777685  29.991961  12.332567
      2       5.911710  -9.955735  89.110910
 P Tensor eigenvectors:
                   0          1          2    
      0       0.650952  -0.058621   0.756853
      1       0.756273   0.136338  -0.639893
      2      -0.065677   0.988926   0.133083
 P Eigenvalues: 
                  0          1          2    
      0      37.627326  88.213807  96.798995
P(iso)  74.213376
 Nucleus: 10 H 
 Shielding tensor (ppm): 
                  0          1          2    
      0      63.721032 -259.560695 179.065632
      1     354.970024  -0.869653 350.502621
      2     -126.402789 -254.782287  32.666454
 P Tensor eigenvectors:
                   0          1          2    
      0       0.646923   0.391125  -0.654608
      1      -0.356848   0.913922   0.193406
      2      -0.673907  -0.108477  -0.730809
 P Eigenvalues: 
                  0          1          2    
      0      19.426893  31.786740  44.304199
P(iso)  31.839278
 Nucleus: 11 H 
 Shielding tensor (ppm): 
                  0          1          2    
      0      67.760255 -281.672688 -161.990305
      1     371.366282  -6.701834 -344.623453
      2     101.813398 259.418097  41.987837
 P Tensor eigenvectors:
                   0          1          2    
      0       0.635865  -0.398950   0.660693
      1      -0.306118  -0.916193  -0.258615
      2       0.708496  -0.037806  -0.704701
 P Eigenvalues: 
                  0          1          2    
      0      21.756241  34.144640  47.145376
P(iso)  34.348752
 Nucleus: 13 H 
 Shielding tensor (ppm): 
                  0          1          2    
      0      32.618312 297.664828 105.353686
      1     -403.174551  78.246701 454.099265
      2     -78.805998 -329.838293  81.110447
 P Tensor eigenvectors:
                   0          1          2    
      0       0.740893   0.209188   0.638214
      1      -0.147594   0.977740  -0.149136
      2       0.655205  -0.016297  -0.755276
 P Eigenvalues: 
                  0          1          2    
      0      66.837912  52.600152  72.537396
P(iso)  63.991820
 Nucleus: 14 H 
 Shielding tensor (ppm): 
                  0          1          2    
      0      34.407070 275.990595 -131.660445
      1     -380.547009  67.935513 -464.788419
      2     109.697870 341.247446  92.187354
 P Tensor eigenvectors:
                   0          1          2    
      0      -0.761400   0.207630   0.614133
      1       0.200133   0.976335  -0.081960
      2       0.616617  -0.060504   0.784935
 P Eigenvalues: 
                  0          1          2    
      0      68.717086  52.957351  72.855500
P(iso)  64.843312
 Nucleus: 16 H 
 Shielding tensor (ppm): 
                  0          1          2    
      0      35.134264 -363.751984 -162.621082
      1     501.609339 -13.994858 -515.747024
      2      99.135227 376.396310   0.604366
 P Tensor eigenvectors:
                   0          1          2    
      0       0.700653   0.245783   0.669833
      1      -0.210495   0.968216  -0.135089
      2       0.681746   0.046346  -0.730120
 P Eigenvalues: 
                  0          1          2    
      0     -13.750730  14.834253  20.660249
P(iso)  7.247924
 Nucleus: 17 H 
 Shielding tensor (ppm): 
                  0          1          2    
      0      31.815213 -336.342899 192.622251
      1     476.470707  -1.890077 526.250100
      2     -139.374327 -382.264548 -11.932483
 P Tensor eigenvectors:
                   0          1          2    
      0       0.717580   0.245296  -0.651850
      1      -0.267453   0.961218   0.067291
      2      -0.643076  -0.126052  -0.755357
 P Eigenvalues: 
                  0          1          2    
      0     -15.387965  13.925903  19.454715
P(iso)  5.997551
 Nucleus: 19 H 
 Shielding tensor (ppm): 
                  0          1          2    
      0     -31.241431 379.657566 -136.538064
      1     -486.233675  53.408415 -581.984568
      2     108.430075 418.499788  13.869110
 P Tensor eigenvectors:
                   0          1          2    
      0      -0.748162   0.253378   0.613231
      1       0.171005   0.966626  -0.190764
      2       0.641101   0.037857   0.766522
 P Eigenvalues: 
                  0          1          2    
      0      -1.030994  15.562340  21.504748
P(iso)  12.012031
 Nucleus: 20 H 
 Shielding tensor (ppm): 
                  0          1          2    
      0     -34.094011 400.410624 100.672151
      1     -507.194339  67.160838 562.564994
      2     -65.520582 -410.968568  -1.399145
 P Tensor eigenvectors:
                   0          1          2    
      0      -0.730785   0.257915  -0.632007
      1       0.113161   0.958835   0.260443
      2      -0.673163  -0.118809   0.729888
 P Eigenvalues: 
                  0          1          2    
      0      -3.406771  14.703435  20.371018
P(iso)  10.555894
 Nucleus: 22 H 
 Shielding tensor (ppm): 
                  0          1          2    
      0     106.098202 -36.219462 102.356563
      1      60.927326  36.398422  91.120139
      2     -65.912808 -60.905847  92.771154
 P Tensor eigenvectors:
                   0          1          2    
      0      -0.350911  -0.770452   0.532226
      1       0.864359  -0.485135  -0.132389
      2       0.360201   0.413578   0.836187
 P Eigenvalues: 
                  0          1          2    
      0      49.601559  78.974760 106.691459
P(iso)  78.422593
 Nucleus: 23 H 
 Shielding tensor (ppm): 
                  0          1          2    
      0     105.286470 -59.020955 -78.208058
      1      80.107852  28.156843 -71.728039
      2      41.903386  60.070851  90.967073
 P Tensor eigenvectors:
                   0          1          2    
      0      -0.268292   0.728747  -0.630037
      1       0.793617   0.537930   0.284260
      2      -0.546069   0.423744   0.722668
 P Eigenvalues: 
                  0          1          2    
      0      47.681340  74.794640 101.934405
P(iso)  74.803462
 Nucleus: 25 H 
 Shielding tensor (ppm): 
                  0          1          2    
      0      96.140731 108.675210 -41.402335
      1     -168.131726  45.933940 -209.028537
      2      51.435126 154.951609 114.831307
 P Tensor eigenvectors:
                   0          1          2    
      0       0.784544  -0.063906   0.616771
      1      -0.222088  -0.957647   0.183275
      2      -0.578937   0.280765   0.765509
 P Eigenvalues: 
                  0          1          2    
      0      98.778583  62.291196  95.836199
P(iso)  85.635326
 Nucleus: 26 H 
 Shielding tensor (ppm): 
                  0          1          2    
      0     101.811918 134.637692  13.561297
      1     -200.086749  59.777283 192.470370
      2      -2.242492 -137.055733 106.798735
 P Tensor eigenvectors:
                   0          1          2    
      0       0.698977   0.024200  -0.714735
      1      -0.017712  -0.998535  -0.051130
      2       0.714925  -0.048398   0.697524
 P Eigenvalues: 
                  0          1          2    
      0     110.112343  64.158342  94.117251
P(iso)  89.462645
 Nucleus: 28 H 
 Shielding tensor (ppm): 
                  0          1          2    
      0      97.818127 -188.151528 116.653888
      1     268.967365  24.942413 311.778843
      2     -83.328379 -221.722999  69.670390
 P Tensor eigenvectors:
                   0          1          2    
      0      -0.705260   0.331328   0.626762
      1       0.294982   0.941053  -0.165546
      2       0.644666  -0.068131   0.761422
 P Eigenvalues: 
                  0          1          2    
      0      64.939802  51.822132  75.668997
P(iso)  64.143644
 Nucleus: 29 H 
 Shielding tensor (ppm): 
                  0          1          2    
      0      94.498756 -223.167251 -68.948723
      1     301.365751   7.357808 -284.085382
      2      33.565907 215.111208  75.838038
 P Tensor eigenvectors:
                   0          1          2    
      0      -0.661951   0.311415  -0.681793
      1       0.152557   0.946543   0.284224
      2      -0.733857  -0.084130   0.674074
 P Eigenvalues: 
                  0          1          2    
      0      65.057912  45.763291  66.873400
P(iso)  59.231534
 Nucleus: 31 H 
 Shielding tensor (ppm): 
                  0          1          2    
      0      65.108954 328.431419 -64.939927
      1     -480.529383  48.353401 -292.732740
      2      68.342103 201.017932  91.184430
 P Tensor eigenvectors:
                   0          1          2    
      0      -0.521974   0.070442  -0.850048
      1       0.143364   0.989652  -0.006022
      2       0.840827  -0.125009  -0.526671
 P Eigenvalues: 
                  0          1          2    
      0      82.032633  49.819285  72.794867
P(iso)  68.215595
 Nucleus: 33 H 
 Shielding tensor (ppm): 
                  0          1          2    
      0      10.437156 -328.675413 -78.136005
      1     476.602219   8.006281 -488.442598
      2      31.337774 352.118995  -2.138856
 P Tensor eigenvectors:
                   0          1          2    
      0      -0.714924   0.091565  -0.693181
      1       0.098042   0.994721   0.030279
      2      -0.692294   0.046314   0.720127
 P Eigenvalues: 
                  0          1          2    
      0     -19.891505  14.999584  21.196501
P(iso)  5.434860
 Nucleus: 34 H 
 Shielding tensor (ppm): 
                  0          1          2    
      0      72.420432 -335.464003 100.401012
      1     469.747642  20.037552 513.535474
      2     -78.088997 -374.849218  47.784849
 P Tensor eigenvectors:
                   0          1          2    
      0      -0.725252   0.169203   0.667367
      1       0.152022   0.984761  -0.084467
      2       0.671490  -0.040194   0.739923
 P Eigenvalues: 
                  0          1          2    
      0      48.587655  38.315893  53.339285
P(iso)  46.747611
 Nucleus: 36 H 
 Shielding tensor (ppm): 
                  0          1          2    
      0       6.560644 411.585321 -32.616055
      1     -555.812123  41.260996 -586.836206
      2      30.642444 418.887945  25.903869
 P Tensor eigenvectors:
                   0          1          2    
      0      -0.724911   0.081571   0.683996
      1       0.037718   0.996175  -0.078827
      2       0.687809   0.031344   0.725214
 P Eigenvalues: 
                  0          1          2    
      0      16.331411  24.046237  33.347861
P(iso)  24.575170
 Nucleus: 37 H 
 Shielding tensor (ppm): 
                  0          1          2    
      0      69.297215 430.143683  21.964703
      1     -581.439808  45.413267 568.234191
      2     -22.242175 -419.993032  81.524974
 P Tensor eigenvectors:
                   0          1          2    
      0       0.699925   0.000843   0.714216
      1      -0.026952  -0.999256   0.027592
      2       0.713708  -0.038562  -0.699381
 P Eigenvalues: 
                  0          1          2    
      0      75.372379  51.306578  69.556500
P(iso)  65.411819
 Nucleus: 39 H 
 Shielding tensor (ppm): 
                  0          1          2    
      0     -10.173564 -326.672705  67.286386
      1     462.657466  15.898352 688.877449
      2     -46.885576 -504.937636 -16.425307
 P Tensor eigenvectors:
                   0          1          2    
      0      -0.829311   0.040665   0.557306
      1       0.083004   0.995249   0.050896
      2       0.552588  -0.088467   0.828746
 P Eigenvalues: 
                  0          1          2    
      0     -22.175845   4.837128   6.638198
P(iso)  -3.566840
 Nucleus: 40 H 
 Shielding tensor (ppm): 
                  0          1          2    
      0     -66.275025 -325.137202 -68.743707
      1     478.997364  21.542408 -562.050573
      2      49.271726 405.850533 -77.278165
 P Tensor eigenvectors:
                   0          1          2    
      0       0.765526   0.032871  -0.642565
      1      -0.099423  -0.980655  -0.168615
      2       0.635677  -0.192964   0.747449
 P Eigenvalues: 
                  0          1          2    
      0     -81.167205 -16.626280 -24.217297
P(iso)  -40.670261
 Nucleus: 42 H 
 Shielding tensor (ppm): 
                  0          1          2    
      0      50.101978  80.860961   7.474785
      1     -162.433335 -82.922490  -8.749106
      2       8.536902   6.442482 -68.069534
 P Tensor eigenvectors:
                   0          1          2    
      0       0.544751   0.052093   0.836979
      1      -0.838030  -0.002902   0.545616
      2       0.030852  -0.998638   0.042074
 P Eigenvalues: 
                  0          1          2    
      0      -5.864969 -68.576292 -26.448786
P(iso)  -33.630016
 Nucleus: 43 H 
 Shielding tensor (ppm): 
                  0          1          2    
      0     -149.284301 -134.971682   5.005185
      1     290.262719  16.434438 -10.834972
      2     -11.497693  -5.814115 -178.208025
 P Tensor eigenvectors:
                   0          1          2    
      0      -0.255420  -0.012352  -0.966751
      1       0.966288  -0.036742  -0.254829
      2      -0.032373  -0.999248   0.021320
 P Eigenvalues: 
                  0          1          2    
      0     -32.441183 -178.561769 -100.054936
P(iso)  -103.685963
 Nucleus: 44 H 
 Shielding tensor (ppm): 
                  0          1          2    
      0     -161.637955 409.513535  18.275162
      1     -519.742126  49.241627 113.687191
      2     -18.601923 -77.334662 -156.291362
 P Tensor eigenvectors:
                   0          1          2    
      0       0.198064  -0.457526   0.866857
      1      -0.044547  -0.887665  -0.458330
      2       0.979176   0.052163  -0.196196
 P Eigenvalues: 
                  0          1          2    
      0     -156.769719 -41.903643 -70.014328
P(iso)  -89.562563
 Nucleus: 45 H 
 Shielding tensor (ppm): 
                  0          1          2    
      0      81.876745 -184.746169   8.763890
      1     237.362835 -25.871768  17.517060
      2      -3.199290  -7.578229  30.090537
 P Tensor eigenvectors:
                   0          1          2    
      0      -0.068179  -0.471810   0.879061
      1       0.024915  -0.881641  -0.471262
      2       0.997362  -0.010228   0.071864
 P Eigenvalues: 
                  0          1          2    
      0      30.075725  20.122623  35.897167
P(iso)  28.698505
# -----------------------------------------------------------
$ EPRNMR_ATensor
   description: Hyperfine A tensor
   geom. index: 1
   prop. index: 1
 Number of stored nuclei 27
 Source density: 1 SCF 
 Spin multiplicity: 2 
 Nucleus: 7 H  
 Isotope: 1 
 Nuclear Spin:  0.5 
 Prefactor (MHz): 533.551395 
 Raw A tensor (MHz): 
                  0          1          2    
      0      -0.109451   0.003551  -0.002088
      1       0.003559   0.266753  -0.031242
      2      -0.002085  -0.031214  -0.113925
 A Tensor eigenvectors:
                   0          1          2    
      0       0.971960   0.234941  -0.009790
      1      -0.028586   0.076733  -0.996642
      2      -0.233401   0.968976   0.081297
 A Eigenvalues: 
                  0          1          2    
      0      -0.109055  -0.116902   0.269334
A(iso)  0.014459
 Nucleus: 8 H  
 Isotope: 1 
 Nuclear Spin:  0.5 
 Prefactor (MHz): 533.551395 
 Raw A tensor (MHz): 
                  0          1          2    
      0      -0.243750   0.861351  -0.029731
      1       0.861559   0.874401  -0.035257
      2      -0.029651  -0.035020  -0.745736
 A Tensor eigenvectors:
                   0          1          2    
      0      -0.850174   0.222371   0.477237
      1       0.467791  -0.096924   0.878509
      2       0.241610   0.970132  -0.021621
 A Eigenvalues: 
                  0          1          2    
      0      -0.709324  -0.749030   1.343268
A(iso)  -0.038362
 Nucleus: 10 H  
 Isotope: 1 
 Nuclear Spin:  0.5 
 Prefactor (MHz): 533.551395 
 Raw A tensor (MHz): 
                  0          1          2    
      0      -0.023323   0.095594   0.004020
      1       0.095620   0.179903   0.010242
      2       0.004025   0.010264  -0.061836
 A Tensor eigenvectors:
                   0          1          2    
      0       0.929531  -0.018974   0.368256
      1      -0.366989   0.049724   0.928895
      2      -0.035936  -0.998583   0.039257
 A Eigenvalues: 
                  0          1          2    
      0      -0.061228  -0.062270   0.218243
A(iso)  0.031582
 Nucleus: 11 H  
 Isotope: 1 
 Nuclear Spin:  0.5 
 Prefactor (MHz): 533.551395 
 Raw A tensor (MHz): 
                  0          1          2    
      0      -0.023607   0.093400  -0.016755
      1       0.093432   0.174375  -0.037998
      2      -0.016747  -0.037959  -0.055604
 A Tensor eigenvectors:
                   0          1          2    
      0       0.732577   0.574032  -0.365813
      1      -0.383637  -0.095740  -0.918508
      2      -0.562276   0.813217   0.150083
 A Eigenvalues: 
                  0          1          2    
      0      -0.059678  -0.062946   0.217787
A(iso)  0.031721
 Nucleus: 13 H  
 Isotope: 1 
 Nuclear Spin:  0.5 
 Prefactor (MHz): 533.551395 
 Raw A tensor (MHz): 
                  0          1          2    
      0      -0.068872   0.027239   0.000040
      1       0.027251   0.140662   0.005311
      2       0.000041   0.005323  -0.072647
 A Tensor eigenvectors:
                   0          1          2    
      0      -0.805608  -0.578736  -0.126729
      1       0.088598   0.093816  -0.991640
      2       0.585787  -0.810101  -0.024304
 A Eigenvalues: 
                  0          1          2    
      0      -0.071899  -0.073234   0.144275
A(iso)  -0.000286
 Nucleus: 14 H  
 Isotope: 1 
 Nuclear Spin:  0.5 
 Prefactor (MHz): 533.551395 
 Raw A tensor (MHz): 
                  0          1          2    
      0      -0.068606   0.026692  -0.004492
      1       0.026709   0.134328  -0.031501
      2      -0.004491  -0.031477  -0.067773
 A Tensor eigenvectors:
                   0          1          2    
      0       0.859354   0.495334  -0.127105
      1      -0.184155   0.067877  -0.980551
      2      -0.477072   0.866047   0.149548
 A Eigenvalues: 
                  0          1          2    
      0      -0.071836  -0.072806   0.142591
A(iso)  -0.000684
 Nucleus: 16 H  
 Isotope: 1 
 Nuclear Spin:  0.5 
 Prefactor (MHz): 533.551395 
 Raw A tensor (MHz): 
                  0          1          2    
      0      -0.033790   0.040165  -0.005811
      1       0.040183   0.078709  -0.017154
      2      -0.005809  -0.017136  -0.044396
 A Tensor eigenvectors:
                   0          1          2    
      0       0.699836   0.646955  -0.302784
      1      -0.312711  -0.103617  -0.944180
      2      -0.642215   0.755455   0.129795
 A Eigenvalues: 
                  0          1          2    
      0      -0.046412  -0.047017   0.093951
A(iso)  0.000174
 Nucleus: 17 H  
 Isotope: 1 
 Nuclear Spin:  0.5 
 Prefactor (MHz): 533.551395 
 Raw A tensor (MHz): 
                  0          1          2    
      0      -0.033762   0.040731   0.000639
      1       0.040746   0.081686   0.002658
      2       0.000641   0.002668  -0.046685
 A Tensor eigenvectors:
                   0          1          2    
      0      -0.716588  -0.628560  -0.302347
      1       0.213907   0.214545  -0.953003
      2       0.663887  -0.747585  -0.019286
 A Eigenvalues: 
                  0          1          2    
      0      -0.046517  -0.046911   0.094667
A(iso)  0.000413
 Nucleus: 19 H  
 Isotope: 1 
 Nuclear Spin:  0.5 
 Prefactor (MHz): 533.551395 
 Raw A tensor (MHz): 
                  0          1          2    
      0      -0.034886   0.012874  -0.001856
      1       0.012886   0.069899  -0.013895
      2      -0.001856  -0.013883  -0.034689
 A Tensor eigenvectors:
                   0          1          2    
      0       0.749983   0.650594  -0.119386
      1      -0.174395   0.020384  -0.984465
      2      -0.638053   0.759152   0.128748
 A Eigenvalues: 
                  0          1          2    
      0      -0.036303  -0.036651   0.073278
A(iso)  0.000108
 Nucleus: 20 H  
 Isotope: 1 
 Nuclear Spin:  0.5 
 Prefactor (MHz): 533.551395 
 Raw A tensor (MHz): 
                  0          1          2    
      0      -0.035082   0.013028  -0.000050
      1       0.013038   0.071997   0.001031
      2      -0.000049   0.001037  -0.036699
 A Tensor eigenvectors:
                   0          1          2    
      0      -0.762614  -0.635804  -0.119048
      1       0.085481   0.083370  -0.992846
      2       0.641180  -0.767335  -0.009230
 A Eigenvalues: 
                  0          1          2    
      0      -0.036502  -0.036852   0.073570
A(iso)  0.000072
 Nucleus: 22 H  
 Isotope: 1 
 Nuclear Spin:  0.5 
 Prefactor (MHz): 533.551395 
 Raw A tensor (MHz): 
                  0          1          2    
      0      -0.090640  -0.736734   0.271451
      1      -0.736817   2.222422  -0.905005
      2       0.271548  -0.904684  -0.028134
 A Tensor eigenvectors:
                   0          1          2    
      0       0.933586  -0.240426   0.265730
      1       0.325721   0.260160  -0.908968
      2       0.149407   0.935153   0.321194
 A Eigenvalues: 
                  0          1          2    
      0      -0.304261  -0.349617   2.757526
A(iso)  0.701216
 Nucleus: 23 H  
 Isotope: 1 
 Nuclear Spin:  0.5 
 Prefactor (MHz): 533.551395 
 Raw A tensor (MHz): 
                  0          1          2    
      0      -0.080829  -0.574414  -0.307809
      1      -0.574759   2.932817   0.085754
      2      -0.307917   0.085836  -0.206044
 A Tensor eigenvectors:
                   0          1          2    
      0      -0.704412  -0.685334   0.184720
      1      -0.163064  -0.097033  -0.981832
      2       0.690807  -0.721735  -0.043402
 A Eigenvalues: 
                  0          1          2    
      0       0.087841  -0.486639   3.044741
A(iso)  0.881981
 Nucleus: 25 H  
 Isotope: 1 
 Nuclear Spin:  0.5 
 Prefactor (MHz): 533.551395 
 Raw A tensor (MHz): 
                  0          1          2    
      0      -3.468059   2.409475   0.735167
      1       2.409340   2.439453   2.157312
      2       0.735359   2.157025  -3.470466
 A Tensor eigenvectors:
                   0          1          2    
      0       0.319819  -0.263854   0.909998
      1       0.901367  -0.211250  -0.378037
      2       0.291983   0.941145   0.170268
 A Eigenvalues: 
                  0          1          2    
      0       3.993286  -4.160894  -4.331465
A(iso)  -1.499691
 Nucleus: 26 H  
 Isotope: 1 
 Nuclear Spin:  0.5 
 Prefactor (MHz): 533.551395 
 Raw A tensor (MHz): 
                  0          1          2    
      0      -3.683108   2.687004  -1.599670
      1       2.687781   2.863160  -2.607602
      2      -1.599077  -2.605407  -4.421525
 A Tensor eigenvectors:
                   0          1          2    
      0       0.766687  -0.339607  -0.544847
      1      -0.452188  -0.888075  -0.082757
      2      -0.455761   0.309822  -0.834442
 A Eigenvalues: 
                  0          1          2    
      0      -4.317936   4.800821  -5.724357
A(iso)  -1.747158
 Nucleus: 28 H  
 Isotope: 1 
 Nuclear Spin:  0.5 
 Prefactor (MHz): 533.551395 
 Raw A tensor (MHz): 
                  0          1          2    
      0      40.272158  -5.599764   3.527385
      1      -5.596490  39.227320  -3.762580
      2       3.525272  -3.764346  36.105774
 A Tensor eigenvectors:
                   0          1          2    
      0      -0.129476  -0.733701  -0.667023
      1      -0.634791  -0.455443   0.624190
      2      -0.761759   0.504237  -0.406778
 A Eigenvalues: 
                  0          1          2    
      0      33.569151  34.374151  47.661949
A(iso)  38.535084
 Nucleus: 29 H  
 Isotope: 1 
 Nuclear Spin:  0.5 
 Prefactor (MHz): 533.551395 
 Raw A tensor (MHz): 
                  0          1          2    
      0     113.106397  -5.671419  -2.170630
      1      -5.670928 115.231703   1.027356
      2      -2.168717   1.026280 108.893016
 A Tensor eigenvectors:
                   0          1          2    
      0      -0.631177   0.438944   0.639487
      1      -0.369536   0.554704  -0.745484
      2      -0.681951  -0.706846  -0.187911
 A Eigenvalues: 
                  0          1          2    
      0     107.441366 109.434669 120.355082
A(iso)  112.410372
 Nucleus: 31 H  
 Isotope: 1 
 Nuclear Spin:  0.5 
 Prefactor (MHz): 533.551395 
 Raw A tensor (MHz): 
                  0          1          2    
      0     -27.627927   0.311044  18.131225
      1       0.311751 -91.621203  -1.433364
      2      18.130053  -1.433820 -44.400026
 A Tensor eigenvectors:
                   0          1          2    
      0      -0.842409  -0.538628  -0.015065
      1       0.006751  -0.038506   0.999236
      2      -0.538796   0.841663   0.036074
 A Eigenvalues: 
                  0          1          2    
      0     -16.034403 -55.937090 -91.677662
A(iso)  -54.549718
 Nucleus: 33 H  
 Isotope: 1 
 Nuclear Spin:  0.5 
 Prefactor (MHz): 533.551395 
 Raw A tensor (MHz): 
                  0          1          2    
      0     112.785493   5.738942  -1.729670
      1       5.738214 116.058958  -0.696687
      2      -1.728016  -0.695631 109.126457
 A Tensor eigenvectors:
                   0          1          2    
      0      -0.672776   0.425456  -0.605277
      1       0.410631  -0.465804  -0.783842
      2      -0.615430  -0.775896   0.138676
 A Eigenvalues: 
                  0          1          2    
      0     107.701086 109.656634 120.613187
A(iso)  112.656969
 Nucleus: 34 H  
 Isotope: 1 
 Nuclear Spin:  0.5 
 Prefactor (MHz): 533.551395 
 Raw A tensor (MHz): 
                  0          1          2    
      0      37.166075   5.385854   3.751724
      1       5.382339  35.986957   3.978480
      2       3.749386   3.980425  33.690337
 A Tensor eigenvectors:
                   0          1          2    
      0      -0.174027   0.733543  -0.656984
      1       0.695775  -0.380529  -0.609175
      2      -0.696858  -0.563126  -0.444159
 A Eigenvalues: 
                  0          1          2    
      0      30.654297  31.494304  44.694768
A(iso)  35.614456
 Nucleus: 36 H  
 Isotope: 1 
 Nuclear Spin:  0.5 
 Prefactor (MHz): 533.551395 
 Raw A tensor (MHz): 
                  0          1          2    
      0      -3.257522  -2.735224   0.613477
      1      -2.735022   2.535745  -1.596828
      2       0.613718  -1.596723  -3.829465
 A Tensor eigenvectors:
                   0          1          2    
      0       0.360400  -0.201840  -0.910699
      1      -0.908037   0.147540  -0.392046
      2       0.213495   0.968242  -0.130105
 A Eigenvalues: 
                  0          1          2    
      0       3.996847  -4.200749  -4.347340
A(iso)  -1.517081
 Nucleus: 37 H  
 Isotope: 1 
 Nuclear Spin:  0.5 
 Prefactor (MHz): 533.551395 
 Raw A tensor (MHz): 
                  0          1          2    
      0      -3.630000  -2.651764  -1.983686
      1      -2.652467   2.100426   3.216692
      2      -1.983150   3.214689  -3.880157
 A Tensor eigenvectors:
                   0          1          2    
      0       0.740925  -0.360947   0.566347
      1       0.518144   0.843736  -0.140130
      2      -0.427268   0.397275   0.812167
 A Eigenvalues: 
                  0          1          2    
      0      -4.341552   4.749914  -5.818093
A(iso)  -1.803244
 Nucleus: 39 H  
 Isotope: 1 
