-------------------------------------------------------------
----------------------- !PROPERTIES! ------------------------
-------------------------------------------------------------
# -----------------------------------------------------------
$ PAL_Flags
   description: The PAL Flags
   geom. index: 1
   prop. index: 1
        Diskflag:     2
# -----------------------------------------------------------
$ SCF_Energy
   description: The SCF energy
   geom. index: 1
   prop. index: 1
        SCF Energy:     -739.6954481606
# -----------------------------------------------------------
$ DFT_Energy
   description: The DFT energy
   geom. index: 1
   prop. index: 1
   Number of Alpha Electrons                 71.0000454881 
   Number of Beta  Electrons                 70.0000467274 
   Total number of  Electrons               141.0000922155 
   Exchange energy                          -85.6250520376 
   Correlation energy                        -5.4152852358 
   Correlation energy NL                      0.0000000000 
   Exchange-Correlation energy              -91.0403372734 
   Embedding correction                       0.0000000000 
   Total DFT Energy (No VdW correction)    -739.6954481606 
# -----------------------------------------------------------
$ Mayer_Pop
   description: The Mayer population analysis
   geom. index: 1
   prop. index: 1
     Number of atoms                     : 46
     Threshold for printing              : 0.1000000
     Number of bond orders printed       : 46
  NA   - Mulliken gross atomic population
  ZA   - Total nuclear charge
  QA   - Mulliken gross atomic charge
  VA   - Mayer's total valence
  BVA  - Mayer's bonded valence
  FA   - Mayer's free valence
  ATOM       NA         ZA         QA         VA         BVA        FA
  0   0     5.3798     6.0000     0.6202     2.9148     2.9148     0.0000
  1   0     5.9711     6.0000     0.0289     3.9584     3.9584     0.0000
  2   0     6.0266     6.0000    -0.0266     4.0875     4.0875     0.0000
  3   0     5.9707     6.0000     0.0293     3.8984     3.8984     0.0000
  4   0     6.0588     6.0000    -0.0588     3.8492     3.8492     0.0000
  5   0     6.0724     6.0000    -0.0724     4.1624     4.1624     0.0000
  6   0     5.9776     6.0000     0.0224     3.9747     3.9747     0.0000
  7   0     1.0551     1.0000    -0.0551     1.0010     1.0010     0.0000
  8   0     1.0436     1.0000    -0.0436     0.9847     0.9847     0.0000
  9   0     5.9663     6.0000     0.0337     4.0144     4.0144     0.0000
 10   0     0.9763     1.0000     0.0237     0.9657     0.9657     0.0000
 11   0     0.9741     1.0000     0.0259     0.9649     0.9649     0.0000
 12   0     6.0393     6.0000    -0.0393     4.1180     4.1180     0.0000
 13   0     0.9842     1.0000     0.0158     0.9645     0.9645     0.0000
 14   0     0.9820     1.0000     0.0180     0.9631     0.9631     0.0000
 15   0     6.0252     6.0000    -0.0252     4.1161     4.1161     0.0000
 16   0     0.9950     1.0000     0.0050     0.9670     0.9670     0.0000
 17   0     0.9950     1.0000     0.0050     0.9672     0.9672     0.0000
 18   0     5.9990     6.0000     0.0010     4.0185     4.0185     0.0000
 19   0     0.9826     1.0000     0.0174     0.9776     0.9776     0.0000
 20   0     0.9823     1.0000     0.0177     0.9773     0.9773    -0.0000
 21   0     5.9545     6.0000     0.0455     4.0163     4.0163     0.0000
 22   0     0.9690     1.0000     0.0310     0.9692     0.9692     0.0000
 23   0     0.9696     1.0000     0.0304     0.9704     0.9704     0.0000
 24   0     6.0421     6.0000    -0.0421     4.1240     4.1239     0.0001
 25   0     0.9832     1.0000     0.0168     0.9621     0.9621     0.0000
 26   0     0.9816     1.0000     0.0184     0.9632     0.9632     0.0000
 27   0     5.9328     6.0000     0.0672     4.0020     3.9996     0.0024
 28   0     0.9933     1.0000     0.0067     0.9725     0.9721     0.0004
 29   0     0.9856     1.0000     0.0144     0.9653     0.9615     0.0038
 30   0     6.1138     6.0000    -0.1138     4.0046     3.2569     0.7477
 31   0     1.0177     1.0000    -0.0177     0.9897     0.9875     0.0022
 32   0     5.9594     6.0000     0.0406     4.0157     4.0132     0.0025
 33   0     0.9867     1.0000     0.0133     0.9643     0.9604     0.0039
 34   0     0.9957     1.0000     0.0043     0.9718     0.9715     0.0003
 35   0     6.0453     6.0000    -0.0453     4.1297     4.1296     0.0001
 36   0     0.9923     1.0000     0.0077     0.9654     0.9654     0.0000
 37   0     0.9915     1.0000     0.0085     0.9670     0.9670     0.0000
 38   0     6.0030     6.0000    -0.0030     4.0212     4.0212     0.0000
 39   0     0.9836     1.0000     0.0164     0.9771     0.9771     0.0000
 40   0     0.9838     1.0000     0.0162     0.9774     0.9774     0.0000
 41   0     6.5957     6.0000    -0.5957     3.4059     3.4059     0.0000
 42   0     1.0315     1.0000    -0.0315     1.0298     1.0298     0.0000
 43   0     0.9874     1.0000     0.0126     0.9735     0.9735    -0.0000
 44   0     0.9879     1.0000     0.0121     0.9736     0.9736     0.0000
 45   0     1.0556     1.0000    -0.0556     0.9795     0.9795     0.0000
      Bond orders larger than 0.1000000
           Atom A     A.N. of A          Atom B    A.N. of B              Bond order
                0             6               4            6                0.907653
                0             6              41            6                2.141223
                1             6               2            6                1.422108
                1             6               6            6                1.430809
                1             6              45            1                0.933083
                2             6               3            6                1.426722
                2             6               9            6                1.044971
                3             6               4            6                1.392649
                3             6               7            1                0.927556
                4             6               5            6                1.409825
                5             6               6            6                1.441943
                5             6              21            6                1.088082
                6             6               8            1                0.918411
                9             6              10            1                0.914788
                9             6              11            1                0.913443
                9             6              12            6                1.103815
               12             6              13            1                0.932005
               12             6              14            1                0.929524
               12             6              15            6                1.075072
               15             6              16            1                0.941403
               15             6              17            1                0.941319
               15             6              18            6                1.105723
               18             6              19            1                0.966497
               18             6              20            1                0.966593
               18             6              43            1                0.962150
               21             6              22            1                0.898418
               21             6              23            1                0.898176
               21             6              24            6                1.099703
               24             6              25            1                0.928753
               24             6              26            1                0.931101
               24             6              27            6                1.073024
               27             6              28            1                0.924387
               27             6              29            1                0.911328
               27             6              30            6                1.071675
               30             6              31            1                0.958634
               30             6              32            6                1.079957
               32             6              33            1                0.915648
               32             6              34            1                0.928300
               32             6              35            6                1.070937
               35             6              36            1                0.944535
               35             6              37            1                0.947427
               35             6              38            6                1.104751
               38             6              39            1                0.966716
               38             6              40            1                0.966436
               38             6              44            1                0.962782
               41             6              42            1                1.116546
# -----------------------------------------------------------
$ Calculation_Info
   description: Details of the calculation
   geom. index: 1
   prop. index: 1
     Multiplicity:                          2
     Charge:                                0
     number of atoms:                       46
     number of electrons:                   0
     number of frozen core electrons:       1
     number of correlated electrons:        0
     number of basis functions:             401
     number of aux C basis functions:       2649
     number of aux J basis functions:       2649
     number of aux JK basis functions:      2649
     number of aux CABS basis functions:    0
     Total Energy                           -739.695448
# -----------------------------------------------------------
$ SCF_Electric_Properties
   description: The SCF Calculated Electric Properties
   geom. index: 1
   prop. index: 1
       Filename                          : cc-pVDZ.scfp 
       Do Dipole Moment Calculation      : true 
       Do Quadrupole Moment Calculation  : false 
       Do Polarizability Calculation     : false 
** Dipole moment part of electric properties **
        Magnitude of dipole moment (Debye) :        0.5493322470
        Electronic Contribution:
                  0    
      0       4.234811
      1     -11.001472
      2      -0.163968
        Nuclear Contribution:
                  0    
      0      -4.445920
      1      11.003776
      2       0.117755
        Total Dipole moment:
                  0    
      0      -0.211108
      1       0.002305
      2      -0.046213
# -----------------------------------------------------------
$ EPRNMR_GTensor
   description: Electronic g tensor
   geom. index: 1
   prop. index: 1
 Source density: 1 SCF 
 Spin multiplicity: 2 
 raw g tensor: 
                  0          1          2    
      0       2.002710  -0.000044   0.000219
      1      -0.000005   2.002746   0.000019
      2       0.000208   0.000022   2.002270
 g tensor: 
                  0          1          2    
      0      -0.376244   0.233456  -0.896626
      1      -0.050362   0.961151   0.271390
      2       0.925151   0.147265  -0.349870
 G eigenvalues: 
                  0          1          2    
      0       2.002182   2.002743   2.002800
# -----------------------------------------------------------
$ EPRNMR_OrbitalShielding
   description: Orbital contribution to the NMR Shielding tensor (ppm)
   geom. index: 1
   prop. index: 1
 Number of stored nuclei 27
 Source density: 1 SCF 
 Nucleus: 7 H 
 Shielding tensor (ppm): 
                  0          1          2    
      0      27.741369   5.617811   0.105955
      1       5.376195  26.007399  -0.234992
      2       0.017728  -0.208687  18.833215
 P Tensor eigenvectors:
                   0          1          2    
      0      -0.049941  -0.649602  -0.758632
      1       0.068304   0.755580  -0.651485
      2       0.996414  -0.084353   0.006636
 P Eigenvalues: 
                  0          1          2    
      0      18.815050  21.326962  32.439971
P(iso)  24.193994
 Nucleus: 8 H 
 Shielding tensor (ppm): 
                  0          1          2    
      0      27.788736   3.696759   0.164519
      1       4.480628  26.298902  -0.317083
      2       0.081380  -0.420434  19.180795
 P Tensor eigenvectors:
                   0          1          2    
      0      -0.052839  -0.633288  -0.772110
      1       0.080755   0.767948  -0.635401
      2       0.995332  -0.095925   0.010563
 P Eigenvalues: 
                  0          1          2    
      0      19.144142  22.923245  31.201046
P(iso)  24.422811
 Nucleus: 10 H 
 Shielding tensor (ppm): 
                  0          1          2    
      0      28.793312  -0.267308   3.760965
      1       0.228153  31.002000  -1.167860
      2       5.218774  -0.248382  26.502419
 P Tensor eigenvectors:
                   0          1          2    
      0      -0.598694  -0.286628   0.747937
      1       0.078033  -0.950210  -0.301681
      2       0.797167  -0.122251   0.591252
 P Eigenvalues: 
                  0          1          2    
      0      22.979018  30.892771  32.425942
P(iso)  28.765910
 Nucleus: 11 H 
 Shielding tensor (ppm): 
                  0          1          2    
      0      29.046416  -0.452905  -3.501587
      1      -0.438574  30.806242   0.549743
      2      -5.045686  -0.583933  26.326337
 P Tensor eigenvectors:
                   0          1          2    
      0       0.579867  -0.168739   0.797046
      1       0.027226  -0.973757  -0.225957
      2       0.814256   0.152725  -0.560055
 P Eigenvalues: 
                  0          1          2    
      0      23.193758  30.730515  32.254721
P(iso)  28.726331
 Nucleus: 13 H 
 Shielding tensor (ppm): 
                  0          1          2    
      0      30.160148   0.785314  -3.605086
      1       0.669198  31.331451   0.229714
      2      -3.380230   1.577896  27.979215
 P Tensor eigenvectors:
                   0          1          2    
      0       0.585257  -0.074318   0.807435
      1      -0.175558  -0.983785   0.036701
      2       0.791614  -0.163231  -0.588814
 P Eigenvalues: 
                  0          1          2    
      0      25.192619  31.547542  32.730653
P(iso)  29.823605
 Nucleus: 14 H 
 Shielding tensor (ppm): 
                  0          1          2    
      0      29.985914   1.355408   3.699836
      1       1.115248  31.077932  -0.580649
      2       3.554480  -1.729698  28.169454
 P Tensor eigenvectors:
                   0          1          2    
      0      -0.602478  -0.008931   0.798086
      1       0.251906  -0.950955   0.179523
      2       0.757340   0.309201   0.575179
 P Eigenvalues: 
                  0          1          2    
      0      24.887620  31.480055  32.865625
P(iso)  29.744434
 Nucleus: 16 H 
 Shielding tensor (ppm): 
                  0          1          2    
      0      30.899341  -0.037874  -4.535609
      1      -0.010597  30.403864  -0.338664
      2      -4.344829  -0.996806  28.591609
 P Tensor eigenvectors:
                   0          1          2    
      0       0.606543  -0.139764  -0.782670
      1       0.097409   0.990074  -0.101312
      2       0.789061  -0.014789   0.614137
 P Eigenvalues: 
                  0          1          2    
      0      25.102124  30.421053  34.371638
P(iso)  29.964938
 Nucleus: 17 H 
 Shielding tensor (ppm): 
                  0          1          2    
      0      30.654707   0.348221   4.643024
      1       0.431273  30.534350   0.120864
      2       4.432094   0.759449  28.710179
 P Tensor eigenvectors:
                   0          1          2    
      0      -0.629213  -0.125007  -0.767114
      1      -0.012905   0.988525  -0.150502
      2       0.777126  -0.084798  -0.623607
 P Eigenvalues: 
                  0          1          2    
      0      25.040310  30.449197  34.409729
P(iso)  29.966412
 Nucleus: 19 H 
 Shielding tensor (ppm): 
                  0          1          2    
      0      29.602719  -1.274690   3.848997
      1      -2.160896  30.438910  -2.467676
      2       3.320165  -2.071828  30.942402
 P Tensor eigenvectors:
                   0          1          2    
      0      -0.759852   0.342498   0.552558
      1       0.042969   0.874564  -0.483002
      2       0.648674   0.343267   0.679256
 P Eigenvalues: 
                  0          1          2    
      0      26.619960  28.851130  35.512940
P(iso)  30.328010
 Nucleus: 20 H 
 Shielding tensor (ppm): 
                  0          1          2    
      0      29.735312  -1.729871  -3.664034
      1      -2.545109  30.896650   2.408924
      2      -3.038955   2.082747  30.346258
 P Tensor eigenvectors:
                   0          1          2    
      0      -0.748812   0.350017  -0.562822
      1      -0.027166   0.832258   0.553722
      2      -0.662225  -0.429923   0.613697
 P Eigenvalues: 
                  0          1          2    
      0      26.674043  28.808836  35.495341
P(iso)  30.326073
 Nucleus: 22 H 
 Shielding tensor (ppm): 
                  0          1          2    
      0      27.588459  -1.166501   3.650711
      1      -0.536405  31.617597  -0.648013
      2       5.292647   0.454663  26.683359
 P Tensor eigenvectors:
                   0          1          2    
      0      -0.661729  -0.509910   0.549643
      1      -0.043938  -0.705473  -0.707374
      2       0.748455  -0.492240   0.444427
 P Eigenvalues: 
                  0          1          2    
      0      22.616648  30.939462  32.333306
P(iso)  28.629805
 Nucleus: 23 H 
 Shielding tensor (ppm): 
                  0          1          2    
      0      28.627213  -1.835895  -3.084661
      1      -1.491733  31.532915  -0.218648
      2      -4.742110  -1.425168  25.522105
 P Tensor eigenvectors:
                   0          1          2    
      0       0.556200   0.604870  -0.569890
      1       0.168051   0.589720   0.789930
      2       0.813880  -0.535130   0.226353
 P Eigenvalues: 
                  0          1          2    
      0      22.573563  30.613707  32.494963
P(iso)  28.560744
 Nucleus: 25 H 
 Shielding tensor (ppm): 
                  0          1          2    
      0      29.518507   0.710835   3.987547
      1       0.638635  30.856844  -0.814454
      2       3.848029  -2.122949  28.601650
 P Tensor eigenvectors:
                   0          1          2    
      0      -0.635367  -0.337237   0.694679
      1       0.236355  -0.941353  -0.240812
      2       0.735149   0.011187   0.677813
 P Eigenvalues: 
                  0          1          2    
      0      24.724797  31.134128  33.118075
P(iso)  29.659000
 Nucleus: 26 H 
 Shielding tensor (ppm): 
                  0          1          2    
      0      30.442972   0.133092  -3.514457
      1       0.047880  31.253061   0.594913
      2      -3.562458   1.362792  27.070390
 P Tensor eigenvectors:
                   0          1          2    
      0       0.522549  -0.316459   0.791705
      1      -0.127201  -0.947111  -0.294621
      2       0.843067   0.053248  -0.535165
 P Eigenvalues: 
                  0          1          2    
      0      24.719311  31.234837  32.812275
P(iso)  29.588808
 Nucleus: 28 H 
 Shielding tensor (ppm): 
                  0          1          2    
      0      28.092222   1.107001   2.901765
      1       0.221428  31.715627  -0.283273
      2       3.526772   1.079172  27.902072
 P Tensor eigenvectors:
                   0          1          2    
      0      -0.695066   0.576897   0.429038
      1       0.029569  -0.573316   0.818800
      2       0.718338   0.581806   0.381435
 P Eigenvalues: 
                  0          1          2    
      0      24.777156  30.671678  32.261087
P(iso)  29.236640
 Nucleus: 29 H 
 Shielding tensor (ppm): 
                  0          1          2    
      0      28.997872  -0.246920  -3.758560
      1      -0.590294  30.240871   0.013581
      2      -4.150832  -0.255851  27.323335
 P Tensor eigenvectors:
                   0          1          2    
      0       0.627076   0.058352  -0.776770
      1       0.058123   0.990905   0.121361
      2       0.776787  -0.121251   0.617981
 P Eigenvalues: 
                  0          1          2    
      0      24.097509  30.230406  32.234163
P(iso)  28.854026
 Nucleus: 31 H 
 Shielding tensor (ppm): 
                  0          1          2    
      0      24.627756  -0.054426  -0.145155
      1      -0.100787  32.695948   0.146811
      2       0.231198   0.009314  24.292202
 P Tensor eigenvectors:
                   0          1          2    
      0      -0.123300   0.992319  -0.009971
      1      -0.011617   0.008603   0.999896
      2       0.992301   0.123403   0.010467
 P Eigenvalues: 
                  0          1          2    
      0      24.285888  24.632620  32.697398
P(iso)  27.205302
 Nucleus: 33 H 
 Shielding tensor (ppm): 
                  0          1          2    
      0      28.770609   0.908133  -3.624651
      1       0.929756  29.991165  -0.412056
      2      -3.712655  -0.551867  28.196169
 P Tensor eigenvectors:
                   0          1          2    
      0       0.682725   0.232616   0.692659
      1      -0.054292  -0.929201   0.365566
      2       0.728656  -0.287187  -0.621759
 P Eigenvalues: 
                  0          1          2    
      0      24.789124  29.612758  32.556061
P(iso)  28.985981
 Nucleus: 34 H 
 Shielding tensor (ppm): 
                  0          1          2    
      0      28.316523  -1.113327   2.659168
      1      -0.451513  31.357067   0.597913
      2       3.087333  -0.344964  28.451044
 P Tensor eigenvectors:
                   0          1          2    
      0       0.715153   0.488069  -0.500344
      1       0.111277   0.627202   0.770866
      2      -0.690053   0.606964  -0.394235
 P Eigenvalues: 
                  0          1          2    
      0      25.438412  30.881795  31.804427
P(iso)  29.374878
 Nucleus: 36 H 
 Shielding tensor (ppm): 
                  0          1          2    
      0      30.154659  -0.221975   4.641946
      1      -0.452128  30.095265   0.248960
      2       4.141640  -0.190316  29.388409
 P Tensor eigenvectors:
                   0          1          2    
      0      -0.678747   0.002977  -0.734366
      1      -0.056827   0.996780   0.056563
      2       0.732170   0.080124  -0.676393
 P Eigenvalues: 
                  0          1          2    
      0      25.350184  30.095506  34.192643
P(iso)  29.879444
 Nucleus: 37 H 
 Shielding tensor (ppm): 
                  0          1          2    
      0      30.657397   0.965762  -4.072592
      1       0.796725  30.081615  -0.368812
      2      -3.872722   0.686749  28.764189
 P Tensor eigenvectors:
                   0          1          2    
      0       0.622947  -0.033340  -0.781554
      1      -0.138937   0.978492  -0.152482
      2       0.769827   0.203574   0.604916
 P Eigenvalues: 
                  0          1          2    
      0      25.527488  30.087418  33.888295
P(iso)  29.834400
 Nucleus: 39 H 
 Shielding tensor (ppm): 
                  0          1          2    
      0      29.464400   0.983246   4.020144
      1       1.749439  29.962801   2.175348
      2       3.584278   1.696934  31.915705
 P Tensor eigenvectors:
                   0          1          2    
      0       0.808082   0.229984   0.542319
      1       0.010227  -0.925976   0.377444
      2      -0.588981   0.299460   0.750617
 P Eigenvalues: 
                  0          1          2    
      0      26.694779  28.979586  35.668542
P(iso)  30.447636
 Nucleus: 40 H 
 Shielding tensor (ppm): 
                  0          1          2    
      0      29.805948   2.460517  -3.372751
      1       2.991082  31.328886  -2.476438
      2      -2.640445  -1.868645  30.031464
 P Tensor eigenvectors:
                   0          1          2    
      0      -0.777497  -0.276369  -0.564906
      1       0.177069   0.765721  -0.618318
      2      -0.603444   0.580768   0.546410
 P Eigenvalues: 
                  0          1          2    
      0      26.828323  28.654149  35.683826
P(iso)  30.388766
 Nucleus: 42 H 
 Shielding tensor (ppm): 
                  0          1          2    
      0      35.126442  -0.954692   0.680115
      1      -1.453657  25.750125  -0.212197
      2       0.646858  -0.183147  23.877009
 P Tensor eigenvectors:
                   0          1          2    
      0      -0.051575   0.125529  -0.990748
      1       0.070488   0.990052   0.121771
      2       0.996178  -0.063555  -0.059910
 P Eigenvalues: 
                  0          1          2    
      0      23.829056  25.605286  35.319233
P(iso)  28.251192
 Nucleus: 43 H 
 Shielding tensor (ppm): 
                  0          1          2    
      0      28.856665   2.398359  -0.072027
      1       3.630030  35.767085  -0.481529
      2      -0.134388  -0.486729  25.777966
 P Tensor eigenvectors:
                   0          1          2    
      0      -0.019259  -0.933032  -0.359277
      1       0.054223   0.357840  -0.932207
      2       0.998343  -0.037435   0.043700
 P Eigenvalues: 
                  0          1          2    
      0      25.753735  27.730251  36.917729
P(iso)  30.133905
 Nucleus: 44 H 
 Shielding tensor (ppm): 
                  0          1          2    
      0      28.998484  -2.318656  -0.272640
      1      -3.664085  35.298486   1.450832
      2      -0.513900   1.533637  26.277142
 P Tensor eigenvectors:
                   0          1          2    
      0      -0.043649   0.926487  -0.373786
      1      -0.172379   0.361547   0.916280
      2       0.984063   0.104428   0.143926
 P Eigenvalues: 
                  0          1          2    
      0      26.032900  27.824871  36.716341
P(iso)  30.191371
 Nucleus: 45 H 
 Shielding tensor (ppm): 
                  0          1          2    
      0      22.964947   0.991172   0.062712
      1      -0.014577  29.888813  -0.764184
      2       0.198293  -0.792570  20.368633
 P Tensor eigenvectors:
                   0          1          2    
      0      -0.063181  -0.996307  -0.058146
      1       0.083030   0.052813  -0.995147
      2       0.994542  -0.067702   0.079387
 P Eigenvalues: 
                  0          1          2    
      0      20.294553  22.944144  29.983696
P(iso)  24.407464
# -----------------------------------------------------------
$ EPRNMR_ATensor
   description: Hyperfine A tensor
   geom. index: 1
   prop. index: 1
 Number of stored nuclei 27
 Source density: 1 SCF 
 Spin multiplicity: 2 
 Nucleus: 7 H  
 Isotope: 1 
 Nuclear Spin:  0.5 
 Prefactor (MHz): 533.551395 
 Raw A tensor (MHz): 
                  0          1          2    
      0      -0.110600   0.003322  -0.002084
      1       0.003330   0.266065  -0.031377
      2      -0.002082  -0.031349  -0.114896
 A Tensor eigenvectors:
                   0          1          2    
      0       0.970504   0.240912  -0.009176
      1      -0.028531   0.076977  -0.996625
      2      -0.239392   0.967490   0.081580
 A Eigenvalues: 
                  0          1          2    
      0      -0.110185  -0.117908   0.268662
A(iso)  0.013523
 Nucleus: 8 H  
 Isotope: 1 
 Nuclear Spin:  0.5 
 Prefactor (MHz): 533.551395 
 Raw A tensor (MHz): 
                  0          1          2    
      0      -0.241795   0.862492  -0.030351
      1       0.862701   0.875715  -0.036346
      2      -0.030271  -0.036109  -0.745003
 A Tensor eigenvectors:
                   0          1          2    
      0      -0.850101   0.221840   0.477614
      1       0.468371  -0.096106   0.878289
      2       0.240742   0.970335  -0.022204
 A Eigenvalues: 
                  0          1          2    
      0      -0.708480  -0.748343   1.345740
A(iso)  -0.037028
 Nucleus: 10 H  
 Isotope: 1 
 Nuclear Spin:  0.5 
 Prefactor (MHz): 533.551395 
 Raw A tensor (MHz): 
                  0          1          2    
      0      -0.024072   0.095661   0.003989
      1       0.095687   0.179149   0.010159
      2       0.003994   0.010180  -0.062628
 A Tensor eigenvectors:
                   0          1          2    
      0       0.929451  -0.019521   0.368429
      1      -0.367145   0.049595   0.928841
      2      -0.036404  -0.998579   0.038930
 A Eigenvalues: 
                  0          1          2    
      0      -0.062025  -0.063056   0.217529
A(iso)  0.030816
 Nucleus: 11 H  
 Isotope: 1 
 Nuclear Spin:  0.5 
 Prefactor (MHz): 533.551395 
 Raw A tensor (MHz): 
                  0          1          2    
      0      -0.024507   0.093470  -0.016802
      1       0.093501   0.173408  -0.038088
      2      -0.016794  -0.038049  -0.056528
 A Tensor eigenvectors:
                   0          1          2    
      0       0.732197   0.574368  -0.366043
      1      -0.383980  -0.095776  -0.918361
      2      -0.562536   0.812975   0.150419
 A Eigenvalues: 
                  0          1          2    
      0      -0.060634  -0.063899   0.216907
A(iso)  0.030791
 Nucleus: 13 H  
 Isotope: 1 
 Nuclear Spin:  0.5 
 Prefactor (MHz): 533.551395 
 Raw A tensor (MHz): 
                  0          1          2    
      0      -0.068825   0.027331   0.000035
      1       0.027344   0.140697   0.005230
      2       0.000036   0.005241  -0.072622
 A Tensor eigenvectors:
                   0          1          2    
      0      -0.804902  -0.579626  -0.127148
      1       0.089054   0.093853  -0.991595
      2       0.586688  -0.809460  -0.023924
 A Eigenvalues: 
                  0          1          2    
      0      -0.071876  -0.073204   0.144330
A(iso)  -0.000250
 Nucleus: 14 H  
 Isotope: 1 
 Nuclear Spin:  0.5 
 Prefactor (MHz): 533.551395 
 Raw A tensor (MHz): 
                  0          1          2    
      0      -0.068583   0.026781  -0.004519
      1       0.026799   0.134350  -0.031592
      2      -0.004518  -0.031567  -0.067741
 A Tensor eigenvectors:
                   0          1          2    
      0       0.857908   0.497732  -0.127503
      1      -0.184887   0.067521  -0.980437
      2      -0.479386   0.864698   0.149951
 A Eigenvalues: 
                  0          1          2    
      0      -0.071833  -0.072805   0.142663
A(iso)  -0.000658
 Nucleus: 16 H  
 Isotope: 1 
 Nuclear Spin:  0.5 
 Prefactor (MHz): 533.551395 
 Raw A tensor (MHz): 
                  0          1          2    
      0      -0.033775   0.040213  -0.005837
      1       0.040231   0.078680  -0.017216
      2      -0.005836  -0.017198  -0.044399
 A Tensor eigenvectors:
                   0          1          2    
      0       0.701144   0.645378  -0.303125
      1      -0.313497  -0.102802  -0.944008
      2      -0.640404   0.756914   0.130245
 A Eigenvalues: 
                  0          1          2    
      0      -0.046430  -0.047034   0.093971
A(iso)  0.000169
 Nucleus: 17 H  
 Isotope: 1 
 Nuclear Spin:  0.5 
 Prefactor (MHz): 533.551395 
 Raw A tensor (MHz): 
                  0          1          2    
      0      -0.033740   0.040778   0.000622
      1       0.040794   0.081665   0.002599
      2       0.000623   0.002610  -0.046700
 A Tensor eigenvectors:
                   0          1          2    
      0      -0.718178  -0.626573  -0.302697
      1       0.215043   0.213863  -0.952900
      2       0.661798  -0.749445  -0.018852
 A Eigenvalues: 
                  0          1          2    
      0      -0.046528  -0.046922   0.094675
A(iso)  0.000408
 Nucleus: 19 H  
 Isotope: 1 
 Nuclear Spin:  0.5 
 Prefactor (MHz): 533.551395 
 Raw A tensor (MHz): 
                  0          1          2    
      0      -0.034885   0.012913  -0.001867
      1       0.012924   0.069888  -0.013946
      2      -0.001867  -0.013934  -0.034684
 A Tensor eigenvectors:
                   0          1          2    
      0       0.749745   0.650805  -0.119731
      1      -0.174963   0.020465  -0.984362
      2      -0.638178   0.758969   0.129211
 A Eigenvalues: 
                  0          1          2    
      0      -0.036311  -0.036659   0.073289
A(iso)  0.000106
 Nucleus: 20 H  
 Isotope: 1 
 Nuclear Spin:  0.5 
 Prefactor (MHz): 533.551395 
 Raw A tensor (MHz): 
                  0          1          2    
      0      -0.035076   0.013069  -0.000055
      1       0.013078   0.071989   0.000981
      2      -0.000055   0.000988  -0.036703
 A Tensor eigenvectors:
                   0          1          2    
      0      -0.762405  -0.635985  -0.119419
      1       0.086038   0.083279  -0.992805
      2       0.641355  -0.767194  -0.008774
 A Eigenvalues: 
                  0          1          2    
      0      -0.036506  -0.036856   0.073571
A(iso)  0.000070
 Nucleus: 22 H  
 Isotope: 1 
 Nuclear Spin:  0.5 
 Prefactor (MHz): 533.551395 
 Raw A tensor (MHz): 
                  0          1          2    
      0      -0.092955  -0.736950   0.273139
      1      -0.737032   2.218043  -0.907569
      2       0.273235  -0.907247  -0.028825
 A Tensor eigenvectors:
                   0          1          2    
      0       0.930496  -0.251895   0.265944
      1       0.329282   0.257149  -0.908542
      2       0.160470   0.932965   0.322220
 A Eigenvalues: 
                  0          1          2    
      0      -0.306664  -0.352640   2.755566
A(iso)  0.698754
 Nucleus: 23 H  
 Isotope: 1 
 Nuclear Spin:  0.5 
 Prefactor (MHz): 533.551395 
 Raw A tensor (MHz): 
                  0          1          2    
      0      -0.084847  -0.575058  -0.308395
      1      -0.575403   2.926791   0.083584
      2      -0.308503   0.083667  -0.211044
 A Tensor eigenvectors:
                   0          1          2    
      0      -0.704711  -0.684957   0.184980
      1      -0.162886  -0.097564  -0.981809
      2       0.690544  -0.722022  -0.042816
 A Eigenvalues: 
                  0          1          2    
      0       0.084213  -0.492158   3.038845
A(iso)  0.876967
 Nucleus: 25 H  
 Isotope: 1 
 Nuclear Spin:  0.5 
 Prefactor (MHz): 533.551395 
 Raw A tensor (MHz): 
                  0          1          2    
      0      -3.456573   2.408815   0.735501
      1       2.408684   2.455231   2.160056
      2       0.735697   2.159773  -3.457244
 A Tensor eigenvectors:
                   0          1          2    
      0       0.319574  -0.264584   0.909872
      1       0.901388  -0.211204  -0.378010
      2       0.292184   0.940951   0.170998
 A Eigenvalues: 
                  0          1          2    
      0       4.009537  -4.149011  -4.319112
A(iso)  -1.486196
 Nucleus: 26 H  
 Isotope: 1 
 Nuclear Spin:  0.5 
 Prefactor (MHz): 533.551395 
 Raw A tensor (MHz): 
                  0          1          2    
      0      -3.664558   2.690949  -1.604526
      1       2.691732   2.880172  -2.613985
      2      -1.603935  -2.611789  -4.409412
 A Tensor eigenvectors:
                   0          1          2    
      0       0.767458  -0.339990  -0.543521
      1      -0.452573  -0.887791  -0.083695
      2      -0.454078   0.310215  -0.835212
 A Eigenvalues: 
                  0          1          2    
      0      -4.303012   4.824461  -5.715247
A(iso)  -1.731266
 Nucleus: 28 H  
 Isotope: 1 
 Nuclear Spin:  0.5 
 Prefactor (MHz): 533.551395 
 Raw A tensor (MHz): 
                  0          1          2    
      0      40.054800  -5.593836   3.540800
      1      -5.590563  39.003861  -3.769482
      2       3.538692  -3.771258  35.906272
 A Tensor eigenvectors:
                   0          1          2    
      0      -0.127718  -0.734192  -0.666821
      1      -0.635099  -0.455867   0.623566
      2      -0.761799   0.503138  -0.408062
 A Eigenvalues: 
                  0          1          2    
      0      33.356610  34.157272  47.451052
A(iso)  38.321644
 Nucleus: 29 H  
 Isotope: 1 
 Nuclear Spin:  0.5 
 Prefactor (MHz): 533.551395 
 Raw A tensor (MHz): 
                  0          1          2    
      0     113.038242  -5.680273  -2.172120
      1      -5.679795 115.158798   1.023544
      2      -2.170215   1.022467 108.821183
 A Tensor eigenvectors:
                   0          1          2    
      0      -0.631770   0.437668   0.639776
      1      -0.370957   0.553998  -0.745303
      2      -0.680630  -0.708190  -0.187644
 A Eigenvalues: 
                  0          1          2    
      0     107.363500 109.362824 120.291899
A(iso)  112.339408
 Nucleus: 31 H  
 Isotope: 1 
 Nuclear Spin:  0.5 
 Prefactor (MHz): 533.551395 
 Raw A tensor (MHz): 
                  0          1          2    
      0     -27.605904   0.355933  18.143092
      1       0.356638 -91.530619  -1.461160
      2      18.141917  -1.461616 -44.267234
 A Tensor eigenvectors:
                   0          1          2    
      0      -0.841665  -0.539761  -0.016053
      1       0.006477  -0.039815   0.999186
      2      -0.539961   0.840876   0.037007
 A Eigenvalues: 
                  0          1          2    
      0     -15.969675 -55.843603 -91.590478
A(iso)  -54.467919
 Nucleus: 33 H  
 Isotope: 1 
 Nuclear Spin:  0.5 
 Prefactor (MHz): 533.551395 
 Raw A tensor (MHz): 
                  0          1          2    
      0     112.695016   5.745930  -1.717699
      1       5.745205 115.994378  -0.679051
      2      -1.716047  -0.677992 109.034317
 A Tensor eigenvectors:
                   0          1          2    
      0      -0.672510   0.426776  -0.604642
      1       0.411080  -0.463960  -0.784700
      2      -0.615421  -0.776275   0.136579
 A Eigenvalues: 
                  0          1          2    
      0     107.611478 109.572790 120.539443
A(iso)  112.574570
 Nucleus: 34 H  
 Isotope: 1 
 Nuclear Spin:  0.5 
 Prefactor (MHz): 533.551395 
 Raw A tensor (MHz): 
                  0          1          2    
      0      37.081203   5.371078   3.771436
      1       5.367570  35.934049   4.000325
      2       3.769088   4.002276  33.671631
 A Tensor eigenvectors:
                   0          1          2    
      0      -0.171074   0.735891  -0.655132
      1       0.695950  -0.380418  -0.609045
      2      -0.697414  -0.560131  -0.447064
 A Eigenvalues: 
                  0          1          2    
      0      30.604146  31.436261  44.646476
A(iso)  35.562295
 Nucleus: 36 H  
 Isotope: 1 
 Nuclear Spin:  0.5 
 Prefactor (MHz): 533.551395 
 Raw A tensor (MHz): 
                  0          1          2    
      0      -3.239140  -2.741301   0.612279
      1      -2.741100   2.547323  -1.591894
      2       0.612521  -1.591789  -3.818693
 A Tensor eigenvectors:
                   0          1          2    
      0      -0.361208  -0.206134   0.909416
      1       0.907880   0.144820   0.393423
      2      -0.212799   0.967748   0.134835
 A Eigenvalues: 
                  0          1          2    
      0       4.011162  -4.187412  -4.334259
A(iso)  -1.503503
 Nucleus: 37 H  
 Isotope: 1 
 Nuclear Spin:  0.5 
 Prefactor (MHz): 533.551395 
 Raw A tensor (MHz): 
                  0          1          2    
      0      -3.595874  -2.668227  -1.994015
      1      -2.668935   2.098238   3.219315
      2      -1.993476   3.217313  -3.865953
 A Tensor eigenvectors:
                   0          1          2    
      0       0.741445  -0.363426   0.564075
      1       0.520073   0.842429  -0.140843
      2      -0.424007   0.397787   0.813623
 A Eigenvalues: 
                  0          1          2    
      0      -4.328141   4.769875  -5.805323
A(iso)  -1.787863
 Nucleus: 39 H  
 Isotope: 1 
 Nuclear Spin:  0.5 
 Prefactor (MHz): 533.551395 
