-------------------------------------------------------------
----------------------- !PROPERTIES! ------------------------
-------------------------------------------------------------
# -----------------------------------------------------------
$ PAL_Flags
   description: The PAL Flags
   geom. index: 1
   prop. index: 1
        Diskflag:     2
# -----------------------------------------------------------
$ SCF_Energy
   description: The SCF energy
   geom. index: 1
   prop. index: 1
        SCF Energy:     -739.6954474867
# -----------------------------------------------------------
$ DFT_Energy
   description: The DFT energy
   geom. index: 1
   prop. index: 1
   Number of Alpha Electrons                 71.0000454891 
   Number of Beta  Electrons                 70.0000467283 
   Total number of  Electrons               141.0000922174 
   Exchange energy                          -85.6250472971 
   Correlation energy                        -5.4152848120 
   Correlation energy NL                      0.0000000000 
   Exchange-Correlation energy              -91.0403321092 
   Embedding correction                       0.0000000000 
   Total DFT Energy (No VdW correction)    -739.6954474867 
# -----------------------------------------------------------
$ Mayer_Pop
   description: The Mayer population analysis
   geom. index: 1
   prop. index: 1
     Number of atoms                     : 46
     Threshold for printing              : 0.1000000
     Number of bond orders printed       : 46
  NA   - Mulliken gross atomic population
  ZA   - Total nuclear charge
  QA   - Mulliken gross atomic charge
  VA   - Mayer's total valence
  BVA  - Mayer's bonded valence
  FA   - Mayer's free valence
  ATOM       NA         ZA         QA         VA         BVA        FA
  0   0     5.3798     6.0000     0.6202     2.9148     2.9148     0.0000
  1   0     5.9711     6.0000     0.0289     3.9584     3.9584     0.0000
  2   0     6.0264     6.0000    -0.0264     4.0875     4.0875     0.0000
  3   0     5.9705     6.0000     0.0295     3.8985     3.8985     0.0000
  4   0     6.0590     6.0000    -0.0590     3.8491     3.8491     0.0000
  5   0     6.0725     6.0000    -0.0725     4.1624     4.1624     0.0000
  6   0     5.9776     6.0000     0.0224     3.9747     3.9747     0.0000
  7   0     1.0551     1.0000    -0.0551     1.0010     1.0010     0.0000
  8   0     1.0436     1.0000    -0.0436     0.9847     0.9847     0.0000
  9   0     5.9662     6.0000     0.0338     4.0144     4.0144     0.0000
 10   0     0.9763     1.0000     0.0237     0.9657     0.9657     0.0000
 11   0     0.9741     1.0000     0.0259     0.9649     0.9649     0.0000
 12   0     6.0394     6.0000    -0.0394     4.1180     4.1180     0.0000
 13   0     0.9842     1.0000     0.0158     0.9645     0.9645     0.0000
 14   0     0.9820     1.0000     0.0180     0.9631     0.9631     0.0000
 15   0     6.0253     6.0000    -0.0253     4.1161     4.1161     0.0000
 16   0     0.9950     1.0000     0.0050     0.9671     0.9671     0.0000
 17   0     0.9950     1.0000     0.0050     0.9672     0.9672     0.0000
 18   0     5.9990     6.0000     0.0010     4.0185     4.0185     0.0000
 19   0     0.9826     1.0000     0.0174     0.9776     0.9776     0.0000
 20   0     0.9823     1.0000     0.0177     0.9773     0.9773     0.0000
 21   0     5.9545     6.0000     0.0455     4.0163     4.0163     0.0000
 22   0     0.9690     1.0000     0.0310     0.9692     0.9692     0.0000
 23   0     0.9696     1.0000     0.0304     0.9704     0.9704     0.0000
 24   0     6.0421     6.0000    -0.0421     4.1240     4.1239     0.0001
 25   0     0.9832     1.0000     0.0168     0.9621     0.9621     0.0000
 26   0     0.9816     1.0000     0.0184     0.9632     0.9632     0.0000
 27   0     5.9328     6.0000     0.0672     4.0020     3.9996     0.0024
 28   0     0.9933     1.0000     0.0067     0.9725     0.9721     0.0004
 29   0     0.9856     1.0000     0.0144     0.9653     0.9615     0.0038
 30   0     6.1138     6.0000    -0.1138     4.0046     3.2569     0.7477
 31   0     1.0177     1.0000    -0.0177     0.9897     0.9875     0.0022
 32   0     5.9594     6.0000     0.0406     4.0157     4.0132     0.0025
 33   0     0.9867     1.0000     0.0133     0.9643     0.9604     0.0039
 34   0     0.9957     1.0000     0.0043     0.9718     0.9715     0.0003
 35   0     6.0453     6.0000    -0.0453     4.1297     4.1296     0.0001
 36   0     0.9923     1.0000     0.0077     0.9654     0.9654     0.0000
 37   0     0.9915     1.0000     0.0085     0.9670     0.9670     0.0000
 38   0     6.0030     6.0000    -0.0030     4.0212     4.0212     0.0000
 39   0     0.9836     1.0000     0.0164     0.9771     0.9771     0.0000
 40   0     0.9838     1.0000     0.0162     0.9774     0.9774     0.0000
 41   0     6.5957     6.0000    -0.5957     3.4059     3.4059     0.0000
 42   0     1.0315     1.0000    -0.0315     1.0298     1.0298     0.0000
 43   0     0.9874     1.0000     0.0126     0.9735     0.9735     0.0000
 44   0     0.9879     1.0000     0.0121     0.9736     0.9736     0.0000
 45   0     1.0557     1.0000    -0.0557     0.9795     0.9795     0.0000
      Bond orders larger than 0.1000000
           Atom A     A.N. of A          Atom B    A.N. of B              Bond order
                0             6               4            6                0.907630
                0             6              41            6                2.141211
                1             6               2            6                1.422105
                1             6               6            6                1.430805
                1             6              45            1                0.933075
                2             6               3            6                1.426728
                2             6               9            6                1.044963
                3             6               4            6                1.392653
                3             6               7            1                0.927545
                4             6               5            6                1.409823
                5             6               6            6                1.441954
                5             6              21            6                1.088081
                6             6               8            1                0.918411
                9             6              10            1                0.914788
                9             6              11            1                0.913443
                9             6              12            6                1.103815
               12             6              13            1                0.932006
               12             6              14            1                0.929524
               12             6              15            6                1.075072
               15             6              16            1                0.941403
               15             6              17            1                0.941319
               15             6              18            6                1.105724
               18             6              19            1                0.966497
               18             6              20            1                0.966592
               18             6              43            1                0.962151
               21             6              22            1                0.898420
               21             6              23            1                0.898177
               21             6              24            6                1.099702
               24             6              25            1                0.928753
               24             6              26            1                0.931102
               24             6              27            6                1.073021
               27             6              28            1                0.924388
               27             6              29            1                0.911329
               27             6              30            6                1.071673
               30             6              31            1                0.958632
               30             6              32            6                1.079954
               32             6              33            1                0.915648
               32             6              34            1                0.928300
               32             6              35            6                1.070937
               35             6              36            1                0.944535
               35             6              37            1                0.947427
               35             6              38            6                1.104751
               38             6              39            1                0.966715
               38             6              40            1                0.966436
               38             6              44            1                0.962782
               41             6              42            1                1.116544
# -----------------------------------------------------------
$ Calculation_Info
   description: Details of the calculation
   geom. index: 1
   prop. index: 1
     Multiplicity:                          2
     Charge:                                0
     number of atoms:                       46
     number of electrons:                   0
     number of frozen core electrons:       1
     number of correlated electrons:        0
     number of basis functions:             401
     number of aux C basis functions:       2649
     number of aux J basis functions:       2649
     number of aux JK basis functions:      2649
     number of aux CABS basis functions:    0
     Total Energy                           -739.695447
# -----------------------------------------------------------
$ SCF_Electric_Properties
   description: The SCF Calculated Electric Properties
   geom. index: 1
   prop. index: 1
       Filename                          : cc-pVDZ.scfp 
       Do Dipole Moment Calculation      : true 
       Do Quadrupole Moment Calculation  : false 
       Do Polarizability Calculation     : false 
** Dipole moment part of electric properties **
        Magnitude of dipole moment (Debye) :        0.5509128703
        Electronic Contribution:
                  0    
      0       4.234170
      1     -11.001930
      2      -0.163965
        Nuclear Contribution:
                  0    
      0      -4.445920
      1      11.003776
      2       0.117755
        Total Dipole moment:
                  0    
      0      -0.211750
      1       0.001846
      2      -0.046210
# -----------------------------------------------------------
$ EPRNMR_GTensor
   description: Electronic g tensor
   geom. index: 1
   prop. index: 1
 Source density: 1 SCF 
 Spin multiplicity: 2 
 raw g tensor: 
                  0          1          2    
      0       2.002781  -0.000009   0.000228
      1       0.000040   2.002750   0.000021
      2       0.000224   0.000003   2.002370
 g tensor: 
                  0          1          2    
      0      -0.404474  -0.133196  -0.904798
      1      -0.009296   0.989885  -0.141566
      2       0.914502  -0.048849  -0.401621
 G eigenvalues: 
                  0          1          2    
      0       2.002270   2.002747   2.002883
# -----------------------------------------------------------
$ EPRNMR_OrbitalShielding
   description: Orbital contribution to the NMR Shielding tensor (ppm)
   geom. index: 1
   prop. index: 1
 Number of stored nuclei 27
 Source density: 1 SCF 
 Nucleus: 7 H 
 Shielding tensor (ppm): 
                  0          1          2    
      0     -21.808388 130.784510  -7.361975
      1     -228.326834  68.872637 -24.402391
      2       8.743300  13.931079  30.118145
 P Tensor eigenvectors:
                   0          1          2    
      0      -0.112806  -0.419550   0.900696
      1       0.006031  -0.906754  -0.421616
      2       0.993599  -0.042129   0.104818
 P Eigenvalues: 
                  0          1          2    
      0      29.307565  15.358563  32.516265
P(iso)  25.727465
 Nucleus: 8 H 
 Shielding tensor (ppm): 
                  0          1          2    
      0     103.521094 -96.913530   3.438065
      1      49.671373  30.050909  12.362283
      2       5.985853  -9.978830  89.151237
 P Tensor eigenvectors:
                   0          1          2    
      0       0.650754  -0.058277   0.757049
      1       0.756383   0.136891  -0.639645
      2      -0.066357   0.988870   0.133162
 P Eigenvalues: 
                  0          1          2    
      0      37.644291  88.248984  96.829965
P(iso)  74.241080
 Nucleus: 10 H 
 Shielding tensor (ppm): 
                  0          1          2    
      0      63.717499 -259.447771 179.154814
      1     354.791274  -0.849894 350.511265
      2     -126.463528 -254.772555  32.678296
 P Tensor eigenvectors:
                   0          1          2    
      0       0.647039   0.391322  -0.654375
      1      -0.357075   0.913833   0.193409
      2      -0.673675  -0.108518  -0.731017
 P Eigenvalues: 
                  0          1          2    
      0      19.432285  31.795766  44.317850
P(iso)  31.848634
 Nucleus: 11 H 
 Shielding tensor (ppm): 
                  0          1          2    
      0      67.856085 -281.845760 -161.911010
      1     371.469899  -6.713843 -344.376950
      2     101.769033 259.274903  42.064634
 P Tensor eigenvectors:
                   0          1          2    
      0       0.635493  -0.399171   0.660916
      1      -0.306020  -0.916104  -0.259048
      2       0.708872  -0.037630  -0.704332
 P Eigenvalues: 
                  0          1          2    
      0      21.851147  34.173843  47.181886
P(iso)  34.402292
 Nucleus: 13 H 
 Shielding tensor (ppm): 
                  0          1          2    
      0      32.490653 297.671762 105.380365
      1     -403.124676  78.288435 454.047084
      2     -78.777773 -329.769574  80.980460
 P Tensor eigenvectors:
                   0          1          2    
      0       0.740867   0.209554   0.638125
      1      -0.147607   0.977655  -0.149679
      2       0.655231  -0.016700  -0.755244
 P Eigenvalues: 
                  0          1          2    
      0      66.732792  52.551676  72.475080
P(iso)  63.919849
 Nucleus: 14 H 
 Shielding tensor (ppm): 
                  0          1          2    
      0      34.421876 275.921869 -131.780628
      1     -380.489247  67.942025 -464.695860
      2     109.840813 341.219357  92.242609
 P Tensor eigenvectors:
                   0          1          2    
      0      -0.761352   0.207753   0.614152
      1       0.200394   0.976292  -0.081831
      2       0.616592  -0.060770   0.784934
 P Eigenvalues: 
                  0          1          2    
      0      68.747048  52.978619  72.880843
P(iso)  64.868837
 Nucleus: 16 H 
 Shielding tensor (ppm): 
                  0          1          2    
      0      35.278678 -363.872082 -162.667819
      1     501.597052 -14.057366 -515.767552
      2      99.120236 376.452449   0.775793
 P Tensor eigenvectors:
                   0          1          2    
      0       0.700635   0.246211   0.669694
      1      -0.210501   0.968129  -0.135703
      2       0.681762   0.045893  -0.730133
 P Eigenvalues: 
                  0          1          2    
      0     -13.617870  14.885448  20.729527
P(iso)  7.332368
 Nucleus: 17 H 
 Shielding tensor (ppm): 
                  0          1          2    
      0      31.835008 -336.335008 192.817423
      1     476.472208  -1.886811 526.028851
      2     -139.574457 -382.096536 -11.988183
 P Tensor eigenvectors:
                   0          1          2    
      0       0.717381   0.245521  -0.651985
      1      -0.267817   0.961120   0.067253
      2      -0.643148  -0.126366  -0.755243
 P Eigenvalues: 
                  0          1          2    
      0     -15.408388  13.920590  19.447813
P(iso)  5.986671
 Nucleus: 19 H 
 Shielding tensor (ppm): 
                  0          1          2    
      0     -31.237480 379.608976 -136.843389
      1     -486.162925  53.386128 -581.950368
      2     108.734032 418.473384  13.961139
 P Tensor eigenvectors:
                   0          1          2    
      0      -0.748116   0.253629   0.613185
      1       0.171462   0.966576  -0.190608
      2       0.641033   0.037459   0.766598
 P Eigenvalues: 
                  0          1          2    
      0      -0.996291  15.579312  21.526766
P(iso)  12.036596
 Nucleus: 20 H 
 Shielding tensor (ppm): 
                  0          1          2    
      0     -34.221316 400.362381 100.694056
      1     -507.008274  67.237236 562.447262
      2     -65.459682 -410.914421  -1.557783
 P Tensor eigenvectors:
                   0          1          2    
      0      -0.730816   0.258327  -0.631803
      1       0.113158   0.958662   0.261080
      2      -0.673130  -0.119308   0.729837
 P Eigenvalues: 
                  0          1          2    
      0      -3.512117  14.658978  20.311277
P(iso)  10.486046
 Nucleus: 22 H 
 Shielding tensor (ppm): 
                  0          1          2    
      0     106.087464 -36.136991 102.628865
      1      60.822220  36.399332  91.206486
      2     -66.135907 -60.968368  92.749955
 P Tensor eigenvectors:
                   0          1          2    
      0      -0.351386  -0.770804   0.531403
      1       0.864452  -0.485077  -0.131996
      2       0.359514   0.412991   0.836772
 P Eigenvalues: 
                  0          1          2    
      0      49.576313  78.970119 106.690319
P(iso)  78.412250
 Nucleus: 23 H 
 Shielding tensor (ppm): 
                  0          1          2    
      0     105.285607 -59.080758 -78.199396
      1      80.171800  28.079231 -71.580113
      2      41.860281  59.977967  90.913380
 P Tensor eigenvectors:
                   0          1          2    
      0      -0.267339   0.728577  -0.630639
      1       0.793719   0.537594   0.284611
      2      -0.546389   0.424462   0.722005
 P Eigenvalues: 
                  0          1          2    
      0      47.603884  74.758441 101.915892
P(iso)  74.759406
 Nucleus: 25 H 
 Shielding tensor (ppm): 
                  0          1          2    
      0      96.092996 108.544405 -41.715807
      1     -167.923530  45.916601 -209.152926
      2      51.719529 155.058282 114.916873
 P Tensor eigenvectors:
                   0          1          2    
      0       0.784960  -0.065331   0.616093
      1      -0.223701  -0.957226   0.183511
      2      -0.577751   0.281870   0.765998
 P Eigenvalues: 
                  0          1          2    
      0      98.763974  62.310731  95.851766
P(iso)  85.642157
 Nucleus: 26 H 
 Shielding tensor (ppm): 
                  0          1          2    
      0     101.832029 134.792852  13.583901
      1     -200.249472  59.878190 192.333825
      2      -2.165679 -136.966079 106.846418
 P Tensor eigenvectors:
                   0          1          2    
      0       0.698440   0.023896  -0.715270
      1      -0.017587  -0.998567  -0.050534
      2       0.715453  -0.047874   0.697019
 P Eigenvalues: 
                  0          1          2    
      0     110.198832  64.205554  94.152251
P(iso)  89.518879
 Nucleus: 28 H 
 Shielding tensor (ppm): 
                  0          1          2    
      0      97.805605 -187.929298 116.999205
      1     268.719650  24.976775 311.941632
      2     -83.632833 -221.840623  69.618213
 P Tensor eigenvectors:
                   0          1          2    
      0      -0.705491   0.331835   0.626233
      1       0.295911   0.940826  -0.165173
      2       0.643987  -0.068781   0.761938
 P Eigenvalues: 
                  0          1          2    
      0      64.883282  51.838140  75.679171
P(iso)  64.133531
 Nucleus: 29 H 
 Shielding tensor (ppm): 
                  0          1          2    
      0      94.418700 -223.318195 -68.955856
      1     301.570356   7.237507 -283.931384
      2      33.485944 214.987770  75.730203
 P Tensor eigenvectors:
                   0          1          2    
      0      -0.661544   0.311576  -0.682115
      1       0.152424   0.946480   0.284505
      2      -0.734253  -0.084241   0.673629
 P Eigenvalues: 
                  0          1          2    
      0      64.914019  45.691696  66.780695
P(iso)  59.128803
 Nucleus: 31 H 
 Shielding tensor (ppm): 
                  0          1          2    
      0      65.103970 327.945127 -65.310418
      1     -479.766452  48.326412 -293.788221
      2      68.686003 201.728685  91.265606
 P Tensor eigenvectors:
                   0          1          2    
      0      -0.523891   0.070988  -0.848822
      1       0.144191   0.989530  -0.006238
      2       0.839492  -0.125660  -0.528642
 P Eigenvalues: 
                  0          1          2    
      0      82.032986  49.841291  72.821711
P(iso)  68.231996
 Nucleus: 33 H 
 Shielding tensor (ppm): 
                  0          1          2    
      0      10.064068 -329.059689 -77.934077
      1     477.375837   7.995777 -487.213384
      2      31.152650 351.130108  -2.656281
 P Tensor eigenvectors:
                   0          1          2    
      0      -0.713543   0.090673  -0.694719
      1       0.097773   0.994774   0.029412
      2      -0.693755   0.046938   0.718679
 P Eigenvalues: 
                  0          1          2    
      0     -20.352627  14.814033  20.942157
P(iso)  5.134521
 Nucleus: 34 H 
 Shielding tensor (ppm): 
                  0          1          2    
      0      72.490663 -334.577256 100.512318
      1     468.561200  20.117358 514.537381
      2     -78.144178 -375.612071  47.904087
 P Tensor eigenvectors:
                   0          1          2    
      0      -0.726721   0.169327   0.665736
      1       0.152162   0.984748  -0.084365
      2       0.669868  -0.039990   0.741403
 P Eigenvalues: 
                  0          1          2    
      0      48.701092  38.382201  53.428815
P(iso)  46.837369
 Nucleus: 36 H 
 Shielding tensor (ppm): 
                  0          1          2    
      0       6.456673 410.546012 -32.461734
      1     -554.348821  41.220399 -587.889864
      2      30.484976 419.597631  25.770092
 P Tensor eigenvectors:
                   0          1          2    
      0      -0.726436   0.081373   0.682400
      1       0.037487   0.996179  -0.078884
      2       0.686211   0.031723   0.726711
 P Eigenvalues: 
                  0          1          2    
      0      16.172198  23.994288  33.280678
P(iso)  24.482388
 Nucleus: 37 H 
 Shielding tensor (ppm): 
                  0          1          2    
      0      69.872430 431.042973  21.750090
      1     -582.627506  45.397694 566.420840
      2     -22.071137 -418.729173  82.029303
 P Tensor eigenvectors:
                   0          1          2    
      0       0.698070   0.001926   0.716027
      1      -0.026698  -0.999231   0.028716
      2       0.715532  -0.039162  -0.697481
 P Eigenvalues: 
                  0          1          2    
      0      75.922471  51.525232  69.851725
P(iso)  65.766476
 Nucleus: 39 H 
 Shielding tensor (ppm): 
                  0          1          2    
      0     -10.054092 -325.251234  66.912120
      1     460.652051  15.934784 690.338536
      2     -46.537660 -506.037775 -16.120849
 P Tensor eigenvectors:
                   0          1          2    
      0      -0.830973   0.040614   0.554829
      1       0.082458   0.995307   0.050640
      2       0.550168  -0.087831   0.830422
 P Eigenvalues: 
                  0          1          2    
      0     -21.945153   4.934019   6.770977
P(iso)  -3.413386
 Nucleus: 40 H 
 Shielding tensor (ppm): 
                  0          1          2    
      0     -66.733699 -325.550202 -68.425822
      1     479.665779  21.686368 -559.986324
      2      49.132018 404.397950 -77.785491
 P Tensor eigenvectors:
                   0          1          2    
      0       0.763985   0.034381  -0.644317
      1      -0.099224  -0.980441  -0.169970
      2       0.637559  -0.193786   0.745631
 P Eigenvalues: 
                  0          1          2    
      0     -81.593381 -16.781230 -24.458212
P(iso)  -40.944274
 Nucleus: 42 H 
 Shielding tensor (ppm): 
                  0          1          2    
      0      50.065323  80.793941   7.477790
      1     -162.477924 -82.947703  -8.684060
      2       8.407172   6.414821 -68.141149
 P Tensor eigenvectors:
                   0          1          2    
      0       0.544643   0.051542   0.837083
      1      -0.838131  -0.002257   0.545464
      2       0.030003  -0.998668   0.041970
 P Eigenvalues: 
                  0          1          2    
      0      -5.874005 -68.640464 -26.509060
P(iso)  -33.674510
 Nucleus: 43 H 
 Shielding tensor (ppm): 
                  0          1          2    
      0     -149.192978 -135.097878   4.978723
      1     290.522524  16.365089 -11.282867
      2     -11.552822  -5.600731 -178.161866
 P Tensor eigenvectors:
                   0          1          2    
      0      -0.255135  -0.013943  -0.966805
      1       0.966378  -0.036687  -0.254493
      2      -0.031920  -0.999230   0.022835
 P Eigenvalues: 
                  0          1          2    
      0     -32.463618 -178.525433 -100.000705
P(iso)  -103.663252
 Nucleus: 44 H 
 Shielding tensor (ppm): 
                  0          1          2    
      0     -161.338190 410.081621  18.466569
      1     -520.836661  49.183767 113.822972
      2     -18.830949 -77.288996 -156.012213
 P Tensor eigenvectors:
                   0          1          2    
      0       0.197792  -0.456639   0.867387
      1      -0.044977  -0.888164  -0.457321
      2       0.979212   0.051442  -0.196210
 P Eigenvalues: 
                  0          1          2    
      0     -156.499793 -41.836573 -69.830269
P(iso)  -89.388879
 Nucleus: 45 H 
 Shielding tensor (ppm): 
                  0          1          2    
      0      81.889635 -184.720074   8.682269
      1     237.261999 -25.827832  17.435385
      2      -3.130944  -7.513661  30.141803
 P Tensor eigenvectors:
                   0          1          2    
      0      -0.067964  -0.471913   0.879021
      1       0.024506  -0.881582  -0.471393
      2       0.997387  -0.010497   0.071481
 P Eigenvalues: 
                  0          1          2    
      0      30.125912  20.145596  35.932098
P(iso)  28.734535
# -----------------------------------------------------------
$ EPRNMR_ATensor
   description: Hyperfine A tensor
   geom. index: 1
   prop. index: 1
 Number of stored nuclei 27
 Source density: 1 SCF 
 Spin multiplicity: 2 
 Nucleus: 7 H  
 Isotope: 1 
 Nuclear Spin:  0.5 
 Prefactor (MHz): 533.551395 
 Raw A tensor (MHz): 
                  0          1          2    
      0      -0.110262   0.003390  -0.002088
      1       0.003399   0.266320  -0.031369
      2      -0.002086  -0.031341  -0.114586
 A Tensor eigenvectors:
                   0          1          2    
      0       0.970736   0.239965  -0.009359
      1      -0.028631   0.076951  -0.996624
      2      -0.238435   0.967727   0.081570
 A Eigenvalues: 
                  0          1          2    
      0      -0.109849  -0.117595   0.268918
A(iso)  0.013824
 Nucleus: 8 H  
 Isotope: 1 
 Nuclear Spin:  0.5 
 Prefactor (MHz): 533.551395 
 Raw A tensor (MHz): 
                  0          1          2    
      0      -0.242199   0.862437  -0.030348
      1       0.862646   0.875367  -0.036347
      2      -0.030269  -0.036110  -0.745419
 A Tensor eigenvectors:
                   0          1          2    
      0      -0.850215   0.221454   0.477591
      1       0.468393  -0.095886   0.878302
      2       0.240298   0.970445  -0.022204
 A Eigenvalues: 
                  0          1          2    
      0      -0.708830  -0.748754   1.345333
A(iso)  -0.037417
 Nucleus: 10 H  
 Isotope: 1 
 Nuclear Spin:  0.5 
 Prefactor (MHz): 533.551395 
 Raw A tensor (MHz): 
                  0          1          2    
      0      -0.023931   0.095664   0.003988
      1       0.095690   0.179285   0.010160
      2       0.003992   0.010181  -0.062494
 A Tensor eigenvectors:
                   0          1          2    
      0       0.929409  -0.021200   0.368442
      1      -0.367068   0.050258   0.928836
      2      -0.038209  -0.998511   0.038928
 A Eigenvalues: 
                  0          1          2    
      0      -0.061886  -0.062921   0.217667
A(iso)  0.030953
 Nucleus: 11 H  
 Isotope: 1 
 Nuclear Spin:  0.5 
 Prefactor (MHz): 533.551395 
 Raw A tensor (MHz): 
                  0          1          2    
      0      -0.024347   0.093474  -0.016799
      1       0.093505   0.173565  -0.038087
      2      -0.016792  -0.038049  -0.056374
 A Tensor eigenvectors:
                   0          1          2    
      0       0.732555   0.573905  -0.366055
      1      -0.384045  -0.095548  -0.918357
      2      -0.562026   0.813329   0.150411
 A Eigenvalues: 
                  0          1          2    
      0      -0.060480  -0.063742   0.217066
A(iso)  0.030948
 Nucleus: 13 H  
 Isotope: 1 
 Nuclear Spin:  0.5 
 Prefactor (MHz): 533.551395 
 Raw A tensor (MHz): 
                  0          1          2    
      0      -0.068830   0.027327   0.000035
      1       0.027340   0.140690   0.005230
      2       0.000036   0.005241  -0.072627
 A Tensor eigenvectors:
                   0          1          2    
      0      -0.805029  -0.579452  -0.127133
      1       0.089062   0.093825  -0.991597
      2       0.586511  -0.809588  -0.023924
 A Eigenvalues: 
                  0          1          2    
      0      -0.071880  -0.073209   0.144322
A(iso)  -0.000256
 Nucleus: 14 H  
 Isotope: 1 
 Nuclear Spin:  0.5 
 Prefactor (MHz): 533.551395 
 Raw A tensor (MHz): 
                  0          1          2    
      0      -0.068587   0.026778  -0.004518
      1       0.026795   0.134344  -0.031592
      2      -0.004517  -0.031567  -0.067745
 A Tensor eigenvectors:
                   0          1          2    
      0       0.858144   0.497328  -0.127489
      1      -0.184843   0.067614  -0.980439
      2      -0.478980   0.864924   0.149950
 A Eigenvalues: 
                  0          1          2    
      0      -0.071836  -0.072808   0.142656
A(iso)  -0.000663
 Nucleus: 16 H  
 Isotope: 1 
 Nuclear Spin:  0.5 
 Prefactor (MHz): 533.551395 
 Raw A tensor (MHz): 
                  0          1          2    
      0      -0.033775   0.040213  -0.005837
      1       0.040231   0.078681  -0.017216
      2      -0.005836  -0.017198  -0.044398
 A Tensor eigenvectors:
                   0          1          2    
      0       0.701012   0.645521  -0.303123
      1      -0.313473  -0.102866  -0.944009
      2      -0.640559   0.756783   0.130243
 A Eigenvalues: 
                  0          1          2    
      0      -0.046429  -0.047034   0.093972
A(iso)  0.000169
 Nucleus: 17 H  
 Isotope: 1 
 Nuclear Spin:  0.5 
 Prefactor (MHz): 533.551395 
 Raw A tensor (MHz): 
                  0          1          2    
      0      -0.033740   0.040778   0.000622
      1       0.040794   0.081666   0.002599
      2       0.000623   0.002610  -0.046699
 A Tensor eigenvectors:
                   0          1          2    
      0      -0.718035  -0.626739  -0.302696
      1       0.214993   0.213913  -0.952901
      2       0.661970  -0.749293  -0.018853
 A Eigenvalues: 
                  0          1          2    
      0      -0.046528  -0.046922   0.094676
A(iso)  0.000409
 Nucleus: 19 H  
 Isotope: 1 
 Nuclear Spin:  0.5 
 Prefactor (MHz): 533.551395 
 Raw A tensor (MHz): 
                  0          1          2    
      0      -0.034885   0.012913  -0.001867
      1       0.012924   0.069888  -0.013946
      2      -0.001867  -0.013934  -0.034683
 A Tensor eigenvectors:
                   0          1          2    
      0       0.749867   0.650664  -0.119731
      1      -0.174959   0.020497  -0.984362
      2      -0.638035   0.759089   0.129210
 A Eigenvalues: 
                  0          1          2    
      0      -0.036311  -0.036658   0.073289
A(iso)  0.000107
 Nucleus: 20 H  
 Isotope: 1 
 Nuclear Spin:  0.5 
 Prefactor (MHz): 533.551395 
 Raw A tensor (MHz): 
                  0          1          2    
      0      -0.035076   0.013069  -0.000055
      1       0.013078   0.071989   0.000981
      2      -0.000055   0.000988  -0.036703
 A Tensor eigenvectors:
                   0          1          2    
      0      -0.762529  -0.635837  -0.119420
      1       0.086054   0.083264  -0.992805
      2       0.641206  -0.767319  -0.008774
 A Eigenvalues: 
                  0          1          2    
      0      -0.036505  -0.036855   0.073571
A(iso)  0.000070
 Nucleus: 22 H  
 Isotope: 1 
 Nuclear Spin:  0.5 
 Prefactor (MHz): 533.551395 
 Raw A tensor (MHz): 
                  0          1          2    
      0      -0.092311  -0.736942   0.273034
      1      -0.737024   2.218744  -0.907535
      2       0.273131  -0.907213  -0.028276
 A Tensor eigenvectors:
                   0          1          2    
      0       0.930960  -0.250190   0.265931
      1       0.328793   0.257725  -0.908555
      2       0.158774   0.933265   0.322192
 A Eigenvalues: 
                  0          1          2    
      0      -0.306038  -0.352010   2.756205
A(iso)  0.699386
 Nucleus: 23 H  
 Isotope: 1 
 Nuclear Spin:  0.5 
 Prefactor (MHz): 533.551395 
 Raw A tensor (MHz): 
                  0          1          2    
      0      -0.084051  -0.575040  -0.308273
      1      -0.575385   2.927623   0.083556
      2      -0.308380   0.083640  -0.210279
 A Tensor eigenvectors:
                   0          1          2    
      0      -0.704740  -0.684929   0.184970
      1      -0.162871  -0.097563  -0.981812
      2       0.690517  -0.722048  -0.042799
 A Eigenvalues: 
                  0          1          2    
      0       0.084886  -0.491258   3.039665
A(iso)  0.877764
 Nucleus: 25 H  
 Isotope: 1 
 Nuclear Spin:  0.5 
 Prefactor (MHz): 533.551395 
 Raw A tensor (MHz): 
                  0          1          2    
      0      -3.461411   2.408894   0.736025
      1       2.408763   2.450052   2.160101
      2       0.736221   2.159819  -3.461529
 A Tensor eigenvectors:
                   0          1          2    
      0       0.319603  -0.262133   0.910571
      1       0.901362  -0.212268  -0.377478
      2       0.292235   0.941397   0.168435
 A Eigenvalues: 
                  0          1          2    
      0       4.004637  -4.153643  -4.323882
A(iso)  -1.490963
 Nucleus: 26 H  
 Isotope: 1 
 Nuclear Spin:  0.5 
 Prefactor (MHz): 533.551395 
 Raw A tensor (MHz): 
                  0          1          2    
      0      -3.669801   2.690890  -1.605155
      1       2.691673   2.874520  -2.613838
      2      -1.604564  -2.611642  -4.414415
 A Tensor eigenvectors:
                   0          1          2    
      0       0.767301  -0.340014  -0.543728
      1      -0.452629  -0.887773  -0.083584
      2      -0.454287   0.310241  -0.835089
 A Eigenvalues: 
                  0          1          2    
      0      -4.307749   4.818935  -5.720881
A(iso)  -1.736565
 Nucleus: 28 H  
 Isotope: 1 
 Nuclear Spin:  0.5 
 Prefactor (MHz): 533.551395 
 Raw A tensor (MHz): 
                  0          1          2    
      0      40.073321  -5.593982   3.538692
      1      -5.590708  39.023896  -3.769663
      2       3.536585  -3.771439  35.923091
 A Tensor eigenvectors:
                   0          1          2    
      0      -0.127859  -0.734190  -0.666796
      1      -0.635016  -0.455836   0.623673
      2      -0.761845   0.503168  -0.407940
 A Eigenvalues: 
                  0          1          2    
      0      33.374145  34.177219  47.468944
A(iso)  38.340103
 Nucleus: 29 H  
 Isotope: 1 
 Nuclear Spin:  0.5 
 Prefactor (MHz): 533.551395 
 Raw A tensor (MHz): 
                  0          1          2    
      0     113.049200  -5.680044  -2.170089
      1      -5.679566 115.171560   1.023288
      2      -2.168184   1.022211 108.831488
 A Tensor eigenvectors:
                   0          1          2    
      0      -0.631651   0.437935   0.639711
      1      -0.370845   0.553948  -0.745396
      2      -0.680801  -0.708064  -0.187496
 A Eigenvalues: 
                  0          1          2    
      0     107.376128 109.373061 120.303059
A(iso)  112.350749
 Nucleus: 31 H  
 Isotope: 1 
 Nuclear Spin:  0.5 
 Prefactor (MHz): 533.551395 
 Raw A tensor (MHz): 
                  0          1          2    
      0     -27.649540   0.355887  18.148014
      1       0.356593 -91.581731  -1.461172
      2      18.146840  -1.461628 -44.315771
 A Tensor eigenvectors:
                   0          1          2    
      0      -0.841667  -0.539758  -0.016053
      1       0.006476  -0.039816   0.999186
      2      -0.539957   0.840878   0.037007
 A Eigenvalues: 
                  0          1          2    
      0     -16.010266 -55.895186 -91.641591
A(iso)  -54.515681
 Nucleus: 33 H  
 Isotope: 1 
 Nuclear Spin:  0.5 
 Prefactor (MHz): 533.551395 
 Raw A tensor (MHz): 
                  0          1          2    
      0     112.706289   5.745452  -1.715760
      1       5.744727 116.007215  -0.678476
      2      -1.714109  -0.677418 109.044777
 A Tensor eigenvectors:
                   0          1          2    
      0      -0.672402   0.427037  -0.604578
      1       0.410994  -0.463908  -0.784776
      2      -0.615597  -0.776163   0.136423
 A Eigenvalues: 
                  0          1          2    
      0     107.624285 109.583228 120.550768
A(iso)  112.586094
 Nucleus: 34 H  
 Isotope: 1 
 Nuclear Spin:  0.5 
 Prefactor (MHz): 533.551395 
 Raw A tensor (MHz): 
                  0          1          2    
      0      37.099957   5.371361   3.769297
      1       5.367854  35.954400   4.000696
      2       3.766949   4.002648  33.688949
 A Tensor eigenvectors:
                   0          1          2    
      0      -0.171206   0.735889  -0.655100
      1       0.695862  -0.380392  -0.609162
      2      -0.697470  -0.560151  -0.446952
 A Eigenvalues: 
                  0          1          2    
      0      30.622036  31.456558  44.664711
A(iso)  35.581102
 Nucleus: 36 H  
 Isotope: 1 
 Nuclear Spin:  0.5 
 Prefactor (MHz): 533.551395 
 Raw A tensor (MHz): 
                  0          1          2    
      0      -3.243914  -2.741406   0.612814
      1      -2.741205   2.542177  -1.591992
      2       0.613056  -1.591888  -3.822999
 A Tensor eigenvectors:
                   0          1          2    
      0      -0.361237  -0.203364   0.910028
      1       0.907856   0.146066   0.393017
      2      -0.212850   0.968147   0.131860
 A Eigenvalues: 
                  0          1          2    
      0       4.006291  -4.191989  -4.339039
A(iso)  -1.508246
 Nucleus: 37 H  
 Isotope: 1 
 Nuclear Spin:  0.5 
 Prefactor (MHz): 533.551395 
 Raw A tensor (MHz): 
                  0          1          2    
      0      -3.601200  -2.668101  -1.994631
      1      -2.668809   2.092583   3.219093
      2      -1.994092   3.217092  -3.870989
 A Tensor eigenvectors:
                   0          1          2    
      0       0.741285  -0.363448   0.564271
      1       0.520142   0.842408  -0.140717
      2      -0.424203   0.397812   0.813509
 A Eigenvalues: 
                  0          1          2    
      0      -4.332921   4.764314  -5.810999
A(iso)  -1.793202
 Nucleus: 39 H  
 Isotope: 1 
