-------------------------------------------------------------
----------------------- !PROPERTIES! ------------------------
-------------------------------------------------------------
# -----------------------------------------------------------
$ PAL_Flags
   description: The PAL Flags
   geom. index: 1
   prop. index: 1
        Diskflag:     2
# -----------------------------------------------------------
$ SCF_Energy
   description: The SCF energy
   geom. index: 1
   prop. index: 1
        SCF Energy:     -739.7746205256
# -----------------------------------------------------------
$ DFT_Energy
   description: The DFT energy
   geom. index: 1
   prop. index: 1
   Number of Alpha Electrons                 71.0000374456 
   Number of Beta  Electrons                 70.0000274296 
   Total number of  Electrons               141.0000648752 
   Exchange energy                          -85.5530868365 
   Correlation energy                        -5.4176882772 
   Correlation energy NL                      0.0000000000 
   Exchange-Correlation energy              -90.9707751137 
   Embedding correction                       0.0000000000 
   Total DFT Energy (No VdW correction)    -739.7746205256 
# -----------------------------------------------------------
$ Mayer_Pop
   description: The Mayer population analysis
   geom. index: 1
   prop. index: 1
     Number of atoms                     : 46
     Threshold for printing              : 0.1000000
     Number of bond orders printed       : 50
  NA   - Mulliken gross atomic population
  ZA   - Total nuclear charge
  QA   - Mulliken gross atomic charge
  VA   - Mayer's total valence
  BVA  - Mayer's bonded valence
  FA   - Mayer's free valence
  ATOM       NA         ZA         QA         VA         BVA        FA
  0   0     5.9987     6.0000     0.0013     3.8176     3.8176     0.0000
  1   0     6.3309     6.0000    -0.3309     4.2465     4.2465     0.0000
  2   0     5.4900     6.0000     0.5100     3.7499     3.7499     0.0000
  3   0     6.4437     6.0000    -0.4437     4.3267     4.3267     0.0000
  4   0     5.5785     6.0000     0.4215     3.9441     3.9441     0.0000
  5   0     5.7162     6.0000     0.2838     3.8581     3.8581     0.0000
  6   0     6.2438     6.0000    -0.2438     4.1967     4.1967     0.0000
  7   0     0.8707     1.0000     0.1293     0.9650     0.9650     0.0000
  8   0     0.8853     1.0000     0.1147     0.9692     0.9692     0.0000
  9   0     6.3963     6.0000    -0.3963     4.0118     4.0118     0.0000
 10   0     0.8555     1.0000     0.1445     0.9652     0.9652     0.0000
 11   0     0.8517     1.0000     0.1483     0.9641     0.9641     0.0000
 12   0     6.2609     6.0000    -0.2609     4.0149     4.0149     0.0000
 13   0     0.8570     1.0000     0.1430     0.9662     0.9662     0.0000
 14   0     0.8605     1.0000     0.1395     0.9671     0.9671     0.0000
 15   0     6.2568     6.0000    -0.2568     3.8914     3.8914    -0.0000
 16   0     0.8595     1.0000     0.1405     0.9678     0.9678     0.0000
 17   0     0.8593     1.0000     0.1407     0.9677     0.9677     0.0000
 18   0     6.5082     6.0000    -0.5082     3.8994     3.8994    -0.0000
 19   0     0.8419     1.0000     0.1581     0.9657     0.9657    -0.0000
 20   0     0.8416     1.0000     0.1584     0.9655     0.9655    -0.0000
 21   0     6.3809     6.0000    -0.3809     4.0442     4.0442     0.0000
 22   0     0.8451     1.0000     0.1549     0.9621     0.9621     0.0000
 23   0     0.8477     1.0000     0.1523     0.9641     0.9641     0.0000
 24   0     6.2947     6.0000    -0.2947     4.0112     4.0110     0.0002
 25   0     0.8556     1.0000     0.1444     0.9676     0.9676     0.0000
 26   0     0.8460     1.0000     0.1540     0.9625     0.9625     0.0000
 27   0     6.2768     6.0000    -0.2768     3.9387     3.9364     0.0023
 28   0     0.8543     1.0000     0.1457     0.9691     0.9687     0.0004
 29   0     0.8543     1.0000     0.1457     0.9657     0.9624     0.0033
 30   0     6.1261     6.0000    -0.1261     3.8424     3.0598     0.7826
 31   0     0.8889     1.0000     0.1111     0.9814     0.9784     0.0030
 32   0     6.2824     6.0000    -0.2824     3.9553     3.9528     0.0025
 33   0     0.8543     1.0000     0.1457     0.9649     0.9615     0.0034
 34   0     0.8575     1.0000     0.1425     0.9697     0.9693     0.0004
 35   0     6.2682     6.0000    -0.2682     3.8995     3.8994     0.0001
 36   0     0.8553     1.0000     0.1447     0.9675     0.9675     0.0000
 37   0     0.8442     1.0000     0.1558     0.9628     0.9628     0.0000
 38   0     6.5079     6.0000    -0.5079     3.8926     3.8926     0.0000
 39   0     0.8415     1.0000     0.1585     0.9651     0.9651     0.0000
 40   0     0.8430     1.0000     0.1570     0.9660     0.9660     0.0000
 41   0     6.5413     6.0000    -0.5413     3.8945     3.8945     0.0000
 42   0     0.8198     1.0000     0.1802     0.9773     0.9773     0.0000
 43   0     0.8566     1.0000     0.1434     0.9669     0.9669     0.0000
 44   0     0.8540     1.0000     0.1460     0.9668     0.9668     0.0000
 45   0     0.8965     1.0000     0.1035     0.9601     0.9601     0.0000
      Bond orders larger than 0.1000000
           Atom A     A.N. of A          Atom B    A.N. of B              Bond order
                0             6               4            6                0.915485
                0             6              41            6                2.695602
                1             6               2            6                1.370067
                1             6               3            6                0.119698
                1             6               5            6                0.106051
                1             6               6            6                1.484173
                1             6              45            1                0.982535
                2             6               3            6                1.446540
                2             6               4            6                0.107366
                2             6               9            6                0.897114
                3             6               4            6                1.423652
                3             6               7            1                0.982003
                4             6               5            6                1.382631
                4             6               6            6                0.111252
                5             6               6            6                1.422808
                5             6              21            6                0.946634
                6             6               8            1                0.978997
                9             6              10            1                0.969715
                9             6              11            1                0.967248
                9             6              12            6                1.020141
               12             6              13            1                0.963942
               12             6              14            1                0.960407
               12             6              15            6                0.984235
               15             6              16            1                0.972504
               15             6              17            1                0.971863
               15             6              18            6                0.955966
               18             6              19            1                0.971970
               18             6              20            1                0.971716
               18             6              43            1                0.968481
               21             6              22            1                0.956600
               21             6              23            1                0.958463
               21             6              24            6                1.007338
               24             6              25            1                0.965693
               24             6              26            1                0.957358
               24             6              27            6                0.977280
               27             6              28            1                0.969379
               27             6              29            1                0.955687
               27             6              30            6                0.975939
               30             6              31            1                1.006757
               30             6              32            6                0.979484
               32             6              33            1                0.955941
               32             6              34            1                0.974355
               32             6              35            6                0.981695
               35             6              36            1                0.976573
               35             6              37            1                0.972093
               35             6              38            6                0.957020
               38             6              39            1                0.971045
               38             6              40            1                0.973164
               38             6              44            1                0.968793
               41             6              42            1                0.984184
# -----------------------------------------------------------
$ Calculation_Info
   description: Details of the calculation
   geom. index: 1
   prop. index: 1
     Multiplicity:                          2
     Charge:                                0
     number of atoms:                       46
     number of electrons:                   0
     number of frozen core electrons:       1
     number of correlated electrons:        0
     number of basis functions:             512
     number of aux C basis functions:       3496
     number of aux J basis functions:       3496
     number of aux JK basis functions:      3496
     number of aux CABS basis functions:    0
     Total Energy                           -739.774621
# -----------------------------------------------------------
$ SCF_Electric_Properties
   description: The SCF Calculated Electric Properties
   geom. index: 1
   prop. index: 1
       Filename                          : EPRII.scfp 
       Do Dipole Moment Calculation      : true 
       Do Quadrupole Moment Calculation  : false 
       Do Polarizability Calculation     : false 
** Dipole moment part of electric properties **
        Magnitude of dipole moment (Debye) :        0.6360457547
        Electronic Contribution:
                  0    
      0       4.203747
      1     -10.983573
      2      -0.177432
        Nuclear Contribution:
                  0    
      0      -4.445920
      1      11.003776
      2       0.117755
        Total Dipole moment:
                  0    
      0      -0.242173
      1       0.020204
      2      -0.059678
# -----------------------------------------------------------
$ EPRNMR_GTensor
   description: Electronic g tensor
   geom. index: 1
   prop. index: 1
 Source density: 1 SCF 
 Spin multiplicity: 2 
 raw g tensor: 
                  0          1          2    
      0       2.002718  -0.000040   0.000222
      1      -0.000003   2.002765   0.000020
      2       0.000205   0.000028   2.002269
 g tensor: 
                  0          1          2    
      0      -0.371574   0.227793  -0.900024
      1      -0.052158   0.962779   0.265209
      2       0.926937   0.145488  -0.345862
 G eigenvalues: 
                  0          1          2    
      0       2.002182   2.002763   2.002806
# -----------------------------------------------------------
$ EPRNMR_OrbitalShielding
   description: Orbital contribution to the NMR Shielding tensor (ppm)
   geom. index: 1
   prop. index: 1
 Number of stored nuclei 27
 Source density: 1 SCF 
 Nucleus: 7 H 
 Shielding tensor (ppm): 
                  0          1          2    
      0      27.939148   6.034652   0.081346
      1       5.580008  25.665735  -0.189496
      2       0.016342  -0.130231  19.010998
 P Tensor eigenvectors:
                   0          1          2    
      0      -0.049329  -0.636988  -0.769294
      1       0.066440   0.766433  -0.638879
      2       0.996570  -0.082628   0.004514
 P Eigenvalues: 
                  0          1          2    
      0      18.998061  20.897762  32.720058
P(iso)  24.205294
 Nucleus: 8 H 
 Shielding tensor (ppm): 
                  0          1          2    
      0      27.869398   4.066235   0.127214
      1       5.008090  26.266872  -0.283762
      2       0.046171  -0.389507  19.388105
 P Tensor eigenvectors:
                   0          1          2    
      0      -0.055282  -0.633979  -0.771372
      1       0.084179   0.766843  -0.636290
      2       0.994916  -0.100109   0.010975
 P Eigenvalues: 
                  0          1          2    
      0      19.354617  22.493129  31.676629
P(iso)  24.508125
 Nucleus: 10 H 
 Shielding tensor (ppm): 
                  0          1          2    
      0      28.768503  -0.444294   3.860430
      1       0.147736  31.371047  -1.253240
      2       5.198867  -0.331185  26.674439
 P Tensor eigenvectors:
                   0          1          2    
      0      -0.607995  -0.382436   0.695762
      1       0.073765  -0.899759  -0.430107
      2       0.790507  -0.210180   0.575259
 P Eigenvalues: 
                  0          1          2    
      0      23.040875  31.109442  32.663672
P(iso)  28.937996
 Nucleus: 11 H 
 Shielding tensor (ppm): 
                  0          1          2    
      0      29.021509  -0.660064  -3.598159
      1      -0.533773  31.181120   0.595120
      2      -5.014776  -0.536502  26.481249
 P Tensor eigenvectors:
                   0          1          2    
      0       0.590048  -0.273955   0.759468
      1       0.032673  -0.931798  -0.361503
      2       0.806707   0.238118  -0.540855
 P Eigenvalues: 
                  0          1          2    
      0      23.249484  30.996650  32.437744
P(iso)  28.894626
 Nucleus: 13 H 
 Shielding tensor (ppm): 
                  0          1          2    
      0      30.353348   0.908507  -3.695558
      1       0.683519  31.497351   0.149701
      2      -3.394355   1.510094  28.190987
 P Tensor eigenvectors:
                   0          1          2    
      0       0.590618  -0.016241   0.806788
      1      -0.172171  -0.979312   0.106325
      2       0.788370  -0.201703  -0.581196
 P Eigenvalues: 
                  0          1          2    
      0      25.354867  31.692488  32.994331
P(iso)  30.013895
 Nucleus: 14 H 
 Shielding tensor (ppm): 
                  0          1          2    
      0      30.172764   1.500628   3.783886
      1       1.125509  31.278075  -0.487599
      2       3.574004  -1.662685  28.372839
 P Tensor eigenvectors:
                   0          1          2    
      0      -0.608256   0.037925   0.792834
      1       0.247679  -0.939915   0.234978
      2       0.754108   0.339295   0.562316
 P Eigenvalues: 
                  0          1          2    
      0      25.044734  31.628843  33.150102
P(iso)  29.941226
 Nucleus: 16 H 
 Shielding tensor (ppm): 
                  0          1          2    
      0      31.046664  -0.207830  -4.700134
      1      -0.086803  30.764542  -0.292662
      2      -4.393786  -0.985316  28.743139
 P Tensor eigenvectors:
                   0          1          2    
      0       0.610571  -0.120447  -0.782749
      1       0.099857   0.992188  -0.074782
      2       0.785641  -0.032503   0.617828
 P Eigenvalues: 
                  0          1          2    
      0      25.141561  30.807321  34.605463
P(iso)  30.184782
 Nucleus: 17 H 
 Shielding tensor (ppm): 
                  0          1          2    
      0      30.788757   0.199818   4.811218
      1       0.360528  30.883466   0.058591
      2       4.487507   0.729238  28.877651
 P Tensor eigenvectors:
                   0          1          2    
      0      -0.633162  -0.107515  -0.766516
      1      -0.016684   0.991971  -0.125357
      2       0.773840  -0.066583  -0.629872
 P Eigenvalues: 
                  0          1          2    
      0      25.084052  30.828248  34.637574
P(iso)  30.183291
 Nucleus: 19 H 
 Shielding tensor (ppm): 
                  0          1          2    
      0      29.986333  -1.275965   3.972283
      1      -2.228543  30.795470  -2.526737
      2       3.375029  -2.084756  31.391009
 P Tensor eigenvectors:
                   0          1          2    
      0      -0.762728   0.334722   0.553359
      1       0.038797   0.877782  -0.477487
      2       0.645554   0.342725   0.682495
 P Eigenvalues: 
                  0          1          2    
      0      26.943454  29.200653  36.028704
P(iso)  30.724270
 Nucleus: 20 H 
 Shielding tensor (ppm): 
                  0          1          2    
      0      30.124060  -1.740558  -3.789035
      1      -2.617923  31.260025   2.479274
      2      -3.088090   2.101767  30.783175
 P Tensor eigenvectors:
                   0          1          2    
      0      -0.751421   0.342777  -0.563800
      1      -0.030093   0.835779   0.548241
      2      -0.659136  -0.428927   0.617707
 P Eigenvalues: 
                  0          1          2    
      0      26.997595  29.159052  36.010614
P(iso)  30.722420
 Nucleus: 22 H 
 Shielding tensor (ppm): 
                  0          1          2    
      0      27.701789  -1.342927   3.744788
      1      -0.571256  31.741370  -0.758941
      2       5.302317   0.426351  26.815205
 P Tensor eigenvectors:
                   0          1          2    
      0      -0.664162  -0.500376   0.555439
      1      -0.044634  -0.715108  -0.697587
      2       0.746255  -0.488102   0.452614
 P Eigenvalues: 
                  0          1          2    
      0      22.686379  30.964915  32.607070
P(iso)  28.752788
 Nucleus: 23 H 
 Shielding tensor (ppm): 
                  0          1          2    
      0      28.778321  -2.024674  -3.155305
      1      -1.525049  31.696015  -0.154974
      2      -4.755780  -1.385791  25.624063
 P Tensor eigenvectors:
                   0          1          2    
      0       0.558023   0.594285  -0.579168
      1       0.167947   0.602615   0.780159
      2       0.812653  -0.532616   0.236465
 P Eigenvalues: 
                  0          1          2    
      0      22.647062  30.670413  32.780924
P(iso)  28.699466
 Nucleus: 25 H 
 Shielding tensor (ppm): 
                  0          1          2    
      0      29.763336   0.849719   4.090510
      1       0.710400  31.000611  -0.774215
      2       3.896308  -2.078989  28.758433
 P Tensor eigenvectors:
                   0          1          2    
      0      -0.634553  -0.294254   0.714672
      1       0.240071  -0.953991  -0.179631
      2       0.734648   0.057587   0.676000
 P Eigenvalues: 
                  0          1          2    
      0      24.828170  31.345404  33.348806
P(iso)  29.840794
 Nucleus: 26 H 
 Shielding tensor (ppm): 
                  0          1          2    
      0      30.727374   0.252351  -3.596865
      1       0.071553  31.347688   0.563834
      2      -3.641510   1.379592  27.254736
 P Tensor eigenvectors:
                   0          1          2    
      0       0.522035  -0.263318   0.811260
      1      -0.131904  -0.964633  -0.228221
      2       0.842663   0.012131  -0.538305
 P Eigenvalues: 
                  0          1          2    
      0      24.849838  31.386728  33.093231
P(iso)  29.776599
 Nucleus: 28 H 
 Shielding tensor (ppm): 
                  0          1          2    
      0      28.143170   1.067880   3.034794
      1       0.175429  31.824194  -0.305354
      2       3.548401   1.052862  28.132556
 P Tensor eigenvectors:
                   0          1          2    
      0      -0.705496   0.558384   0.436443
      1       0.028627  -0.592869   0.804790
      2       0.708135   0.580270   0.402282
 P Eigenvalues: 
                  0          1          2    
      0      24.842030  30.897741  32.360148
P(iso)  29.366640
 Nucleus: 29 H 
 Shielding tensor (ppm): 
                  0          1          2    
      0      29.087892  -0.251403  -3.910907
      1      -0.642018  30.472644  -0.049186
      2      -4.247602  -0.241026  27.553446
 P Tensor eigenvectors:
                   0          1          2    
      0       0.636107   0.052950  -0.769782
      1       0.063492   0.990667   0.120610
      2       0.768984  -0.125596   0.626808
 P Eigenvalues: 
                  0          1          2    
      0      24.145062  30.466214  32.502706
P(iso)  29.037994
 Nucleus: 31 H 
 Shielding tensor (ppm): 
                  0          1          2    
      0      24.485985  -0.063349  -0.119790
      1      -0.075935  32.983789   0.182222
      2       0.121940   0.052418  24.375760
 P Tensor eigenvectors:
                   0          1          2    
      0      -0.015673   0.999843  -0.008288
      1      -0.014899   0.008054   0.999857
      2       0.999766   0.015794   0.014770
 P Eigenvalues: 
                  0          1          2    
      0      24.374137  24.485451  32.985946
P(iso)  27.281845
 Nucleus: 33 H 
 Shielding tensor (ppm): 
                  0          1          2    
      0      28.774564   0.816111  -3.775681
      1       0.960982  30.243176  -0.283339
      2      -3.809564  -0.466264  28.439343
 P Tensor eigenvectors:
                   0          1          2    
      0       0.695088   0.202906   0.689697
      1      -0.066189  -0.937209   0.342430
      2       0.715871  -0.283670  -0.638013
 P Eigenvalues: 
                  0          1          2    
      0      24.788597  29.936925  32.731562
P(iso)  29.152361
 Nucleus: 34 H 
 Shielding tensor (ppm): 
                  0          1          2    
      0      28.300400  -1.172076   2.731327
      1      -0.417187  31.529850   0.577753
      2       3.126227  -0.427764  28.650867
 P Tensor eigenvectors:
                   0          1          2    
      0       0.728261   0.480497  -0.488629
      1       0.105516   0.625892   0.772739
      2      -0.677128   0.614314  -0.405113
 P Eigenvalues: 
                  0          1          2    
      0      25.475693  31.006493  31.998930
P(iso)  29.493706
 Nucleus: 36 H 
 Shielding tensor (ppm): 
                  0          1          2    
      0      30.280664  -0.077079   4.788328
      1      -0.366963  30.401664   0.353807
      2       4.219118  -0.106357  29.526906
 P Tensor eigenvectors:
                   0          1          2    
      0      -0.679889  -0.021004  -0.733015
      1      -0.052707   0.998404   0.020278
      2       0.731419   0.052422  -0.679911
 P Eigenvalues: 
                  0          1          2    
      0      25.373055  30.411551  34.424627
P(iso)  30.069744
 Nucleus: 37 H 
 Shielding tensor (ppm): 
                  0          1          2    
      0      30.804964   1.116145  -4.108074
      1       0.955584  30.351382  -0.398306
      2      -3.950026   0.684577  28.902286
 P Tensor eigenvectors:
                   0          1          2    
      0       0.624755  -0.053508  -0.778985
      1      -0.150498   0.970691  -0.187376
      2       0.766180   0.234300   0.598391
 P Eigenvalues: 
                  0          1          2    
      0      25.592747  30.331657  34.134228
P(iso)  30.019544
 Nucleus: 39 H 
 Shielding tensor (ppm): 
                  0          1          2    
      0      29.793629   0.957218   4.148860
      1       1.806164  30.348013   2.233526
      2       3.626631   1.654313  32.368713
 P Tensor eigenvectors:
                   0          1          2    
      0       0.812070   0.219833   0.540570
      1       0.002937  -0.927859   0.372919
      2      -0.583553   0.301248   0.754132
 P Eigenvalues: 
                  0          1          2    
      0      26.985771  29.369156  36.155428
P(iso)  30.836785
 Nucleus: 40 H 
 Shielding tensor (ppm): 
                  0          1          2    
      0      30.196725   2.497054  -3.488361
      1       3.054302  31.734454  -2.493555
      2      -2.659362  -1.898470  30.437293
 P Tensor eigenvectors:
                   0          1          2    
      0      -0.778674  -0.271073  -0.565850
      1       0.181172   0.766298  -0.616412
      2      -0.600702   0.582501   0.547586
 P Eigenvalues: 
                  0          1          2    
      0      27.153234  29.038445  36.176792
P(iso)  30.789490
 Nucleus: 42 H 
 Shielding tensor (ppm): 
                  0          1          2    
      0      35.462773  -1.092547   0.696982
      1      -1.408315  25.943393  -0.216421
      2       0.654651  -0.191425  24.078210
 P Tensor eigenvectors:
                   0          1          2    
      0      -0.051458   0.129906  -0.990190
      1       0.072866   0.989349   0.126009
      2       0.996013  -0.065667  -0.060376
 P Eigenvalues: 
                  0          1          2    
      0      24.028761  25.789545  35.666071
P(iso)  28.494792
 Nucleus: 43 H 
 Shielding tensor (ppm): 
                  0          1          2    
      0      29.293724   2.350636  -0.073482
      1       3.586101  36.222999  -0.492101
      2      -0.133330  -0.491257  26.044296
 P Tensor eigenvectors:
                   0          1          2    
      0      -0.016333  -0.934719  -0.355013
      1       0.053044   0.353750  -0.933835
      2       0.998459  -0.034084   0.043803
 P Eigenvalues: 
                  0          1          2    
      0      26.019951  28.199318  37.341750
P(iso)  30.520340
 Nucleus: 44 H 
 Shielding tensor (ppm): 
                  0          1          2    
      0      29.420039  -2.278383  -0.244364
      1      -3.637173  35.745768   1.509461
      2      -0.463342   1.585846  26.519490
 P Tensor eigenvectors:
                   0          1          2    
      0      -0.056232   0.927589  -0.369346
      1      -0.177875   0.354706   0.917902
      2       0.982445   0.117312   0.145049
 P Eigenvalues: 
                  0          1          2    
      0      26.259592  28.281446  37.144259
P(iso)  30.561766
 Nucleus: 45 H 
 Shielding tensor (ppm): 
                  0          1          2    
      0      22.626559   1.131853   0.026269
      1       0.074570  30.209868  -0.780532
      2       0.170043  -0.789153  20.613920
 P Tensor eigenvectors:
                   0          1          2    
      0      -0.070515  -0.995267  -0.066871
      1       0.084301   0.060853  -0.994580
      2       0.993942  -0.075770   0.079611
 P Eigenvalues: 
                  0          1          2    
      0      20.539667  22.592060  30.318619
P(iso)  24.483449
# -----------------------------------------------------------
$ EPRNMR_ATensor
   description: Hyperfine A tensor
   geom. index: 1
   prop. index: 1
 Number of stored nuclei 27
 Source density: 1 SCF 
 Spin multiplicity: 2 
 Nucleus: 7 H  
 Isotope: 1 
 Nuclear Spin:  0.5 
 Prefactor (MHz): 533.551395 
 Raw A tensor (MHz): 
                  0          1          2    
      0      -0.109848   0.002740  -0.001841
      1       0.002725   0.267616  -0.031111
      2      -0.001832  -0.031093  -0.113266
 A Tensor eigenvectors:
                   0          1          2    
      0       0.968994   0.246966  -0.007577
      1      -0.027301   0.076538  -0.996693
      2      -0.245570   0.965997   0.080908
 A Eigenvalues: 
                  0          1          2    
      0      -0.109460  -0.116199   0.270160
A(iso)  0.014834
 Nucleus: 8 H  
 Isotope: 1 
 Nuclear Spin:  0.5 
 Prefactor (MHz): 533.551395 
 Raw A tensor (MHz): 
                  0          1          2    
      0      -0.252156   0.861733  -0.030593
      1       0.861876   0.876502  -0.037191
      2      -0.030510  -0.036982  -0.753179
 A Tensor eigenvectors:
                   0          1          2    
      0      -0.852905   0.215665   0.475439
      1       0.467061  -0.091673   0.879460
      2       0.233254   0.972155  -0.022540
 A Eigenvalues: 
                  0          1          2    
      0      -0.715742  -0.756458   1.343366
A(iso)  -0.042944
 Nucleus: 10 H  
 Isotope: 1 
 Nuclear Spin:  0.5 
 Prefactor (MHz): 533.551395 
 Raw A tensor (MHz): 
                  0          1          2    
      0      -0.022984   0.095144   0.003992
      1       0.095153   0.181391   0.010279
      2       0.003998   0.010290  -0.061004
 A Tensor eigenvectors:
                   0          1          2    
      0       0.930191  -0.029938   0.365852
      1      -0.363977   0.053978   0.929842
      2      -0.047586  -0.998093   0.039314
 A Eigenvalues: 
                  0          1          2    
      0      -0.060420  -0.061440   0.219264
A(iso)  0.032468
 Nucleus: 11 H  
 Isotope: 1 
 Nuclear Spin:  0.5 
 Prefactor (MHz): 533.551395 
 Raw A tensor (MHz): 
                  0          1          2    
      0      -0.024024   0.092975  -0.016572
      1       0.092993   0.175138  -0.037945
      2      -0.016561  -0.037915  -0.055654
 A Tensor eigenvectors:
                   0          1          2    
      0       0.740841   0.564877  -0.363413
      1      -0.382536  -0.089897  -0.919557
      2      -0.552106   0.820264   0.149486
 A Eigenvalues: 
                  0          1          2    
      0      -0.059694  -0.062898   0.218052
A(iso)  0.031820
 Nucleus: 13 H  
 Isotope: 1 
 Nuclear Spin:  0.5 
 Prefactor (MHz): 533.551395 
 Raw A tensor (MHz): 
                  0          1          2    
      0      -0.068778   0.027042   0.000055
      1       0.027039   0.140698   0.005308
      2       0.000060   0.005310  -0.072488
 A Tensor eigenvectors:
                   0          1          2    
      0      -0.805672  -0.578830  -0.125891
      1       0.087907   0.093339  -0.991746
      2       0.585803  -0.810089  -0.024317
 A Eigenvalues: 
                  0          1          2    
      0      -0.071770  -0.073059   0.144260
A(iso)  -0.000189
 Nucleus: 14 H  
 Isotope: 1 
 Nuclear Spin:  0.5 
 Prefactor (MHz): 533.551395 
 Raw A tensor (MHz): 
                  0          1          2    
      0      -0.068676   0.026516  -0.004495
      1       0.026520   0.134371  -0.031405
      2      -0.004491  -0.031387  -0.067799
 A Tensor eigenvectors:
                   0          1          2    
      0       0.843781   0.521620  -0.126282
      1      -0.185234   0.062208  -0.980724
      2      -0.503709   0.850907   0.149111
 A Eigenvalues: 
                  0          1          2    
      0      -0.071815  -0.072847   0.142558
A(iso)  -0.000701
 Nucleus: 16 H  
 Isotope: 1 
 Nuclear Spin:  0.5 
 Prefactor (MHz): 533.551395 
 Raw A tensor (MHz): 
                  0          1          2    
      0      -0.033958   0.040060  -0.005782
      1       0.040068   0.078847  -0.017161
      2      -0.005779  -0.017149  -0.044473
 A Tensor eigenvectors:
                   0          1          2    
      0       0.702274   0.644867  -0.301593
      1      -0.312064  -0.101918  -0.944579
      2      -0.639865   0.757469   0.129665
 A Eigenvalues: 
                  0          1          2    
      0      -0.046494  -0.047084   0.093994
A(iso)  0.000139
 Nucleus: 17 H  
 Isotope: 1 
 Nuclear Spin:  0.5 
 Prefactor (MHz): 533.551395 
 Raw A tensor (MHz): 
                  0          1          2    
      0      -0.033965   0.040612   0.000624
      1       0.040617   0.081746   0.002677
      2       0.000626   0.002681  -0.046798
 A Tensor eigenvectors:
                   0          1          2    
      0      -0.718743  -0.626658  -0.301178
      1       0.213611   0.213199  -0.953371
      2       0.661649  -0.749564  -0.019374
 A Eigenvalues: 
                  0          1          2    
      0      -0.046611  -0.047037   0.094632
A(iso)  0.000328
 Nucleus: 19 H  
 Isotope: 1 
 Nuclear Spin:  0.5 
 Prefactor (MHz): 533.551395 
 Raw A tensor (MHz): 
                  0          1          2    
      0      -0.034929   0.012770  -0.001845
      1       0.012773   0.069934  -0.013888
      2      -0.001843  -0.013881  -0.034704
 A Tensor eigenvectors:
                   0          1          2    
      0       0.746513   0.654755  -0.118384
      1      -0.173681   0.019999  -0.984599
      2      -0.642304   0.755576   0.128648
 A Eigenvalues: 
                  0          1          2    
      0      -0.036315  -0.036668   0.073284
A(iso)  0.000100
 Nucleus: 20 H  
 Isotope: 1 
 Nuclear Spin:  0.5 
 Prefactor (MHz): 533.551395 
 Raw A tensor (MHz): 
                  0          1          2    
      0      -0.035115   0.012921  -0.000050
      1       0.012921   0.072004   0.001034
      2      -0.000048   0.001035  -0.036702
 A Tensor eigenvectors:
                   0          1          2    
      0      -0.760939  -0.637992  -0.118065
      1       0.084479   0.082996  -0.992963
      2       0.643301  -0.765558  -0.009258
 A Eigenvalues: 
                  0          1          2    
      0      -0.036508  -0.036855   0.073550
A(iso)  0.000062
 Nucleus: 22 H  
 Isotope: 1 
 Nuclear Spin:  0.5 
 Prefactor (MHz): 533.551395 
 Raw A tensor (MHz): 
                  0          1          2    
      0      -0.086711  -0.747395   0.273661
      1      -0.747522   2.250086  -0.907727
      2       0.273803  -0.907408  -0.009562
 A Tensor eigenvectors:
                   0          1          2    
      0       0.900202  -0.344278   0.266664
      1       0.353761   0.221046  -0.908841
      2       0.253949   0.912475   0.320778
 A Eigenvalues: 
                  0          1          2    
      0      -0.303272  -0.332626   2.789711
A(iso)  0.717938
 Nucleus: 23 H  
 Isotope: 1 
 Nuclear Spin:  0.5 
 Prefactor (MHz): 533.551395 
 Raw A tensor (MHz): 
                  0          1          2    
      0      -0.022713  -0.584832  -0.304324
      1      -0.585338   2.999871   0.094672
      2      -0.304382   0.094717  -0.141828
 A Tensor eigenvectors:
                   0          1          2    
      0      -0.698223   0.690944  -0.187296
      1      -0.165941   0.098294   0.981225
      2       0.696382   0.716194   0.046025
 A Eigenvalues: 
                  0          1          2    
      0       0.141259  -0.421967   3.116038
A(iso)  0.945110
 Nucleus: 25 H  
 Isotope: 1 
 Nuclear Spin:  0.5 
 Prefactor (MHz): 533.551395 
 Raw A tensor (MHz): 
                  0          1          2    
      0      -3.785525   2.403589   0.730438
      1       2.403159   2.117946   2.172444
      2       0.730651   2.172018  -3.773618
 A Tensor eigenvectors:
                   0          1          2    
      0      -0.318946  -0.301281  -0.898612
      1      -0.901036  -0.197675   0.386082
      2      -0.293952   0.932821  -0.208417
 A Eigenvalues: 
                  0          1          2    
      0       3.677365  -4.469939  -4.648623
A(iso)  -1.813732
 Nucleus: 26 H  
 Isotope: 1 
 Nuclear Spin:  0.5 
 Prefactor (MHz): 533.551395 
 Raw A tensor (MHz): 
                  0          1          2    
      0      -4.000004   2.634956  -1.592086
      1       2.635611   2.613269  -2.569222
      2      -1.591313  -2.567016  -4.734173
 A Tensor eigenvectors:
                   0          1          2    
      0       0.335137  -0.765956   0.548630
      1       0.890885   0.447123   0.080033
      2      -0.306607   0.461944   0.832226
 A Eigenvalues: 
                  0          1          2    
      0       4.483477  -4.574087  -6.030298
A(iso)  -2.040303
 Nucleus: 28 H  
 Isotope: 1 
 Nuclear Spin:  0.5 
 Prefactor (MHz): 533.551395 
 Raw A tensor (MHz): 
                  0          1          2    
      0      48.532659  -5.494457   3.636878
      1      -5.491174  47.350071  -3.691559
      2       3.634653  -3.693416  44.211045
 A Tensor eigenvectors:
                   0          1          2    
      0      -0.001498   0.739974  -0.672634
      1       0.550667   0.562075   0.617120
      2       0.834723  -0.369473  -0.408321
 A Eigenvalues: 
                  0          1          2    
      0      41.768345  42.545558  55.779872
A(iso)  46.697925
 Nucleus: 29 H  
 Isotope: 1 
 Nuclear Spin:  0.5 
 Prefactor (MHz): 533.551395 
 Raw A tensor (MHz): 
                  0          1          2    
      0     135.176136  -5.679125  -2.290814
      1      -5.678698 137.046839   1.033798
      2      -2.288732   1.032684 130.781338
 A Tensor eigenvectors:
                   0          1          2    
      0      -0.618359   0.444675   0.647993
      1      -0.359402   0.573252  -0.736351
      2      -0.698900  -0.688220  -0.194658
 A Eigenvalues: 
                  0          1          2    
      0     129.286846 131.400292 142.317173
A(iso)  134.334771
 Nucleus: 31 H  
 Isotope: 1 
 Nuclear Spin:  0.5 
 Prefactor (MHz): 533.551395 
 Raw A tensor (MHz): 
                  0          1          2    
      0     -31.634735   0.363579  17.794345
      1       0.364271 -95.584024  -1.477096
      2      17.792570  -1.477565 -48.137869
 A Tensor eigenvectors:
                   0          1          2    
      0      -0.842673  -0.538189  -0.015977
      1       0.006491  -0.039825   0.999186
      2      -0.538387   0.841883   0.037053
 A Eigenvalues: 
                  0          1          2    
      0     -20.269478 -59.442514 -95.644636
A(iso)  -58.452209
 Nucleus: 33 H  
 Isotope: 1 
 Nuclear Spin:  0.5 
 Prefactor (MHz): 533.551395 
 Raw A tensor (MHz): 
                  0          1          2    
      0     135.033042   5.762592  -1.844226
      1       5.761924 138.093655  -0.707360
      2      -1.842485  -0.706254 131.195233
 A Tensor eigenvectors:
                   0          1          2    
      0       0.657438   0.438344   0.612887
      1      -0.399406  -0.486985   0.776737
      2       0.638945  -0.755447  -0.145085
 A Eigenvalues: 
                  0          1          2    
      0     129.740428 131.809321 142.772182
A(iso)  134.773977
 Nucleus: 34 H  
 Isotope: 1 
 Nuclear Spin:  0.5 
 Prefactor (MHz): 533.551395 
 Raw A tensor (MHz): 
                  0          1          2    
      0      45.076060   5.258458   3.854916
      1       5.254955  43.782929   3.935400
      2       3.852420   3.937436  41.449363
 A Tensor eigenvectors:
                   0          1          2    
      0      -0.040786   0.748937  -0.661385
      1       0.623365  -0.498241  -0.602638
      2      -0.780867  -0.436863  -0.446540
 A Eigenvalues: 
                  0          1          2    
      0      38.508129  39.331721  52.468501
A(iso)  43.436117
 Nucleus: 36 H  
 Isotope: 1 
 Nuclear Spin:  0.5 
 Prefactor (MHz): 533.551395 
 Raw A tensor (MHz): 
                  0          1          2    
      0      -3.587289  -2.736877   0.607233
      1      -2.736380   2.187837  -1.608662
      2       0.607514  -1.608424  -4.160554
 A Tensor eigenvectors:
                   0          1          2    
      0      -0.360868  -0.269889   0.892712
      1       0.907549   0.118816   0.402787
      2      -0.214776   0.955533   0.202060
 A Eigenvalues: 
                  0          1          2    
      0       3.656669  -4.532177  -4.684499
A(iso)  -1.853336
 Nucleus: 37 H  
 Isotope: 1 
 Nuclear Spin:  0.5 
 Prefactor (MHz): 533.551395 
 Raw A tensor (MHz): 
                  0          1          2    
      0      -3.950054  -2.620390  -1.973007
      1      -2.620987   1.818893   3.180603
      2      -1.972289   3.178619  -4.221550
 A Tensor eigenvectors:
                   0          1          2    
