-------------------------------------------------------------
----------------------- !PROPERTIES! ------------------------
-------------------------------------------------------------
# -----------------------------------------------------------
$ PAL_Flags
   description: The PAL Flags
   geom. index: 1
   prop. index: 1
        Diskflag:     2
# -----------------------------------------------------------
$ SCF_Energy
   description: The SCF energy
   geom. index: 1
   prop. index: 1
        SCF Energy:     -739.7758088993
# -----------------------------------------------------------
$ DFT_Energy
   description: The DFT energy
   geom. index: 1
   prop. index: 1
   Number of Alpha Electrons                 71.0000318672 
   Number of Beta  Electrons                 70.0000226001 
   Total number of  Electrons               141.0000544674 
   Exchange energy                          -85.5729358827 
   Correlation energy                        -5.4178809221 
   Correlation energy NL                      0.0000000000 
   Exchange-Correlation energy              -90.9908168048 
   Embedding correction                       0.0000000000 
   Total DFT Energy (No VdW correction)    -739.7758088993 
# -----------------------------------------------------------
$ Mayer_Pop
   description: The Mayer population analysis
   geom. index: 1
   prop. index: 1
     Number of atoms                     : 46
     Threshold for printing              : 0.1000000
     Number of bond orders printed       : 50
  NA   - Mulliken gross atomic population
  ZA   - Total nuclear charge
  QA   - Mulliken gross atomic charge
  VA   - Mayer's total valence
  BVA  - Mayer's bonded valence
  FA   - Mayer's free valence
  ATOM       NA         ZA         QA         VA         BVA        FA
  0   0     6.0046     6.0000    -0.0046     3.8157     3.8157     0.0000
  1   0     6.3291     6.0000    -0.3291     4.2388     4.2388     0.0000
  2   0     5.5015     6.0000     0.4985     3.7537     3.7537     0.0000
  3   0     6.4375     6.0000    -0.4375     4.3164     4.3164     0.0000
  4   0     5.5812     6.0000     0.4188     3.9271     3.9271     0.0000
  5   0     5.7244     6.0000     0.2756     3.8563     3.8563     0.0000
  6   0     6.2418     6.0000    -0.2418     4.1891     4.1891     0.0000
  7   0     0.8690     1.0000     0.1310     0.9645     0.9645     0.0000
  8   0     0.8834     1.0000     0.1166     0.9687     0.9687     0.0000
  9   0     6.3984     6.0000    -0.3984     4.0075     4.0075     0.0000
 10   0     0.8531     1.0000     0.1469     0.9646     0.9646     0.0000
 11   0     0.8488     1.0000     0.1512     0.9633     0.9633     0.0000
 12   0     6.2667     6.0000    -0.2667     4.0104     4.0104     0.0000
 13   0     0.8534     1.0000     0.1466     0.9654     0.9654     0.0000
 14   0     0.8582     1.0000     0.1418     0.9667     0.9667     0.0000
 15   0     6.2656     6.0000    -0.2656     3.8904     3.8904    -0.0000
 16   0     0.8566     1.0000     0.1434     0.9672     0.9672     0.0000
 17   0     0.8562     1.0000     0.1438     0.9669     0.9669     0.0000
 18   0     6.5110     6.0000    -0.5110     3.8989     3.8989     0.0000
 19   0     0.8398     1.0000     0.1602     0.9652     0.9652     0.0000
 20   0     0.8394     1.0000     0.1606     0.9649     0.9649     0.0000
 21   0     6.3829     6.0000    -0.3829     4.0405     4.0405     0.0000
 22   0     0.8430     1.0000     0.1570     0.9616     0.9616     0.0000
 23   0     0.8447     1.0000     0.1553     0.9631     0.9631     0.0000
 24   0     6.3012     6.0000    -0.3012     4.0076     4.0075     0.0001
 25   0     0.8533     1.0000     0.1467     0.9670     0.9670     0.0000
 26   0     0.8427     1.0000     0.1573     0.9619     0.9619     0.0000
 27   0     6.2793     6.0000    -0.2793     3.9336     3.9313     0.0023
 28   0     0.8513     1.0000     0.1487     0.9684     0.9680     0.0004
 29   0     0.8515     1.0000     0.1485     0.9651     0.9621     0.0030
 30   0     6.1342     6.0000    -0.1342     3.8404     3.0490     0.7914
 31   0     0.8861     1.0000     0.1139     0.9810     0.9780     0.0030
 32   0     6.2851     6.0000    -0.2851     3.9504     3.9479     0.0025
 33   0     0.8511     1.0000     0.1489     0.9641     0.9611     0.0030
 34   0     0.8547     1.0000     0.1453     0.9691     0.9688     0.0003
 35   0     6.2769     6.0000    -0.2769     3.8983     3.8982     0.0001
 36   0     0.8524     1.0000     0.1476     0.9668     0.9668     0.0000
 37   0     0.8414     1.0000     0.1586     0.9621     0.9621     0.0000
 38   0     6.5110     6.0000    -0.5110     3.8921     3.8921     0.0000
 39   0     0.8394     1.0000     0.1606     0.9645     0.9645     0.0000
 40   0     0.8408     1.0000     0.1592     0.9654     0.9654     0.0000
 41   0     6.5366     6.0000    -0.5366     3.8962     3.8962     0.0000
 42   0     0.8185     1.0000     0.1815     0.9772     0.9772     0.0000
 43   0     0.8549     1.0000     0.1451     0.9665     0.9665     0.0000
 44   0     0.8523     1.0000     0.1477     0.9664     0.9664     0.0000
 45   0     0.8949     1.0000     0.1051     0.9597     0.9597     0.0000
      Bond orders larger than 0.1000000
           Atom A     A.N. of A          Atom B    A.N. of B              Bond order
                0             6               4            6                0.911283
                0             6              41            6                2.701857
                1             6               2            6                1.372329
                1             6               3            6                0.117824
                1             6               5            6                0.102148
                1             6               6            6                1.482975
                1             6              45            1                0.981934
                2             6               3            6                1.446363
                2             6               4            6                0.103162
                2             6               9            6                0.898680
                3             6               4            6                1.421691
                3             6               7            1                0.980843
                4             6               5            6                1.380484
                4             6               6            6                0.107839
                5             6               6            6                1.422968
                5             6              21            6                0.946565
                6             6               8            1                0.977845
                9             6              10            1                0.970024
                9             6              11            1                0.967039
                9             6              12            6                1.018708
               12             6              13            1                0.965230
               12             6              14            1                0.960713
               12             6              15            6                0.982526
               15             6              16            1                0.973171
               15             6              17            1                0.972356
               15             6              18            6                0.956238
               18             6              19            1                0.972024
               18             6              20            1                0.971769
               18             6              43            1                0.968620
               21             6              22            1                0.956408
               21             6              23            1                0.958780
               21             6              24            6                1.006367
               24             6              25            1                0.966157
               24             6              26            1                0.958344
               24             6              27            6                0.976263
               27             6              28            1                0.970133
               27             6              29            1                0.957034
               27             6              30            6                0.972472
               30             6              31            1                1.006447
               30             6              32            6                0.976784
               32             6              33            1                0.957261
               32             6              34            1                0.975071
               32             6              35            6                0.980433
               35             6              36            1                0.976949
               35             6              37            1                0.972424
               35             6              38            6                0.957175
               38             6              39            1                0.971106
               38             6              40            1                0.973195
               38             6              44            1                0.968899
               41             6              42            1                0.983289
# -----------------------------------------------------------
$ Calculation_Info
   description: Details of the calculation
   geom. index: 1
   prop. index: 1
     Multiplicity:                          2
     Charge:                                0
     number of atoms:                       46
     number of electrons:                   0
     number of frozen core electrons:       1
     number of correlated electrons:        0
     number of basis functions:             512
     number of aux C basis functions:       3496
     number of aux J basis functions:       3496
     number of aux JK basis functions:      3496
     number of aux CABS basis functions:    0
     Total Energy                           -739.775809
# -----------------------------------------------------------
$ SCF_Electric_Properties
   description: The SCF Calculated Electric Properties
   geom. index: 1
   prop. index: 1
       Filename                          : EPRII.scfp 
       Do Dipole Moment Calculation      : true 
       Do Quadrupole Moment Calculation  : false 
       Do Polarizability Calculation     : false 
** Dipole moment part of electric properties **
        Magnitude of dipole moment (Debye) :        0.6609254351
        Electronic Contribution:
                  0    
      0       4.185489
      1     -11.022919
      2      -0.476010
        Nuclear Contribution:
                  0    
      0      -4.438129
      1      11.046889
      2       0.419350
        Total Dipole moment:
                  0    
      0      -0.252640
      1       0.023969
      2      -0.056659
# -----------------------------------------------------------
$ EPRNMR_GTensor
   description: Electronic g tensor
   geom. index: 1
   prop. index: 1
 Source density: 1 SCF 
 Spin multiplicity: 2 
 raw g tensor: 
                  0          1          2    
      0       2.002807  -0.000111   0.000235
      1       0.000039   2.002811   0.000028
      2       0.000230   0.000063   2.002375
 g tensor: 
                  0          1          2    
      0      -0.399713   0.104664  -0.910646
      1      -0.102560   0.982115   0.157895
      2       0.910885   0.156509  -0.381830
 G eigenvalues: 
                  0          1          2    
      0       2.002268   2.002815   2.002910
# -----------------------------------------------------------
$ EPRNMR_OrbitalShielding
   description: Orbital contribution to the NMR Shielding tensor (ppm)
   geom. index: 1
   prop. index: 1
 Number of stored nuclei 27
 Source density: 1 SCF 
 Nucleus: 7 H 
 Shielding tensor (ppm): 
                  0          1          2    
      0     -26.293360 133.554490  -7.161915
      1     -227.579518  66.391572 -28.929092
      2       7.469970  18.437607  28.372390
 P Tensor eigenvectors:
                   0          1          2    
      0      -0.136792  -0.420187   0.897068
      1      -0.009001  -0.905016  -0.425282
      2       0.990559  -0.066250   0.120016
 P Eigenvalues: 
                  0          1          2    
      0      27.288600  13.484636  27.697365
P(iso)  22.823534
 Nucleus: 8 H 
 Shielding tensor (ppm): 
                  0          1          2    
      0      98.055686 -96.070008   2.374831
      1      50.879938  28.104154  15.279359
      2       8.185313 -13.971312  86.329772
 P Tensor eigenvectors:
                   0          1          2    
      0       0.666327  -0.062840   0.743007
      1       0.740692   0.170609  -0.649822
      2      -0.085929   0.983333   0.160226
 P Eigenvalues: 
                  0          1          2    
      0      36.600842  84.732677  91.156093
P(iso)  70.829871
 Nucleus: 10 H 
 Shielding tensor (ppm): 
                  0          1          2    
      0      58.952535 -261.354082 179.958583
      1     354.430197  -0.004316 353.467608
      2     -126.891227 -256.093400  28.854962
 P Tensor eigenvectors:
                   0          1          2    
      0       0.652410   0.385768  -0.652337
      1      -0.355947   0.915883   0.185633
      2      -0.669076  -0.111089  -0.734844
 P Eigenvalues: 
                  0          1          2    
      0      16.420467  29.829677  41.553036
P(iso)  29.267727
 Nucleus: 11 H 
 Shielding tensor (ppm): 
                  0          1          2    
      0      66.276787 -287.886469 -163.223273
      1     373.535662  -5.282775 -347.293870
      2     103.501131 261.394310  41.120528
 P Tensor eigenvectors:
                   0          1          2    
      0       0.637448  -0.398665   0.659338
      1      -0.304989  -0.916396  -0.259230
      2       0.707561  -0.035845  -0.705743
 P Eigenvalues: 
                  0          1          2    
      0      21.975033  33.765612  46.373895
P(iso)  34.038180
 Nucleus: 13 H 
 Shielding tensor (ppm): 
                  0          1          2    
      0      29.270040 301.741999 107.191221
      1     -402.401537  76.627926 459.295667
      2     -78.446361 -332.950691  76.999125
 P Tensor eigenvectors:
                   0          1          2    
      0       0.744520   0.215372   0.631905
      1      -0.148875   0.976260  -0.157331
      2       0.650789  -0.023062  -0.758909
 P Eigenvalues: 
                  0          1          2    
      0      63.377848  50.279559  69.239683
P(iso)  60.965697
 Nucleus: 14 H 
 Shielding tensor (ppm): 
                  0          1          2    
      0      35.183779 279.628906 -134.134529
      1     -382.065437  66.440759 -465.565466
      2     109.958471 343.173503  92.594654
 P Tensor eigenvectors:
                   0          1          2    
      0      -0.761078   0.207635   0.614531
      1       0.202033   0.976138  -0.079602
      2       0.616395  -0.063572   0.784867
 P Eigenvalues: 
                  0          1          2    
      0      70.123256  52.351172  71.744765
P(iso)  64.739731
 Nucleus: 16 H 
 Shielding tensor (ppm): 
                  0          1          2    
      0      35.920123 -371.489046 -163.187195
      1     501.775002 -13.149266 -523.925656
      2      97.879047 383.288611   0.870346
 P Tensor eigenvectors:
                   0          1          2    
      0       0.706790   0.245825   0.663338
      1      -0.204829   0.968630  -0.140716
      2       0.677121   0.036414  -0.734970
 P Eigenvalues: 
                  0          1          2    
      0     -12.820107  15.312274  21.149036
P(iso)  7.880401
 Nucleus: 17 H 
 Shielding tensor (ppm): 
                  0          1          2    
      0      28.320581 -340.957000 195.344971
      1     477.428347  -0.070603 526.754055
      2     -141.206990 -383.335332 -17.800440
 P Tensor eigenvectors:
                   0          1          2    
      0       0.718688   0.238872  -0.653014
      1      -0.267586   0.961826   0.057338
      2      -0.641782  -0.133529  -0.755172
 P Eigenvalues: 
                  0          1          2    
      0     -19.294874  12.441716  17.302696
P(iso)  3.483179
 Nucleus: 19 H 
 Shielding tensor (ppm): 
                  0          1          2    
      0     -23.384823 387.675378 -141.161460
      1     -492.313740  51.342391 -588.633864
      2     111.540842 425.220004  20.967436
 P Tensor eigenvectors:
                   0          1          2    
      0      -0.748749   0.246773   0.615205
      1       0.175032   0.968781  -0.175574
      2       0.639326   0.023780   0.768568
 P Eigenvalues: 
                  0          1          2    
      0       6.639206  17.820225  24.465573
P(iso)  16.308335
 Nucleus: 20 H 
 Shielding tensor (ppm): 
                  0          1          2    
      0     -30.560857 408.205950  98.304472
      1     -509.907086  67.047823 566.865975
      2     -60.712192 -415.016792  -1.181433
 P Tensor eigenvectors:
                   0          1          2    
      0      -0.732661   0.256489  -0.630414
      1       0.108064   0.958360   0.264325
      2      -0.671960  -0.125535   0.729870
 P Eigenvalues: 
                  0          1          2    
      0      -0.622287  15.073208  20.854612
P(iso)  11.768511
 Nucleus: 22 H 
 Shielding tensor (ppm): 
                  0          1          2    
      0     102.556434 -36.641841 104.051791
      1      61.866261  36.804942  91.339711
      2     -69.004085 -61.708616  89.471934
 P Tensor eigenvectors:
                   0          1          2    
      0      -0.370770  -0.762500   0.530211
      1       0.854749  -0.503444  -0.126291
      2       0.363228   0.406372   0.838408
 P Eigenvalues: 
                  0          1          2    
      0      49.277928  76.491718 103.063665
P(iso)  76.277770
 Nucleus: 23 H 
 Shielding tensor (ppm): 
                  0          1          2    
      0      99.080310 -59.267505 -77.299286
      1      80.667364  26.911525 -73.427417
      2      40.428319  60.594786  87.306918
 P Tensor eigenvectors:
                   0          1          2    
      0      -0.305119   0.727193  -0.614893
      1       0.770101   0.568248   0.289894
      2      -0.560221   0.385077   0.733395
 P Eigenvalues: 
                  0          1          2    
      0      46.790656  69.740911  96.767185
P(iso)  71.099584
 Nucleus: 25 H 
 Shielding tensor (ppm): 
                  0          1          2    
      0      90.115095 110.763307 -43.433332
      1     -166.780766  43.786791 -211.298310
      2      52.790153 156.016554 110.894149
 P Tensor eigenvectors:
                   0          1          2    
      0       0.789213  -0.071449   0.609949
      1      -0.226844  -0.956884   0.181425
      2      -0.570687   0.281546   0.771393
 P Eigenvalues: 
                  0          1          2    
      0      93.156372  60.218028  91.421636
P(iso)  81.598679
 Nucleus: 26 H 
 Shielding tensor (ppm): 
                  0          1          2    
      0      98.708221 137.494322  12.547907
      1     -199.978816  58.913130 192.614787
      2      -0.130906 -138.114285 104.238788
 P Tensor eigenvectors:
                   0          1          2    
      0       0.699617   0.027791  -0.713977
      1      -0.010705  -0.998723  -0.049365
      2       0.714438  -0.042180   0.698426
 P Eigenvalues: 
                  0          1          2    
      0     107.784156  63.040120  91.035864
P(iso)  87.286713
 Nucleus: 28 H 
 Shielding tensor (ppm): 
                  0          1          2    
      0      94.854267 -188.300647 118.464324
      1     266.150192  25.515127 316.855690
      2     -84.914874 -226.645780  67.622482
 P Tensor eigenvectors:
                   0          1          2    
      0      -0.714951   0.329393   0.616721
      1       0.294503   0.941879  -0.161651
      2       0.634123  -0.066054   0.770405
 P Eigenvalues: 
                  0          1          2    
      0      63.135052  51.032544  73.824281
P(iso)  62.663959
 Nucleus: 29 H 
 Shielding tensor (ppm): 
                  0          1          2    
      0      89.209885 -227.587255 -67.934232
      1     304.405247   7.118303 -284.554466
      2      32.614946 214.658517  71.653229
 P Tensor eigenvectors:
                   0          1          2    
      0       0.661494  -0.303736   0.685690
      1      -0.146765  -0.949064  -0.278815
      2       0.735450   0.083799  -0.672378
 P Eigenvalues: 
                  0          1          2    
      0      60.849464  43.746645  63.385308
P(iso)  55.993806
 Nucleus: 31 H 
 Shielding tensor (ppm): 
                  0          1          2    
      0      59.229457 330.111264 -65.593575
      1     -481.298075  47.045624 -296.506439
      2      68.195838 201.504110  87.881580
 P Tensor eigenvectors:
                   0          1          2    
      0      -0.526050   0.077524  -0.846913
      1       0.141441   0.989943   0.002762
      2       0.838610  -0.118335  -0.531724
 P Eigenvalues: 
                  0          1          2    
      0      77.968262  47.193152  68.995248
P(iso)  64.718887
 Nucleus: 33 H 
 Shielding tensor (ppm): 
                  0          1          2    
      0       5.840431 -335.005510 -79.899205
      1     479.825319   8.687359 -488.773687
      2      32.556381 353.191245  -4.899885
 P Tensor eigenvectors:
                   0          1          2    
      0       0.712961   0.089296   0.695495
      1      -0.102318   0.994490  -0.022798
      2       0.693699   0.054907  -0.718169
 P Eigenvalues: 
                  0          1          2    
      0     -23.654076  13.848781  19.433200
P(iso)  3.209302
 Nucleus: 34 H 
 Shielding tensor (ppm): 
                  0          1          2    
      0      72.685317 -337.957542  98.554356
      1     467.116377  20.074327 521.382383
      2     -77.144311 -381.733878  49.145125
 P Tensor eigenvectors:
                   0          1          2    
      0      -0.732500   0.168632   0.659550
      1       0.147761   0.985121  -0.087769
      2       0.664537  -0.033165   0.746519
 P Eigenvalues: 
                  0          1          2    
      0      50.452168  38.376333  53.076269
P(iso)  47.301590
 Nucleus: 36 H 
 Shielding tensor (ppm): 
                  0          1          2    
      0       2.496009 418.157505 -29.873130
      1     -555.166042  41.133551 -592.325318
      2      28.183446 424.242826  20.406144
 P Tensor eigenvectors:
                   0          1          2    
      0      -0.728466  -0.085531   0.679721
      1       0.034034  -0.995469  -0.088788
      2       0.684236  -0.041545   0.728077
 P Eigenvalues: 
                  0          1          2    
      0      11.250730  22.192303  30.592671
P(iso)  21.345235
 Nucleus: 37 H 
 Shielding tensor (ppm): 
                  0          1          2    
      0      70.305756 439.160973  25.113174
      1     -585.161496  44.075618 571.186760
      2     -23.788635 -423.179280  80.608387
 P Tensor eigenvectors:
                   0          1          2    
      0       0.699331  -0.000761   0.714798
      1      -0.032843  -0.998977   0.031069
      2       0.714043  -0.045204  -0.698641
 P Eigenvalues: 
                  0          1          2    
      0      76.074135  50.723024  68.192603
P(iso)  64.996587
 Nucleus: 39 H 
 Shielding tensor (ppm): 
                  0          1          2    
      0      -1.919974 -335.886192  65.152846
      1     465.837369  15.414515 697.807643
      2     -47.670765 -514.121531  -8.849972
 P Tensor eigenvectors:
                   0          1          2    
      0      -0.830422   0.046331   0.555205
      1       0.080793   0.996017   0.037725
      2       0.551246  -0.076184   0.830857
 P Eigenvalues: 
                  0          1          2    
      0     -12.453294   7.233320   9.864544
P(iso)  1.548190
 Nucleus: 40 H 
 Shielding tensor (ppm): 
                  0          1          2    
      0     -61.153040 -334.024655 -71.509205
      1     482.917774  22.991307 -563.711257
      2      54.459360 408.546171 -74.629562
 P Tensor eigenvectors:
                   0          1          2    
      0       0.763673   0.030497  -0.644882
      1      -0.104667  -0.979820  -0.170284
      2       0.637062  -0.197540   0.745071
 P Eigenvalues: 
                  0          1          2    
      0     -75.550439 -15.275524 -21.965331
P(iso)  -37.597098
 Nucleus: 42 H 
 Shielding tensor (ppm): 
                  0          1          2    
      0      49.051516  82.094115  10.669927
      1     -163.647804 -87.417477 -10.498624
      2       6.967000   7.372539 -74.253192
 P Tensor eigenvectors:
                   0          1          2    
      0       0.558798   0.059318   0.827179
      1      -0.829091   0.017387   0.558843
      2       0.018767  -0.998088   0.058896
 P Eigenvalues: 
                  0          1          2    
      0      -6.782625 -74.897356 -30.939171
P(iso)  -37.539718
 Nucleus: 43 H 
 Shielding tensor (ppm): 
                  0          1          2    
      0     -142.807798 -140.117782   3.731292
      1     290.005613  17.296574 -24.292663
      2     -11.743220   1.979188 -173.260884
 P Tensor eigenvectors:
                   0          1          2    
      0       0.264205   0.063969  -0.962343
      1      -0.964381   0.030775  -0.262719
      2       0.012810   0.997477   0.069822
 P Eigenvalues: 
                  0          1          2    
      0     -31.852778 -173.856903 -93.062428
P(iso)  -99.590703
 Nucleus: 44 H 
 Shielding tensor (ppm): 
                  0          1          2    
      0     -154.620646 416.627371  22.531723
      1     -523.771490  49.011209 121.261729
      2     -22.253539 -82.369939 -150.446924
 P Tensor eigenvectors:
                   0          1          2    
      0       0.207779  -0.460239   0.863138
      1      -0.054606  -0.886477  -0.459539
      2       0.976650   0.048350  -0.209324
 P Eigenvalues: 
                  0          1          2    
      0     -150.834393 -39.975375 -65.246593
P(iso)  -85.352120
 Nucleus: 45 H 
 Shielding tensor (ppm): 
                  0          1          2    
      0      77.127373 -184.983786   7.392388
      1     238.625563 -27.463138  21.045082
      2      -0.273623  -9.625827  28.832400
 P Tensor eigenvectors:
                   0          1          2    
      0      -0.085341  -0.468139   0.879524
      1       0.012792  -0.883187  -0.468847
      2       0.996270  -0.028761   0.081360
 P Eigenvalues: 
                  0          1          2    
      0      28.656638  18.069190  31.770808
P(iso)  26.165545
# -----------------------------------------------------------
$ EPRNMR_ATensor
   description: Hyperfine A tensor
   geom. index: 1
   prop. index: 1
 Number of stored nuclei 27
 Source density: 1 SCF 
 Spin multiplicity: 2 
 Nucleus: 7 H  
 Isotope: 1 
 Nuclear Spin:  0.5 
 Prefactor (MHz): 533.551395 
 Raw A tensor (MHz): 
                  0          1          2    
      0      -0.108535   0.002680  -0.001788
      1       0.002668   0.265665  -0.030630
      2      -0.001780  -0.030611  -0.112125
 A Tensor eigenvectors:
                   0          1          2    
      0       0.971417   0.237261  -0.007473
      1      -0.026294   0.076261  -0.996741
      2      -0.235918   0.968448   0.080320
 A Eigenvalues: 
                  0          1          2    
      0      -0.108175  -0.114972   0.268152
A(iso)  0.015002
 Nucleus: 8 H  
 Isotope: 1 
 Nuclear Spin:  0.5 
 Prefactor (MHz): 533.551395 
 Raw A tensor (MHz): 
                  0          1          2    
      0      -0.261561   0.855479  -0.017123
      1       0.855622   0.884689  -0.014024
      2      -0.017039  -0.013819  -0.750979
 A Tensor eigenvectors:
                   0          1          2    
      0      -0.856174   0.212714   0.470870
      1       0.459619  -0.102784   0.882148
      2       0.236043   0.971694  -0.009766
 A Eigenvalues: 
                  0          1          2    
      0      -0.716144  -0.753245   1.341538
A(iso)  -0.042617
 Nucleus: 10 H  
 Isotope: 1 
 Nuclear Spin:  0.5 
 Prefactor (MHz): 533.551395 
 Raw A tensor (MHz): 
                  0          1          2    
      0      -0.024201   0.093837   0.003965
      1       0.093847   0.179426   0.010336
      2       0.003970   0.010348  -0.061392
 A Tensor eigenvectors:
                   0          1          2    
      0       0.930324  -0.048745   0.363484
      1      -0.360419   0.061667   0.930750
      2      -0.067784  -0.996906   0.039801
 A Eigenvalues: 
                  0          1          2    
      0      -0.060847  -0.061838   0.216518
A(iso)  0.031278
 Nucleus: 11 H  
 Isotope: 1 
 Nuclear Spin:  0.5 
 Prefactor (MHz): 533.551395 
 Raw A tensor (MHz): 
                  0          1          2    
      0      -0.024742   0.092480  -0.016309
      1       0.092498   0.175091  -0.037569
      2      -0.016299  -0.037538  -0.056005
 A Tensor eigenvectors:
                   0          1          2    
      0       0.737223   0.570819  -0.361481
      1      -0.379395  -0.092961  -0.920553
      2      -0.559073   0.815796   0.148033
 A Eigenvalues: 
                  0          1          2    
      0      -0.059979  -0.063126   0.217449
A(iso)  0.031448
 Nucleus: 13 H  
 Isotope: 1 
 Nuclear Spin:  0.5 
 Prefactor (MHz): 533.551395 
 Raw A tensor (MHz): 
                  0          1          2    
      0      -0.068171   0.026619   0.000046
      1       0.026617   0.139182   0.005074
      2       0.000050   0.005078  -0.071795
 A Tensor eigenvectors:
                   0          1          2    
      0      -0.803587  -0.581863  -0.125230
      1       0.087514   0.092606  -0.991849
      2       0.588718  -0.807997  -0.023495
 A Eigenvalues: 
                  0          1          2    
      0      -0.071105  -0.072343   0.142663
A(iso)  -0.000262
 Nucleus: 14 H  
 Isotope: 1 
 Nuclear Spin:  0.5 
 Prefactor (MHz): 533.551395 
 Raw A tensor (MHz): 
                  0          1          2    
      0      -0.068587   0.026190  -0.004413
      1       0.026195   0.134161  -0.031261
      2      -0.004408  -0.031242  -0.067634
 A Tensor eigenvectors:
                   0          1          2    
      0       0.841418   0.525736  -0.124972
      1      -0.184226   0.061666  -0.980948
      2      -0.508013   0.848409   0.148741
 A Eigenvalues: 
                  0          1          2    
      0      -0.071659  -0.072637   0.142236
A(iso)  -0.000687
 Nucleus: 16 H  
 Isotope: 1 
 Nuclear Spin:  0.5 
 Prefactor (MHz): 533.551395 
 Raw A tensor (MHz): 
                  0          1          2    
      0      -0.034052   0.039683  -0.005825
      1       0.039692   0.078745  -0.017455
      2      -0.005822  -0.017442  -0.044251
 A Tensor eigenvectors:
                   0          1          2    
      0       0.695476   0.653200  -0.299403
      1      -0.310955  -0.102041  -0.944931
      2      -0.647781   0.750278   0.132149
 A Eigenvalues: 
                  0          1          2    
      0      -0.046372  -0.046946   0.093761
A(iso)  0.000148
 Nucleus: 17 H  
 Isotope: 1 
 Nuclear Spin:  0.5 
 Prefactor (MHz): 533.551395 
 Raw A tensor (MHz): 
                  0          1          2    
      0      -0.033835   0.039960   0.000469
      1       0.039966   0.081116   0.002188
      2       0.000471   0.002193  -0.046367
 A Tensor eigenvectors:
                   0          1          2    
      0      -0.709036  -0.638618  -0.299055
      1       0.211021   0.212502  -0.954103
      2       0.672858  -0.739601  -0.015910
 A Eigenvalues: 
                  0          1          2    
      0      -0.046175  -0.046591   0.093679
A(iso)  0.000305
 Nucleus: 19 H  
 Isotope: 1 
 Nuclear Spin:  0.5 
 Prefactor (MHz): 533.551395 
 Raw A tensor (MHz): 
                  0          1          2    
      0      -0.034918   0.012576  -0.001859
      1       0.012579   0.069739  -0.014231
      2      -0.001858  -0.014223  -0.034549
 A Tensor eigenvectors:
                   0          1          2    
      0       0.742397   0.659694  -0.116832
      1      -0.174904   0.022505  -0.984328
      2      -0.646727   0.751197   0.132091
 A Eigenvalues: 
                  0          1          2    
      0      -0.036263  -0.036607   0.073141
A(iso)  0.000090
 Nucleus: 20 H  
 Isotope: 1 
 Nuclear Spin:  0.5 
 Prefactor (MHz): 533.551395 
 Raw A tensor (MHz): 
                  0          1          2    
      0      -0.034845   0.012700  -0.000105
      1       0.012700   0.071419   0.000534
      2      -0.000103   0.000535  -0.036394
 A Tensor eigenvectors:
                   0          1          2    
      0      -0.756901  -0.642965  -0.117033
      1       0.086107   0.079402  -0.993117
      2       0.647832  -0.761768  -0.004736
 A Eigenvalues: 
                  0          1          2    
      0      -0.036201  -0.036537   0.072918
A(iso)  0.000060
 Nucleus: 22 H  
 Isotope: 1 
 Nuclear Spin:  0.5 
 Prefactor (MHz): 533.551395 
 Raw A tensor (MHz): 
                  0          1          2    
      0      -0.144331  -0.757707   0.262175
      1      -0.757835   2.207608  -0.877006
      2       0.262314  -0.876678  -0.089806
 A Tensor eigenvectors:
                   0          1          2    
      0       0.926604  -0.262902   0.268864
      1       0.332542   0.239083  -0.912280
      2       0.175560   0.934731   0.308961
 A Eigenvalues: 
                  0          1          2    
      0      -0.366615  -0.387792   2.727878
A(iso)  0.657824
 Nucleus: 23 H  
 Isotope: 1 
 Nuclear Spin:  0.5 
 Prefactor (MHz): 533.551395 
 Raw A tensor (MHz): 
                  0          1          2    
      0      -0.031028  -0.588751  -0.296548
      1      -0.589255   2.951429   0.134950
      2      -0.296614   0.134994  -0.144409
 A Tensor eigenvectors:
                   0          1          2    
      0      -0.693630   0.694450  -0.191352
      1      -0.177311   0.092867   0.979764
      2       0.698167   0.713523   0.058718
 A Eigenvalues: 
                  0          1          2    
      0       0.116425  -0.415030   3.074597
A(iso)  0.925331
 Nucleus: 25 H  
 Isotope: 1 
 Nuclear Spin:  0.5 
 Prefactor (MHz): 533.551395 
 Raw A tensor (MHz): 
                  0          1          2    
      0      -3.757442   2.360260   0.735656
      1       2.359823   2.201952   2.222065
      2       0.735859   2.221640  -3.662221
 A Tensor eigenvectors:
                   0          1          2    
      0      -0.312287  -0.268036  -0.911391
      1      -0.901154  -0.220052   0.373496
      2      -0.300663   0.937941  -0.172822
 A Eigenvalues: 
                  0          1          2    
      0       3.761140  -4.393807  -4.585045
A(iso)  -1.739237
 Nucleus: 26 H  
 Isotope: 1 
 Nuclear Spin:  0.5 
 Prefactor (MHz): 533.551395 
 Raw A tensor (MHz): 
                  0          1          2    
      0      -3.903407   2.611968  -1.524834
      1       2.612611   2.793073  -2.479104
      2      -1.524059  -2.476903  -4.661979
 A Tensor eigenvectors:
                   0          1          2    
      0       0.770433  -0.328944  -0.546103
      1      -0.435476  -0.897157  -0.073961
      2      -0.465611   0.294797  -0.834446
 A Eigenvalues: 
                  0          1          2    
      0      -4.462004   4.568868  -5.879177
A(iso)  -1.924104
 Nucleus: 28 H  
 Isotope: 1 
 Nuclear Spin:  0.5 
 Prefactor (MHz): 533.551395 
 Raw A tensor (MHz): 
                  0          1          2    
      0      47.723295  -5.560856   3.669451
      1      -5.557539  46.647337  -3.736519
      2       3.667081  -3.738443  43.373108
 A Tensor eigenvectors:
                   0          1          2    
      0      -0.021432   0.741988  -0.670071
      1       0.532266   0.575814   0.620590
      2       0.846306  -0.343355  -0.407276
 A Eigenvalues: 
                  0          1          2    
      0      40.929312  41.712165  55.102262
A(iso)  45.914580
 Nucleus: 29 H  
 Isotope: 1 
 Nuclear Spin:  0.5 
 Prefactor (MHz): 533.551395 
 Raw A tensor (MHz): 
                  0          1          2    
      0     130.777948  -5.772150  -2.362180
      1      -5.771724 132.542914   1.043543
      2      -2.360055   1.042426 126.268017
 A Tensor eigenvectors:
                   0          1          2    
      0      -0.617607   0.439396   0.652298
      1      -0.362594   0.576904  -0.731920
      2      -0.697916  -0.688558  -0.196978
 A Eigenvalues: 
                  0          1          2    
      0     124.720538 126.900993 137.967349
A(iso)  129.862960
 Nucleus: 31 H  
 Isotope: 1 
 Nuclear Spin:  0.5 
 Prefactor (MHz): 533.551395 
 Raw A tensor (MHz): 
                  0          1          2    
      0     -31.639126   0.160701  17.907915
      1       0.161417 -96.471065  -1.965137
      2      17.906126  -1.965618 -47.985128
 A Tensor eigenvectors:
                   0          1          2    
      0      -0.840835  -0.541079  -0.015160
      1       0.012158  -0.046878   0.998827
      2      -0.541155   0.839664   0.045995
 A Eigenvalues: 
                  0          1          2    
      0     -20.116868 -59.414427 -96.564024
A(iso)  -58.698440
 Nucleus: 33 H  
 Isotope: 1 
 Nuclear Spin:  0.5 
 Prefactor (MHz): 533.551395 
 Raw A tensor (MHz): 
                  0          1          2    
      0     130.535873   5.899727  -1.804519
      1       5.899056 133.582499  -0.618617
      2      -1.802783  -0.617498 126.638816
 A Tensor eigenvectors:
                   0          1          2    
      0      -0.662844   0.426046  -0.615729
      1       0.417157  -0.472757  -0.776196
      2      -0.621785  -0.771353   0.135636
 A Eigenvalues: 
                  0          1          2    
      0     125.130780 127.256342 138.370066
A(iso)  130.252396
 Nucleus: 34 H  
 Isotope: 1 
 Nuclear Spin:  0.5 
 Prefactor (MHz): 533.551395 
 Raw A tensor (MHz): 
                  0          1          2    
      0      43.678251   5.249877   3.963647
      1       5.246376  42.292565   4.008426
      2       3.961049   4.010528  40.118800
 A Tensor eigenvectors:
                   0          1          2    
      0      -0.029331   0.749998  -0.660790
      1       0.625600  -0.501816  -0.597332
      2      -0.779592  -0.430910  -0.454480
 A Eigenvalues: 
                  0          1          2    
      0      37.050280  37.890878  51.148459
A(iso)  42.029872
 Nucleus: 36 H  
 Isotope: 1 
 Nuclear Spin:  0.5 
 Prefactor (MHz): 533.551395 
 Raw A tensor (MHz): 
                  0          1          2    
      0      -3.562439  -2.703938   0.569848
      1      -2.703449   2.332573  -1.525856
      2       0.570141  -1.525635  -4.121074
 A Tensor eigenvectors:
                   0          1          2    
      0      -0.354606  -0.200735   0.913214
      1       0.912651   0.138031   0.384729
      2      -0.203280   0.969873   0.134255
 A Eigenvalues: 
                  0          1          2    
      0       3.722920  -4.456232  -4.617628
A(iso)  -1.783647
 Nucleus: 37 H  
 Isotope: 1 
 Nuclear Spin:  0.5 
 Prefactor (MHz): 533.551395 
 Raw A tensor (MHz): 
                  0          1          2    
      0      -3.860493  -2.557356  -1.966228
      1      -2.557964   1.883125   3.235376
      2      -1.965526   3.233394  -4.023835
 A Tensor eigenvectors:
