-------------------------------------------------------------
----------------------- !PROPERTIES! ------------------------
-------------------------------------------------------------
# -----------------------------------------------------------
$ PAL_Flags
   description: The PAL Flags
   geom. index: 1
   prop. index: 1
        Diskflag:     2
# -----------------------------------------------------------
$ SCF_Energy
   description: The SCF energy
   geom. index: 1
   prop. index: 1
        SCF Energy:     -739.7746192639
# -----------------------------------------------------------
$ DFT_Energy
   description: The DFT energy
   geom. index: 1
   prop. index: 1
   Number of Alpha Electrons                 71.0000374605 
   Number of Beta  Electrons                 70.0000274386 
   Total number of  Electrons               141.0000648992 
   Exchange energy                          -85.5530830937 
   Correlation energy                        -5.4176879405 
   Correlation energy NL                      0.0000000000 
   Exchange-Correlation energy              -90.9707710343 
   Embedding correction                       0.0000000000 
   Total DFT Energy (No VdW correction)    -739.7746192639 
# -----------------------------------------------------------
$ Mayer_Pop
   description: The Mayer population analysis
   geom. index: 1
   prop. index: 1
     Number of atoms                     : 46
     Threshold for printing              : 0.1000000
     Number of bond orders printed       : 50
  NA   - Mulliken gross atomic population
  ZA   - Total nuclear charge
  QA   - Mulliken gross atomic charge
  VA   - Mayer's total valence
  BVA  - Mayer's bonded valence
  FA   - Mayer's free valence
  ATOM       NA         ZA         QA         VA         BVA        FA
  0   0     5.9988     6.0000     0.0012     3.8176     3.8176     0.0000
  1   0     6.3309     6.0000    -0.3309     4.2465     4.2465     0.0000
  2   0     5.4898     6.0000     0.5102     3.7499     3.7499     0.0000
  3   0     6.4435     6.0000    -0.4435     4.3267     4.3267     0.0000
  4   0     5.5786     6.0000     0.4214     3.9442     3.9442     0.0000
  5   0     5.7163     6.0000     0.2837     3.8581     3.8581     0.0000
  6   0     6.2438     6.0000    -0.2438     4.1967     4.1967     0.0000
  7   0     0.8707     1.0000     0.1293     0.9650     0.9650     0.0000
  8   0     0.8853     1.0000     0.1147     0.9692     0.9692     0.0000
  9   0     6.3963     6.0000    -0.3963     4.0118     4.0118     0.0000
 10   0     0.8555     1.0000     0.1445     0.9652     0.9652     0.0000
 11   0     0.8517     1.0000     0.1483     0.9641     0.9641     0.0000
 12   0     6.2609     6.0000    -0.2609     4.0149     4.0149     0.0000
 13   0     0.8570     1.0000     0.1430     0.9662     0.9662     0.0000
 14   0     0.8605     1.0000     0.1395     0.9671     0.9671     0.0000
 15   0     6.2569     6.0000    -0.2569     3.8914     3.8914     0.0000
 16   0     0.8595     1.0000     0.1405     0.9678     0.9678     0.0000
 17   0     0.8593     1.0000     0.1407     0.9677     0.9677     0.0000
 18   0     6.5082     6.0000    -0.5082     3.8994     3.8994     0.0000
 19   0     0.8419     1.0000     0.1581     0.9657     0.9657     0.0000
 20   0     0.8416     1.0000     0.1584     0.9655     0.9655     0.0000
 21   0     6.3809     6.0000    -0.3809     4.0442     4.0442     0.0000
 22   0     0.8451     1.0000     0.1549     0.9621     0.9621     0.0000
 23   0     0.8477     1.0000     0.1523     0.9641     0.9641     0.0000
 24   0     6.2946     6.0000    -0.2946     4.0112     4.0110     0.0002
 25   0     0.8556     1.0000     0.1444     0.9676     0.9676     0.0000
 26   0     0.8460     1.0000     0.1540     0.9625     0.9625     0.0000
 27   0     6.2769     6.0000    -0.2769     3.9387     3.9364     0.0023
 28   0     0.8543     1.0000     0.1457     0.9691     0.9687     0.0004
 29   0     0.8543     1.0000     0.1457     0.9657     0.9624     0.0033
 30   0     6.1261     6.0000    -0.1261     3.8424     3.0598     0.7826
 31   0     0.8888     1.0000     0.1112     0.9814     0.9784     0.0030
 32   0     6.2824     6.0000    -0.2824     3.9553     3.9528     0.0025
 33   0     0.8543     1.0000     0.1457     0.9649     0.9615     0.0034
 34   0     0.8575     1.0000     0.1425     0.9697     0.9693     0.0004
 35   0     6.2682     6.0000    -0.2682     3.8995     3.8994     0.0001
 36   0     0.8553     1.0000     0.1447     0.9675     0.9675     0.0000
 37   0     0.8442     1.0000     0.1558     0.9628     0.9628     0.0000
 38   0     6.5079     6.0000    -0.5079     3.8926     3.8926     0.0000
 39   0     0.8415     1.0000     0.1585     0.9651     0.9651     0.0000
 40   0     0.8430     1.0000     0.1570     0.9660     0.9660     0.0000
 41   0     6.5412     6.0000    -0.5412     3.8946     3.8946     0.0000
 42   0     0.8198     1.0000     0.1802     0.9773     0.9773     0.0000
 43   0     0.8566     1.0000     0.1434     0.9669     0.9669     0.0000
 44   0     0.8540     1.0000     0.1460     0.9668     0.9668     0.0000
 45   0     0.8965     1.0000     0.1035     0.9601     0.9601     0.0000
      Bond orders larger than 0.1000000
           Atom A     A.N. of A          Atom B    A.N. of B              Bond order
                0             6               4            6                0.915528
                0             6              41            6                2.695592
                1             6               2            6                1.370056
                1             6               3            6                0.119719
                1             6               5            6                0.106061
                1             6               6            6                1.484163
                1             6              45            1                0.982539
                2             6               3            6                1.446524
                2             6               4            6                0.107380
                2             6               9            6                0.897099
                3             6               4            6                1.423647
                3             6               7            1                0.982026
                4             6               5            6                1.382652
                4             6               6            6                0.111242
                5             6               6            6                1.422828
                5             6              21            6                0.946635
                6             6               8            1                0.979001
                9             6              10            1                0.969724
                9             6              11            1                0.967257
                9             6              12            6                1.020147
               12             6              13            1                0.963942
               12             6              14            1                0.960407
               12             6              15            6                0.984228
               15             6              16            1                0.972504
               15             6              17            1                0.971863
               15             6              18            6                0.955965
               18             6              19            1                0.971968
               18             6              20            1                0.971714
               18             6              43            1                0.968479
               21             6              22            1                0.956601
               21             6              23            1                0.958463
               21             6              24            6                1.007335
               24             6              25            1                0.965694
               24             6              26            1                0.957360
               24             6              27            6                0.977276
               27             6              28            1                0.969376
               27             6              29            1                0.955685
               27             6              30            6                0.975943
               30             6              31            1                1.006749
               30             6              32            6                0.979486
               32             6              33            1                0.955936
               32             6              34            1                0.974351
               32             6              35            6                0.981697
               35             6              36            1                0.976570
               35             6              37            1                0.972092
               35             6              38            6                0.957021
               38             6              39            1                0.971044
               38             6              40            1                0.973164
               38             6              44            1                0.968792
               41             6              42            1                0.984181
# -----------------------------------------------------------
$ Calculation_Info
   description: Details of the calculation
   geom. index: 1
   prop. index: 1
     Multiplicity:                          2
     Charge:                                0
     number of atoms:                       46
     number of electrons:                   0
     number of frozen core electrons:       1
     number of correlated electrons:        0
     number of basis functions:             512
     number of aux C basis functions:       3496
     number of aux J basis functions:       3496
     number of aux JK basis functions:      3496
     number of aux CABS basis functions:    0
     Total Energy                           -739.774619
# -----------------------------------------------------------
$ SCF_Electric_Properties
   description: The SCF Calculated Electric Properties
   geom. index: 1
   prop. index: 1
       Filename                          : EPRII.scfp 
       Do Dipole Moment Calculation      : true 
       Do Quadrupole Moment Calculation  : false 
       Do Polarizability Calculation     : false 
** Dipole moment part of electric properties **
        Magnitude of dipole moment (Debye) :        0.6361146955
        Electronic Contribution:
                  0    
      0       4.203670
      1     -10.984082
      2      -0.177403
        Nuclear Contribution:
                  0    
      0      -4.445920
      1      11.003776
      2       0.117755
        Total Dipole moment:
                  0    
      0      -0.242250
      1       0.019694
      2      -0.059648
# -----------------------------------------------------------
$ EPRNMR_GTensor
   description: Electronic g tensor
   geom. index: 1
   prop. index: 1
 Source density: 1 SCF 
 Spin multiplicity: 2 
 raw g tensor: 
                  0          1          2    
      0       2.002802  -0.000111   0.000231
      1       0.000039   2.002805   0.000023
      2       0.000224   0.000058   2.002372
 g tensor: 
                  0          1          2    
      0      -0.396334   0.126883  -0.909297
      1      -0.095967   0.979253   0.178474
      2       0.913077   0.157998  -0.375935
 G eigenvalues: 
                  0          1          2    
      0       2.002269   2.002807   2.002903
# -----------------------------------------------------------
$ EPRNMR_OrbitalShielding
   description: Orbital contribution to the NMR Shielding tensor (ppm)
   geom. index: 1
   prop. index: 1
 Number of stored nuclei 27
 Source density: 1 SCF 
 Nucleus: 7 H 
 Shielding tensor (ppm): 
                  0          1          2    
      0     -25.262820 132.854553  -7.564115
      1     -227.251389  66.524350 -24.267790
      2       8.496040  14.172514  29.048929
 P Tensor eigenvectors:
                   0          1          2    
      0      -0.112645  -0.422388   0.899389
      1       0.005872  -0.905417  -0.424483
      2       0.993618  -0.042535   0.104471
 P Eigenvalues: 
                  0          1          2    
      0      28.260296  13.607816  28.442348
P(iso)  23.436820
 Nucleus: 8 H 
 Shielding tensor (ppm): 
                  0          1          2    
      0      98.479910 -95.675701   3.235109
      1      50.357757  28.466977  12.317083
      2       5.810255  -9.928521  86.192118
 P Tensor eigenvectors:
                   0          1          2    
      0       0.661121  -0.051845   0.748486
      1       0.746505   0.145385  -0.649302
      2      -0.075156   0.988016   0.134819
 P Eigenvalues: 
                  0          1          2    
      0      36.445152  85.226373  91.467480
P(iso)  71.046335
 Nucleus: 10 H 
 Shielding tensor (ppm): 
                  0          1          2    
      0      60.920907 -262.418472 178.262165
      1     354.501468   0.118748 349.940569
      2     -126.256602 -254.332004  30.803646
 P Tensor eigenvectors:
                   0          1          2    
      0       0.648373   0.388077  -0.654988
      1      -0.354682   0.915234   0.191172
      2      -0.673657  -0.108361  -0.731057
 P Eigenvalues: 
                  0          1          2    
      0      18.557564  30.673212  42.612525
P(iso)  30.614434
 Nucleus: 11 H 
 Shielding tensor (ppm): 
                  0          1          2    
      0      65.139487 -284.721578 -160.630453
      1     371.185744  -5.772893 -344.157604
      2     101.641340 258.448158  40.276443
 P Tensor eigenvectors:
                   0          1          2    
      0       0.636876  -0.395823   0.661599
      1      -0.303515  -0.917570  -0.256794
      2       0.708709  -0.037260  -0.704517
 P Eigenvalues: 
                  0          1          2    
      0      21.216528  33.004500  45.422009
P(iso)  33.214346
 Nucleus: 13 H 
 Shielding tensor (ppm): 
                  0          1          2    
      0      31.181893 299.861667 106.256938
      1     -402.201848  76.503286 452.853863
      2     -78.022436 -329.157331  78.876013
 P Tensor eigenvectors:
                   0          1          2    
      0       0.740612   0.212348   0.637497
      1      -0.148764   0.977025  -0.152618
      2       0.655258  -0.018194  -0.755186
 P Eigenvalues: 
                  0          1          2    
      0      65.582653  50.920075  70.058464
P(iso)  62.187064
 Nucleus: 14 H 
 Shielding tensor (ppm): 
                  0          1          2    
      0      33.245466 278.008221 -132.793997
      1     -379.675160  66.211592 -463.532875
      2     108.998523 340.634011  90.072558
 P Tensor eigenvectors:
                   0          1          2    
      0      -0.761119   0.210436   0.613526
      1       0.201568   0.975811  -0.084639
      2       0.616497  -0.059246   0.785125
 P Eigenvalues: 
                  0          1          2    
      0      67.673838  51.360506  70.495271
P(iso)  63.176538
 Nucleus: 16 H 
 Shielding tensor (ppm): 
                  0          1          2    
      0      34.052474 -368.050602 -161.925337
      1     500.255308 -12.893006 -514.748708
      2      98.325249 376.041736  -1.335111
 P Tensor eigenvectors:
                   0          1          2    
      0       0.701780   0.243153   0.669613
      1      -0.207436   0.968965  -0.134455
      2       0.681524   0.044544  -0.730438
 P Eigenvalues: 
                  0          1          2    
      0     -14.459134  14.378161  19.905330
P(iso)  6.608119
 Nucleus: 17 H 
 Shielding tensor (ppm): 
                  0          1          2    
      0      30.570509 -340.592492 192.569061
      1     475.237529  -0.806455 524.653415
      2     -138.693497 -382.083475 -13.967447
 P Tensor eigenvectors:
                   0          1          2    
      0       0.718465   0.242570  -0.651896
      1      -0.264928   0.962008   0.065981
      2      -0.643134  -0.125300  -0.755433
 P Eigenvalues: 
                  0          1          2    
      0     -16.284698  13.430243  18.651061
P(iso)  5.265535
 Nucleus: 19 H 
 Shielding tensor (ppm): 
                  0          1          2    
      0     -26.909138 384.024660 -137.077637
      1     -486.320204  52.068353 -580.753959
      2     107.649965 418.732763  15.779828
 P Tensor eigenvectors:
                   0          1          2    
      0      -0.748029   0.252428   0.613786
      1       0.171850   0.966970  -0.188244
      2       0.641031   0.035333   0.766701
 P Eigenvalues: 
                  0          1          2    
      0       2.377402  16.223131  22.338510
P(iso)  13.646348
 Nucleus: 20 H 
 Shielding tensor (ppm): 
                  0          1          2    
      0     -29.871554 404.767559 100.616143
      1     -507.053857  65.830463 561.515386
      2     -64.299909 -410.754958   0.417831
 P Tensor eigenvectors:
                   0          1          2    
      0      -0.730713   0.257141  -0.632406
      1       0.113560   0.959228   0.258816
      2      -0.673174  -0.117304   0.730121
 P Eigenvalues: 
                  0          1          2    
      0      -0.084815  15.313648  21.147907
P(iso)  12.125580
 Nucleus: 22 H 
 Shielding tensor (ppm): 
                  0          1          2    
      0     101.541725 -36.133274 101.725468
      1      61.209467  35.853745  90.876570
      2     -66.307724 -60.984546  89.366379
 P Tensor eigenvectors:
                   0          1          2    
      0      -0.369752  -0.765923   0.525971
      1       0.854804  -0.502275  -0.130500
      2       0.364135   0.401349   0.840431
 P Eigenvalues: 
                  0          1          2    
      0      48.539801  75.742281 102.479765
P(iso)  75.587283
 Nucleus: 23 H 
 Shielding tensor (ppm): 
                  0          1          2    
      0     100.509504 -58.935767 -77.359592
      1      80.558061  27.576357 -71.671581
      2      41.953045  59.587029  87.786332
 P Tensor eigenvectors:
                   0          1          2    
      0      -0.289103   0.725092  -0.625029
      1       0.780482   0.556594   0.284695
      2      -0.554318   0.405518   0.726834
 P Eigenvalues: 
                  0          1          2    
      0      46.848036  71.410667  97.613489
P(iso)  71.957397
 Nucleus: 25 H 
 Shielding tensor (ppm): 
                  0          1          2    
      0      91.659519 110.403064 -42.265730
      1     -167.020595  44.443149 -208.775134
      2      51.200125 155.024492 111.438592
 P Tensor eigenvectors:
                   0          1          2    
      0       0.786504  -0.064147   0.614245
      1      -0.220804  -0.958058   0.182675
      2      -0.576764   0.279303   0.767680
 P Eigenvalues: 
                  0          1          2    
      0      94.871411  60.607195  92.062653
P(iso)  82.513753
 Nucleus: 26 H 
 Shielding tensor (ppm): 
                  0          1          2    
      0      97.543026 136.582976  13.894423
      1     -199.218106  58.227197 191.795616
      2      -2.068609 -136.784483 103.390579
 P Tensor eigenvectors:
                   0          1          2    
      0       0.700024   0.019651  -0.713849
      1      -0.021610  -0.998581  -0.048681
      2       0.713792  -0.049504   0.698606
 P Eigenvalues: 
                  0          1          2    
      0     106.511980  62.290071  90.358752
P(iso)  86.386934
 Nucleus: 28 H 
 Shielding tensor (ppm): 
                  0          1          2    
      0      93.915139 -189.309453 116.517393
      1     268.474943  24.615958 311.373508
      2     -83.622111 -222.141019  66.509350
 P Tensor eigenvectors:
                   0          1          2    
      0      -0.707210   0.327792   0.626424
      1       0.293025   0.942240  -0.162236
      2       0.643421  -0.068823   0.762413
 P Eigenvalues: 
                  0          1          2    
      0      62.068933  50.182679  72.788835
P(iso)  61.680149
 Nucleus: 29 H 
 Shielding tensor (ppm): 
                  0          1          2    
      0      90.101894 -225.348502 -68.293661
      1     301.103866   7.210047 -283.633166
      2      33.471175 214.812917  72.701421
 P Tensor eigenvectors:
                   0          1          2    
      0       0.663231  -0.308307   0.681962
      1      -0.150090  -0.947488  -0.282381
      2       0.733211   0.084928  -0.674677
 P Eigenvalues: 
                  0          1          2    
      0      61.978867  44.140657  63.893838
P(iso)  56.671120
 Nucleus: 31 H 
 Shielding tensor (ppm): 
                  0          1          2    
      0      60.706073 328.202932 -65.404694
      1     -478.713166  47.164662 -293.232453
      2      68.229512 200.252052  88.966108
 P Tensor eigenvectors:
                   0          1          2    
      0      -0.524146   0.074912  -0.848327
      1       0.142235   0.989833  -0.000473
      2       0.839667  -0.120910  -0.529472
 P Eigenvalues: 
                  0          1          2    
      0      79.229532  47.793722  69.813589
P(iso)  65.612281
 Nucleus: 33 H 
 Shielding tensor (ppm): 
                  0          1          2    
      0       7.217904 -332.517099 -77.971283
      1     476.538479   8.066885 -485.996347
      2      31.080763 351.527508  -3.020426
 P Tensor eigenvectors:
                   0          1          2    
      0       0.713260   0.090957   0.694973
      1      -0.099916   0.994612  -0.027629
      2       0.693741   0.049732  -0.718505
 P Eigenvalues: 
                  0          1          2    
      0     -21.846379  14.198107  19.912635
P(iso)  4.088121
 Nucleus: 34 H 
 Shielding tensor (ppm): 
                  0          1          2    
      0      70.660774 -336.840054  98.508770
      1     467.495551  19.892905 513.771512
      2     -77.667529 -375.923331  46.994853
 P Tensor eigenvectors:
                   0          1          2    
      0      -0.727329   0.167041   0.665650
      1       0.149890   0.985175  -0.083446
      2       0.669720  -0.039082   0.741584
 P Eigenvalues: 
                  0          1          2    
      0      48.347314  37.408645  51.792572
P(iso)  45.849510
 Nucleus: 36 H 
 Shielding tensor (ppm): 
                  0          1          2    
      0       4.476697 415.738843 -31.859837
      1     -553.154512  40.345043 -586.367112
      2      30.282794 420.177542  23.001908
 P Tensor eigenvectors:
                   0          1          2    
      0      -0.726199  -0.083917   0.682343
      1       0.037291  -0.995869  -0.082788
      2       0.686472  -0.034675   0.726329
 P Eigenvalues: 
                  0          1          2    
      0      13.509636  22.844198  31.469815
P(iso)  22.607883
 Nucleus: 37 H 
 Shielding tensor (ppm): 
                  0          1          2    
      0      68.946808 435.680397  22.990666
      1     -581.478725  44.475778 565.420350
      2     -21.403259 -418.572858  79.189670
 P Tensor eigenvectors:
                   0          1          2    
      0       0.697960  -0.001214   0.716136
      1      -0.029364  -0.999206   0.026924
      2       0.715535  -0.039821  -0.697441
 P Eigenvalues: 
                  0          1          2    
      0      74.865439  50.196977  67.549840
P(iso)  64.204085
 Nucleus: 39 H 
 Shielding tensor (ppm): 
                  0          1          2    
      0      -5.393119 -329.424615  65.751304
      1     459.096729  16.293148 689.220745
      2     -48.563082 -507.185721 -12.790373
 P Tensor eigenvectors:
                   0          1          2    
      0      -0.831121   0.042622   0.554456
      1       0.082929   0.995409   0.047790
      2       0.549874  -0.085700   0.830839
 P Eigenvalues: 
                  0          1          2    
      0     -15.972470   5.950163   8.131964
P(iso)  -0.630115
 Nucleus: 40 H 
 Shielding tensor (ppm): 
                  0          1          2    
      0     -61.420480 -330.042268 -68.495914
      1     477.832804  22.095741 -558.835855
      2      50.721635 404.157037 -73.980111
 P Tensor eigenvectors:
                   0          1          2    
      0       0.764281   0.032299  -0.644074
      1      -0.100058  -0.980711  -0.167913
      2       0.637074  -0.192778   0.746307
 P Eigenvalues: 
                  0          1          2    
      0     -75.778201 -15.376118 -22.150531
P(iso)  -37.768283
 Nucleus: 42 H 
 Shielding tensor (ppm): 
                  0          1          2    
      0      48.727672  80.161668   7.598377
      1     -161.851304 -86.064033  -8.827902
      2       8.582427   6.210980 -73.299271
 P Tensor eigenvectors:
                   0          1          2    
      0       0.554805   0.051985   0.830355
      1      -0.831417  -0.002090   0.555646
      2       0.030621  -0.998646   0.042062
 P Eigenvalues: 
                  0          1          2    
      0      -6.539163 -73.806165 -30.290305
P(iso)  -36.878544
 Nucleus: 43 H 
 Shielding tensor (ppm): 
                  0          1          2    
      0     -142.256767 -138.427386   5.168966
      1     288.030413  17.182615 -11.070416
      2     -11.440305  -5.343928 -171.754885
 P Tensor eigenvectors:
                   0          1          2    
      0      -0.263561  -0.014398  -0.964535
      1       0.964138  -0.036284  -0.262911
      2      -0.031212  -0.999238   0.023444
 P Eigenvalues: 
                  0          1          2    
      0     -31.649942 -172.107223 -93.071872
P(iso)  -98.943012
 Nucleus: 44 H 
 Shielding tensor (ppm): 
                  0          1          2    
      0     -154.082009 413.275905  19.272480
      1     -520.399774  48.771265 113.504214
      2     -18.881619 -78.428632 -149.229378
 P Tensor eigenvectors:
                   0          1          2    
      0       0.197663  -0.459723   0.865785
      1      -0.046940  -0.886637  -0.460078
      2       0.979146   0.050301  -0.196834
 P Eigenvalues: 
                  0          1          2    
      0     -149.525246 -39.839621 -65.175255
P(iso)  -84.846708
 Nucleus: 45 H 
 Shielding tensor (ppm): 
                  0          1          2    
      0      77.651439 -184.675495   8.502588
      1     237.877312 -26.910892  17.503668
      2      -3.353669  -7.408904  29.383219
 P Tensor eigenvectors:
                   0          1          2    
      0      -0.067980  -0.470020   0.880034
      1       0.024829  -0.882598  -0.469472
      2       0.997378  -0.010064   0.071669
 P Eigenvalues: 
                  0          1          2    
      0      29.382658  18.378825  32.362283
P(iso)  26.707922
# -----------------------------------------------------------
$ EPRNMR_ATensor
   description: Hyperfine A tensor
   geom. index: 1
   prop. index: 1
 Number of stored nuclei 27
 Source density: 1 SCF 
 Spin multiplicity: 2 
 Nucleus: 7 H  
 Isotope: 1 
 Nuclear Spin:  0.5 
 Prefactor (MHz): 533.551395 
 Raw A tensor (MHz): 
                  0          1          2    
      0      -0.109529   0.002799  -0.001845
      1       0.002785   0.267862  -0.031104
      2      -0.001836  -0.031085  -0.112972
 A Tensor eigenvectors:
                   0          1          2    
      0       0.969228   0.246042  -0.007736
      1      -0.027379   0.076517  -0.996692
      2      -0.244636   0.966234   0.080899
 A Eigenvalues: 
                  0          1          2    
      0      -0.109144  -0.115901   0.270407
A(iso)  0.015120
 Nucleus: 8 H  
 Isotope: 1 
 Nuclear Spin:  0.5 
 Prefactor (MHz): 533.551395 
 Raw A tensor (MHz): 
                  0          1          2    
      0      -0.252535   0.861687  -0.030592
      1       0.861831   0.876171  -0.037191
      2      -0.030509  -0.036983  -0.753572
 A Tensor eigenvectors:
                   0          1          2    
      0      -0.852992   0.215362   0.475419
      1       0.467075  -0.091502   0.879471
      2       0.232906   0.972238  -0.022540
 A Eigenvalues: 
                  0          1          2    
      0      -0.716076  -0.756847   1.342987
A(iso)  -0.043312
 Nucleus: 10 H  
 Isotope: 1 
 Nuclear Spin:  0.5 
 Prefactor (MHz): 533.551395 
 Raw A tensor (MHz): 
                  0          1          2    
      0      -0.022842   0.095146   0.003991
      1       0.095156   0.181529   0.010279
      2       0.003997   0.010290  -0.060867
 A Tensor eigenvectors:
                   0          1          2    
      0       0.930148  -0.031128   0.365863
      1      -0.363919   0.054444   0.929838
      2      -0.048863  -0.998032   0.039313
 A Eigenvalues: 
                  0          1          2    
      0      -0.060280  -0.061304   0.219404
A(iso)  0.032607
 Nucleus: 11 H  
 Isotope: 1 
 Nuclear Spin:  0.5 
 Prefactor (MHz): 533.551395 
 Raw A tensor (MHz): 
                  0          1          2    
      0      -0.023861   0.092978  -0.016570
      1       0.092996   0.175298  -0.037945
      2      -0.016560  -0.037914  -0.055497
 A Tensor eigenvectors:
                   0          1          2    
      0       0.741173   0.564434  -0.363424
      1      -0.382594  -0.089681  -0.919554
      2      -0.551620   0.820592   0.149480
 A Eigenvalues: 
                  0          1          2    
      0      -0.059536  -0.062738   0.218214
A(iso)  0.031980
 Nucleus: 13 H  
 Isotope: 1 
 Nuclear Spin:  0.5 
 Prefactor (MHz): 533.551395 
 Raw A tensor (MHz): 
                  0          1          2    
      0      -0.068784   0.027038   0.000055
      1       0.027036   0.140690   0.005307
      2       0.000059   0.005310  -0.072494
 A Tensor eigenvectors:
                   0          1          2    
      0      -0.805795  -0.578661  -0.125878
      1       0.087917   0.093313  -0.991748
      2       0.585632  -0.810212  -0.024317
 A Eigenvalues: 
                  0          1          2    
      0      -0.071775  -0.073064   0.144252
A(iso)  -0.000196
 Nucleus: 14 H  
 Isotope: 1 
 Nuclear Spin:  0.5 
 Prefactor (MHz): 533.551395 
 Raw A tensor (MHz): 
                  0          1          2    
      0      -0.068680   0.026513  -0.004495
      1       0.026517   0.134365  -0.031404
      2      -0.004490  -0.031387  -0.067804
 A Tensor eigenvectors:
                   0          1          2    
      0       0.843965   0.521323  -0.126270
      1      -0.185201   0.062279  -0.980725
      2      -0.503411   0.851084   0.149111
 A Eigenvalues: 
                  0          1          2    
      0      -0.071819  -0.072851   0.142551
A(iso)  -0.000706
 Nucleus: 16 H  
 Isotope: 1 
 Nuclear Spin:  0.5 
 Prefactor (MHz): 533.551395 
 Raw A tensor (MHz): 
                  0          1          2    
      0      -0.033957   0.040060  -0.005782
      1       0.040068   0.078848  -0.017161
      2      -0.005779  -0.017149  -0.044473
 A Tensor eigenvectors:
                   0          1          2    
      0       0.702142   0.645011  -0.301592
      1      -0.312041  -0.101983  -0.944579
      2      -0.640022   0.757337   0.129663
 A Eigenvalues: 
                  0          1          2    
      0      -0.046493  -0.047084   0.093995
A(iso)  0.000139
 Nucleus: 17 H  
 Isotope: 1 
 Nuclear Spin:  0.5 
 Prefactor (MHz): 533.551395 
 Raw A tensor (MHz): 
                  0          1          2    
      0      -0.033965   0.040612   0.000624
      1       0.040617   0.081747   0.002677
      2       0.000626   0.002681  -0.046797
 A Tensor eigenvectors:
                   0          1          2    
      0      -0.718606  -0.626816  -0.301177
      1       0.213563   0.213246  -0.953371
      2       0.661813  -0.749418  -0.019375
 A Eigenvalues: 
                  0          1          2    
      0      -0.046611  -0.047037   0.094632
A(iso)  0.000328
 Nucleus: 19 H  
 Isotope: 1 
 Nuclear Spin:  0.5 
 Prefactor (MHz): 533.551395 
 Raw A tensor (MHz): 
                  0          1          2    
      0      -0.034929   0.012770  -0.001845
      1       0.012773   0.069935  -0.013888
      2      -0.001843  -0.013881  -0.034703
 A Tensor eigenvectors:
                   0          1          2    
      0       0.746619   0.654634  -0.118384
      1      -0.173677   0.020026  -0.984599
      2      -0.642181   0.755681   0.128647
 A Eigenvalues: 
                  0          1          2    
      0      -0.036314  -0.036667   0.073284
A(iso)  0.000101
 Nucleus: 20 H  
 Isotope: 1 
 Nuclear Spin:  0.5 
 Prefactor (MHz): 533.551395 
 Raw A tensor (MHz): 
                  0          1          2    
      0      -0.035114   0.012921  -0.000050
      1       0.012921   0.072004   0.001034
      2      -0.000048   0.001035  -0.036702
 A Tensor eigenvectors:
                   0          1          2    
      0      -0.761031  -0.637881  -0.118065
      1       0.084491   0.082984  -0.992963
      2       0.643190  -0.765651  -0.009258
 A Eigenvalues: 
                  0          1          2    
      0      -0.036507  -0.036855   0.073550
A(iso)  0.000063
 Nucleus: 22 H  
 Isotope: 1 
 Nuclear Spin:  0.5 
 Prefactor (MHz): 533.551395 
 Raw A tensor (MHz): 
                  0          1          2    
      0      -0.085993  -0.747387   0.273567
      1      -0.747514   2.250849  -0.907697
      2       0.273708  -0.907378  -0.008934
 A Tensor eigenvectors:
                   0          1          2    
      0       0.901093  -0.341947   0.266653
      1       0.353170   0.221938  -0.908853
      2       0.251599   0.913135   0.320753
 A Eigenvalues: 
                  0          1          2    
      0      -0.302586  -0.331911   2.790419
A(iso)  0.718640
 Nucleus: 23 H  
 Isotope: 1 
 Nuclear Spin:  0.5 
 Prefactor (MHz): 533.551395 
 Raw A tensor (MHz): 
                  0          1          2    
      0      -0.021869  -0.584813  -0.304216
      1      -0.585319   3.000744   0.094644
      2      -0.304274   0.094689  -0.141014
 A Tensor eigenvectors:
                   0          1          2    
      0      -0.698247   0.690924  -0.187287
      1      -0.165926   0.098294   0.981227
      2       0.696362   0.716214   0.046009
 A Eigenvalues: 
                  0          1          2    
      0       0.141995  -0.421033   3.116898
A(iso)  0.945954
 Nucleus: 25 H  
 Isotope: 1 
 Nuclear Spin:  0.5 
 Prefactor (MHz): 533.551395 
 Raw A tensor (MHz): 
                  0          1          2    
      0      -3.790697   2.403665   0.730917
      1       2.403234   2.112476   2.172486
      2       0.731129   2.172060  -3.778283
 A Tensor eigenvectors:
                   0          1          2    
      0      -0.318973  -0.299157  -0.899312
      1      -0.901012  -0.198625   0.385649
      2      -0.293995   0.933302  -0.206188
 A Eigenvalues: 
                  0          1          2    
      0       3.672151  -4.474955  -4.653699
A(iso)  -1.818834
 Nucleus: 26 H  
 Isotope: 1 
 Nuclear Spin:  0.5 
 Prefactor (MHz): 533.551395 
 Raw A tensor (MHz): 
                  0          1          2    
      0      -4.005650   2.634916  -1.592659
      1       2.635570   2.607245  -2.569101
      2      -1.591885  -2.566895  -4.739599
 A Tensor eigenvectors:
                   0          1          2    
      0       0.335074  -0.765856   0.548808
      1       0.890918   0.447074   0.079938
      2      -0.306579   0.462158   0.832117
 A Eigenvalues: 
                  0          1          2    
      0       4.477580  -4.579280  -6.036304
A(iso)  -2.046001
 Nucleus: 28 H  
 Isotope: 1 
 Nuclear Spin:  0.5 
 Prefactor (MHz): 533.551395 
 Raw A tensor (MHz): 
                  0          1          2    
      0      48.552231  -5.494607   3.634972
      1      -5.491323  47.371015  -3.691747
      2       3.632747  -3.693604  44.229049
 A Tensor eigenvectors:
                   0          1          2    
      0      -0.001035   0.739996  -0.672611
      1       0.550852   0.561785   0.617219
      2       0.834602  -0.369870  -0.408209
 A Eigenvalues: 
                  0          1          2    
      0      41.787072  42.566346  55.798877
A(iso)  46.717432
 Nucleus: 29 H  
 Isotope: 1 
 Nuclear Spin:  0.5 
 Prefactor (MHz): 533.551395 
 Raw A tensor (MHz): 
                  0          1          2    
      0     135.188555  -5.678921  -2.288905
      1      -5.678495 137.060918   1.033581
      2      -2.286823   1.032468 130.793081
 A Tensor eigenvectors:
                   0          1          2    
      0      -0.618232   0.444940   0.647934
      1      -0.359282   0.573213  -0.736440
      2      -0.699075  -0.688081  -0.194520
 A Eigenvalues: 
                  0          1          2    
      0     129.300782 131.412042 142.329730
A(iso)  134.347518
 Nucleus: 31 H  
 Isotope: 1 
 Nuclear Spin:  0.5 
 Prefactor (MHz): 533.551395 
 Raw A tensor (MHz): 
                  0          1          2    
      0     -31.682813   0.363540  17.799103
      1       0.364233 -95.639277  -1.477100
      2      17.797328  -1.477569 -48.190698
 A Tensor eigenvectors:
                   0          1          2    
      0      -0.842675  -0.538185  -0.015977
      1       0.006490  -0.039825   0.999186
      2      -0.538383   0.841885   0.037053
 A Eigenvalues: 
                  0          1          2    
      0     -20.314615 -59.498284 -95.699889
A(iso)  -58.504263
 Nucleus: 33 H  
 Isotope: 1 
 Nuclear Spin:  0.5 
 Prefactor (MHz): 533.551395 
 Raw A tensor (MHz): 
                  0          1          2    
      0     135.045494   5.762160  -1.842416
      1       5.761492 138.107548  -0.706846
      2      -1.840674  -0.705740 131.206864
 A Tensor eigenvectors:
                   0          1          2    
      0       0.657317   0.438605   0.612829
      1      -0.399310  -0.486948   0.776810
      2       0.639129  -0.755319  -0.144940
 A Eigenvalues: 
                  0          1          2    
      0     129.754260 131.821009 142.784637
A(iso)  134.786635
 Nucleus: 34 H  
 Isotope: 1 
 Nuclear Spin:  0.5 
 Prefactor (MHz): 533.551395 
 Raw A tensor (MHz): 
                  0          1          2    
      0      45.095922   5.258735   3.852980
      1       5.255231  43.804230   3.935764
      2       3.850484   3.937800  41.467904
 A Tensor eigenvectors:
                   0          1          2    
      0      -0.041228   0.748939  -0.661355
      1       0.623504  -0.497936  -0.602746
      2      -0.780732  -0.437208  -0.446437
 A Eigenvalues: 
                  0          1          2    
      0      38.527254  39.352907  52.487896
A(iso)  43.456019
 Nucleus: 36 H  
 Isotope: 1 
 Nuclear Spin:  0.5 
 Prefactor (MHz): 533.551395 
 Raw A tensor (MHz): 
                  0          1          2    
      0      -3.592396  -2.736977   0.607714
      1      -2.736481   2.182405  -1.608749
      2       0.607995  -1.608512  -4.165236
 A Tensor eigenvectors:
                   0          1          2    
      0      -0.360894  -0.267471   0.893428
      1       0.907528   0.119946   0.402499
      2      -0.214820   0.956071   0.199450
 A Eigenvalues: 
                  0          1          2    
      0       3.651489  -4.537159  -4.689556
A(iso)  -1.858409
 Nucleus: 37 H  
 Isotope: 1 
 Nuclear Spin:  0.5 
 Prefactor (MHz): 533.551395 
 Raw A tensor (MHz): 
                  0          1          2    
      0      -3.955775  -2.620290  -1.973561
      1      -2.620887   1.812876   3.180413
      2      -1.972843   3.178430  -4.227005
 A Tensor eigenvectors:
