-------------------------------------------------------------
----------------------- !PROPERTIES! ------------------------
-------------------------------------------------------------
# -----------------------------------------------------------
$ PAL_Flags
   description: The PAL Flags
   geom. index: 1
   prop. index: 1
        Diskflag:     2
# -----------------------------------------------------------
$ SCF_Energy
   description: The SCF energy
   geom. index: 1
   prop. index: 1
        SCF Energy:     -739.7758091273
# -----------------------------------------------------------
$ DFT_Energy
   description: The DFT energy
   geom. index: 1
   prop. index: 1
   Number of Alpha Electrons                 71.0000318672 
   Number of Beta  Electrons                 70.0000225998 
   Total number of  Electrons               141.0000544670 
   Exchange energy                          -85.5729372322 
   Correlation energy                        -5.4178810093 
   Correlation energy NL                      0.0000000000 
   Exchange-Correlation energy              -90.9908182415 
   Embedding correction                       0.0000000000 
   Total DFT Energy (No VdW correction)    -739.7758091273 
# -----------------------------------------------------------
$ Mayer_Pop
   description: The Mayer population analysis
   geom. index: 1
   prop. index: 1
     Number of atoms                     : 46
     Threshold for printing              : 0.1000000
     Number of bond orders printed       : 50
  NA   - Mulliken gross atomic population
  ZA   - Total nuclear charge
  QA   - Mulliken gross atomic charge
  VA   - Mayer's total valence
  BVA  - Mayer's bonded valence
  FA   - Mayer's free valence
  ATOM       NA         ZA         QA         VA         BVA        FA
  0   0     6.0046     6.0000    -0.0046     3.8157     3.8157     0.0000
  1   0     6.3291     6.0000    -0.3291     4.2388     4.2388     0.0000
  2   0     5.5015     6.0000     0.4985     3.7537     3.7537     0.0000
  3   0     6.4374     6.0000    -0.4374     4.3164     4.3164     0.0000
  4   0     5.5812     6.0000     0.4188     3.9271     3.9271     0.0000
  5   0     5.7244     6.0000     0.2756     3.8563     3.8563     0.0000
  6   0     6.2418     6.0000    -0.2418     4.1891     4.1891     0.0000
  7   0     0.8690     1.0000     0.1310     0.9645     0.9645     0.0000
  8   0     0.8834     1.0000     0.1166     0.9687     0.9687     0.0000
  9   0     6.3984     6.0000    -0.3984     4.0075     4.0075     0.0000
 10   0     0.8531     1.0000     0.1469     0.9646     0.9646     0.0000
 11   0     0.8488     1.0000     0.1512     0.9633     0.9633     0.0000
 12   0     6.2667     6.0000    -0.2667     4.0104     4.0104     0.0000
 13   0     0.8534     1.0000     0.1466     0.9654     0.9654     0.0000
 14   0     0.8582     1.0000     0.1418     0.9667     0.9667     0.0000
 15   0     6.2656     6.0000    -0.2656     3.8904     3.8904    -0.0000
 16   0     0.8566     1.0000     0.1434     0.9672     0.9672     0.0000
 17   0     0.8562     1.0000     0.1438     0.9669     0.9669     0.0000
 18   0     6.5110     6.0000    -0.5110     3.8989     3.8989     0.0000
 19   0     0.8398     1.0000     0.1602     0.9652     0.9652     0.0000
 20   0     0.8394     1.0000     0.1606     0.9649     0.9649     0.0000
 21   0     6.3829     6.0000    -0.3829     4.0405     4.0405     0.0000
 22   0     0.8430     1.0000     0.1570     0.9616     0.9616     0.0000
 23   0     0.8447     1.0000     0.1553     0.9631     0.9631     0.0000
 24   0     6.3012     6.0000    -0.3012     4.0076     4.0075     0.0001
 25   0     0.8533     1.0000     0.1467     0.9670     0.9670     0.0000
 26   0     0.8427     1.0000     0.1573     0.9619     0.9619     0.0000
 27   0     6.2793     6.0000    -0.2793     3.9336     3.9313     0.0023
 28   0     0.8513     1.0000     0.1487     0.9684     0.9680     0.0004
 29   0     0.8515     1.0000     0.1485     0.9650     0.9620     0.0030
 30   0     6.1342     6.0000    -0.1342     3.8404     3.0490     0.7914
 31   0     0.8861     1.0000     0.1139     0.9810     0.9780     0.0030
 32   0     6.2851     6.0000    -0.2851     3.9504     3.9479     0.0025
 33   0     0.8511     1.0000     0.1489     0.9641     0.9611     0.0030
 34   0     0.8547     1.0000     0.1453     0.9691     0.9688     0.0003
 35   0     6.2769     6.0000    -0.2769     3.8983     3.8982     0.0001
 36   0     0.8524     1.0000     0.1476     0.9668     0.9668     0.0000
 37   0     0.8414     1.0000     0.1586     0.9621     0.9621     0.0000
 38   0     6.5110     6.0000    -0.5110     3.8921     3.8921     0.0000
 39   0     0.8394     1.0000     0.1606     0.9645     0.9645     0.0000
 40   0     0.8408     1.0000     0.1592     0.9654     0.9654     0.0000
 41   0     6.5366     6.0000    -0.5366     3.8962     3.8962     0.0000
 42   0     0.8185     1.0000     0.1815     0.9772     0.9772     0.0000
 43   0     0.8549     1.0000     0.1451     0.9665     0.9665     0.0000
 44   0     0.8523     1.0000     0.1477     0.9664     0.9664     0.0000
 45   0     0.8949     1.0000     0.1051     0.9597     0.9597     0.0000
      Bond orders larger than 0.1000000
           Atom A     A.N. of A          Atom B    A.N. of B              Bond order
                0             6               4            6                0.911284
                0             6              41            6                2.701854
                1             6               2            6                1.372328
                1             6               3            6                0.117824
                1             6               5            6                0.102151
                1             6               6            6                1.482976
                1             6              45            1                0.981933
                2             6               3            6                1.446366
                2             6               4            6                0.103164
                2             6               9            6                0.898673
                3             6               4            6                1.421690
                3             6               7            1                0.980846
                4             6               5            6                1.380483
                4             6               6            6                0.107826
                5             6               6            6                1.422975
                5             6              21            6                0.946562
                6             6               8            1                0.977846
                9             6              10            1                0.970025
                9             6              11            1                0.967040
                9             6              12            6                1.018709
               12             6              13            1                0.965230
               12             6              14            1                0.960713
               12             6              15            6                0.982525
               15             6              16            1                0.973171
               15             6              17            1                0.972356
               15             6              18            6                0.956239
               18             6              19            1                0.972024
               18             6              20            1                0.971769
               18             6              43            1                0.968620
               21             6              22            1                0.956407
               21             6              23            1                0.958779
               21             6              24            6                1.006370
               24             6              25            1                0.966157
               24             6              26            1                0.958343
               24             6              27            6                0.976262
               27             6              28            1                0.970133
               27             6              29            1                0.957034
               27             6              30            6                0.972473
               30             6              31            1                1.006447
               30             6              32            6                0.976783
               32             6              33            1                0.957261
               32             6              34            1                0.975071
               32             6              35            6                0.980433
               35             6              36            1                0.976949
               35             6              37            1                0.972424
               35             6              38            6                0.957175
               38             6              39            1                0.971106
               38             6              40            1                0.973195
               38             6              44            1                0.968899
               41             6              42            1                0.983287
# -----------------------------------------------------------
$ Calculation_Info
   description: Details of the calculation
   geom. index: 1
   prop. index: 1
     Multiplicity:                          2
     Charge:                                0
     number of atoms:                       46
     number of electrons:                   0
     number of frozen core electrons:       1
     number of correlated electrons:        0
     number of basis functions:             512
     number of aux C basis functions:       3496
     number of aux J basis functions:       3496
     number of aux JK basis functions:      3496
     number of aux CABS basis functions:    0
     Total Energy                           -739.775809
# -----------------------------------------------------------
$ SCF_Electric_Properties
   description: The SCF Calculated Electric Properties
   geom. index: 1
   prop. index: 1
       Filename                          : EPRII_i.scfp 
       Do Dipole Moment Calculation      : true 
       Do Quadrupole Moment Calculation  : false 
       Do Polarizability Calculation     : false 
** Dipole moment part of electric properties **
        Magnitude of dipole moment (Debye) :        0.6608976743
        Electronic Contribution:
                  0    
      0       4.185490
      1     -11.023009
      2      -0.476001
        Nuclear Contribution:
                  0    
      0      -4.438129
      1      11.046889
      2       0.419350
        Total Dipole moment:
                  0    
      0      -0.252639
      1       0.023880
      2      -0.056651
# -----------------------------------------------------------
$ EPRNMR_GTensor
   description: Electronic g tensor
   geom. index: 1
   prop. index: 1
 Source density: 1 SCF 
 Spin multiplicity: 2 
 raw g tensor: 
                  0          1          2    
      0       2.002721  -0.000042   0.000226
      1      -0.000005   2.002773   0.000025
      2       0.000210   0.000032   2.002272
 g tensor: 
                  0          1          2    
      0      -0.376071   0.240059  -0.894954
      1      -0.059343   0.957634   0.281808
      2       0.924689   0.159089  -0.345892
 G eigenvalues: 
                  0          1          2    
      0       2.002181   2.002772   2.002813
# -----------------------------------------------------------
$ EPRNMR_OrbitalShielding
   description: Orbital contribution to the NMR Shielding tensor (ppm)
   geom. index: 1
   prop. index: 1
 Number of stored nuclei 27
 Source density: 1 SCF 
 Nucleus: 7 H 
 Shielding tensor (ppm): 
                  0          1          2    
      0      27.996867   6.113142   0.073427
      1       5.671551  25.585560  -0.195611
      2      -0.012032  -0.120568  19.152812
 P Tensor eigenvectors:
                   0          1          2    
      0      -0.051605  -0.633421  -0.772084
      1       0.071115   0.768821  -0.635497
      2       0.996132  -0.087701   0.005371
 P Eigenvalues: 
                  0          1          2    
      0      19.140094  20.789282  32.805862
P(iso)  24.245080
 Nucleus: 8 H 
 Shielding tensor (ppm): 
                  0          1          2    
      0      27.913346   4.172388   0.207486
      1       5.129908  26.163828  -0.224819
      2       0.086814  -0.341059  19.530375
 P Tensor eigenvectors:
                   0          1          2    
      0      -0.066568  -0.628224  -0.775180
      1       0.087863   0.770194  -0.631729
      2       0.993906  -0.110163   0.003927
 P Eigenvalues: 
                  0          1          2    
      0      19.495436  22.341224  31.770890
P(iso)  24.535850
 Nucleus: 10 H 
 Shielding tensor (ppm): 
                  0          1          2    
      0      28.969236  -0.436517   3.922485
      1       0.187277  31.522854  -1.300033
      2       5.182079  -0.428840  26.864764
 P Tensor eigenvectors:
                   0          1          2    
      0      -0.607587  -0.385108   0.694644
      1       0.082124  -0.900361  -0.427324
      2       0.789996  -0.202590   0.578674
 P Eigenvalues: 
                  0          1          2    
      0      23.203230  31.261506  32.892117
P(iso)  29.118951
 Nucleus: 11 H 
 Shielding tensor (ppm): 
                  0          1          2    
      0      29.231276  -0.687903  -3.611991
      1      -0.591266  31.392035   0.541450
      2      -5.018776  -0.620817  26.644873
 P Tensor eigenvectors:
                   0          1          2    
      0       0.588568  -0.269294   0.762278
      1       0.042398  -0.931313  -0.361745
      2       0.807335   0.245230  -0.536724
 P Eigenvalues: 
                  0          1          2    
      0      23.413635  31.217136  32.637412
P(iso)  29.089395
 Nucleus: 13 H 
 Shielding tensor (ppm): 
                  0          1          2    
      0      30.512563   0.824090  -3.745636
      1       0.610387  31.706092   0.108547
      2      -3.386854   1.456632  28.404431
 P Tensor eigenvectors:
                   0          1          2    
      0       0.594861  -0.033995   0.803109
      1      -0.159132  -0.984312   0.076203
      2       0.787919  -0.173131  -0.590939
 P Eigenvalues: 
                  0          1          2    
      0      25.558967  31.878499  33.185620
P(iso)  30.207695
 Nucleus: 14 H 
 Shielding tensor (ppm): 
                  0          1          2    
      0      30.427799   1.613057   3.832450
      1       1.211663  31.511354  -0.519836
      2       3.580935  -1.687443  28.440033
 P Tensor eigenvectors:
                   0          1          2    
      0      -0.601381  -0.079274  -0.795020
      1       0.253275   0.924828  -0.283804
      2       0.757755  -0.372033  -0.536095
 P Eigenvalues: 
                  0          1          2    
      0      25.123802  31.850445  33.404939
P(iso)  30.126395
 Nucleus: 16 H 
 Shielding tensor (ppm): 
                  0          1          2    
      0      31.243772  -0.290564  -4.751610
      1      -0.162606  30.974819  -0.328642
      2      -4.397648  -1.013023  29.003614
 P Tensor eigenvectors:
                   0          1          2    
      0       0.613268  -0.119654  -0.780759
      1       0.112293   0.991627  -0.063766
      2       0.781852  -0.048568   0.621570
 P Eigenvalues: 
                  0          1          2    
      0      25.335057  31.039236  34.847912
P(iso)  30.407402
 Nucleus: 17 H 
 Shielding tensor (ppm): 
                  0          1          2    
      0      31.063743   0.305746   4.866097
      1       0.449818  31.103847   0.045288
      2       4.471005   0.677839  29.012740
 P Tensor eigenvectors:
                   0          1          2    
      0      -0.628986  -0.109108  -0.769722
      1      -0.002607   0.990393  -0.138258
      2       0.777412  -0.084956  -0.623228
 P Eigenvalues: 
                  0          1          2    
      0      25.258283  31.032337  34.889711
P(iso)  30.393444
 Nucleus: 19 H 
 Shielding tensor (ppm): 
                  0          1          2    
      0      30.284093  -1.221083   4.073867
      1      -2.172899  30.945932  -2.464645
      2       3.489055  -2.042515  31.680606
 P Tensor eigenvectors:
                   0          1          2    
      0      -0.759635   0.328392   0.561350
      1       0.044530   0.887388  -0.458867
      2       0.648824   0.323574   0.688715
 P Eigenvalues: 
                  0          1          2    
      0      27.130354  29.471896  36.308381
P(iso)  30.970210
 Nucleus: 20 H 
 Shielding tensor (ppm): 
                  0          1          2    
      0      30.338976  -1.836407  -3.799319
      1      -2.671332  31.567644   2.477206
      2      -3.077117   2.106067  30.989437
 P Tensor eigenvectors:
                   0          1          2    
      0      -0.756071   0.334041  -0.562827
      1      -0.047641   0.829577   0.556357
      2      -0.652754  -0.447459   0.611304
 P Eigenvalues: 
                  0          1          2    
      0      27.205365  29.392127  36.298565
P(iso)  30.965352
 Nucleus: 22 H 
 Shielding tensor (ppm): 
                  0          1          2    
      0      27.905397  -1.413467   3.810316
      1      -0.599904  32.020823  -0.800128
      2       5.330362   0.360037  26.904900
 P Tensor eigenvectors:
                   0          1          2    
      0      -0.660431  -0.517016   0.544541
      1      -0.042323  -0.698414  -0.714441
      2       0.749693  -0.494886   0.439373
 P Eigenvalues: 
                  0          1          2    
      0      22.782400  31.127443  32.921277
P(iso)  28.943707
 Nucleus: 23 H 
 Shielding tensor (ppm): 
                  0          1          2    
      0      28.992567  -1.962073  -3.192130
      1      -1.505296  31.791433  -0.145451
      2      -4.729601  -1.386741  25.898011
 P Tensor eigenvectors:
                   0          1          2    
      0       0.560793   0.573825  -0.596855
      1       0.168622   0.626613   0.760869
      2       0.810604  -0.527333   0.254640
 P Eigenvalues: 
                  0          1          2    
      0      22.900408  30.887622  32.893981
P(iso)  28.894003
 Nucleus: 25 H 
 Shielding tensor (ppm): 
                  0          1          2    
      0      29.934800   0.821831   4.168788
      1       0.682830  31.198044  -0.775100
      2       3.931433  -2.032257  28.914897
 P Tensor eigenvectors:
                   0          1          2    
      0      -0.636257  -0.288323   0.715574
      1       0.232682  -0.956063  -0.178332
      2       0.735551   0.053037   0.675390
 P Eigenvalues: 
                  0          1          2    
      0      24.957251  31.519861  33.570631
P(iso)  30.015914
 Nucleus: 26 H 
 Shielding tensor (ppm): 
                  0          1          2    
      0      30.971294   0.285488  -3.607281
      1       0.132854  31.553096   0.547402
      2      -3.601240   1.422463  27.410937
 P Tensor eigenvectors:
                   0          1          2    
      0       0.517567  -0.250399   0.818184
      1      -0.136826  -0.968137  -0.209737
      2       0.844632  -0.003396  -0.535337
 P Eigenvalues: 
                  0          1          2    
      0      25.033708  31.618331  33.283289
P(iso)  29.978442
 Nucleus: 28 H 
 Shielding tensor (ppm): 
                  0          1          2    
      0      28.269008   1.066318   3.075248
      1       0.159065  32.078964  -0.288557
      2       3.562631   1.103074  28.370796
 P Tensor eigenvectors:
                   0          1          2    
      0      -0.711434   0.559976   0.424604
      1       0.024824  -0.583799   0.811519
      2       0.702315   0.587882   0.401434
 P Eigenvalues: 
                  0          1          2    
      0      24.997503  31.107749  32.613515
P(iso)  29.572923
 Nucleus: 29 H 
 Shielding tensor (ppm): 
                  0          1          2    
      0      29.373063  -0.180820  -3.933559
      1      -0.593980  30.770229  -0.060910
      2      -4.225305  -0.228940  27.645278
 P Tensor eigenvectors:
                   0          1          2    
      0       0.627524   0.046981  -0.777178
      1       0.056307   0.992826   0.105482
      2       0.776558  -0.109953   0.620377
 P Eigenvalues: 
                  0          1          2    
      0      24.319624  30.767014  32.701932
P(iso)  29.262857
 Nucleus: 31 H 
 Shielding tensor (ppm): 
                  0          1          2    
      0      24.506888  -0.053967  -0.211200
      1      -0.060299  33.054690   0.254780
      2       0.024809   0.138337  24.494933
 P Tensor eigenvectors:
                   0          1          2    
      0      -0.677503   0.735487   0.006949
      1       0.012978   0.021401  -0.999687
      2      -0.735405  -0.677201  -0.024044
 P Eigenvalues: 
                  0          1          2    
      0      24.406248  24.590661  33.059602
P(iso)  27.352170
 Nucleus: 33 H 
 Shielding tensor (ppm): 
                  0          1          2    
      0      29.030706   0.841614  -3.819839
      1       0.991685  30.545727  -0.234675
      2      -3.794787  -0.406480  28.573403
 P Tensor eigenvectors:
                   0          1          2    
      0       0.689931   0.204854   0.694284
      1      -0.073907  -0.934174   0.349079
      2       0.720093  -0.292153  -0.629375
 P Eigenvalues: 
                  0          1          2    
      0      24.959443  30.243708  32.946686
P(iso)  29.383279
 Nucleus: 34 H 
 Shielding tensor (ppm): 
                  0          1          2    
      0      28.474717  -1.245714   2.756700
      1      -0.459927  31.814197   0.627801
      2       3.127365  -0.405669  28.829293
 P Tensor eigenvectors:
                   0          1          2    
      0       0.728579   0.499200  -0.469011
      1       0.113951   0.586849   0.801638
      2      -0.675417   0.637501  -0.370682
 P Eigenvalues: 
                  0          1          2    
      0      25.625614  31.224884  32.267709
P(iso)  29.706069
 Nucleus: 36 H 
 Shielding tensor (ppm): 
                  0          1          2    
      0      30.509119  -0.145953   4.850795
      1      -0.421842  30.612386   0.344780
      2       4.217416  -0.092776  29.743314
 P Tensor eigenvectors:
                   0          1          2    
      0      -0.679913  -0.018762  -0.733053
      1      -0.060815   0.997672   0.030871
      2       0.730767   0.065570  -0.679471
 P Eigenvalues: 
                  0          1          2    
      0      25.560258  30.624571  34.679991
P(iso)  30.288273
 Nucleus: 37 H 
 Shielding tensor (ppm): 
                  0          1          2    
      0      31.068295   1.162991  -4.147354
      1       0.981455  30.561030  -0.367941
      2      -3.932548   0.700086  29.098377
 P Tensor eigenvectors:
                   0          1          2    
      0       0.622291  -0.051810  -0.781069
      1      -0.158038   0.968945  -0.190183
      2       0.766667   0.241788   0.594778
 P Eigenvalues: 
                  0          1          2    
      0      25.791772  30.548262  34.387669
P(iso)  30.242568
 Nucleus: 39 H 
 Shielding tensor (ppm): 
                  0          1          2    
      0      30.054118   0.918708   4.227911
      1       1.754074  30.545416   2.174255
      2       3.703575   1.615098  32.654065
 P Tensor eigenvectors:
                   0          1          2    
      0       0.810555   0.215767   0.544467
      1       0.007063  -0.933195   0.359301
      2      -0.585619   0.287388   0.757930
 P Eigenvalues: 
                  0          1          2    
      0      27.180529  29.634088  36.438982
P(iso)  31.084533
 Nucleus: 40 H 
 Shielding tensor (ppm): 
                  0          1          2    
      0      30.458401   2.575946  -3.513372
      1       3.099747  32.001255  -2.464905
      2      -2.677027  -1.883663  30.643775
 P Tensor eigenvectors:
                   0          1          2    
      0      -0.778377  -0.264745  -0.569245
      1       0.192969   0.761943  -0.618228
      2      -0.597405   0.591061   0.541991
 P Eigenvalues: 
                  0          1          2    
      0      27.352240  29.284250  36.466941
P(iso)  31.034477
 Nucleus: 42 H 
 Shielding tensor (ppm): 
                  0          1          2    
      0      35.632409  -1.042510   0.802973
      1      -1.417593  26.060219  -0.240724
      2       0.802483  -0.204453  24.224172
 P Tensor eigenvectors:
                   0          1          2    
      0      -0.061638   0.127798  -0.989883
      1       0.076827   0.989434   0.122956
      2       0.995137  -0.068471  -0.070805
 P Eigenvalues: 
                  0          1          2    
      0      24.157491  25.912984  35.846325
P(iso)  28.638933
 Nucleus: 43 H 
 Shielding tensor (ppm): 
                  0          1          2    
      0      29.496365   2.391425  -0.135224
      1       3.600186  36.517034  -0.714065
      2      -0.216099  -0.704779  26.260489
 P Tensor eigenvectors:
                   0          1          2    
      0      -0.012523  -0.935421  -0.353313
      1       0.072496   0.351562  -0.933354
      2       0.997290  -0.037302   0.063412
 P Eigenvalues: 
                  0          1          2    
      0      26.211268  28.395544  37.667076
P(iso)  30.757963
 Nucleus: 44 H 
 Shielding tensor (ppm): 
                  0          1          2    
      0      29.617496  -2.315271  -0.280965
      1      -3.646882  36.031077   1.640215
      2      -0.514030   1.717286  26.752955
 P Tensor eigenvectors:
                   0          1          2    
      0      -0.054517   0.928698  -0.366807
      1      -0.188812   0.351138   0.917089
      2       0.980499   0.119255   0.156206
 P Eigenvalues: 
                  0          1          2    
      0      26.451784  28.475821  37.473923
P(iso)  30.800509
 Nucleus: 45 H 
 Shielding tensor (ppm): 
                  0          1          2    
      0      22.482581   1.144243   0.020736
      1       0.112572  30.271462  -0.871536
      2       0.204559  -0.869740  20.760656
 P Tensor eigenvectors:
                   0          1          2    
      0      -0.093395  -0.993324  -0.067716
      1       0.095090   0.058803  -0.993730
      2       0.991078  -0.099248   0.088963
 P Eigenvalues: 
                  0          1          2    
      0      20.665558  22.451513  30.397628
P(iso)  24.504900
# -----------------------------------------------------------
$ EPRNMR_ATensor
   description: Hyperfine A tensor
   geom. index: 1
   prop. index: 1
 Number of stored nuclei 27
 Source density: 1 SCF 
 Spin multiplicity: 2 
 Nucleus: 7 H  
 Isotope: 1 
 Nuclear Spin:  0.5 
 Prefactor (MHz): 533.551395 
 Raw A tensor (MHz): 
                  0          1          2    
      0      -0.108596   0.002668  -0.001787
      1       0.002655   0.265622  -0.030632
      2      -0.001779  -0.030612  -0.112178
 A Tensor eigenvectors:
                   0          1          2    
      0       0.971354   0.237522  -0.007439
      1      -0.026282   0.076264  -0.996741
      2      -0.236181   0.968384   0.080322
 A Eigenvalues: 
                  0          1          2    
      0      -0.108235  -0.115025   0.268108
A(iso)  0.014949
 Nucleus: 8 H  
 Isotope: 1 
 Nuclear Spin:  0.5 
 Prefactor (MHz): 533.551395 
 Raw A tensor (MHz): 
                  0          1          2    
      0      -0.261502   0.855491  -0.017124
      1       0.855634   0.884736  -0.014022
      2      -0.017039  -0.013818  -0.750926
 A Tensor eigenvectors:
                   0          1          2    
      0      -0.856157   0.212771   0.470875
      1       0.459617  -0.102817   0.882146
      2       0.236109   0.971678  -0.009766
 A Eigenvalues: 
                  0          1          2    
      0      -0.716096  -0.753193   1.341597
A(iso)  -0.042564
 Nucleus: 10 H  
 Isotope: 1 
 Nuclear Spin:  0.5 
 Prefactor (MHz): 533.551395 
 Raw A tensor (MHz): 
                  0          1          2    
      0      -0.024236   0.093836   0.003965
      1       0.093846   0.179393   0.010336
      2       0.003971   0.010348  -0.061425
 A Tensor eigenvectors:
                   0          1          2    
      0       0.930339  -0.048488   0.363481
      1      -0.360433   0.061567   0.930751
      2      -0.067509  -0.996924   0.039802
 A Eigenvalues: 
                  0          1          2    
      0      -0.060881  -0.061871   0.216484
A(iso)  0.031244
 Nucleus: 11 H  
 Isotope: 1 
 Nuclear Spin:  0.5 
 Prefactor (MHz): 533.551395 
 Raw A tensor (MHz): 
                  0          1          2    
      0      -0.024781   0.092479  -0.016310
      1       0.092498   0.175053  -0.037569
      2      -0.016299  -0.037538  -0.056042
 A Tensor eigenvectors:
                   0          1          2    
      0       0.737150   0.570915  -0.361478
      1      -0.379381  -0.093007  -0.920554
      2      -0.559178   0.815724   0.148034
 A Eigenvalues: 
                  0          1          2    
      0      -0.060016  -0.063164   0.217411
A(iso)  0.031410
 Nucleus: 13 H  
 Isotope: 1 
 Nuclear Spin:  0.5 
 Prefactor (MHz): 533.551395 
 Raw A tensor (MHz): 
                  0          1          2    
      0      -0.068170   0.026620   0.000046
      1       0.026618   0.139184   0.005074
      2       0.000050   0.005078  -0.071794
 A Tensor eigenvectors:
                   0          1          2    
      0      -0.803560  -0.581900  -0.125234
      1       0.087513   0.092612  -0.991849
      2       0.588755  -0.807970  -0.023496
 A Eigenvalues: 
                  0          1          2    
      0      -0.071104  -0.072341   0.142665
A(iso)  -0.000260
 Nucleus: 14 H  
 Isotope: 1 
 Nuclear Spin:  0.5 
 Prefactor (MHz): 533.551395 
 Raw A tensor (MHz): 
                  0          1          2    
      0      -0.068586   0.026191  -0.004413
      1       0.026196   0.134163  -0.031261
      2      -0.004409  -0.031242  -0.067633
 A Tensor eigenvectors:
                   0          1          2    
      0       0.841350   0.525844  -0.124975
      1      -0.184237   0.061640  -0.980947
      2      -0.508122   0.848344   0.148741
 A Eigenvalues: 
                  0          1          2    
      0      -0.071658  -0.072635   0.142238
A(iso)  -0.000685
 Nucleus: 16 H  
 Isotope: 1 
 Nuclear Spin:  0.5 
 Prefactor (MHz): 533.551395 
 Raw A tensor (MHz): 
                  0          1          2    
      0      -0.034052   0.039683  -0.005825
      1       0.039692   0.078745  -0.017455
      2      -0.005822  -0.017442  -0.044251
 A Tensor eigenvectors:
                   0          1          2    
      0       0.695500   0.653175  -0.299403
      1      -0.310959  -0.102030  -0.944931
      2      -0.647753   0.750301   0.132149
 A Eigenvalues: 
                  0          1          2    
      0      -0.046372  -0.046946   0.093761
A(iso)  0.000147
 Nucleus: 17 H  
 Isotope: 1 
 Nuclear Spin:  0.5 
 Prefactor (MHz): 533.551395 
 Raw A tensor (MHz): 
                  0          1          2    
      0      -0.033835   0.039960   0.000469
      1       0.039966   0.081116   0.002188
      2       0.000471   0.002193  -0.046367
 A Tensor eigenvectors:
                   0          1          2    
      0      -0.709064  -0.638587  -0.299056
      1       0.211031   0.212493  -0.954103
      2       0.672825  -0.739630  -0.015910
 A Eigenvalues: 
                  0          1          2    
      0      -0.046175  -0.046591   0.093679
A(iso)  0.000304
 Nucleus: 19 H  
 Isotope: 1 
 Nuclear Spin:  0.5 
 Prefactor (MHz): 533.551395 
 Raw A tensor (MHz): 
                  0          1          2    
      0      -0.034918   0.012576  -0.001859
      1       0.012579   0.069739  -0.014231
      2      -0.001858  -0.014223  -0.034549
 A Tensor eigenvectors:
                   0          1          2    
      0       0.742363   0.659732  -0.116832
      1      -0.174905   0.022496  -0.984328
      2      -0.646765   0.751164   0.132091
 A Eigenvalues: 
                  0          1          2    
      0      -0.036263  -0.036607   0.073141
A(iso)  0.000090
 Nucleus: 20 H  
 Isotope: 1 
 Nuclear Spin:  0.5 
 Prefactor (MHz): 533.551395 
 Raw A tensor (MHz): 
                  0          1          2    
      0      -0.034845   0.012700  -0.000105
      1       0.012700   0.071419   0.000534
      2      -0.000103   0.000535  -0.036394
 A Tensor eigenvectors:
                   0          1          2    
      0      -0.756865  -0.643007  -0.117033
      1       0.086103   0.079407  -0.993117
      2       0.647874  -0.761733  -0.004736
 A Eigenvalues: 
                  0          1          2    
      0      -0.036201  -0.036537   0.072918
A(iso)  0.000060
 Nucleus: 22 H  
 Isotope: 1 
 Nuclear Spin:  0.5 
 Prefactor (MHz): 533.551395 
 Raw A tensor (MHz): 
                  0          1          2    
      0      -0.144345  -0.757707   0.262180
      1      -0.757834   2.207593  -0.877006
      2       0.262318  -0.876678  -0.089817
 A Tensor eigenvectors:
                   0          1          2    
      0       0.926547  -0.263101   0.268864
      1       0.332594   0.239012  -0.912280
      2       0.175759   0.934693   0.308962
 A Eigenvalues: 
                  0          1          2    
      0      -0.366627  -0.387806   2.727865
A(iso)  0.657811
 Nucleus: 23 H  
 Isotope: 1 
 Nuclear Spin:  0.5 
 Prefactor (MHz): 533.551395 
 Raw A tensor (MHz): 
                  0          1          2    
      0      -0.031045  -0.588751  -0.296553
      1      -0.589255   2.951410   0.134951
      2      -0.296618   0.134995  -0.144426
 A Tensor eigenvectors:
                   0          1          2    
      0      -0.693630   0.694451  -0.191352
      1      -0.177311   0.092867   0.979763
      2       0.698168   0.713522   0.058719
 A Eigenvalues: 
                  0          1          2    
      0       0.116412  -0.415051   3.074579
A(iso)  0.925313
 Nucleus: 25 H  
 Isotope: 1 
 Nuclear Spin:  0.5 
 Prefactor (MHz): 533.551395 
 Raw A tensor (MHz): 
                  0          1          2    
      0      -3.757220   2.360259   0.735637
      1       2.359823   2.202189   2.222066
      2       0.735840   2.221640  -3.662020
 A Tensor eigenvectors:
                   0          1          2    
      0      -0.312286  -0.268121  -0.911366
      1      -0.901155  -0.220015   0.373515
      2      -0.300662   0.937926  -0.172910
 A Eigenvalues: 
                  0          1          2    
      0       3.761369  -4.393593  -4.584827
A(iso)  -1.739017
 Nucleus: 26 H  
 Isotope: 1 
 Nuclear Spin:  0.5 
 Prefactor (MHz): 533.551395 
 Raw A tensor (MHz): 
                  0          1          2    
      0      -3.903176   2.611971  -1.524811
      1       2.612614   2.793324  -2.479110
      2      -1.524037  -2.476909  -4.661757
 A Tensor eigenvectors:
                   0          1          2    
      0       0.770437  -0.328946  -0.546096
      1      -0.435477  -0.897156  -0.073965
      2      -0.465603   0.294798  -0.834451
 A Eigenvalues: 
                  0          1          2    
      0      -4.461792   4.569115  -5.878933
A(iso)  -1.923870
 Nucleus: 28 H  
 Isotope: 1 
 Nuclear Spin:  0.5 
 Prefactor (MHz): 533.551395 
 Raw A tensor (MHz): 
                  0          1          2    
      0      47.722593  -5.560855   3.669515
      1      -5.557538  46.646588  -3.736518
      2       3.667145  -3.738442  43.372459
 A Tensor eigenvectors:
                   0          1          2    
      0      -0.021447   0.741987  -0.670072
      1       0.532260   0.575823   0.620587
      2       0.846309  -0.343343  -0.407279
 A Eigenvalues: 
                  0          1          2    
      0      40.928633  41.711423  55.101585
A(iso)  45.913880
 Nucleus: 29 H  
 Isotope: 1 
 Nuclear Spin:  0.5 
 Prefactor (MHz): 533.551395 
 Raw A tensor (MHz): 
                  0          1          2    
      0     130.777135  -5.772164  -2.362257
      1      -5.771738 132.542033   1.043558
      2      -2.360133   1.042441 126.267222
 A Tensor eigenvectors:
                   0          1          2    
      0      -0.617612   0.439387   0.652300
      1      -0.362598   0.576906  -0.731917
      2      -0.697910  -0.688563  -0.196983
 A Eigenvalues: 
                  0          1          2    
      0     124.719659 126.900194 137.966537
A(iso)  129.862130
 Nucleus: 31 H  
 Isotope: 1 
 Nuclear Spin:  0.5 
 Prefactor (MHz): 533.551395 
 Raw A tensor (MHz): 
                  0          1          2    
      0     -31.638433   0.160704  17.907865
      1       0.161420 -96.470270  -1.965144
      2      17.906077  -1.965626 -47.984356
 A Tensor eigenvectors:
                   0          1          2    
      0      -0.840835  -0.541080  -0.015160
      1       0.012158  -0.046878   0.998827
      2      -0.541155   0.839664   0.045995
 A Eigenvalues: 
                  0          1          2    
      0     -20.116197 -59.413632 -96.563230
A(iso)  -58.697686
 Nucleus: 33 H  
 Isotope: 1 
 Nuclear Spin:  0.5 
 Prefactor (MHz): 533.551395 
 Raw A tensor (MHz): 
                  0          1          2    
      0     130.535129   5.899748  -1.804597
      1       5.899077 133.581695  -0.618643
      2      -1.802861  -0.617524 126.638106
 A Tensor eigenvectors:
                   0          1          2    
      0      -0.662849   0.426035  -0.615731
      1       0.417161  -0.472759  -0.776193
      2      -0.621778  -0.771358   0.135643
 A Eigenvalues: 
                  0          1          2    
      0     125.129977 127.255628 138.369325
A(iso)  130.251643
 Nucleus: 34 H  
 Isotope: 1 
 Nuclear Spin:  0.5 
 Prefactor (MHz): 533.551395 
 Raw A tensor (MHz): 
                  0          1          2    
      0      43.677498   5.249873   3.963715
      1       5.246372  42.291757   4.008418
      2       3.961117   4.010520  40.118093
 A Tensor eigenvectors:
                   0          1          2    
      0      -0.029319   0.749997  -0.660791
      1       0.625597  -0.501824  -0.597328
      2      -0.779595  -0.430902  -0.454484
 A Eigenvalues: 
                  0          1          2    
      0      37.049544  37.890075  51.147729
A(iso)  42.029116
 Nucleus: 36 H  
 Isotope: 1 
 Nuclear Spin:  0.5 
 Prefactor (MHz): 533.551395 
 Raw A tensor (MHz): 
                  0          1          2    
      0      -3.562221  -2.703937   0.569827
      1      -2.703447   2.332807  -1.525853
      2       0.570120  -1.525632  -4.120875
 A Tensor eigenvectors:
                   0          1          2    
      0      -0.354605  -0.200836   0.913192
      1       0.912652   0.137987   0.384742
      2      -0.203278   0.969858   0.134362
 A Eigenvalues: 
                  0          1          2    
      0       3.723146  -4.456022  -4.617412
A(iso)  -1.783430
 Nucleus: 37 H  
 Isotope: 1 
 Nuclear Spin:  0.5 
 Prefactor (MHz): 533.551395 
 Raw A tensor (MHz): 
                  0          1          2    
      0      -3.860253  -2.557363  -1.966205
      1      -2.557971   1.883381   3.235385
      2      -1.965503   3.233403  -4.023604
 A Tensor eigenvectors:
                   0          1          2    
