-------------------------------------------------------------
----------------------- !PROPERTIES! ------------------------
-------------------------------------------------------------
# -----------------------------------------------------------
$ PAL_Flags
   description: The PAL Flags
   geom. index: 1
   prop. index: 1
        Diskflag:     2
# -----------------------------------------------------------
$ SCF_Energy
   description: The SCF energy
   geom. index: 1
   prop. index: 1
        SCF Energy:     -697.9672702517
# -----------------------------------------------------------
$ DFT_Energy
   description: The DFT energy
   geom. index: 1
   prop. index: 1
   Number of Alpha Electrons                 65.0001360140 
   Number of Beta  Electrons                 64.0001264131 
   Total number of  Electrons               129.0002624271 
   Exchange energy                          -79.8260388626 
   Correlation energy                        -4.9898329063 
   Correlation energy NL                      0.0000000000 
   Exchange-Correlation energy              -84.8158717689 
   Embedding correction                       0.0000000000 
   Total DFT Energy (No VdW correction)    -697.9672702517 
# -----------------------------------------------------------
$ Mayer_Pop
   description: The Mayer population analysis
   geom. index: 1
   prop. index: 1
     Number of atoms                     : 39
     Threshold for printing              : 0.1000000
     Number of bond orders printed       : 39
  NA   - Mulliken gross atomic population
  ZA   - Total nuclear charge
  QA   - Mulliken gross atomic charge
  VA   - Mayer's total valence
  BVA  - Mayer's bonded valence
  FA   - Mayer's free valence
  ATOM       NA         ZA         QA         VA         BVA        FA
  0   0     6.6007     6.0000    -0.6007     3.3888     3.3820     0.0068
  1   0     5.3684     6.0000     0.6316     2.8702     2.8686     0.0016
  2   0     5.3756     6.0000     0.6244     2.8997     2.8993     0.0004
  3   0     6.0492     6.0000    -0.0492     3.7453     3.7101     0.0352
  4   0     5.9190     6.0000     0.0810     4.1156     4.1008     0.0148
  5   0     6.0125     6.0000    -0.0125     3.8604     3.8264     0.0340
  6   0     6.0224     6.0000    -0.0224     3.8143     3.8071     0.0072
  7   0     6.0768     6.0000    -0.0768     4.1258     4.0872     0.0386
  8   0     5.9745     6.0000     0.0255     3.8910     3.8829     0.0081
  9   0     1.0489     1.0000    -0.0489     1.0025     1.0024     0.0001
 10   0     1.0498     1.0000    -0.0498     1.0030     1.0030     0.0000
 11   0     6.0985     6.0000    -0.0985     3.9298     3.5551     0.3747
 12   0     1.0212     1.0000    -0.0212     1.0092     1.0080     0.0012
 13   0     5.9673     6.0000     0.0327     4.0104     4.0089     0.0015
 14   0     0.9704     1.0000     0.0296     0.9628     0.9617     0.0011
 15   0     0.9704     1.0000     0.0296     0.9628     0.9617     0.0011
 16   0     6.0388     6.0000    -0.0388     4.1313     4.1313     0.0000
 17   0     0.9868     1.0000     0.0132     0.9642     0.9642     0.0000
 18   0     0.9868     1.0000     0.0132     0.9642     0.9642     0.0000
 19   0     5.9946     6.0000     0.0054     4.0162     4.0162     0.0000
 20   0     0.9823     1.0000     0.0177     0.9775     0.9775     0.0000
 21   0     0.9823     1.0000     0.0177     0.9775     0.9775     0.0000
 22   0     5.9571     6.0000     0.0429     4.0286     4.0284     0.0002
 23   0     0.9678     1.0000     0.0322     0.9697     0.9696     0.0001
 24   0     0.9678     1.0000     0.0322     0.9698     0.9697     0.0001
 25   0     6.0366     6.0000    -0.0366     4.1150     4.1150     0.0000
 26   0     0.9831     1.0000     0.0169     0.9629     0.9629     0.0000
 27   0     0.9830     1.0000     0.0170     0.9629     0.9629     0.0000
 28   0     6.0244     6.0000    -0.0244     4.1176     4.1176     0.0000
 29   0     0.9938     1.0000     0.0062     0.9674     0.9674     0.0000
 30   0     0.9938     1.0000     0.0062     0.9674     0.9674     0.0000
 31   0     5.9970     6.0000     0.0030     4.0168     4.0168     0.0000
 32   0     0.9827     1.0000     0.0173     0.9773     0.9773     0.0000
 33   0     0.9826     1.0000     0.0174     0.9773     0.9773     0.0000
 34   0     6.6014     6.0000    -0.6014     3.3919     3.3904     0.0015
 35   0     1.0298     1.0000    -0.0298     1.0305     1.0305     0.0000
 36   0     1.0286     1.0000    -0.0286     1.0304     1.0304     0.0000
 37   0     0.9862     1.0000     0.0138     0.9734     0.9734     0.0000
 38   0     0.9872     1.0000     0.0128     0.9735     0.9735     0.0000
      Bond orders larger than 0.1000000
           Atom A     A.N. of A          Atom B    A.N. of B              Bond order
                0             6               1            6                2.100964
                0             6              35            1                1.119045
                1             6               3            6                0.906702
                2             6               6            6                0.902911
                2             6              34            6                2.127234
                3             6               4            6                1.277424
                3             6               8            6                1.395291
                4             6               5            6                1.285131
                4             6              11            6                1.368126
                5             6               6            6                1.440411
                5             6               9            1                0.919804
                6             6               7            6                1.342701
                7             6               8            6                1.409428
                7             6              22            6                1.092465
                8             6              10            1                0.921381
               11             6              12            1                0.902847
               11             6              13            6                1.083761
               13             6              14            1                0.911671
               13             6              15            1                0.911663
               13             6              16            6                1.071494
               16             6              17            1                0.943803
               16             6              18            1                0.943768
               16             6              19            6                1.106544
               19             6              20            1                0.965327
               19             6              21            1                0.965326
               19             6              37            1                0.960840
               22             6              23            1                0.896835
               22             6              24            1                0.896837
               22             6              25            6                1.103521
               25             6              26            1                0.929439
               25             6              27            1                0.929312
               25             6              28            6                1.075098
               28             6              29            1                0.941015
               28             6              30            1                0.941003
               28             6              31            6                1.106072
               31             6              32            1                0.966200
               31             6              33            1                0.966207
               31             6              38            1                0.961690
               34             6              36            1                1.117830
# -----------------------------------------------------------
$ Calculation_Info
   description: Details of the calculation
   geom. index: 1
   prop. index: 1
     Multiplicity:                          2
     Charge:                                0
     number of atoms:                       39
     number of electrons:                   0
     number of frozen core electrons:       1
     number of correlated electrons:        0
     number of basis functions:             357
     number of aux C basis functions:       2418
     number of aux J basis functions:       2418
     number of aux JK basis functions:      2418
     number of aux CABS basis functions:    0
     Total Energy                           -697.967270
# -----------------------------------------------------------
$ SCF_Electric_Properties
   description: The SCF Calculated Electric Properties
   geom. index: 1
   prop. index: 1
       Filename                          : cc-pVDZ_i.scfp 
       Do Dipole Moment Calculation      : true 
       Do Quadrupole Moment Calculation  : false 
       Do Polarizability Calculation     : false 
** Dipole moment part of electric properties **
        Magnitude of dipole moment (Debye) :        0.2511054317
        Electronic Contribution:
                  0    
      0       0.613786
      1       2.290548
      2       0.010209
        Nuclear Contribution:
                  0    
      0      -0.703759
      1      -2.249760
      2      -0.009447
        Total Dipole moment:
                  0    
      0      -0.089974
      1       0.040788
      2       0.000762
# -----------------------------------------------------------
$ EPRNMR_GTensor
   description: Electronic g tensor
   geom. index: 1
   prop. index: 1
 Source density: 1 SCF 
 Spin multiplicity: 2 
 raw g tensor: 
                  0          1          2    
      0       2.002776   0.000082   0.000006
      1       0.000064   2.002764  -0.000000
      2       0.000006  -0.000000   2.002186
 g tensor: 
                  0          1          2    
      0      -0.010878  -0.678184  -0.734812
      1       0.001862   0.734840  -0.678237
      2       0.999939  -0.008746  -0.006731
 G eigenvalues: 
                  0          1          2    
      0       2.002186   2.002697   2.002843
# -----------------------------------------------------------
$ EPRNMR_OrbitalShielding
   description: Orbital contribution to the NMR Shielding tensor (ppm)
   geom. index: 1
   prop. index: 1
 Number of stored nuclei 21
 Source density: 1 SCF 
 Nucleus: 9 H 
 Shielding tensor (ppm): 
                  0          1          2    
      0      26.846797   5.403429   0.066610
      1       4.876638  26.718865   0.038707
      2       0.070230   0.047475  19.711843
 P Tensor eigenvectors:
                   0          1          2    
      0      -0.010917   0.706106   0.708022
      1       0.001907  -0.708048   0.706161
      2       0.999939   0.009059   0.006383
 P Eigenvalues: 
                  0          1          2    
      0      19.711175  21.642805  31.923524
P(iso)  24.425835
 Nucleus: 10 H 
 Shielding tensor (ppm): 
                  0          1          2    
      0      27.530466   5.661967   0.081547
      1       5.382032  26.486899   0.046860
      2       0.074188   0.054305  19.398020
 P Tensor eigenvectors:
                   0          1          2    
      0      -0.010125   0.674877   0.737861
      1       0.000743  -0.737893   0.674917
      2       0.999948   0.007382   0.006970
 P Eigenvalues: 
                  0          1          2    
      0      19.397273  21.462269  32.555843
P(iso)  24.471795
 Nucleus: 12 H 
 Shielding tensor (ppm): 
                  0          1          2    
      0      22.789985  -2.101841   0.029738
      1      -1.471663  32.715780  -0.040297
      2       0.025180  -0.047579  20.522159
 P Tensor eigenvectors:
                   0          1          2    
      0      -0.010514  -0.986012   0.166340
      1       0.002061  -0.166370  -0.986061
      2       0.999943  -0.010025   0.003782
 P Eigenvalues: 
                  0          1          2    
      0      20.521781  22.478681  33.027462
P(iso)  25.342641
 Nucleus: 14 H 
 Shielding tensor (ppm): 
                  0          1          2    
      0      28.614068   1.183180   3.154012
      1       0.683254  30.499789  -0.467212
      2       4.005813  -1.395240  27.929294
 P Tensor eigenvectors:
                   0          1          2    
      0      -0.654315  -0.095701   0.750142
      1       0.201630  -0.978129   0.051086
      2       0.728846   0.184678   0.659300
 P Eigenvalues: 
                  0          1          2    
      0      24.392542  30.779451  31.871156
P(iso)  29.014383
 Nucleus: 15 H 
 Shielding tensor (ppm): 
                  0          1          2    
      0      28.794416   1.152065  -3.135608
      1       0.662460  30.517914   0.472145
      2      -3.989126   1.406791  27.729728
 P Tensor eigenvectors:
                   0          1          2    
      0       0.635352  -0.081417   0.767918
      1      -0.198759  -0.978164   0.060739
      2       0.746205  -0.191222  -0.637661
 P Eigenvalues: 
                  0          1          2    
      0      24.383986  30.789570  31.868502
P(iso)  29.014019
 Nucleus: 17 H 
 Shielding tensor (ppm): 
                  0          1          2    
      0      30.525242  -0.511678   4.466276
      1      -0.184197  29.975203  -0.461587
      2       4.407492   0.731789  28.629494
 P Tensor eigenvectors:
                   0          1          2    
      0      -0.629370  -0.002706  -0.777101
      1      -0.055002   0.997641   0.041072
      2       0.775157   0.068591  -0.628034
 P Eigenvalues: 
                  0          1          2    
      0      25.019713  29.987597  34.122629
P(iso)  29.709980
 Nucleus: 18 H 
 Shielding tensor (ppm): 
                  0          1          2    
      0      30.737009  -0.504628  -4.416794
      1      -0.203719  29.970797   0.450308
      2      -4.356779  -0.745311  28.418265
 P Tensor eigenvectors:
                   0          1          2    
      0       0.610618  -0.001260  -0.791924
      1       0.056897   0.997484   0.042283
      2       0.789879  -0.070877   0.609154
 P Eigenvalues: 
                  0          1          2    
      0      25.018358  29.983962  34.123750
P(iso)  29.708690
 Nucleus: 20 H 
 Shielding tensor (ppm): 
                  0          1          2    
      0      29.756730  -1.640339  -3.745049
      1      -2.327897  30.709928   2.535136
      2      -3.164539   2.156430  30.571932
 P Tensor eigenvectors:
                   0          1          2    
      0      -0.742295   0.370042  -0.558629
      1       0.025275   0.848553   0.528506
      2      -0.669596  -0.378189   0.639230
 P Eigenvalues: 
                  0          1          2    
      0      26.683564  28.775023  35.580003
P(iso)  30.346197
 Nucleus: 21 H 
 Shielding tensor (ppm): 
                  0          1          2    
      0      29.589770  -1.581854   3.722363
      1      -2.259546  30.698863  -2.592998
      2       3.143464  -2.196302  30.748281
 P Tensor eigenvectors:
                   0          1          2    
      0      -0.758276   0.360965   0.542882
      1       0.026736   0.849244  -0.527323
      2       0.651385   0.385342   0.653612
 P Eigenvalues: 
                  0          1          2    
      0      26.685356  28.771826  35.579733
P(iso)  30.345638
 Nucleus: 23 H 
 Shielding tensor (ppm): 
                  0          1          2    
      0      28.566351  -1.604553  -3.367880
      1      -1.205024  31.180270   0.039158
      2      -4.808401  -0.909730  26.556583
 P Tensor eigenvectors:
                   0          1          2    
      0       0.611726   0.413758  -0.674237
      1       0.141471   0.781352   0.607845
      2       0.778317  -0.467220   0.419439
 P Eigenvalues: 
                  0          1          2    
      0      23.169327  30.713563  32.420313
P(iso)  28.767735
 Nucleus: 24 H 
 Shielding tensor (ppm): 
                  0          1          2    
      0      28.415830  -1.631458   3.413058
      1      -1.201369  31.199458  -0.076185
      2       4.848372   0.855958  26.679963
 P Tensor eigenvectors:
                   0          1          2    
      0      -0.625121   0.411735  -0.663097
      1      -0.139112   0.777176   0.613715
      2       0.768031   0.475891  -0.428551
 P Eigenvalues: 
                  0          1          2    
      0      23.149686  30.704696  32.440869
P(iso)  28.765084
 Nucleus: 26 H 
 Shielding tensor (ppm): 
                  0          1          2    
      0      30.159940   0.681644  -3.715900
      1       0.633175  31.330773   0.231519
      2      -3.692410   1.420648  28.132502
 P Tensor eigenvectors:
                   0          1          2    
      0       0.598941  -0.089519   0.795774
      1      -0.159191  -0.987209   0.008761
      2       0.784811  -0.131928  -0.605530
 P Eigenvalues: 
                  0          1          2    
      0      25.126764  31.509606  32.986845
P(iso)  29.874405
 Nucleus: 27 H 
 Shielding tensor (ppm): 
                  0          1          2    
      0      30.024222   0.719791   3.755917
      1       0.649750  31.321760  -0.227404
      2       3.732548  -1.406186  28.264174
 P Tensor eigenvectors:
                   0          1          2    
      0      -0.613056  -0.088689   0.785046
      1       0.160730  -0.986899   0.014024
      2       0.773517   0.134778   0.619279
 P Eigenvalues: 
                  0          1          2    
      0      25.115509  31.503660  32.990988
P(iso)  29.870052
 Nucleus: 29 H 
 Shielding tensor (ppm): 
                  0          1          2    
      0      30.666428  -0.002758  -4.524744
      1       0.079294  30.655510  -0.533891
      2      -4.302924  -1.181923  28.462418
 P Tensor eigenvectors:
                   0          1          2    
      0       0.607708  -0.193182  -0.770306
      1       0.109102   0.981074  -0.159968
      2       0.786631   0.013172   0.617283
 P Eigenvalues: 
                  0          1          2    
      0      24.940308  30.641321  34.202726
P(iso)  29.928119
 Nucleus: 30 H 
 Shielding tensor (ppm): 
                  0          1          2    
      0      30.516386  -0.024759   4.564034
      1       0.070784  30.661869   0.529278
      2       4.341482   1.175569  28.608959
 P Tensor eigenvectors:
                   0          1          2    
      0      -0.621032  -0.191516  -0.760027
      1      -0.108135   0.981351  -0.158927
      2       0.776290  -0.016513  -0.630159
 P Eigenvalues: 
                  0          1          2    
      0      24.935244  30.647860  34.204111
P(iso)  29.929071
 Nucleus: 32 H 
 Shielding tensor (ppm): 
                  0          1          2    
      0      29.828422  -1.633478   3.907479
      1      -2.449354  30.479440  -2.272486
      2       3.313669  -1.923473  30.699554
 P Tensor eigenvectors:
                   0          1          2    
      0      -0.763484   0.281243   0.581372
      1      -0.054656   0.868832  -0.492081
      2       0.643509   0.407472   0.647968
 P Eigenvalues: 
                  0          1          2    
      0      26.620496  28.808901  35.578020
P(iso)  30.335805
 Nucleus: 33 H 
 Shielding tensor (ppm): 
                  0          1          2    
      0      29.946516  -1.668605  -3.915690
      1      -2.489878  30.481979   2.230429
      2      -3.321273   1.898240  30.579742
 P Tensor eigenvectors:
                   0          1          2    
      0      -0.753101   0.287421  -0.591801
      1      -0.055748   0.868409   0.492704
      2      -0.655539  -0.404048   0.637977
 P Eigenvalues: 
                  0          1          2    
      0      26.623796  28.807530  35.576911
P(iso)  30.336079
 Nucleus: 35 H 
 Shielding tensor (ppm): 
                  0          1          2    
      0      34.765088  -0.629492   0.186366
      1      -0.709964  25.531627  -0.016085
      2       0.096384  -0.009587  23.956044
 P Tensor eigenvectors:
                   0          1          2    
      0      -0.013680   0.071329  -0.997359
      1       0.002680   0.997451   0.071299
      2       0.999903  -0.001697  -0.013837
 P Eigenvalues: 
                  0          1          2    
      0      23.954191  25.483311  34.815257
P(iso)  28.084253
 Nucleus: 36 H 
 Shielding tensor (ppm): 
                  0          1          2    
      0      35.305260  -0.492523   0.150660
      1      -0.994826  25.519099  -0.016483
      2       0.115463  -0.007924  23.972260
 P Tensor eigenvectors:
                   0          1          2    
      0      -0.011897   0.071245  -0.997388
      1       0.002287   0.997458   0.071223
      2       0.999927  -0.001434  -0.012029
 P Eigenvalues: 
                  0          1          2    
      0      23.970691  25.463080  35.362849
P(iso)  28.265540
 Nucleus: 37 H 
 Shielding tensor (ppm): 
                  0          1          2    
      0      29.141800   2.490003   0.037455
      1       3.854382  35.468924   0.035706
      2       0.036067   0.019392  25.740846
 P Tensor eigenvectors:
                   0          1          2    
      0      -0.011736   0.919443   0.393048
      1       0.000993  -0.393064   0.919511
      2       0.999931   0.011181   0.003700
 P Eigenvalues: 
                  0          1          2    
      0      25.740442  27.826564  36.784564
P(iso)  30.117190
 Nucleus: 38 H 
 Shielding tensor (ppm): 
                  0          1          2    
      0      28.499341   1.924142   0.022752
      1       3.176896  36.154966   0.021419
      2       0.022173   0.011503  25.730564
 P Tensor eigenvectors:
                   0          1          2    
      0      -0.008592   0.954237   0.298927
      1       0.000530  -0.298934   0.954274
      2       0.999963   0.008357   0.002063
 P Eigenvalues: 
                  0          1          2    
      0      25.730380  27.728451  36.926041
P(iso)  30.128291
# -----------------------------------------------------------
$ EPRNMR_ATensor
   description: Hyperfine A tensor
   geom. index: 1
   prop. index: 1
 Number of stored nuclei 21
 Source density: 1 SCF 
 Spin multiplicity: 2 
 Nucleus: 9 H  
 Isotope: 1 
 Nuclear Spin:  0.5 
 Prefactor (MHz): 533.551395 
 Raw A tensor (MHz): 
                  0          1          2    
      0     -14.474026  -6.119276   0.026773
      1      -6.121921 -11.986206  -0.068904
      2       0.026779  -0.068872 -16.004435
 A Tensor eigenvectors:
                   0          1          2    
      0      -0.632740  -0.010034   0.774299
      1       0.774325   0.001866   0.632785
      2      -0.007794   0.999948   0.006589
 A Eigenvalues: 
                  0          1          2    
      0      -6.983847 -16.004832 -19.475989
A(iso)  -14.154889
 Nucleus: 10 H  
 Isotope: 1 
 Nuclear Spin:  0.5 
 Prefactor (MHz): 533.551395 
 Raw A tensor (MHz): 
                  0          1          2    
      0       7.818877   2.311707   0.036869
      1       2.312569   6.389292   0.020795
      2       0.036867   0.020786   4.022873
 A Tensor eigenvectors:
                   0          1          2    
      0      -0.010758   0.593474   0.804781
      1       0.001720  -0.804816   0.593522
      2       0.999941   0.007769   0.007637
 A Eigenvalues: 
                  0          1          2    
      0       4.022512   4.684019   9.524511
A(iso)  6.077014
 Nucleus: 12 H  
 Isotope: 1 
 Nuclear Spin:  0.5 
 Prefactor (MHz): 533.551395 
 Raw A tensor (MHz): 
                  0          1          2    
      0     -17.375875  -1.193783   0.316988
      1      -1.191531 -71.336010   0.038174
      2       0.316981   0.038136 -46.398315
 A Tensor eigenvectors:
                   0          1          2    
      0       0.999697  -0.010836  -0.022118
      1      -0.022097   0.002049  -0.999754
      2       0.010879   0.999939   0.001809
 A Eigenvalues: 
                  0          1          2    
      0     -17.346089 -46.401672 -71.362439
A(iso)  -45.036734
 Nucleus: 14 H  
 Isotope: 1 
 Nuclear Spin:  0.5 
 Prefactor (MHz): 533.551395 
 Raw A tensor (MHz): 
                  0          1          2    
      0      61.581942  -3.630901   1.982744
      1      -3.629688  63.379126  -2.018081
      2       1.981276  -2.018149  58.495015
 A Tensor eigenvectors:
                   0          1          2    
      0      -0.371159  -0.712712   0.595216
      1       0.088171  -0.665158  -0.741479
      2       0.924374  -0.222726   0.309719
 A Eigenvalues: 
                  0          1          2    
      0      57.506864  58.813236  67.135983
A(iso)  61.152028
 Nucleus: 15 H  
 Isotope: 1 
 Nuclear Spin:  0.5 
 Prefactor (MHz): 533.551395 
 Raw A tensor (MHz): 
                  0          1          2    
      0      61.450920  -3.681691  -1.892168
      1      -3.680464  63.154718   1.912341
      2      -1.890698   1.912386  58.151900
 A Tensor eigenvectors:
                   0          1          2    
      0       0.346488  -0.718565   0.603002
      1      -0.086785  -0.664620  -0.742124
      2       0.934031   0.204806  -0.292644
 A Eigenvalues: 
                  0          1          2    
      0      57.272736  58.585277  66.899525
A(iso)  60.919180
 Nucleus: 17 H  
 Isotope: 1 
 Nuclear Spin:  0.5 
 Prefactor (MHz): 533.551395 
 Raw A tensor (MHz): 
                  0          1          2    
      0      -2.235882   2.068903   0.653586
      1       2.068895   1.948668   1.385129
      2       0.653149   1.384092  -2.745890
 A Tensor eigenvectors:
                   0          1          2    
      0      -0.699592  -0.380433  -0.604849
      1       0.445778  -0.893927   0.046652
      2      -0.558439  -0.236991   0.794972
 A Eigenvalues: 
                  0          1          2    
      0      -3.032664   3.191033  -3.191474
A(iso)  -1.011035
 Nucleus: 18 H  
 Isotope: 1 
 Nuclear Spin:  0.5 
 Prefactor (MHz): 533.551395 
 Raw A tensor (MHz): 
                  0          1          2    
      0      -2.202749   2.098297  -0.644366
      1       2.098313   1.938301  -1.347647
      2      -0.643933  -1.346617  -2.765343
 A Tensor eigenvectors:
                   0          1          2    
      0      -0.711929   0.594153   0.374351
      1       0.447325  -0.027249   0.893956
      2       0.541347   0.803890  -0.246381
 A Eigenvalues: 
                  0          1          2    
      0      -3.031393  -3.187505   3.189107
A(iso)  -1.009930
 Nucleus: 20 H  
 Isotope: 1 
 Nuclear Spin:  0.5 
 Prefactor (MHz): 533.551395 
 Raw A tensor (MHz): 
                  0          1          2    
      0       0.005997  -0.281317  -0.111657
      1      -0.281565   2.153243   0.374661
      2      -0.111774   0.374528   0.018347
 A Tensor eigenvectors:
                   0          1          2    
      0      -0.730667   0.670135  -0.130556
      1      -0.210726  -0.039470   0.976748
      2       0.649400   0.741189   0.170054
 A Eigenvalues: 
                  0          1          2    
      0       0.023381  -0.101880   2.256085
A(iso)  0.725862
 Nucleus: 21 H  
 Isotope: 1 
 Nuclear Spin:  0.5 
 Prefactor (MHz): 533.551395 
 Raw A tensor (MHz): 
                  0          1          2    
      0      -0.001878  -0.270993   0.112037
      1      -0.271238   2.149968  -0.385688
      2       0.112154  -0.385550   0.023714
 A Tensor eigenvectors:
                   0          1          2    
      0       0.713107  -0.689641   0.125989
      1       0.211902   0.040728  -0.976442
      2       0.668263   0.723005   0.175180
 A Eigenvalues: 
                  0          1          2    
      0       0.021863  -0.104196   2.254137
A(iso)  0.723935
 Nucleus: 23 H  
 Isotope: 1 
 Nuclear Spin:  0.5 
 Prefactor (MHz): 533.551395 
 Raw A tensor (MHz): 
                  0          1          2    
      0      22.354992   1.553674  -0.892407
      1       1.553070  22.368782  -0.467011
      2      -0.891809  -0.467158  21.053829
 A Tensor eigenvectors:
                   0          1          2    
      0       0.621282  -0.366190  -0.692758
      1      -0.338683   0.671748  -0.658823
      2       0.706613   0.643941   0.293323
 A Eigenvalues: 
                  0          1          2    
      0      20.493468  21.074091  24.210043
A(iso)  21.925867
 Nucleus: 24 H  
 Isotope: 1 
 Nuclear Spin:  0.5 
 Prefactor (MHz): 533.551395 
 Raw A tensor (MHz): 
                  0          1          2    
      0      22.208621   1.547298   0.910157
      1       1.546692  22.250216   0.492969
      2       0.909559   0.493131  20.965471
 A Tensor eigenvectors:
                   0          1          2    
      0      -0.633151   0.354731   0.687957
      1       0.340175  -0.670839   0.658980
      2       0.695270   0.651260   0.304072
 A Eigenvalues: 
                  0          1          2    
      0      20.378271  20.953377  24.092660
A(iso)  21.808103
 Nucleus: 26 H  
 Isotope: 1 
 Nuclear Spin:  0.5 
 Prefactor (MHz): 533.551395 
 Raw A tensor (MHz): 
                  0          1          2    
      0      -0.783724  -0.357404  -0.091677
      1      -0.357137   0.823125   0.396884
      2      -0.091501   0.396602  -0.896524
 A Tensor eigenvectors:
                   0          1          2    
      0       0.974002   0.098604   0.203955
      1       0.219823  -0.193755  -0.956105
      2      -0.054758   0.976082  -0.210393
 A Eigenvalues: 
                  0          1          2    
      0      -0.859187  -0.984913   0.986976
A(iso)  -0.285708
 Nucleus: 27 H  
 Isotope: 1 
 Nuclear Spin:  0.5 
 Prefactor (MHz): 533.551395 
 Raw A tensor (MHz): 
                  0          1          2    
      0      -0.783375  -0.349035   0.093964
      1      -0.348763   0.821420  -0.406884
      2       0.093788  -0.406609  -0.887499
 A Tensor eigenvectors:
                   0          1          2    
      0       0.973223  -0.113434   0.199923
      1       0.219289   0.197437  -0.955474
      2       0.068911   0.973731   0.217025
 A Eigenvalues: 
                  0          1          2    
      0      -0.855322  -0.981047   0.986916
A(iso)  -0.283151
 Nucleus: 29 H  
 Isotope: 1 
 Nuclear Spin:  0.5 
 Prefactor (MHz): 533.551395 
 Raw A tensor (MHz): 
                  0          1          2    
      0      -0.036715   0.277827  -0.064097
      1       0.277903   0.694749  -0.121438
      2      -0.064105  -0.121366  -0.097439
 A Tensor eigenvectors:
                   0          1          2    
      0       0.530086  -0.785689   0.318907
      1      -0.305652   0.173763   0.936153
      2      -0.790939  -0.593717  -0.148038
 A Eigenvalues: 
                  0          1          2    
      0      -0.101355  -0.146659   0.808610
A(iso)  0.186865
 Nucleus: 30 H  
 Isotope: 1 
 Nuclear Spin:  0.5 
 Prefactor (MHz): 533.551395 
 Raw A tensor (MHz): 
                  0          1          2    
      0      -0.038575   0.276422   0.064572
      1       0.276495   0.694910   0.125490
      2       0.064579   0.125419  -0.095554
 A Tensor eigenvectors:
                   0          1          2    
      0      -0.514206   0.796960  -0.316933
      1       0.304703  -0.175672  -0.936107
      2      -0.801716  -0.577922  -0.152505
 A Eigenvalues: 
                  0          1          2    
      0      -0.101781  -0.146392   0.808953
A(iso)  0.186927
 Nucleus: 32 H  
 Isotope: 1 
 Nuclear Spin:  0.5 
 Prefactor (MHz): 533.551395 
 Raw A tensor (MHz): 
                  0          1          2    
      0      -0.104468   0.005123   0.000534
      1       0.005165   0.375330  -0.065406
      2       0.000530  -0.065379  -0.118256
 A Tensor eigenvectors:
                   0          1          2    
      0       0.998526  -0.053304  -0.010261
      1      -0.003276   0.129508  -0.991573
      2       0.054183   0.990145   0.129142
 A Eigenvalues: 
                  0          1          2    
      0      -0.104456  -0.126836   0.383898
A(iso)  0.050869
 Nucleus: 33 H  
 Isotope: 1 
 Nuclear Spin:  0.5 
 Prefactor (MHz): 533.551395 
 Raw A tensor (MHz): 
                  0          1          2    
      0      -0.103973   0.004034  -0.000312
      1       0.004075   0.376114   0.064954
      2      -0.000308   0.064926  -0.117900
 A Tensor eigenvectors:
                   0          1          2    
      0       0.999282  -0.037014   0.008107
      1      -0.003289   0.128413   0.991715
      2      -0.037749  -0.991030   0.128199
 A Eigenvalues: 
                  0          1          2    
      0      -0.103975  -0.126324   0.384540
A(iso)  0.051414
 Nucleus: 35 H  
 Isotope: 1 
 Nuclear Spin:  0.5 
 Prefactor (MHz): 533.551395 
 Raw A tensor (MHz): 
                  0          1          2    
      0      -2.458338  -1.037166   0.100098
      1      -1.034602 -10.676886  -0.010155
      2       0.100077  -0.010199  -7.862654
 A Tensor eigenvectors:
                   0          1          2    
      0      -0.992206  -0.017936   0.123311
      1       0.123277   0.003000   0.992368
      2      -0.018169   0.999835  -0.000765
 A Eigenvalues: 
                  0          1          2    
      0      -2.327957  -7.864480 -10.805442
A(iso)  -6.999293
 Nucleus: 36 H  
 Isotope: 1 
 Nuclear Spin:  0.5 
 Prefactor (MHz): 533.551395 
 Raw A tensor (MHz): 
                  0          1          2    
      0       2.066142   0.163170  -0.016924
      1       0.163150   4.627095  -0.001271
      2      -0.016921  -0.001271   3.068627
 A Tensor eigenvectors:
                   0          1          2    
      0       0.997856  -0.016461  -0.063340
      1      -0.063307   0.002539  -0.997991
      2       0.016589   0.999861   0.001492
 A Eigenvalues: 
                  0          1          2    
      0       2.055509   3.068902   4.637452
A(iso)  3.253954
 Nucleus: 37 H  
 Isotope: 1 
 Nuclear Spin:  0.5 
 Prefactor (MHz): 533.551395 
 Raw A tensor (MHz): 
                  0          1          2    
      0      -0.777723   0.239460   0.000244
      1       0.239403   0.724312   0.000968
      2       0.000244   0.000967  -0.794376
 A Tensor eigenvectors:
                   0          1          2    
      0      -0.153716  -0.004314   0.988106
      1      -0.988115   0.001318  -0.153712
      2      -0.000639  -0.999990  -0.004466
 A Eigenvalues: 
                  0          1          2    
      0       0.761556  -0.794376  -0.814967
A(iso)  -0.282596
 Nucleus: 38 H  
 Isotope: 1 
 Nuclear Spin:  0.5 
 Prefactor (MHz): 533.551395 
 Raw A tensor (MHz): 
                  0          1          2    
      0      -0.119294   0.064168   0.000060
      1       0.064199   0.230486   0.000347
      2       0.000060   0.000347  -0.130818
 A Tensor eigenvectors:
                   0          1          2    
      0       0.984473  -0.014666   0.174921
      1      -0.174888   0.003565   0.984582
      2      -0.015063  -0.999886   0.000945
 A Eigenvalues: 
                  0          1          2    
      0      -0.130700  -0.130818   0.241892
A(iso)  -0.006542
# -------------------------------------------------------------
----------------------- !GEOMETRIES! ------------------------
# -------------------------------------------------------------
------------------------ !GEOMETRY! -------------------------
    Number of atoms:    39 
    Geometry Index:     1 
    Coordinates:
               0 C      3.991788243612   -0.049239882396    0.058108204506
               1 C      2.775740443178    0.000817948191    0.040924075961
               2 C     -2.904925831503    0.001969422868   -0.021064920238
               3 C      1.348501294798    0.035969980027    0.024650970239
               4 C      0.635243373928    1.290109646834    0.014122098892
               5 C     -0.786024691448    1.210124429407   -0.000914187406
               6 C     -1.471080401116   -0.005896146080   -0.005830295721
               7 C     -0.755050864334   -1.242723545415    0.004473256940
               8 C      0.640731865278   -1.178014606864    0.019328438682
               9 H     -1.371295902164    2.129823777095   -0.008865376090
              10 H      1.223341927870   -2.098995055147    0.027465444385
              11 C      1.310812684248    2.530857604813    0.018831916249
              12 H      2.403663300363    2.505003068910    0.030817682265
              13 C      0.641083822756    3.872285374562    0.008661168868
              14 H     -0.020407779760    3.959192160870   -0.878173876208
              15 H     -0.042670667328    3.961659877018    0.878175853907
              16 C      1.626344757072    5.048246428856    0.019382586495
              17 H      2.275422316321    4.965813004747    0.910219498368
              18 H      2.296697410353    4.963936512218   -0.855393882408
              19 C      0.933466648250    6.412040777141    0.009601308176
              20 H      0.280768272801    6.536674933055    0.890987258617
              21 H      0.302264637618    6.534793363111   -0.887575098080
              22 C     -1.517429883836   -2.551443119886   -0.000598890849
              23 H     -2.203438584888   -2.555197843260    0.867109417682
              24 H     -2.188522827894   -2.557023916239   -0.879836606649
              25 C     -0.686653892352   -3.837261349702    0.007761740289
              26 H     -0.015119253142   -3.856286541053   -0.870391749450
              27 H     -0.031196723172   -3.855470221325    0.897992408444
              28 C     -1.555554684004   -5.100741837468    0.000739035671
              29 H     -2.229365301212   -5.083796294662    0.877444157907
              30 H     -2.214538071634   -5.084219036221   -0.887176218063
              31 C     -0.737136512653   -6.394158907468    0.007905648394
              32 H     -0.093626884395   -6.456406605743    0.902511680945
              33 H     -0.079125222638   -6.457033838585   -0.876029501547
              34 C     -4.120620578893    0.011732327365   -0.035488398548
              35 H      5.062776493409   -0.099657125883    0.078802826293
              36 H     -5.192881686639    0.026348413802   -0.050614736893
              37 H      1.665287562109    7.235733068865    0.017559858074
              38 H     -1.387506018958   -7.283908316357    0.002941031901
