-------------------------------------------------------------
----------------------- !PROPERTIES! ------------------------
-------------------------------------------------------------
# -----------------------------------------------------------
$ PAL_Flags
   description: The PAL Flags
   geom. index: 1
   prop. index: 1
        Diskflag:     2
# -----------------------------------------------------------
$ SCF_Energy
   description: The SCF energy
   geom. index: 1
   prop. index: 1
        SCF Energy:     -697.9672707632
# -----------------------------------------------------------
$ DFT_Energy
   description: The DFT energy
   geom. index: 1
   prop. index: 1
   Number of Alpha Electrons                 65.0001358012 
   Number of Beta  Electrons                 64.0001261916 
   Total number of  Electrons               129.0002619928 
   Exchange energy                          -79.8259948336 
   Correlation energy                        -4.9898273260 
   Correlation energy NL                      0.0000000000 
   Exchange-Correlation energy              -84.8158221595 
   Embedding correction                       0.0000000000 
   Total DFT Energy (No VdW correction)    -697.9672707632 
# -----------------------------------------------------------
$ Mayer_Pop
   description: The Mayer population analysis
   geom. index: 1
   prop. index: 1
     Number of atoms                     : 39
     Threshold for printing              : 0.1000000
     Number of bond orders printed       : 39
  NA   - Mulliken gross atomic population
  ZA   - Total nuclear charge
  QA   - Mulliken gross atomic charge
  VA   - Mayer's total valence
  BVA  - Mayer's bonded valence
  FA   - Mayer's free valence
  ATOM       NA         ZA         QA         VA         BVA        FA
  0   0     6.6004     6.0000    -0.6004     3.3889     3.3821     0.0068
  1   0     5.3686     6.0000     0.6314     2.8702     2.8686     0.0016
  2   0     5.3755     6.0000     0.6245     2.8996     2.8992     0.0004
  3   0     6.0493     6.0000    -0.0493     3.7454     3.7101     0.0353
  4   0     5.9189     6.0000     0.0811     4.1155     4.1007     0.0148
  5   0     6.0125     6.0000    -0.0125     3.8604     3.8264     0.0340
  6   0     6.0224     6.0000    -0.0224     3.8143     3.8071     0.0072
  7   0     6.0766     6.0000    -0.0766     4.1258     4.0872     0.0386
  8   0     5.9744     6.0000     0.0256     3.8910     3.8829     0.0081
  9   0     1.0489     1.0000    -0.0489     1.0025     1.0024     0.0001
 10   0     1.0498     1.0000    -0.0498     1.0030     1.0030     0.0000
 11   0     6.0986     6.0000    -0.0986     3.9298     3.5552     0.3746
 12   0     1.0212     1.0000    -0.0212     1.0092     1.0080     0.0012
 13   0     5.9673     6.0000     0.0327     4.0103     4.0088     0.0015
 14   0     0.9704     1.0000     0.0296     0.9628     0.9617     0.0011
 15   0     0.9704     1.0000     0.0296     0.9628     0.9617     0.0011
 16   0     6.0388     6.0000    -0.0388     4.1313     4.1313     0.0000
 17   0     0.9868     1.0000     0.0132     0.9642     0.9642     0.0000
 18   0     0.9868     1.0000     0.0132     0.9642     0.9642     0.0000
 19   0     5.9946     6.0000     0.0054     4.0162     4.0162     0.0000
 20   0     0.9823     1.0000     0.0177     0.9775     0.9775     0.0000
 21   0     0.9823     1.0000     0.0177     0.9775     0.9775     0.0000
 22   0     5.9571     6.0000     0.0429     4.0286     4.0284     0.0002
 23   0     0.9678     1.0000     0.0322     0.9697     0.9696     0.0001
 24   0     0.9678     1.0000     0.0322     0.9698     0.9697     0.0001
 25   0     6.0365     6.0000    -0.0365     4.1149     4.1149     0.0000
 26   0     0.9831     1.0000     0.0169     0.9629     0.9629     0.0000
 27   0     0.9830     1.0000     0.0170     0.9629     0.9629     0.0000
 28   0     6.0245     6.0000    -0.0245     4.1176     4.1176     0.0000
 29   0     0.9938     1.0000     0.0062     0.9674     0.9674     0.0000
 30   0     0.9938     1.0000     0.0062     0.9675     0.9675     0.0000
 31   0     5.9970     6.0000     0.0030     4.0167     4.0167     0.0000
 32   0     0.9827     1.0000     0.0173     0.9773     0.9773     0.0000
 33   0     0.9826     1.0000     0.0174     0.9773     0.9773     0.0000
 34   0     6.6016     6.0000    -0.6016     3.3918     3.3903     0.0015
 35   0     1.0298     1.0000    -0.0298     1.0305     1.0305     0.0000
 36   0     1.0286     1.0000    -0.0286     1.0304     1.0304     0.0000
 37   0     0.9862     1.0000     0.0138     0.9734     0.9734     0.0000
 38   0     0.9871     1.0000     0.0129     0.9735     0.9735     0.0000
      Bond orders larger than 0.1000000
           Atom A     A.N. of A          Atom B    A.N. of B              Bond order
                0             6               1            6                2.101003
                0             6              35            1                1.119044
                1             6               3            6                0.906697
                2             6               6            6                0.902915
                2             6              34            6                2.127144
                3             6               4            6                1.277399
                3             6               8            6                1.395308
                4             6               5            6                1.285023
                4             6              11            6                1.368197
                5             6               6            6                1.440476
                5             6               9            1                0.919811
                6             6               7            6                1.342667
                7             6               8            6                1.409406
                7             6              22            6                1.092468
                8             6              10            1                0.921375
               11             6              12            1                0.902826
               11             6              13            6                1.083756
               13             6              14            1                0.911689
               13             6              15            1                0.911667
               13             6              16            6                1.071481
               16             6              17            1                0.943818
               16             6              18            1                0.943766
               16             6              19            6                1.106535
               19             6              20            1                0.965329
               19             6              21            1                0.965327
               19             6              37            1                0.960847
               22             6              23            1                0.896822
               22             6              24            1                0.896826
               22             6              25            6                1.103524
               25             6              26            1                0.929430
               25             6              27            1                0.929337
               25             6              28            6                1.075069
               28             6              29            1                0.941026
               28             6              30            1                0.941017
               28             6              31            6                1.106057
               31             6              32            1                0.966211
               31             6              33            1                0.966199
               31             6              38            1                0.961700
               34             6              36            1                1.117836
# -----------------------------------------------------------
$ Calculation_Info
   description: Details of the calculation
   geom. index: 1
   prop. index: 1
     Multiplicity:                          2
     Charge:                                0
     number of atoms:                       39
     number of electrons:                   0
     number of frozen core electrons:       1
     number of correlated electrons:        0
     number of basis functions:             357
     number of aux C basis functions:       2418
     number of aux J basis functions:       2418
     number of aux JK basis functions:      2418
     number of aux CABS basis functions:    0
     Total Energy                           -697.967271
# -----------------------------------------------------------
$ SCF_Electric_Properties
   description: The SCF Calculated Electric Properties
   geom. index: 1
   prop. index: 1
       Filename                          : cc-pVDZ_i.scfp 
       Do Dipole Moment Calculation      : true 
       Do Quadrupole Moment Calculation  : false 
       Do Polarizability Calculation     : false 
** Dipole moment part of electric properties **
        Magnitude of dipole moment (Debye) :        0.2501418604
        Electronic Contribution:
                  0    
      0       0.613916
      1       2.289916
      2       0.000751
        Nuclear Contribution:
                  0    
      0      -0.703525
      1      -2.249242
      2       0.000062
        Total Dipole moment:
                  0    
      0      -0.089609
      1       0.040674
      2       0.000813
# -----------------------------------------------------------
$ EPRNMR_GTensor
   description: Electronic g tensor
   geom. index: 1
   prop. index: 1
 Source density: 1 SCF 
 Spin multiplicity: 2 
 raw g tensor: 
                  0          1          2    
      0       2.002776   0.000081   0.000006
      1       0.000063   2.002764  -0.000000
      2       0.000006  -0.000000   2.002186
 g tensor: 
                  0          1          2    
      0      -0.010864  -0.675185  -0.737568
      1       0.002049   0.737595  -0.675240
      2       0.999939  -0.008847  -0.006630
 G eigenvalues: 
                  0          1          2    
      0       2.002186   2.002698   2.002842
# -----------------------------------------------------------
$ EPRNMR_OrbitalShielding
   description: Orbital contribution to the NMR Shielding tensor (ppm)
   geom. index: 1
   prop. index: 1
 Number of stored nuclei 21
 Source density: 1 SCF 
 Nucleus: 9 H 
 Shielding tensor (ppm): 
                  0          1          2    
      0      26.846953   5.399183   0.067869
      1       4.873432  26.722895   0.039368
      2       0.069342   0.048809  19.730786
 P Tensor eigenvectors:
                   0          1          2    
      0      -0.010832   0.706231   0.707899
      1       0.001694  -0.707926   0.706284
      2       0.999940   0.008849   0.006472
 P Eigenvalues: 
                  0          1          2    
      0      19.730116  21.648638  31.921881
P(iso)  24.433545
 Nucleus: 10 H 
 Shielding tensor (ppm): 
                  0          1          2    
      0      27.527731   5.661724   0.082588
      1       5.380946  26.492789   0.044186
      2       0.071687   0.053464  19.408032
 P Tensor eigenvectors:
                   0          1          2    
      0      -0.010367   0.675160   0.737599
      1       0.001170  -0.737630   0.675205
      2       0.999946   0.007863   0.006857
 P Eigenvalues: 
                  0          1          2    
      0      19.407296  21.464926  32.556331
P(iso)  24.476184
 Nucleus: 12 H 
 Shielding tensor (ppm): 
                  0          1          2    
      0      22.790991  -2.102798   0.032534
      1      -1.472261  32.719024  -0.037508
      2       0.023344  -0.045697  20.520746
 P Tensor eigenvectors:
                   0          1          2    
      0      -0.010967  -0.986002   0.166370
      1       0.001804  -0.166399  -0.986057
      2       0.999938  -0.010514   0.003603
 P Eigenvalues: 
                  0          1          2    
      0      20.520367  22.479508  33.030886
P(iso)  25.343587
 Nucleus: 14 H 
 Shielding tensor (ppm): 
                  0          1          2    
      0      28.617214   1.177033   3.156420
      1       0.679870  30.498700  -0.467330
      2       4.000964  -1.396076  27.940309
 P Tensor eigenvectors:
                   0          1          2    
      0      -0.654662  -0.099035   0.749406
      1       0.201554  -0.978360   0.046781
      2       0.728555   0.181672   0.660456
 P Eigenvalues: 
                  0          1          2    
      0      24.401933  30.778154  31.876136
P(iso)  29.018741
 Nucleus: 15 H 
 Shielding tensor (ppm): 
                  0          1          2    
      0      28.795216   1.156178  -3.132876
      1       0.664558  30.517236   0.472004
      2      -3.986721   1.413204  27.733666
 P Tensor eigenvectors:
                   0          1          2    
      0       0.635379  -0.081827   0.767853
      1      -0.199501  -0.978006   0.060859
      2       0.745985  -0.191856  -0.637729
 P Eigenvalues: 
                  0          1          2    
      0      24.387082  30.790917  31.868118
P(iso)  29.015372
 Nucleus: 17 H 
 Shielding tensor (ppm): 
                  0          1          2    
      0      30.516278  -0.509851   4.470600
      1      -0.184376  29.975806  -0.463866
      2       4.404218   0.732722  28.625141
 P Tensor eigenvectors:
                   0          1          2    
      0      -0.629627  -0.002551  -0.776893
      1      -0.054701   0.997658   0.041056
      2       0.774969   0.068347  -0.628292
 P Eigenvalues: 
                  0          1          2    
      0      25.013185  29.988052  34.115988
P(iso)  29.705742
 Nucleus: 18 H 
 Shielding tensor (ppm): 
                  0          1          2    
      0      30.748699  -0.506167  -4.413902
      1      -0.205426  29.972909   0.451064
      2      -4.357769  -0.752343  28.401189
 P Tensor eigenvectors:
                   0          1          2    
      0       0.609351  -0.001453  -0.792899
      1       0.057362   0.997459   0.042255
      2       0.790823  -0.071231   0.607886
 P Eigenvalues: 
                  0          1          2    
      0      25.012502  29.986465  34.123830
P(iso)  29.707599
 Nucleus: 20 H 
 Shielding tensor (ppm): 
                  0          1          2    
      0      29.752131  -1.637773  -3.749201
      1      -2.326871  30.709319   2.535155
      2      -3.160100   2.161879  30.569783
 P Tensor eigenvectors:
                   0          1          2    
      0      -0.742166   0.370829  -0.558279
      1       0.026179   0.848388   0.528728
      2      -0.669705  -0.377789   0.639352
 P Eigenvalues: 
                  0          1          2    
      0      26.680044  28.772980  35.578210
P(iso)  30.343745
 Nucleus: 21 H 
 Shielding tensor (ppm): 
                  0          1          2    
      0      29.585756  -1.586182   3.717092
      1      -2.259318  30.703136  -2.594971
      2       3.138591  -2.197010  30.748010
 P Tensor eigenvectors:
                   0          1          2    
      0      -0.758715   0.360778   0.542394
      1       0.026087   0.848789  -0.528087
      2       0.650900   0.386518   0.653400
 P Eigenvalues: 
                  0          1          2    
      0      26.688011  28.770704  35.578187
P(iso)  30.345634
 Nucleus: 23 H 
 Shielding tensor (ppm): 
                  0          1          2    
      0      28.567009  -1.607316  -3.362377
      1      -1.206391  31.183986   0.035032
      2      -4.812870  -0.913279  26.555043
 P Tensor eigenvectors:
                   0          1          2    
      0       0.611532   0.414647  -0.673867
      1       0.141881   0.780408   0.608961
      2       0.778395  -0.468008   0.418414
 P Eigenvalues: 
                  0          1          2    
      0      23.167992  30.716903  32.421143
P(iso)  28.768679
 Nucleus: 24 H 
 Shielding tensor (ppm): 
                  0          1          2    
      0      28.417123  -1.626708   3.412201
      1      -1.200763  31.199090  -0.074680
      2       4.847883   0.854946  26.685400
 P Tensor eigenvectors:
                   0          1          2    
      0      -0.625258   0.410880  -0.663498
      1      -0.139080   0.777908   0.612794
      2       0.767925   0.475434  -0.429248
 P Eigenvalues: 
                  0          1          2    
      0      23.154417  30.707587  32.439609
P(iso)  28.767204
 Nucleus: 26 H 
 Shielding tensor (ppm): 
                  0          1          2    
      0      30.168320   0.682822  -3.708545
      1       0.632956  31.327773   0.230085
      2      -3.697935   1.418827  28.139429
 P Tensor eigenvectors:
                   0          1          2    
      0       0.598770  -0.088874   0.795975
      1      -0.159325  -0.987179   0.009629
      2       0.784914  -0.132584  -0.605253
 P Eigenvalues: 
                  0          1          2    
      0      25.135122  31.506552  32.993848
P(iso)  29.878507
 Nucleus: 27 H 
 Shielding tensor (ppm): 
                  0          1          2    
      0      30.020953   0.718477   3.756883
      1       0.651582  31.320447  -0.228369
      2       3.730856  -1.399629  28.280690
 P Tensor eigenvectors:
                   0          1          2    
      0      -0.614037  -0.088620   0.784286
      1       0.160790  -0.986884   0.014374
      2       0.772726   0.134931   0.620233
 P Eigenvalues: 
                  0          1          2    
      0      25.125090  31.501971  32.995029
P(iso)  29.874030
 Nucleus: 29 H 
 Shielding tensor (ppm): 
                  0          1          2    
      0      30.669182  -0.008764  -4.523856
      1       0.077355  30.658462  -0.532578
      2      -4.301952  -1.185379  28.460251
 P Tensor eigenvectors:
                   0          1          2    
      0       0.607452  -0.193044  -0.770543
      1       0.109573   0.981112  -0.159417
      2       0.786763   0.012408   0.617130
 P Eigenvalues: 
                  0          1          2    
      0      24.940162  30.645758  34.201974
P(iso)  29.929298
 Nucleus: 30 H 
 Shielding tensor (ppm): 
                  0          1          2    
      0      30.519501  -0.021142   4.563595
      1       0.070446  30.663971   0.528272
      2       4.342355   1.167609  28.613550
 P Tensor eigenvectors:
                   0          1          2    
      0      -0.621183  -0.190704  -0.760108
      1      -0.107469   0.981505  -0.158423
      2       0.776262  -0.016722  -0.630189
 P Eigenvalues: 
                  0          1          2    
      0      24.940038  30.649481  34.207503
P(iso)  29.932341
 Nucleus: 32 H 
 Shielding tensor (ppm): 
                  0          1          2    
      0      29.816672  -1.633387   3.904610
      1      -2.445570  30.479812  -2.274007
      2       3.309107  -1.920261  30.714999
 P Tensor eigenvectors:
                   0          1          2    
      0      -0.765103   0.278960   0.580344
      1      -0.056410   0.868780  -0.491974
      2       0.641432   0.409148   0.648970
 P Eigenvalues: 
                  0          1          2    
      0      26.623886  28.811474  35.576123
P(iso)  30.337161
 Nucleus: 33 H 
 Shielding tensor (ppm): 
                  0          1          2    
      0      29.954394  -1.668549  -3.913879
      1      -2.493364  30.485167   2.229912
      2      -3.315291   1.903179  30.580709
 P Tensor eigenvectors:
                   0          1          2    
      0      -0.752789   0.288066  -0.591884
      1      -0.055429   0.868229   0.493058
      2      -0.655924  -0.403976   0.637626
 P Eigenvalues: 
                  0          1          2    
      0      26.632530  28.807406  35.580334
P(iso)  30.340090
 Nucleus: 35 H 
 Shielding tensor (ppm): 
                  0          1          2    
      0      34.763870  -0.623824   0.181116
      1      -0.712545  25.528980  -0.015737
      2       0.097980  -0.008797  23.952859
 P Tensor eigenvectors:
                   0          1          2    
      0      -0.013469  -0.071082   0.997380
      1       0.002400  -0.997469  -0.071056
      2       0.999906   0.001436   0.013605
 P Eigenvalues: 
                  0          1          2    
      0      23.951054  25.480892  34.813762
P(iso)  28.081903
 Nucleus: 36 H 
 Shielding tensor (ppm): 
                  0          1          2    
      0      35.304429  -0.490663   0.150034
      1      -0.994959  25.518286  -0.016454
      2       0.116501  -0.008237  23.971959
 P Tensor eigenvectors:
                   0          1          2    
      0      -0.011896   0.071144  -0.997395
      1       0.002378   0.997465   0.071121
      2       0.999926  -0.001526  -0.012035
 P Eigenvalues: 
                  0          1          2    
      0      23.970384  25.462398  35.361892
P(iso)  28.264891
 Nucleus: 37 H 
 Shielding tensor (ppm): 
                  0          1          2    
      0      29.142053   2.491598   0.035349
      1       3.856084  35.466261   0.043693
      2       0.041342   0.023150  25.733535
 P Tensor eigenvectors:
                   0          1          2    
      0      -0.011506   0.919349   0.393274
      1       0.000292  -0.393297   0.919411
      2       0.999934   0.010694   0.004257
 P Eigenvalues: 
                  0          1          2    
      0      25.733102  27.825203  36.783543
P(iso)  30.113950
 Nucleus: 38 H 
 Shielding tensor (ppm): 
                  0          1          2    
      0      28.502658   1.926035   0.013510
      1       3.179459  36.152674   0.020623
      2       0.027168   0.001215  25.729906
 P Tensor eigenvectors:
                   0          1          2    
      0      -0.008097   0.954129   0.299285
      1       0.000882  -0.299288   0.954162
      2       0.999967   0.007990   0.001581
 P Eigenvalues: 
                  0          1          2    
      0      25.729749  27.730054  36.925434
P(iso)  30.128412
# -----------------------------------------------------------
$ EPRNMR_ATensor
   description: Hyperfine A tensor
   geom. index: 1
   prop. index: 1
 Number of stored nuclei 21
 Source density: 1 SCF 
 Spin multiplicity: 2 
 Nucleus: 9 H  
 Isotope: 1 
 Nuclear Spin:  0.5 
 Prefactor (MHz): 533.551395 
 Raw A tensor (MHz): 
                  0          1          2    
      0     -14.493921  -6.125336   0.027345
      1      -6.127981 -12.009514  -0.067656
      2       0.027352  -0.067623 -16.027948
 A Tensor eigenvectors:
                   0          1          2    
      0      -0.632920  -0.009711   0.774157
      1       0.774179   0.002032   0.632963
      2      -0.007720   0.999951   0.006232
 A Eigenvalues: 
                  0          1          2    
      0      -6.999858 -16.028351 -19.503173
A(iso)  -14.177128
 Nucleus: 10 H  
 Isotope: 1 
 Nuclear Spin:  0.5 
 Prefactor (MHz): 533.551395 
 Raw A tensor (MHz): 
                  0          1          2    
      0       7.833522   2.315095   0.036253
      1       2.315958   6.403851   0.020979
      2       0.036251   0.020969   4.038102
 A Tensor eigenvectors:
                   0          1          2    
      0      -0.010270   0.593642   0.804664
      1       0.001181  -0.804698   0.593683
      2       0.999947   0.007048   0.007563
 A Eigenvalues: 
                  0          1          2    
      0       4.037755   4.695364   9.542357
A(iso)  6.091825
 Nucleus: 12 H  
 Isotope: 1 
 Nuclear Spin:  0.5 
 Prefactor (MHz): 533.551395 
 Raw A tensor (MHz): 
                  0          1          2    
      0     -17.371218  -1.187559   0.316522
      1      -1.185310 -71.326395   0.035643
      2       0.316516   0.035605 -46.391449
 A Tensor eigenvectors:
                   0          1          2    
      0       0.999699  -0.010825  -0.022004
      1      -0.021984   0.001945  -0.999756
      2       0.010866   0.999940   0.001706
 A Eigenvalues: 
                  0          1          2    
      0     -17.341711 -46.394806 -71.352544
A(iso)  -45.029687
 Nucleus: 14 H  
 Isotope: 1 
 Nuclear Spin:  0.5 
 Prefactor (MHz): 533.551395 
 Raw A tensor (MHz): 
                  0          1          2    
      0      61.577575  -3.630675   1.982126
      1      -3.629463  63.379553  -2.017784
      2       1.980658  -2.017851  58.495174
 A Tensor eigenvectors:
                   0          1          2    
      0      -0.371744  -0.712590   0.594998
      1       0.087705  -0.665021  -0.741656
      2       0.924183  -0.223522   0.309715
 A Eigenvalues: 
                  0          1          2    
      0      57.506859  58.811319  67.134124
A(iso)  61.150767
 Nucleus: 15 H  
 Isotope: 1 
 Nuclear Spin:  0.5 
 Prefactor (MHz): 533.551395 
 Raw A tensor (MHz): 
                  0          1          2    
      0      61.421640  -3.680853  -1.891737
      1      -3.679625  63.122141   1.912295
      2      -1.890266   1.912340  58.119940
 A Tensor eigenvectors:
                   0          1          2    
      0       0.345870  -0.718759   0.603124
      1      -0.087290  -0.664657  -0.742032
      2       0.934213   0.204000  -0.292626
 A Eigenvalues: 
                  0          1          2    
      0      57.241328  58.555117  66.867277
A(iso)  60.887907
 Nucleus: 17 H  
 Isotope: 1 
 Nuclear Spin:  0.5 
 Prefactor (MHz): 533.551395 
 Raw A tensor (MHz): 
                  0          1          2    
      0      -2.236273   2.068798   0.655304
      1       2.068790   1.948231   1.388434
      2       0.654866   1.387396  -2.744605
 A Tensor eigenvectors:
                   0          1          2    
      0      -0.699582  -0.630026   0.337124
      1       0.446092  -0.016519   0.894835
      2      -0.558200   0.776398   0.292606
 A Eigenvalues: 
                  0          1          2    
      0      -3.032779  -3.174961   3.175093
A(iso)  -1.010882
 Nucleus: 18 H  
 Isotope: 1 
 Nuclear Spin:  0.5 
 Prefactor (MHz): 533.551395 
 Raw A tensor (MHz): 
                  0          1          2    
      0      -2.201069   2.100190  -0.643290
      1       2.100207   1.938513  -1.344322
      2      -0.642859  -1.343293  -2.766591
 A Tensor eigenvectors:
                   0          1          2    
      0      -0.711362   0.594233   0.375301
      1       0.447212  -0.029232   0.893950
      2       0.542186   0.803761  -0.244954
 A Eigenvalues: 
                  0          1          2    
      0      -3.031289  -3.186986   3.189129
A(iso)  -1.009716
 Nucleus: 20 H  
 Isotope: 1 
 Nuclear Spin:  0.5 
 Prefactor (MHz): 533.551395 
 Raw A tensor (MHz): 
                  0          1          2    
      0       0.005939  -0.281150  -0.111664
      1      -0.281397   2.152432   0.375398
      2      -0.111782   0.375265   0.018383
 A Tensor eigenvectors:
                   0          1          2    
      0      -0.731254   0.669501  -0.130524
      1      -0.210905  -0.039946   0.976690
      2       0.648681   0.741736   0.170411
 A Eigenvalues: 
                  0          1          2    
      0       0.023188  -0.101948   2.255515
A(iso)  0.725585
 Nucleus: 21 H  
 Isotope: 1 
 Nuclear Spin:  0.5 
 Prefactor (MHz): 533.551395 
 Raw A tensor (MHz): 
                  0          1          2    
      0      -0.002068  -0.270257   0.111826
      1      -0.270501   2.150057  -0.384907
      2       0.111943  -0.384769   0.023634
 A Tensor eigenvectors:
                   0          1          2    
      0       0.712623  -0.690201   0.125660
      1       0.211470   0.040547  -0.976543
      2       0.668916   0.722481   0.174851
 A Eigenvalues: 
                  0          1          2    
      0       0.021975  -0.104112   2.253759
A(iso)  0.723874
 Nucleus: 23 H  
 Isotope: 1 
 Nuclear Spin:  0.5 
 Prefactor (MHz): 533.551395 
 Raw A tensor (MHz): 
                  0          1          2    
      0      22.362901   1.554166  -0.892286
      1       1.553560  22.377051  -0.467454
      2      -0.891687  -0.467602  21.060298
 A Tensor eigenvectors:
                   0          1          2    
      0       0.620907  -0.366909  -0.692714
      1      -0.338043   0.671972  -0.658924
      2       0.707250   0.643297   0.293201
 A Eigenvalues: 
                  0          1          2    
      0      20.500811  21.080884  24.218555
A(iso)  21.933417
 Nucleus: 24 H  
 Isotope: 1 
 Nuclear Spin:  0.5 
 Prefactor (MHz): 533.551395 
 Raw A tensor (MHz): 
                  0          1          2    
      0      22.226695   1.547995   0.910442
      1       1.547388  22.271541   0.493614
      2       0.909845   0.493776  20.985185
 A Tensor eigenvectors:
                   0          1          2    
      0      -0.633517   0.354750   0.687611
      1       0.340133  -0.670533   0.659314
      2       0.694957   0.651566   0.304132
 A Eigenvalues: 
                  0          1          2    
      0      20.397267  20.972846  24.113307
A(iso)  21.827807
 Nucleus: 26 H  
 Isotope: 1 
 Nuclear Spin:  0.5 
 Prefactor (MHz): 533.551395 
 Raw A tensor (MHz): 
                  0          1          2    
      0      -0.783354  -0.357828  -0.091552
      1      -0.357562   0.823019   0.396274
      2      -0.091376   0.395993  -0.896548
 A Tensor eigenvectors:
                   0          1          2    
      0       0.974026   0.097826   0.204215
      1       0.219907  -0.193657  -0.956106
      2      -0.053985   0.976180  -0.210140
 A Eigenvalues: 
                  0          1          2    
      0      -0.859021  -0.984665   0.986803
A(iso)  -0.285628
 Nucleus: 27 H  
 Isotope: 1 
 Nuclear Spin:  0.5 
 Prefactor (MHz): 533.551395 
 Raw A tensor (MHz): 
                  0          1          2    
      0      -0.783910  -0.349244   0.094191
      1      -0.348972   0.820972  -0.407412
      2       0.094015  -0.407137  -0.887791
 A Tensor eigenvectors:
                   0          1          2    
      0       0.973127  -0.114083   0.200021
      1       0.219532   0.197499  -0.955406
      2       0.069491   0.973642   0.217236
 A Eigenvalues: 
                  0          1          2    
      0      -0.855926  -0.981593   0.986790
A(iso)  -0.283576
 Nucleus: 29 H  
 Isotope: 1 
 Nuclear Spin:  0.5 
 Prefactor (MHz): 533.551395 
 Raw A tensor (MHz): 
                  0          1          2    
      0      -0.036655   0.278111  -0.064206
      1       0.278186   0.695112  -0.121631
      2      -0.064213  -0.121560  -0.097425
 A Tensor eigenvectors:
                   0          1          2    
      0       0.529768  -0.785849   0.319041
      1      -0.305794   0.173888   0.936084
      2      -0.791098  -0.593468  -0.148187
 A Eigenvalues: 
                  0          1          2    
      0      -0.101390  -0.146745   0.809168
A(iso)  0.187011
 Nucleus: 30 H  
 Isotope: 1 
 Nuclear Spin:  0.5 
 Prefactor (MHz): 533.551395 
 Raw A tensor (MHz): 
                  0          1          2    
      0      -0.038650   0.276496   0.064576
      1       0.276570   0.695431   0.125379
      2       0.064583   0.125307  -0.095526
 A Tensor eigenvectors:
                   0          1          2    
      0      -0.513501   0.797458  -0.316823
      1       0.304320  -0.175975  -0.936174
      2      -0.802313  -0.577142  -0.152319
 A Eigenvalues: 
                  0          1          2    
      0      -0.101700  -0.146461   0.809416
A(iso)  0.187085
 Nucleus: 32 H  
 Isotope: 1 
 Nuclear Spin:  0.5 
 Prefactor (MHz): 533.551395 
 Raw A tensor (MHz): 
                  0          1          2    
      0      -0.104415   0.005182   0.000532
      1       0.005224   0.375370  -0.065601
      2       0.000529  -0.065573  -0.118126
 A Tensor eigenvectors:
                   0          1          2    
      0       0.998502  -0.053723  -0.010378
      1      -0.003317   0.129901  -0.991521
      2       0.054616   0.990070   0.129528
 A Eigenvalues: 
                  0          1          2    
      0      -0.104403  -0.126759   0.383991
A(iso)  0.050943
 Nucleus: 33 H  
 Isotope: 1 
 Nuclear Spin:  0.5 
 Prefactor (MHz): 533.551395 
 Raw A tensor (MHz): 
                  0          1          2    
      0      -0.103958   0.004010  -0.000302
      1       0.004052   0.376178   0.064764
      2      -0.000298   0.064735  -0.117925
 A Tensor eigenvectors:
                   0          1          2    
      0       0.999305  -0.036390   0.008062
      1      -0.003339   0.128031   0.991765
      2      -0.037123  -0.991102   0.127821
 A Eigenvalues: 
                  0          1          2    
      0      -0.103960  -0.126298   0.384555
A(iso)  0.051432
 Nucleus: 35 H  
 Isotope: 1 
 Nuclear Spin:  0.5 
 Prefactor (MHz): 533.551395 
 Raw A tensor (MHz): 
                  0          1          2    
      0      -2.475965  -1.032860   0.098191
      1      -1.030296 -10.707103  -0.009573
      2       0.098171  -0.009615  -7.890879
 A Tensor eigenvectors:
                   0          1          2    
      0      -0.992296  -0.017546   0.122643
      1       0.122609   0.003034   0.992450
      2      -0.017785   0.999841  -0.000859
 A Eigenvalues: 
                  0          1          2    
      0      -2.346897  -7.892631 -10.834419
A(iso)  -7.024649
 Nucleus: 36 H  
 Isotope: 1 
 Nuclear Spin:  0.5 
 Prefactor (MHz): 533.551395 
 Raw A tensor (MHz): 
                  0          1          2    
      0       2.091954   0.162340  -0.017029
      1       0.162319   4.667186  -0.001288
      2      -0.017027  -0.001287   3.107426
 A Tensor eigenvectors:
                   0          1          2    
      0       0.997900  -0.016359  -0.062677
      1      -0.062644   0.002528  -0.998033
      2       0.016485   0.999863   0.001498
 A Eigenvalues: 
                  0          1          2    
      0       2.081483   3.107701   4.677381
A(iso)  3.288855
 Nucleus: 37 H  
 Isotope: 1 
 Nuclear Spin:  0.5 
 Prefactor (MHz): 533.551395 
 Raw A tensor (MHz): 
                  0          1          2    
      0      -0.777525   0.239666   0.000368
      1       0.239610   0.724202   0.001707
      2       0.000368   0.001707  -0.794269
 A Tensor eigenvectors:
                   0          1          2    
      0      -0.153869  -0.004698   0.988080
      1      -0.988091   0.001866  -0.153862
      2      -0.001121  -0.999987  -0.004929
 A Eigenvalues: 
                  0          1          2    
      0       0.761517  -0.794270  -0.814839
A(iso)  -0.282530
 Nucleus: 38 H  
 Isotope: 1 
 Nuclear Spin:  0.5 
 Prefactor (MHz): 533.551395 
 Raw A tensor (MHz): 
                  0          1          2    
      0      -0.119318   0.064213   0.000043
      1       0.064244   0.230493   0.000243
      2       0.000043   0.000243  -0.130832
 A Tensor eigenvectors:
                   0          1          2    
      0       0.984552  -0.005099   0.175019
      1      -0.175013   0.001580   0.984565
      2      -0.005297  -0.999986   0.000663
 A Eigenvalues: 
                  0          1          2    
      0      -0.130738  -0.130832   0.241914
A(iso)  -0.006552
# -------------------------------------------------------------
----------------------- !GEOMETRIES! ------------------------
# -------------------------------------------------------------
------------------------ !GEOMETRY! -------------------------
    Number of atoms:    39 
    Geometry Index:     1 
    Coordinates:
               0 C      3.991783907219   -0.048435163088    0.056345911670
               1 C      2.775711592947    0.001153798561    0.039648199495
               2 C     -2.904920937890    0.001528853770   -0.021693711331
               3 C      1.348480517744    0.036062986714    0.023780907051
               4 C      0.635151504547    1.290200659506    0.013520825304
               5 C     -0.786149980267    1.210013573638   -0.001501008702
               6 C     -1.471087411983   -0.006068634152   -0.006316621408
               7 C     -0.754959476920   -1.242856746300    0.003884585514
               8 C      0.640797386070   -1.177975159196    0.018517750032
               9 H     -1.371712234105    2.129541143858   -0.009529933054
              10 H      1.223673845548   -2.098813093857    0.026482831129
              11 C      1.310504353393    2.530995609786    0.018451703210
              12 H      2.403361383427    2.505270560818    0.030469212658
              13 C      0.640754014396    3.872473380826    0.008531371317
              14 H     -0.020274963198    3.959853547071   -0.878574743400
              15 H     -0.043331310493    3.961473786245    0.877792892412
              16 C      1.626405096934    5.048189159744    0.020362399157
              17 H      2.274909708835    4.965133665816    0.911543154397
              18 H      2.297354510576    4.964108174510   -0.853963014431
              19 C      0.933927070885    6.412245213334    0.010752006436
              20 H      0.280780133788    6.536666708977    0.891826675222
              21 H      0.303417605835    6.535595070097   -0.886819572506
              22 C     -1.517089443417   -2.551625222617   -0.001121691109
              23 H     -2.203424349093   -2.555125452171    0.866314522180
              24 H     -2.187899982983   -2.557490742581   -0.880573760696
              25 C     -0.686255111597   -3.837417756406    0.007983845502
              26 H     -0.014408940848   -3.856931257570   -0.869895011496
              27 H     -0.031140303568   -3.855437419465    0.898450946932
              28 C     -1.555635653287   -5.100694192643    0.001103857151
              29 H     -2.229938582736   -5.082944013014    0.877395884571
              30 H     -2.214140246978   -5.084251094414   -0.887148985436
              31 C     -0.737689907286   -6.394489920047    0.009386219322
              32 H     -0.094860873570   -6.456485071238    0.904484542621
              33 H     -0.079169819385   -6.457884807139   -0.874118642994
              34 C     -4.120618155029    0.011094334843   -0.036179048640
              35 H      5.062827870567   -0.098170634148    0.076210872519
              36 H     -5.192896409439    0.025363469996   -0.051172034939
              37 H      1.665950319417    7.235756971959    0.019557320115
              38 H     -1.388423938052   -7.283966360024    0.004373174225
