-------------------------------------------------------------
----------------------- !PROPERTIES! ------------------------
-------------------------------------------------------------
# -----------------------------------------------------------
$ PAL_Flags
   description: The PAL Flags
   geom. index: 1
   prop. index: 1
        Diskflag:     2
# -----------------------------------------------------------
$ SCF_Energy
   description: The SCF energy
   geom. index: 1
   prop. index: 1
        SCF Energy:     -697.9672705787
# -----------------------------------------------------------
$ DFT_Energy
   description: The DFT energy
   geom. index: 1
   prop. index: 1
   Number of Alpha Electrons                 65.0001360132 
   Number of Beta  Electrons                 64.0001264120 
   Total number of  Electrons               129.0002624252 
   Exchange energy                          -79.8260397259 
   Correlation energy                        -4.9898320566 
   Correlation energy NL                      0.0000000000 
   Exchange-Correlation energy              -84.8158717825 
   Embedding correction                       0.0000000000 
   Total DFT Energy (No VdW correction)    -697.9672705787 
# -----------------------------------------------------------
$ Mayer_Pop
   description: The Mayer population analysis
   geom. index: 1
   prop. index: 1
     Number of atoms                     : 39
     Threshold for printing              : 0.1000000
     Number of bond orders printed       : 39
  NA   - Mulliken gross atomic population
  ZA   - Total nuclear charge
  QA   - Mulliken gross atomic charge
  VA   - Mayer's total valence
  BVA  - Mayer's bonded valence
  FA   - Mayer's free valence
  ATOM       NA         ZA         QA         VA         BVA        FA
  0   0     6.6004     6.0000    -0.6004     3.3889     3.3821     0.0068
  1   0     5.3686     6.0000     0.6314     2.8703     2.8687     0.0016
  2   0     5.3755     6.0000     0.6245     2.8996     2.8992     0.0004
  3   0     6.0493     6.0000    -0.0493     3.7453     3.7101     0.0352
  4   0     5.9189     6.0000     0.0811     4.1156     4.1008     0.0148
  5   0     6.0125     6.0000    -0.0125     3.8604     3.8264     0.0340
  6   0     6.0224     6.0000    -0.0224     3.8143     3.8071     0.0072
  7   0     6.0767     6.0000    -0.0767     4.1258     4.0872     0.0386
  8   0     5.9744     6.0000     0.0256     3.8910     3.8829     0.0081
  9   0     1.0489     1.0000    -0.0489     1.0025     1.0024     0.0001
 10   0     1.0498     1.0000    -0.0498     1.0030     1.0030     0.0000
 11   0     6.0986     6.0000    -0.0986     3.9298     3.5552     0.3746
 12   0     1.0212     1.0000    -0.0212     1.0092     1.0080     0.0012
 13   0     5.9674     6.0000     0.0326     4.0104     4.0089     0.0015
 14   0     0.9704     1.0000     0.0296     0.9628     0.9617     0.0011
 15   0     0.9704     1.0000     0.0296     0.9628     0.9617     0.0011
 16   0     6.0388     6.0000    -0.0388     4.1313     4.1313     0.0000
 17   0     0.9868     1.0000     0.0132     0.9642     0.9642     0.0000
 18   0     0.9868     1.0000     0.0132     0.9642     0.9642     0.0000
 19   0     5.9946     6.0000     0.0054     4.0162     4.0162     0.0000
 20   0     0.9823     1.0000     0.0177     0.9775     0.9775     0.0000
 21   0     0.9823     1.0000     0.0177     0.9775     0.9775     0.0000
 22   0     5.9571     6.0000     0.0429     4.0286     4.0284     0.0002
 23   0     0.9678     1.0000     0.0322     0.9697     0.9696     0.0001
 24   0     0.9678     1.0000     0.0322     0.9698     0.9697     0.0001
 25   0     6.0366     6.0000    -0.0366     4.1150     4.1150     0.0000
 26   0     0.9831     1.0000     0.0169     0.9629     0.9629     0.0000
 27   0     0.9830     1.0000     0.0170     0.9629     0.9629     0.0000
 28   0     6.0244     6.0000    -0.0244     4.1176     4.1176     0.0000
 29   0     0.9938     1.0000     0.0062     0.9674     0.9674     0.0000
 30   0     0.9938     1.0000     0.0062     0.9674     0.9674     0.0000
 31   0     5.9971     6.0000     0.0029     4.0168     4.0168     0.0000
 32   0     0.9827     1.0000     0.0173     0.9773     0.9773     0.0000
 33   0     0.9826     1.0000     0.0174     0.9773     0.9773     0.0000
 34   0     6.6016     6.0000    -0.6016     3.3918     3.3903     0.0015
 35   0     1.0298     1.0000    -0.0298     1.0305     1.0305     0.0000
 36   0     1.0286     1.0000    -0.0286     1.0304     1.0304     0.0000
 37   0     0.9862     1.0000     0.0138     0.9734     0.9734     0.0000
 38   0     0.9871     1.0000     0.0129     0.9735     0.9735     0.0000
      Bond orders larger than 0.1000000
           Atom A     A.N. of A          Atom B    A.N. of B              Bond order
                0             6               1            6                2.101033
                0             6              35            1                1.119037
                1             6               3            6                0.906678
                2             6               6            6                0.902908
                2             6              34            6                2.127163
                3             6               4            6                1.277402
                3             6               8            6                1.395294
                4             6               5            6                1.285103
                4             6              11            6                1.368172
                5             6               6            6                1.440424
                5             6               9            1                0.919801
                6             6               7            6                1.342682
                7             6               8            6                1.409419
                7             6              22            6                1.092458
                8             6              10            1                0.921377
               11             6              12            1                0.902849
               11             6              13            6                1.083762
               13             6              14            1                0.911671
               13             6              15            1                0.911663
               13             6              16            6                1.071494
               16             6              17            1                0.943802
               16             6              18            1                0.943768
               16             6              19            6                1.106545
               19             6              20            1                0.965327
               19             6              21            1                0.965326
               19             6              37            1                0.960840
               22             6              23            1                0.896837
               22             6              24            1                0.896839
               22             6              25            6                1.103523
               25             6              26            1                0.929439
               25             6              27            1                0.929312
               25             6              28            6                1.075098
               28             6              29            1                0.941015
               28             6              30            1                0.941003
               28             6              31            6                1.106073
               31             6              32            1                0.966200
               31             6              33            1                0.966207
               31             6              38            1                0.961690
               34             6              36            1                1.117832
# -----------------------------------------------------------
$ Calculation_Info
   description: Details of the calculation
   geom. index: 1
   prop. index: 1
     Multiplicity:                          2
     Charge:                                0
     number of atoms:                       39
     number of electrons:                   0
     number of frozen core electrons:       1
     number of correlated electrons:        0
     number of basis functions:             357
     number of aux C basis functions:       2418
     number of aux J basis functions:       2418
     number of aux JK basis functions:      2418
     number of aux CABS basis functions:    0
     Total Energy                           -697.967271
# -----------------------------------------------------------
$ SCF_Electric_Properties
   description: The SCF Calculated Electric Properties
   geom. index: 1
   prop. index: 1
       Filename                          : cc-pVDZ.scfp 
       Do Dipole Moment Calculation      : true 
       Do Quadrupole Moment Calculation  : false 
       Do Polarizability Calculation     : false 
** Dipole moment part of electric properties **
        Magnitude of dipole moment (Debye) :        0.2500956388
        Electronic Contribution:
                  0    
      0       0.614158
      1       2.290407
      2       0.010215
        Nuclear Contribution:
                  0    
      0      -0.703759
      1      -2.249760
      2      -0.009447
        Total Dipole moment:
                  0    
      0      -0.089602
      1       0.040647
      2       0.000768
# -----------------------------------------------------------
$ EPRNMR_GTensor
   description: Electronic g tensor
   geom. index: 1
   prop. index: 1
 Source density: 1 SCF 
 Spin multiplicity: 2 
 raw g tensor: 
                  0          1          2    
      0       2.002732   0.000062   0.000005
      1       0.000059   2.002832  -0.000000
      2       0.000005  -0.000000   2.002272
 g tensor: 
                  0          1          2    
      0      -0.010793  -0.904394  -0.426562
      1       0.001700   0.426569  -0.904453
      2       0.999940  -0.010487  -0.003067
 G eigenvalues: 
                  0          1          2    
      0       2.002272   2.002704   2.002861
# -----------------------------------------------------------
$ EPRNMR_OrbitalShielding
   description: Orbital contribution to the NMR Shielding tensor (ppm)
   geom. index: 1
   prop. index: 1
 Number of stored nuclei 21
 Source density: 1 SCF 
 Nucleus: 9 H 
 Shielding tensor (ppm): 
                  0          1          2    
      0      35.673361  -5.994506  -0.304595
      1     -84.311883  62.297418  -0.906671
      2      -0.160281  -0.055456  64.288052
 P Tensor eigenvectors:
                   0          1          2    
      0       0.557626   0.010721  -0.830023
      1       0.830080  -0.001780   0.557641
      2       0.004501  -0.999941  -0.009892
 P Eigenvalues: 
                  0          1          2    
      0      12.213550  64.289752  85.755530
P(iso)  54.086277
 Nucleus: 10 H 
 Shielding tensor (ppm): 
                  0          1          2    
      0      41.652133   4.407419  -0.334804
      1     -86.785910  62.320935  -0.961922
      2      -0.146585   0.024258  70.040395
 P Tensor eigenvectors:
                   0          1          2    
      0       0.521207   0.011728  -0.853349
      1       0.853417  -0.001554   0.521227
      2       0.004787  -0.999930  -0.010819
 P Eigenvalues: 
                  0          1          2    
      0      20.058720  70.042161  83.912582
P(iso)  58.004488
 Nucleus: 12 H 
 Shielding tensor (ppm): 
                  0          1          2    
      0      66.969302 -160.140075   0.459715
      1     273.210424   9.337541   2.989330
      2      -0.280859  -1.596663  45.644335
 P Tensor eigenvectors:
                   0          1          2    
      0      -0.010693  -0.147988   0.988931
      1       0.001318  -0.988989  -0.147982
      2       0.999942  -0.000279   0.010771
 P Eigenvalues: 
                  0          1          2    
      0      45.645040  27.148855  49.157284
P(iso)  40.650393
 Nucleus: 14 H 
 Shielding tensor (ppm): 
                  0          1          2    
      0      42.841467 204.018683 -61.086197
      1     -288.694143  66.899255 -328.902081
      2      52.324923 240.042536  82.688065
 P Tensor eigenvectors:
                   0          1          2    
      0      -0.752507   0.148867   0.641538
      1       0.110419   0.988848  -0.099941
      2       0.649261   0.004368   0.760553
 P Eigenvalues: 
                  0          1          2    
      0      64.877632  53.512076  74.039080
P(iso)  64.142929
 Nucleus: 15 H 
 Shielding tensor (ppm): 
                  0          1          2    
      0      42.808809 210.118466  59.137455
      1     -297.023945  67.339716 321.422814
      2     -51.859842 -234.655129  82.655011
 P Tensor eigenvectors:
                   0          1          2    
      0      -0.735933   0.148737  -0.660514
      1       0.107207   0.988863   0.103228
      2      -0.668512  -0.005157   0.743683
 P Eigenvalues: 
                  0          1          2    
      0      65.116842  53.567203  74.119492
P(iso)  64.267845
 Nucleus: 17 H 
 Shielding tensor (ppm): 
                  0          1          2    
      0      43.582958 -257.189537 129.505097
      1     364.870802   8.196459 405.377189
      2     -84.227659 -295.926084  24.765836
 P Tensor eigenvectors:
                   0          1          2    
      0      -0.721718   0.248243   0.646141
      1       0.236432   0.965744  -0.106946
      2       0.650556  -0.075584   0.755688
 P Eigenvalues: 
                  0          1          2    
      0      10.842932  27.448404  38.253916
P(iso)  25.515084
 Nucleus: 18 H 
 Shielding tensor (ppm): 
                  0          1          2    
      0      44.452154 -264.529440 -127.977118
      1     374.715559   7.756710 -396.412779
      2      83.226860 289.676126  23.907579
 P Tensor eigenvectors:
                   0          1          2    
      0      -0.706010   0.246046  -0.664087
      1       0.233859   0.966105   0.109322
      2      -0.668476   0.078120   0.739619
 P Eigenvalues: 
                  0          1          2    
      0      10.638399  27.352883  38.125161
P(iso)  25.372148
 Nucleus: 20 H 
 Shielding tensor (ppm): 
                  0          1          2    
      0     -17.516749 305.659225  72.884575
      1     -394.804778  53.114280 457.766240
      2     -55.458209 -330.789227  11.464972
 P Tensor eigenvectors:
                   0          1          2    
      0      -0.747025   0.220013  -0.627334
      1       0.107542   0.971213   0.212554
      2      -0.656039  -0.091319   0.749182
 P Eigenvalues: 
                  0          1          2    
      0       2.516971  18.687776  25.857757
P(iso)  15.687501
 Nucleus: 21 H 
 Shielding tensor (ppm): 
                  0          1          2    
      0     -17.283035 297.426837 -74.606173
      1     -383.519529  52.648960 -466.995765
      2      56.158838 337.645740  11.299193
 P Tensor eigenvectors:
                   0          1          2    
      0      -0.762334   0.218113   0.609323
      1       0.109846   0.971445  -0.210307
      2       0.637794   0.093392   0.764524
 P Eigenvalues: 
                  0          1          2    
      0       2.303992  18.608590  25.752536
P(iso)  15.555039
 Nucleus: 23 H 
 Shielding tensor (ppm): 
                  0          1          2    
      0      69.578545 -122.397274 -129.777052
      1     192.364421  26.341459 -216.039495
      2      82.650601 159.325362  62.179829
 P Tensor eigenvectors:
                   0          1          2    
      0      -0.661065   0.452780  -0.598317
      1       0.459628   0.874647   0.154063
      2      -0.593072   0.173157   0.786309
 P Eigenvalues: 
                  0          1          2    
      0      33.566366  51.704327  72.829139
P(iso)  52.699944
 Nucleus: 24 H 
 Shielding tensor (ppm): 
                  0          1          2    
      0      68.761152 -119.146044 129.917796
      1     188.323963  26.469025 219.207965
      2     -82.939367 -161.074599  62.909367
 P Tensor eigenvectors:
                   0          1          2    
      0      -0.670876   0.455631   0.585087
      1       0.461358   0.874144  -0.151727
      2       0.580581  -0.168144   0.796651
 P Eigenvalues: 
                  0          1          2    
      0      33.648576  51.688101  72.802867
P(iso)  52.713181
 Nucleus: 26 H 
 Shielding tensor (ppm): 
                  0          1          2    
      0      57.720812 206.199678  57.116536
      1     -288.685963  65.844537 321.906581
      2     -49.950519 -234.771694  93.813868
 P Tensor eigenvectors:
                   0          1          2    
      0      -0.748107   0.119437  -0.652741
      1       0.110649   0.992350   0.054762
      2      -0.654288   0.031258   0.755599
 P Eigenvalues: 
                  0          1          2    
      0      77.298811  58.709032  81.371373
P(iso)  72.459739
 Nucleus: 27 H 
 Shielding tensor (ppm): 
                  0          1          2    
      0      57.725975 201.769237 -58.252823
      1     -282.680165  65.638639 -327.051333
      2      49.859202 238.466475  93.736612
 P Tensor eigenvectors:
                   0          1          2    
      0      -0.759871   0.120365   0.638834
      1       0.112036   0.992253  -0.053692
      2       0.640347  -0.030774   0.767469
 P Eigenvalues: 
                  0          1          2    
      0      77.208361  58.623244  81.269622
P(iso)  72.367075
 Nucleus: 29 H 
 Shielding tensor (ppm): 
                  0          1          2    
      0      38.648076 -250.343899 -116.443877
      1     361.095714  12.485980 -397.911525
      2      74.761954 288.605019  16.338986
 P Tensor eigenvectors:
                   0          1          2    
      0      -0.725581   0.203757  -0.657279
      1       0.211074   0.975014   0.069247
      2      -0.654966   0.088490   0.750459
 P Eigenvalues: 
                  0          1          2    
      0       6.253246  25.422560  35.797237
P(iso)  22.491014
 Nucleus: 30 H 
 Shielding tensor (ppm): 
                  0          1          2    
      0      38.064651 -245.327628 117.158463
      1     354.270320  12.663111 403.904210
      2     -75.006543 -292.733129  16.986115
 P Tensor eigenvectors:
                   0          1          2    
      0      -0.736393   0.205368   0.644631
      1       0.212124   0.974856  -0.068253
      2       0.642440  -0.086481   0.761441
 P Eigenvalues: 
                  0          1          2    
      0       6.412860  25.456540  35.844477
P(iso)  22.571292
 Nucleus: 32 H 
 Shielding tensor (ppm): 
                  0          1          2    
      0      -5.158509 300.332324 -55.430937
      1     -394.121678  49.762631 -461.724246
      2      42.310340 333.495134  18.605899
 P Tensor eigenvectors:
                   0          1          2    
      0      -0.754973   0.172188   0.632746
      1       0.080602   0.981960  -0.171047
      2       0.650783   0.078136   0.755232
 P Eigenvalues: 
                  0          1          2    
      0      10.690555  22.071003  30.448463
P(iso)  21.070007
 Nucleus: 33 H 
 Shielding tensor (ppm): 
                  0          1          2    
      0      -5.282044 305.807360  54.632018
      1     -401.653978  49.933968 455.340919
      2     -42.204324 -328.743333  18.728247
 P Tensor eigenvectors:
                   0          1          2    
      0      -0.744372   0.173278  -0.644892
      1       0.079743   0.981901   0.171787
      2      -0.662987  -0.076448   0.744717
 P Eigenvalues: 
                  0          1          2    
      0      10.752289  22.118590  30.509291
P(iso)  21.126723
 Nucleus: 35 H 
 Shielding tensor (ppm): 
                  0          1          2    
      0      51.240021 -35.400899   4.198734
      1      26.539400 -103.885522   0.371641
      2      -0.038249  -0.409851 -85.589390
 P Tensor eigenvectors:
                   0          1          2    
      0       0.919137  -0.009518  -0.393822
      1       0.393137  -0.041547   0.918541
      2      -0.025105  -0.999091  -0.034445
 P Eigenvalues: 
                  0          1          2    
      0      23.880453 -85.574100 -76.541243
P(iso)  -46.078297
 Nucleus: 36 H 
 Shielding tensor (ppm): 
                  0          1          2    
      0      50.652719 -27.461867   2.663197
      1      21.163247 -104.532779   0.261025
      2       0.782997  -0.283092 -88.665494
 P Tensor eigenvectors:
                   0          1          2    
      0       0.940451   0.000020  -0.339930
      1       0.339864  -0.019726   0.940268
      2      -0.006686  -0.999805  -0.018558
 P Eigenvalues: 
                  0          1          2    
      0      30.686603 -88.672170 -84.559987
P(iso)  -47.515185
 Nucleus: 37 H 
 Shielding tensor (ppm): 
                  0          1          2    
      0     -107.066807 -148.578554   0.575223
      1     276.123347  24.995031   3.481105
      2      -0.317834  -2.371509 -126.197808
 P Tensor eigenvectors:
                   0          1          2    
      0       0.301110   0.014581   0.953478
      1      -0.953548  -0.004693   0.301204
      2       0.008867  -0.999883   0.012491
 P Eigenvalues: 
                  0          1          2    
      0     -23.620332 -126.197684 -58.451568
P(iso)  -69.423195
 Nucleus: 38 H 
 Shielding tensor (ppm): 
                  0          1          2    
      0     -112.890440 -125.760714   0.214071
      1     232.209057  32.033219   1.957929
      2      -0.061950  -1.254141 -127.464112
 P Tensor eigenvectors:
                   0          1          2    
      0       0.349973   0.009067   0.936716
      1      -0.936751  -0.000867   0.349995
      2       0.003986  -0.999959   0.008190
 P Eigenvalues: 
                  0          1          2    
      0     -20.619951 -127.464400 -60.236981
P(iso)  -69.440444
# -----------------------------------------------------------
$ EPRNMR_ATensor
   description: Hyperfine A tensor
   geom. index: 1
   prop. index: 1
 Number of stored nuclei 21
 Source density: 1 SCF 
 Spin multiplicity: 2 
 Nucleus: 9 H  
 Isotope: 1 
 Nuclear Spin:  0.5 
 Prefactor (MHz): 533.551395 
 Raw A tensor (MHz): 
                  0          1          2    
      0     -14.497830  -6.122900   0.026777
      1      -6.125546 -12.005591  -0.068951
      2       0.026783  -0.068919 -16.028035
 A Tensor eigenvectors:
                   0          1          2    
      0      -0.632651  -0.010035   0.774372
      1       0.774398   0.001865   0.632696
      2      -0.007794   0.999948   0.006591
 A Eigenvalues: 
                  0          1          2    
      0      -7.001449 -16.028432 -19.501575
A(iso)  -14.177152
 Nucleus: 10 H  
 Isotope: 1 
 Nuclear Spin:  0.5 
 Prefactor (MHz): 533.551395 
 Raw A tensor (MHz): 
                  0          1          2    
      0       7.835403   2.314445   0.036878
      1       2.315309   6.401730   0.020831
      2       0.036875   0.020822   4.038130
 A Tensor eigenvectors:
                   0          1          2    
      0      -0.010757   0.593284   0.804921
      1       0.001718  -0.804956   0.593332
      2       0.999941   0.007765   0.007639
 A Eigenvalues: 
                  0          1          2    
      0       4.037769   4.695280   9.542214
A(iso)  6.091754
 Nucleus: 12 H  
 Isotope: 1 
 Nuclear Spin:  0.5 
 Prefactor (MHz): 533.551395 
 Raw A tensor (MHz): 
                  0          1          2    
      0     -17.371977  -1.193867   0.316963
      1      -1.191617 -71.328293   0.038168
      2       0.316955   0.038129 -46.392380
 A Tensor eigenvectors:
                   0          1          2    
      0       0.999697  -0.010836  -0.022121
      1      -0.022100   0.002049  -0.999754
      2       0.010879   0.999939   0.001809
 A Eigenvalues: 
                  0          1          2    
      0     -17.342186 -46.395737 -71.354728
A(iso)  -45.030884
 Nucleus: 14 H  
 Isotope: 1 
 Nuclear Spin:  0.5 
 Prefactor (MHz): 533.551395 
 Raw A tensor (MHz): 
                  0          1          2    
      0      61.574878  -3.630470   1.982724
      1      -3.629257  63.372087  -2.018022
      2       1.981255  -2.018089  58.488250
 A Tensor eigenvectors:
                   0          1          2    
      0      -0.371175  -0.712713   0.595205
      1       0.088179  -0.665154  -0.741482
      2       0.924366  -0.222735   0.309735
 A Eigenvalues: 
                  0          1          2    
      0      57.500051  58.806617  67.128546
A(iso)  61.145072
 Nucleus: 15 H  
 Isotope: 1 
 Nuclear Spin:  0.5 
 Prefactor (MHz): 533.551395 
 Raw A tensor (MHz): 
                  0          1          2    
      0      61.443860  -3.681259  -1.892156
      1      -3.680031  63.147688   1.912291
      2      -1.890686   1.912336  58.145143
 A Tensor eigenvectors:
                   0          1          2    
      0       0.346505  -0.718566   0.602990
      1      -0.086793  -0.664616  -0.742127
      2       0.934024   0.204816  -0.292659
 A Eigenvalues: 
                  0          1          2    
      0      57.265930  58.578666  66.892095
A(iso)  60.912230
 Nucleus: 17 H  
 Isotope: 1 
 Nuclear Spin:  0.5 
 Prefactor (MHz): 533.551395 
 Raw A tensor (MHz): 
                  0          1          2    
      0      -2.235498   2.068751   0.653544
      1       2.068743   1.948742   1.385044
      2       0.653108   1.384006  -2.745530
 A Tensor eigenvectors:
                   0          1          2    
      0      -0.699711  -0.455670  -0.550245
      1       0.445784  -0.880332   0.162148
      2      -0.558284  -0.131834   0.819108
 A Eigenvalues: 
                  0          1          2    
      0      -3.032244   3.057940  -3.057983
A(iso)  -1.010762
 Nucleus: 18 H  
 Isotope: 1 
 Nuclear Spin:  0.5 
 Prefactor (MHz): 533.551395 
 Raw A tensor (MHz): 
                  0          1          2    
      0      -2.202368   2.098143  -0.644323
      1       2.098160   1.938375  -1.347564
      2      -0.643891  -1.346534  -2.764983
 A Tensor eigenvectors:
                   0          1          2    
      0      -0.712048   0.593700   0.374843
      1       0.447332  -0.027898   0.893933
      2       0.541185   0.804203  -0.245717
 A Eigenvalues: 
                  0          1          2    
      0      -3.030975  -3.187136   3.189134
A(iso)  -1.009659
 Nucleus: 20 H  
 Isotope: 1 
 Nuclear Spin:  0.5 
 Prefactor (MHz): 533.551395 
 Raw A tensor (MHz): 
                  0          1          2    
      0       0.005941  -0.281306  -0.111655
      1      -0.281553   2.153096   0.374650
      2      -0.111773   0.374516   0.018290
 A Tensor eigenvectors:
                   0          1          2    
      0      -0.730675   0.670126  -0.130556
      1      -0.210727  -0.039474   0.976748
      2       0.649390   0.741197   0.170056
 A Eigenvalues: 
                  0          1          2    
      0       0.023327  -0.101934   2.255936
A(iso)  0.725776
 Nucleus: 21 H  
 Isotope: 1 
 Nuclear Spin:  0.5 
 Prefactor (MHz): 533.551395 
 Raw A tensor (MHz): 
                  0          1          2    
      0      -0.001934  -0.270982   0.112036
      1      -0.271226   2.149821  -0.385676
      2       0.112153  -0.385538   0.023657
 A Tensor eigenvectors:
                   0          1          2    
      0       0.713115  -0.689633   0.125990
      1       0.211904   0.040732  -0.976441
      2       0.668254   0.723013   0.175182
 A Eigenvalues: 
                  0          1          2    
      0       0.021808  -0.104251   2.253988
A(iso)  0.723848
 Nucleus: 23 H  
 Isotope: 1 
 Nuclear Spin:  0.5 
 Prefactor (MHz): 533.551395 
 Raw A tensor (MHz): 
                  0          1          2    
      0      22.364234   1.554037  -0.892248
      1       1.553432  22.379174  -0.467339
      2      -0.891649  -0.467486  21.062981
 A Tensor eigenvectors:
                   0          1          2    
      0       0.621234  -0.366506  -0.692634
      1      -0.338434   0.671716  -0.658984
      2       0.706775   0.643794   0.293254
 A Eigenvalues: 
                  0          1          2    
      0      20.502941  21.083278  24.220169
A(iso)  21.935463
 Nucleus: 24 H  
 Isotope: 1 
 Nuclear Spin:  0.5 
 Prefactor (MHz): 533.551395 
 Raw A tensor (MHz): 
                  0          1          2    
      0      22.217834   1.547656   0.909998
      1       1.547049  22.260577   0.493301
      2       0.909401   0.493464  20.974583
 A Tensor eigenvectors:
                   0          1          2    
      0      -0.633106   0.355053   0.687834
      1       0.339924  -0.670808   0.659142
      2       0.695434   0.651118   0.304001
 A Eigenvalues: 
                  0          1          2    
      0      20.387711  20.962530  24.102753
A(iso)  21.817665
 Nucleus: 26 H  
 Isotope: 1 
 Nuclear Spin:  0.5 
 Prefactor (MHz): 533.551395 
 Raw A tensor (MHz): 
                  0          1          2    
      0      -0.784025  -0.357659  -0.091716
      1      -0.357393   0.822998   0.396936
      2      -0.091540   0.396654  -0.896818
 A Tensor eigenvectors:
                   0          1          2    
      0       0.973988   0.098489   0.204078
      1       0.219910  -0.193596  -0.956117
      2      -0.054659   0.976125  -0.210219
 A Eigenvalues: 
                  0          1          2    
      0      -0.859585  -0.985218   0.986958
A(iso)  -0.285948
 Nucleus: 27 H  
 Isotope: 1 
 Nuclear Spin:  0.5 
 Prefactor (MHz): 533.551395 
 Raw A tensor (MHz): 
                  0          1          2    
      0      -0.783671  -0.349289   0.094003
      1      -0.349017   0.821296  -0.406942
      2       0.093828  -0.406666  -0.887787
 A Tensor eigenvectors:
                   0          1          2    
      0       0.973211  -0.113350   0.200031
      1       0.219376   0.197429  -0.955456
      2       0.068809   0.973742   0.217006
 A Eigenvalues: 
                  0          1          2    
      0      -0.855715  -0.981349   0.986901
A(iso)  -0.283387
 Nucleus: 29 H  
 Isotope: 1 
 Nuclear Spin:  0.5 
 Prefactor (MHz): 533.551395 
 Raw A tensor (MHz): 
                  0          1          2    
      0      -0.036742   0.277880  -0.064110
      1       0.277956   0.694881  -0.121445
      2      -0.064118  -0.121374  -0.097430
 A Tensor eigenvectors:
                   0          1          2    
      0       0.529712  -0.785943   0.318903
      1      -0.305558   0.173913   0.936157
      2      -0.791227  -0.593336  -0.148027
 A Eigenvalues: 
                  0          1          2    
      0      -0.101355  -0.146693   0.808758
A(iso)  0.186903
 Nucleus: 30 H  
 Isotope: 1 
 Nuclear Spin:  0.5 
 Prefactor (MHz): 533.551395 
 Raw A tensor (MHz): 
                  0          1          2    
      0      -0.038600   0.276475   0.064584
      1       0.276549   0.695043   0.125499
      2       0.064591   0.125427  -0.095543
 A Tensor eigenvectors:
                   0          1          2    
      0      -0.513818   0.797212  -0.316929
      1       0.304606  -0.175823  -0.936110
      2      -0.802001  -0.577528  -0.152494
 A Eigenvalues: 
                  0          1          2    
      0      -0.101779  -0.146424   0.809103
A(iso)  0.186967
 Nucleus: 32 H  
 Isotope: 1 
 Nuclear Spin:  0.5 
 Prefactor (MHz): 533.551395 
 Raw A tensor (MHz): 
                  0          1          2    
      0      -0.104455   0.005118   0.000532
      1       0.005161   0.375383  -0.065413
      2       0.000528  -0.065385  -0.118243
 A Tensor eigenvectors:
                   0          1          2    
      0       0.998533  -0.053175  -0.010251
      1      -0.003283   0.129508  -0.991573
      2       0.054054   0.990152   0.129144
 A Eigenvalues: 
                  0          1          2    
      0      -0.104443  -0.126824   0.383952
A(iso)  0.050895
 Nucleus: 33 H  
 Isotope: 1 
 Nuclear Spin:  0.5 
 Prefactor (MHz): 533.551395 
 Raw A tensor (MHz): 
                  0          1          2    
      0      -0.103961   0.004029  -0.000310
      1       0.004071   0.376167   0.064960
      2      -0.000306   0.064932  -0.117887
 A Tensor eigenvectors:
                   0          1          2    
      0       0.999287  -0.036884   0.008097
      1      -0.003296   0.128414   0.991715
      2      -0.037618  -0.991034   0.128201
 A Eigenvalues: 
                  0          1          2    
      0      -0.103963  -0.126312   0.384594
A(iso)  0.051440
 Nucleus: 35 H  
 Isotope: 1 
 Nuclear Spin:  0.5 
 Prefactor (MHz): 533.551395 
 Raw A tensor (MHz): 
                  0          1          2    
      0      -2.477084  -1.037631   0.100284
      1      -1.035067 -10.706051  -0.010162
      2       0.100263  -0.010206  -7.890574
 A Tensor eigenvectors:
                   0          1          2    
      0      -0.992218  -0.017940   0.123214
      1       0.123180   0.003000   0.992380
      2      -0.018173   0.999835  -0.000767
 A Eigenvalues: 
                  0          1          2    
      0      -2.346743  -7.892404 -10.834562
A(iso)  -7.024569
 Nucleus: 36 H  
 Isotope: 1 
 Nuclear Spin:  0.5 
 Prefactor (MHz): 533.551395 
 Raw A tensor (MHz): 
                  0          1          2    
      0       2.091987   0.163349  -0.017112
      1       0.163328   4.667114  -0.001271
      2      -0.017110  -0.001271   3.107391
 A Tensor eigenvectors:
                   0          1          2    
      0       0.997874  -0.016438  -0.063064
      1      -0.063031   0.002537  -0.998008
      2       0.016565   0.999862   0.001495
 A Eigenvalues: 
                  0          1          2    
      0       2.081387   3.107669   4.677437
A(iso)  3.288831
 Nucleus: 37 H  
 Isotope: 1 
 Nuclear Spin:  0.5 
 Prefactor (MHz): 533.551395 
 Raw A tensor (MHz): 
                  0          1          2    
      0      -0.777654   0.239443   0.000244
      1       0.239387   0.724323   0.000968
      2       0.000244   0.000967  -0.794311
 A Tensor eigenvectors:
                   0          1          2    
      0      -0.153712  -0.004323   0.988106
      1      -0.988115   0.001319  -0.153708
      2      -0.000639  -0.999990  -0.004474
 A Eigenvalues: 
                  0          1          2    
      0       0.761563  -0.794311  -0.814894
A(iso)  -0.282547
 Nucleus: 38 H  
 Isotope: 1 
 Nuclear Spin:  0.5 
 Prefactor (MHz): 533.551395 
 Raw A tensor (MHz): 
                  0          1          2    
      0      -0.119317   0.064176   0.000060
      1       0.064208   0.230496   0.000347
      2       0.000060   0.000347  -0.130832
 A Tensor eigenvectors:
                   0          1          2    
      0       0.984431  -0.017217   0.174927
      1      -0.174883   0.004019   0.984581
      2      -0.017654  -0.999844   0.000945
 A Eigenvalues: 
                  0          1          2    
      0      -0.130725  -0.130832   0.241904
A(iso)  -0.006551
# -------------------------------------------------------------
----------------------- !GEOMETRIES! ------------------------
# -------------------------------------------------------------
------------------------ !GEOMETRY! -------------------------
    Number of atoms:    39 
    Geometry Index:     1 
    Coordinates:
               0 C      3.991788243612   -0.049239882396    0.058108204506
               1 C      2.775740443178    0.000817948191    0.040924075961
               2 C     -2.904925831503    0.001969422868   -0.021064920238
               3 C      1.348501294798    0.035969980027    0.024650970239
               4 C      0.635243373928    1.290109646834    0.014122098892
               5 C     -0.786024691448    1.210124429407   -0.000914187406
               6 C     -1.471080401116   -0.005896146080   -0.005830295721
               7 C     -0.755050864334   -1.242723545415    0.004473256940
               8 C      0.640731865278   -1.178014606864    0.019328438682
               9 H     -1.371295902164    2.129823777095   -0.008865376090
              10 H      1.223341927870   -2.098995055147    0.027465444385
              11 C      1.310812684248    2.530857604813    0.018831916249
              12 H      2.403663300363    2.505003068910    0.030817682265
              13 C      0.641083822756    3.872285374562    0.008661168868
              14 H     -0.020407779760    3.959192160870   -0.878173876208
              15 H     -0.042670667328    3.961659877018    0.878175853907
              16 C      1.626344757072    5.048246428856    0.019382586495
              17 H      2.275422316321    4.965813004747    0.910219498368
              18 H      2.296697410353    4.963936512218   -0.855393882408
              19 C      0.933466648250    6.412040777141    0.009601308176
              20 H      0.280768272801    6.536674933055    0.890987258617
              21 H      0.302264637618    6.534793363111   -0.887575098080
              22 C     -1.517429883836   -2.551443119886   -0.000598890849
              23 H     -2.203438584888   -2.555197843260    0.867109417682
              24 H     -2.188522827894   -2.557023916239   -0.879836606649
              25 C     -0.686653892352   -3.837261349702    0.007761740289
              26 H     -0.015119253142   -3.856286541053   -0.870391749450
              27 H     -0.031196723172   -3.855470221325    0.897992408444
              28 C     -1.555554684004   -5.100741837468    0.000739035671
              29 H     -2.229365301212   -5.083796294662    0.877444157907
              30 H     -2.214538071634   -5.084219036221   -0.887176218063
              31 C     -0.737136512653   -6.394158907468    0.007905648394
              32 H     -0.093626884395   -6.456406605743    0.902511680945
              33 H     -0.079125222638   -6.457033838585   -0.876029501547
              34 C     -4.120620578893    0.011732327365   -0.035488398548
              35 H      5.062776493409   -0.099657125883    0.078802826293
              36 H     -5.192881686639    0.026348413802   -0.050614736893
              37 H      1.665287562109    7.235733068865    0.017559858074
              38 H     -1.387506018958   -7.283908316357    0.002941031901
