-------------------------------------------------------------
----------------------- !PROPERTIES! ------------------------
-------------------------------------------------------------
# -----------------------------------------------------------
$ PAL_Flags
   description: The PAL Flags
   geom. index: 1
   prop. index: 1
        Diskflag:     2
# -----------------------------------------------------------
$ SCF_Energy
   description: The SCF energy
   geom. index: 1
   prop. index: 1
        SCF Energy:     -697.9672699601
# -----------------------------------------------------------
$ DFT_Energy
   description: The DFT energy
   geom. index: 1
   prop. index: 1
   Number of Alpha Electrons                 65.0001360107 
   Number of Beta  Electrons                 64.0001264097 
   Total number of  Electrons               129.0002624204 
   Exchange energy                          -79.8260389141 
   Correlation energy                        -4.9898332098 
   Correlation energy NL                      0.0000000000 
   Exchange-Correlation energy              -84.8158721239 
   Embedding correction                       0.0000000000 
   Total DFT Energy (No VdW correction)    -697.9672699601 
# -----------------------------------------------------------
$ Mayer_Pop
   description: The Mayer population analysis
   geom. index: 1
   prop. index: 1
     Number of atoms                     : 39
     Threshold for printing              : 0.1000000
     Number of bond orders printed       : 39
  NA   - Mulliken gross atomic population
  ZA   - Total nuclear charge
  QA   - Mulliken gross atomic charge
  VA   - Mayer's total valence
  BVA  - Mayer's bonded valence
  FA   - Mayer's free valence
  ATOM       NA         ZA         QA         VA         BVA        FA
  0   0     6.6004     6.0000    -0.6004     3.3889     3.3821     0.0068
  1   0     5.3687     6.0000     0.6313     2.8703     2.8687     0.0016
  2   0     5.3754     6.0000     0.6246     2.8996     2.8992     0.0004
  3   0     6.0493     6.0000    -0.0493     3.7453     3.7101     0.0352
  4   0     5.9188     6.0000     0.0812     4.1156     4.1008     0.0148
  5   0     6.0125     6.0000    -0.0125     3.8604     3.8264     0.0340
  6   0     6.0225     6.0000    -0.0225     3.8143     3.8071     0.0072
  7   0     6.0766     6.0000    -0.0766     4.1258     4.0873     0.0385
  8   0     5.9744     6.0000     0.0256     3.8911     3.8830     0.0081
  9   0     1.0489     1.0000    -0.0489     1.0025     1.0024     0.0001
 10   0     1.0498     1.0000    -0.0498     1.0030     1.0030     0.0000
 11   0     6.0986     6.0000    -0.0986     3.9298     3.5551     0.3747
 12   0     1.0212     1.0000    -0.0212     1.0092     1.0080     0.0012
 13   0     5.9674     6.0000     0.0326     4.0104     4.0089     0.0015
 14   0     0.9704     1.0000     0.0296     0.9628     0.9617     0.0011
 15   0     0.9704     1.0000     0.0296     0.9628     0.9617     0.0011
 16   0     6.0388     6.0000    -0.0388     4.1313     4.1313     0.0000
 17   0     0.9868     1.0000     0.0132     0.9642     0.9642     0.0000
 18   0     0.9868     1.0000     0.0132     0.9642     0.9642     0.0000
 19   0     5.9946     6.0000     0.0054     4.0162     4.0162     0.0000
 20   0     0.9823     1.0000     0.0177     0.9775     0.9775     0.0000
 21   0     0.9823     1.0000     0.0177     0.9775     0.9775     0.0000
 22   0     5.9571     6.0000     0.0429     4.0286     4.0284     0.0002
 23   0     0.9678     1.0000     0.0322     0.9697     0.9696     0.0001
 24   0     0.9678     1.0000     0.0322     0.9698     0.9697     0.0001
 25   0     6.0366     6.0000    -0.0366     4.1150     4.1150     0.0000
 26   0     0.9831     1.0000     0.0169     0.9629     0.9629     0.0000
 27   0     0.9830     1.0000     0.0170     0.9629     0.9629     0.0000
 28   0     6.0244     6.0000    -0.0244     4.1176     4.1176     0.0000
 29   0     0.9938     1.0000     0.0062     0.9674     0.9674     0.0000
 30   0     0.9938     1.0000     0.0062     0.9674     0.9674     0.0000
 31   0     5.9971     6.0000     0.0029     4.0168     4.0168     0.0000
 32   0     0.9826     1.0000     0.0174     0.9773     0.9773     0.0000
 33   0     0.9826     1.0000     0.0174     0.9773     0.9773     0.0000
 34   0     6.6017     6.0000    -0.6017     3.3918     3.3903     0.0015
 35   0     1.0298     1.0000    -0.0298     1.0305     1.0305     0.0000
 36   0     1.0286     1.0000    -0.0286     1.0304     1.0304     0.0000
 37   0     0.9862     1.0000     0.0138     0.9734     0.9734     0.0000
 38   0     0.9871     1.0000     0.0129     0.9735     0.9735     0.0000
      Bond orders larger than 0.1000000
           Atom A     A.N. of A          Atom B    A.N. of B              Bond order
                0             6               1            6                2.101049
                0             6              35            1                1.119043
                1             6               3            6                0.906696
                2             6               6            6                0.902905
                2             6              34            6                2.127143
                3             6               4            6                1.277444
                3             6               8            6                1.395288
                4             6               5            6                1.285170
                4             6              11            6                1.368055
                5             6               6            6                1.440391
                5             6               9            1                0.919797
                6             6               7            6                1.342728
                7             6               8            6                1.409447
                7             6              22            6                1.092453
                8             6              10            1                0.921372
               11             6              12            1                0.902850
               11             6              13            6                1.083763
               13             6              14            1                0.911672
               13             6              15            1                0.911663
               13             6              16            6                1.071494
               16             6              17            1                0.943803
               16             6              18            1                0.943768
               16             6              19            6                1.106545
               19             6              20            1                0.965327
               19             6              21            1                0.965326
               19             6              37            1                0.960840
               22             6              23            1                0.896837
               22             6              24            1                0.896839
               22             6              25            6                1.103524
               25             6              26            1                0.929439
               25             6              27            1                0.929312
               25             6              28            6                1.075098
               28             6              29            1                0.941016
               28             6              30            1                0.941004
               28             6              31            6                1.106073
               31             6              32            1                0.966201
               31             6              33            1                0.966207
               31             6              38            1                0.961690
               34             6              36            1                1.117838
# -----------------------------------------------------------
$ Calculation_Info
   description: Details of the calculation
   geom. index: 1
   prop. index: 1
     Multiplicity:                          2
     Charge:                                0
     number of atoms:                       39
     number of electrons:                   0
     number of frozen core electrons:       1
     number of correlated electrons:        0
     number of basis functions:             357
     number of aux C basis functions:       2418
     number of aux J basis functions:       2418
     number of aux JK basis functions:      2418
     number of aux CABS basis functions:    0
     Total Energy                           -697.967270
# -----------------------------------------------------------
$ SCF_Electric_Properties
   description: The SCF Calculated Electric Properties
   geom. index: 1
   prop. index: 1
       Filename                          : cc-pVDZ_i.scfp 
       Do Dipole Moment Calculation      : true 
       Do Quadrupole Moment Calculation  : false 
       Do Polarizability Calculation     : false 
** Dipole moment part of electric properties **
        Magnitude of dipole moment (Debye) :        0.2492429239
        Electronic Contribution:
                  0    
      0       0.614439
      1       2.290214
      2       0.010219
        Nuclear Contribution:
                  0    
      0      -0.703759
      1      -2.249760
      2      -0.009447
        Total Dipole moment:
                  0    
      0      -0.089321
      1       0.040454
      2       0.000771
# -----------------------------------------------------------
$ EPRNMR_GTensor
   description: Electronic g tensor
   geom. index: 1
   prop. index: 1
 Source density: 1 SCF 
 Spin multiplicity: 2 
 raw g tensor: 
                  0          1          2    
      0       2.002776   0.000081   0.000006
      1       0.000063   2.002763  -0.000000
      2       0.000006  -0.000000   2.002186
 g tensor: 
                  0          1          2    
      0      -0.010879  -0.674886  -0.737842
      1       0.001861   0.737870  -0.674940
      2       0.999939  -0.008716  -0.006771
 G eigenvalues: 
                  0          1          2    
      0       2.002186   2.002697   2.002842
# -----------------------------------------------------------
$ EPRNMR_OrbitalShielding
   description: Orbital contribution to the NMR Shielding tensor (ppm)
   geom. index: 1
   prop. index: 1
 Number of stored nuclei 21
 Source density: 1 SCF 
 Nucleus: 9 H 
 Shielding tensor (ppm): 
                  0          1          2    
      0      26.849232   5.400326   0.066509
      1       4.874581  26.720586   0.038604
      2       0.070113   0.047467  19.725653
 P Tensor eigenvectors:
                   0          1          2    
      0      -0.010931   0.706072   0.708056
      1       0.001926  -0.708082   0.706127
      2       0.999938   0.009082   0.006380
 P Eigenvalues: 
                  0          1          2    
      0      19.724986  21.647457  31.923027
P(iso)  24.431823
 Nucleus: 10 H 
 Shielding tensor (ppm): 
                  0          1          2    
      0      27.529275   5.663013   0.081356
      1       5.380984  26.489709   0.046932
      2       0.074052   0.054365  19.409057
 P Tensor eigenvectors:
                   0          1          2    
      0      -0.010102   0.675024   0.737726
      1       0.000716  -0.737759   0.675064
      2       0.999949   0.007348   0.006969
 P Eigenvalues: 
                  0          1          2    
      0      19.408312  21.463266  32.556462
P(iso)  24.476013
 Nucleus: 12 H 
 Shielding tensor (ppm): 
                  0          1          2    
      0      22.791576  -2.101707   0.029751
      1      -1.470878  32.716851  -0.040301
      2       0.025158  -0.047591  20.523598
 P Tensor eigenvectors:
                   0          1          2    
      0      -0.010511  -0.986019   0.166302
      1       0.002063  -0.166332  -0.986068
      2       0.999943  -0.010022   0.003782
 P Eigenvalues: 
                  0          1          2    
      0      20.523219  22.480413  33.028392
P(iso)  25.344008
 Nucleus: 14 H 
 Shielding tensor (ppm): 
                  0          1          2    
      0      28.615707   1.182414   3.153717
      1       0.682900  30.499997  -0.466976
      2       4.003079  -1.397818  27.934803
 P Tensor eigenvectors:
                   0          1          2    
      0      -0.654450  -0.096973   0.749861
      1       0.201844  -0.978158   0.049665
      2       0.728666   0.183858   0.659729
 P Eigenvalues: 
                  0          1          2    
      0      24.397375  30.780267  31.872865
P(iso)  29.016836
 Nucleus: 15 H 
 Shielding tensor (ppm): 
                  0          1          2    
      0      28.795974   1.151234  -3.135420
      1       0.662124  30.518137   0.471841
      2      -3.986495   1.409370  27.735311
 P Tensor eigenvectors:
                   0          1          2    
      0       0.635494  -0.082715   0.767662
      1      -0.198968  -0.978210   0.059311
      2       0.746028  -0.190432  -0.638104
 P Eigenvalues: 
                  0          1          2    
      0      24.388826  30.790416  31.870180
P(iso)  29.016474
 Nucleus: 17 H 
 Shielding tensor (ppm): 
                  0          1          2    
      0      30.525375  -0.510599   4.466894
      1      -0.184004  29.975304  -0.461620
      2       4.405770   0.736789  28.624843
 P Tensor eigenvectors:
                   0          1          2    
      0      -0.629160  -0.003201  -0.777269
      1      -0.055234   0.997648   0.040601
      2       0.775310   0.068476  -0.627857
 P Eigenvalues: 
                  0          1          2    
      0      25.017314  29.988049  34.120158
P(iso)  29.708507
 Nucleus: 18 H 
 Shielding tensor (ppm): 
                  0          1          2    
      0      30.737112  -0.503422  -4.417282
      1      -0.203528  29.970898   0.450334
      2      -4.354943  -0.750310  28.413656
 P Tensor eigenvectors:
                   0          1          2    
      0       0.610405  -0.001760  -0.792087
      1       0.057131   0.997491   0.041810
      2       0.790026  -0.070774   0.608974
 P Eigenvalues: 
                  0          1          2    
      0      25.015969  29.984426  34.121272
P(iso)  29.707222
 Nucleus: 20 H 
 Shielding tensor (ppm): 
                  0          1          2    
      0      29.754921  -1.640792  -3.745043
      1      -2.327619  30.710095   2.534975
      2      -3.161142   2.159137  30.568905
 P Tensor eigenvectors:
                   0          1          2    
      0      -0.742155   0.370550  -0.558478
      1       0.025627   0.848346   0.528822
      2      -0.669738  -0.378156   0.639101
 P Eigenvalues: 
                  0          1          2    
      0      26.682853  28.773094  35.577974
P(iso)  30.344640
 Nucleus: 21 H 
 Shielding tensor (ppm): 
                  0          1          2    
      0      29.588048  -1.582235   3.722389
      1      -2.259276  30.699028  -2.592845
      2       3.140103  -2.199027  30.745177
 P Tensor eigenvectors:
                   0          1          2    
      0      -0.758138   0.361477   0.542735
      1       0.027093   0.849037  -0.527638
      2       0.651531   0.385318   0.653481
 P Eigenvalues: 
                  0          1          2    
      0      26.684645  28.769899  35.577709
P(iso)  30.344084
 Nucleus: 23 H 
 Shielding tensor (ppm): 
                  0          1          2    
      0      28.568114  -1.604357  -3.365415
      1      -1.205952  31.181343   0.036762
      2      -4.810405  -0.910012  26.559405
 P Tensor eigenvectors:
                   0          1          2    
      0       0.611726   0.413490  -0.674402
      1       0.141674   0.781471   0.607644
      2       0.778280  -0.467257   0.419465
 P Eigenvalues: 
                  0          1          2    
      0      23.171547  30.715832  32.421482
P(iso)  28.769621
 Nucleus: 24 H 
 Shielding tensor (ppm): 
                  0          1          2    
      0      28.417493  -1.631206   3.410640
      1      -1.202283  31.200487  -0.073844
      2       4.850327   0.856213  26.682817
 P Tensor eigenvectors:
                   0          1          2    
      0      -0.625128   0.411464  -0.663259
      1      -0.139308   0.777301   0.613512
      2       0.767990   0.475921  -0.428592
 P Eigenvalues: 
                  0          1          2    
      0      23.151893  30.706948  32.441956
P(iso)  28.766932
 Nucleus: 26 H 
 Shielding tensor (ppm): 
                  0          1          2    
      0      30.161763   0.681426  -3.714118
      1       0.633961  31.330340   0.230791
      2      -3.694936   1.415526  28.141502
 P Tensor eigenvectors:
                   0          1          2    
      0       0.599311  -0.088750   0.795581
      1      -0.159081  -0.987218   0.009707
      2       0.784550  -0.132380  -0.605769
 P Eigenvalues: 
                  0          1          2    
      0      25.133284  31.508608  32.991712
P(iso)  29.877868
 Nucleus: 27 H 
 Shielding tensor (ppm): 
                  0          1          2    
      0      30.026058   0.719484   3.753923
      1       0.650521  31.321407  -0.226498
      2       3.734918  -1.401044  28.273157
 P Tensor eigenvectors:
                   0          1          2    
      0      -0.613420  -0.087912   0.784849
      1       0.160609  -0.986904   0.014984
      2       0.773254   0.135246   0.619506
 P Eigenvalues: 
                  0          1          2    
      0      25.122101  31.502697  32.995824
P(iso)  29.873541
 Nucleus: 29 H 
 Shielding tensor (ppm): 
                  0          1          2    
      0      30.668022  -0.003449  -4.523573
      1       0.079109  30.656153  -0.534545
      2      -4.301485  -1.181279  28.469054
 P Tensor eigenvectors:
                   0          1          2    
      0       0.607878  -0.193166  -0.770176
      1       0.109238   0.981080  -0.159843
      2       0.786480   0.013033   0.617478
 P Eigenvalues: 
                  0          1          2    
      0      24.946197  30.642165  34.204868
P(iso)  29.931077
 Nucleus: 30 H 
 Shielding tensor (ppm): 
                  0          1          2    
      0      30.518014  -0.025430   4.562774
      1       0.070581  30.662495   0.529997
      2       4.339956   1.174921  28.615549
 P Tensor eigenvectors:
                   0          1          2    
      0      -0.621199  -0.191509  -0.759892
      1      -0.108276   0.981354  -0.158809
      2       0.776137  -0.016374  -0.630352
 P Eigenvalues: 
                  0          1          2    
      0      24.941125  30.648683  34.206250
P(iso)  29.932019
 Nucleus: 32 H 
 Shielding tensor (ppm): 
                  0          1          2    
      0      29.830006  -1.633046   3.906263
      1      -2.449762  30.479397  -2.272282
      2       3.310326  -1.923647  30.704610
 P Tensor eigenvectors:
                   0          1          2    
      0      -0.763766   0.280728   0.581251
      1      -0.055080   0.868849  -0.492004
      2       0.643138   0.407792   0.648135
 P Eigenvalues: 
                  0          1          2    
      0      26.625774  28.809322  35.578918
P(iso)  30.338004
 Nucleus: 33 H 
 Shielding tensor (ppm): 
                  0          1          2    
      0      29.948029  -1.668176  -3.914536
      1      -2.490269  30.481931   2.230271
      2      -3.317992   1.898428  30.584875
 P Tensor eigenvectors:
                   0          1          2    
      0      -0.753388   0.286914  -0.591681
      1      -0.056166   0.868426   0.492628
      2      -0.655173  -0.404372   0.638147
 P Eigenvalues: 
                  0          1          2    
      0      26.629074  28.807935  35.577826
P(iso)  30.338278
 Nucleus: 35 H 
 Shielding tensor (ppm): 
                  0          1          2    
      0      34.763406  -0.628782   0.186362
      1      -0.709632  25.529190  -0.016090
      2       0.096423  -0.009560  23.952692
 P Tensor eigenvectors:
                   0          1          2    
      0      -0.013680   0.071265  -0.997364
      1       0.002675   0.997456   0.071235
      2       0.999903  -0.001694  -0.013836
 P Eigenvalues: 
                  0          1          2    
      0      23.950839  25.480953  34.813496
P(iso)  28.081763
 Nucleus: 36 H 
 Shielding tensor (ppm): 
                  0          1          2    
      0      35.304629  -0.493434   0.150693
      1      -0.994277  25.518012  -0.016477
      2       0.115452  -0.007937  23.970595
 P Tensor eigenvectors:
                   0          1          2    
      0      -0.011897   0.071272  -0.997386
      1       0.002287   0.997456   0.071249
      2       0.999927  -0.001434  -0.012030
 P Eigenvalues: 
                  0          1          2    
      0      23.969026  25.461967  35.362243
P(iso)  28.264412
 Nucleus: 37 H 
 Shielding tensor (ppm): 
                  0          1          2    
      0      29.140057   2.489891   0.037538
      1       3.854669  35.468058   0.035703
      2       0.036140   0.019378  25.732936
 P Tensor eigenvectors:
                   0          1          2    
      0      -0.011738   0.919453   0.393025
      1       0.000994  -0.393041   0.919520
      2       0.999931   0.011184   0.003700
 P Eigenvalues: 
                  0          1          2    
      0      25.732531  27.824890  36.783631
P(iso)  30.113684
 Nucleus: 38 H 
 Shielding tensor (ppm): 
                  0          1          2    
      0      28.500627   1.923640   0.022755
      1       3.176661  36.154653   0.021428
      2       0.022183   0.011499  25.730354
 P Tensor eigenvectors:
                   0          1          2    
      0      -0.008588   0.954232   0.298943
      1       0.000529  -0.298950   0.954269
      2       0.999963   0.008353   0.002063
 P Eigenvalues: 
                  0          1          2    
      0      25.730170  27.729807  36.925657
P(iso)  30.128545
# -----------------------------------------------------------
$ EPRNMR_ATensor
   description: Hyperfine A tensor
   geom. index: 1
   prop. index: 1
 Number of stored nuclei 21
 Source density: 1 SCF 
 Spin multiplicity: 2 
 Nucleus: 9 H  
 Isotope: 1 
 Nuclear Spin:  0.5 
 Prefactor (MHz): 533.551395 
 Raw A tensor (MHz): 
                  0          1          2    
      0     -14.449567  -6.115803   0.026765
      1      -6.118448 -11.966021  -0.068858
      2       0.026771  -0.068827 -15.979758
 A Tensor eigenvectors:
                   0          1          2    
      0      -0.632827  -0.010034   0.774228
      1       0.774254   0.001866   0.632872
      2      -0.007795   0.999948   0.006588
 A Eigenvalues: 
                  0          1          2    
      0      -6.965354 -15.980155 -19.449837
A(iso)  -14.131782
 Nucleus: 10 H  
 Isotope: 1 
 Nuclear Spin:  0.5 
 Prefactor (MHz): 533.551395 
 Raw A tensor (MHz): 
                  0          1          2    
      0       7.803160   2.309007   0.036866
      1       2.309869   6.376869   0.020760
      2       0.036863   0.020751   4.007940
 A Tensor eigenvectors:
                   0          1          2    
      0      -0.010759   0.593603   0.804686
      1       0.001722  -0.804721   0.593651
      2       0.999941   0.007773   0.007636
 A Eigenvalues: 
                  0          1          2    
      0       4.007579   4.673015   9.507374
A(iso)  6.062656
 Nucleus: 12 H  
 Isotope: 1 
 Nuclear Spin:  0.5 
 Prefactor (MHz): 533.551395 
 Raw A tensor (MHz): 
                  0          1          2    
      0     -17.378674  -1.194009   0.317016
      1      -1.191759 -71.343243   0.038178
      2       0.317008   0.038140 -46.403278
 A Tensor eigenvectors:
                   0          1          2    
      0       0.999697  -0.010836  -0.022120
      1      -0.022099   0.002050  -0.999754
      2       0.010879   0.999939   0.001809
 A Eigenvalues: 
                  0          1          2    
      0     -17.348880 -46.406635 -71.369680
A(iso)  -45.041732
 Nucleus: 14 H  
 Isotope: 1 
 Nuclear Spin:  0.5 
 Prefactor (MHz): 533.551395 
 Raw A tensor (MHz): 
                  0          1          2    
      0      61.589162  -3.631273   1.982831
      1      -3.630059  63.386194  -2.018134
      2       1.981362  -2.018201  58.501922
 A Tensor eigenvectors:
                   0          1          2    
      0      -0.371157  -0.712699   0.595233
      1       0.088155  -0.665170  -0.741470
      2       0.924376  -0.222729   0.309711
 A Eigenvalues: 
                  0          1          2    
      0      57.513772  58.820033  67.143474
A(iso)  61.159093
 Nucleus: 15 H  
 Isotope: 1 
 Nuclear Spin:  0.5 
 Prefactor (MHz): 533.551395 
 Raw A tensor (MHz): 
                  0          1          2    
      0      61.458146  -3.682064  -1.892247
      1      -3.680836  63.161785   1.912385
      2      -1.890777   1.912430  58.158804
 A Tensor eigenvectors:
                   0          1          2    
      0       0.346486  -0.718552   0.603018
      1      -0.086770  -0.664632  -0.742115
      2       0.934033   0.204809  -0.292635
 A Eigenvalues: 
                  0          1          2    
      0      57.279645  58.592074  66.907017
A(iso)  60.926245
 Nucleus: 17 H  
 Isotope: 1 
 Nuclear Spin:  0.5 
 Prefactor (MHz): 533.551395 
 Raw A tensor (MHz): 
                  0          1          2    
      0      -2.236263   2.069048   0.653626
      1       2.069040   1.948615   1.385230
      2       0.653190   1.384193  -2.746248
 A Tensor eigenvectors:
                   0          1          2    
      0      -0.699505  -0.376092  -0.607657
      1       0.445772  -0.894238   0.040312
      2      -0.558551  -0.242678   0.793176
 A Eigenvalues: 
                  0          1          2    
      0      -3.033081   3.192166  -3.192981
A(iso)  -1.011299
 Nucleus: 18 H  
 Isotope: 1 
 Nuclear Spin:  0.5 
 Prefactor (MHz): 533.551395 
 Raw A tensor (MHz): 
                  0          1          2    
      0      -2.203126   2.098445  -0.644407
      1       2.098461   1.938248  -1.347745
      2      -0.643974  -1.346716  -2.765702
 A Tensor eigenvectors:
                   0          1          2    
      0      -0.711843   0.594731   0.373597
      1       0.447320  -0.026180   0.893991
      2       0.541465   0.803499  -0.247399
 A Eigenvalues: 
                  0          1          2    
      0      -3.031810  -3.187831   3.189061
A(iso)  -1.010193
 Nucleus: 20 H  
 Isotope: 1 
 Nuclear Spin:  0.5 
 Prefactor (MHz): 533.551395 
 Raw A tensor (MHz): 
                  0          1          2    
      0       0.006052  -0.281330  -0.111660
      1      -0.281578   2.153386   0.374674
      2      -0.111777   0.374541   0.018400
 A Tensor eigenvectors:
                   0          1          2    
      0      -0.730664   0.670138  -0.130556
      1      -0.210725  -0.039468   0.976748
      2       0.649404   0.741186   0.170053
 A Eigenvalues: 
                  0          1          2    
      0       0.023434  -0.101828   2.256232
A(iso)  0.725946
 Nucleus: 21 H  
 Isotope: 1 
 Nuclear Spin:  0.5 
 Prefactor (MHz): 533.551395 
 Raw A tensor (MHz): 
                  0          1          2    
      0      -0.001823  -0.271006   0.112040
      1      -0.271251   2.150112  -0.385701
      2       0.112157  -0.385563   0.023768
 A Tensor eigenvectors:
                   0          1          2    
      0       0.713104  -0.689645   0.125990
      1       0.211902   0.040726  -0.976442
      2       0.668267   0.723002   0.175179
 A Eigenvalues: 
                  0          1          2    
      0       0.021916  -0.104144   2.254285
A(iso)  0.724019
 Nucleus: 23 H  
 Isotope: 1 
 Nuclear Spin:  0.5 
 Prefactor (MHz): 533.551395 
 Raw A tensor (MHz): 
                  0          1          2    
      0      22.345781   1.553366  -0.892474
      1       1.552761  22.358598  -0.466708
      2      -0.891876  -0.466855  21.044730
 A Tensor eigenvectors:
                   0          1          2    
      0       0.621337  -0.365896  -0.692864
      1      -0.338936   0.671749  -0.658692
      2       0.706444   0.644106   0.293368
 A Eigenvalues: 
                  0          1          2    
      0      20.484127  21.064933  24.200049
A(iso)  21.916370
 Nucleus: 24 H  
 Isotope: 1 
 Nuclear Spin:  0.5 
 Prefactor (MHz): 533.551395 
 Raw A tensor (MHz): 
                  0          1          2    
      0      22.199440   1.546995   0.910222
      1       1.546388  22.240060   0.492662
      2       0.909625   0.492825  20.956408
 A Tensor eigenvectors:
                   0          1          2    
      0      -0.633205   0.354432   0.688062
      1       0.340430  -0.670839   0.658849
      2       0.695096   0.651423   0.304119
 A Eigenvalues: 
                  0          1          2    
      0      20.368963  20.944250  24.082696
A(iso)  21.798636
 Nucleus: 26 H  
 Isotope: 1 
 Nuclear Spin:  0.5 
 Prefactor (MHz): 533.551395 
 Raw A tensor (MHz): 
                  0          1          2    
      0      -0.783507  -0.357169  -0.091648
      1      -0.356902   0.823206   0.396832
      2      -0.091472   0.396550  -0.896298
 A Tensor eigenvectors:
                   0          1          2    
      0       0.974008   0.098767   0.203848
      1       0.219755  -0.193812  -0.956109
      2      -0.054924   0.976054  -0.210479
 A Eigenvalues: 
                  0          1          2    
      0      -0.858877  -0.984677   0.986955
A(iso)  -0.285533
 Nucleus: 27 H  
 Isotope: 1 
 Nuclear Spin:  0.5 
 Prefactor (MHz): 533.551395 
 Raw A tensor (MHz): 
                  0          1          2    
      0      -0.783161  -0.348802   0.093934
      1      -0.348530   0.821498  -0.406827
      2       0.093759  -0.406552  -0.887279
 A Tensor eigenvectors:
                   0          1          2    
      0       0.973226  -0.113583   0.199823
      1       0.219222   0.197419  -0.955493
      2       0.069079   0.973717   0.217033
 A Eigenvalues: 
                  0          1          2    
      0      -0.855017  -0.980815   0.986891
A(iso)  -0.282981
 Nucleus: 29 H  
 Isotope: 1 
 Nuclear Spin:  0.5 
 Prefactor (MHz): 533.551395 
 Raw A tensor (MHz): 
                  0          1          2    
      0      -0.036677   0.277781  -0.064086
      1       0.277856   0.694637  -0.121428
      2      -0.064094  -0.121357  -0.097433
 A Tensor eigenvectors:
                   0          1          2    
      0       0.530415  -0.785464   0.318915
      1      -0.305736   0.173636   0.936149
      2      -0.790687  -0.594051  -0.148045
 A Eigenvalues: 
                  0          1          2    
      0      -0.101341  -0.146616   0.808484
A(iso)  0.186842
 Nucleus: 30 H  
 Isotope: 1 
 Nuclear Spin:  0.5 
 Prefactor (MHz): 533.551395 
 Raw A tensor (MHz): 
                  0          1          2    
      0      -0.038539   0.276375   0.064561
      1       0.276448   0.694795   0.125480
      2       0.064569   0.125408  -0.095552
 A Tensor eigenvectors:
                   0          1          2    
      0      -0.514546   0.796738  -0.316941
      1       0.304789  -0.175542  -0.936103
      2      -0.801465  -0.578268  -0.152512
 A Eigenvalues: 
                  0          1          2    
      0      -0.101769  -0.146350   0.808824
A(iso)  0.186901
 Nucleus: 32 H  
 Isotope: 1 
 Nuclear Spin:  0.5 
 Prefactor (MHz): 533.551395 
 Raw A tensor (MHz): 
                  0          1          2    
      0      -0.104482   0.005128   0.000536
      1       0.005170   0.375278  -0.065401
      2       0.000532  -0.065373  -0.118271
 A Tensor eigenvectors:
                   0          1          2    
      0       0.998520  -0.053412  -0.010271
      1      -0.003272   0.129507  -0.991573
      2       0.054292   0.990139   0.129141
 A Eigenvalues: 
                  0          1          2    
      0      -0.104470  -0.126850   0.383846
A(iso)  0.050842
 Nucleus: 33 H  
 Isotope: 1 
 Nuclear Spin:  0.5 
 Prefactor (MHz): 533.551395 
 Raw A tensor (MHz): 
                  0          1          2    
      0      -0.103987   0.004039  -0.000314
      1       0.004080   0.376063   0.064948
      2      -0.000310   0.064920  -0.117914
 A Tensor eigenvectors:
                   0          1          2    
      0       0.999278  -0.037125   0.008117
      1      -0.003285   0.128413   0.991715
      2      -0.037860  -0.991026   0.128198
 A Eigenvalues: 
                  0          1          2    
      0      -0.103989  -0.126338   0.384488
A(iso)  0.051387
 Nucleus: 35 H  
 Isotope: 1 
 Nuclear Spin:  0.5 
 Prefactor (MHz): 533.551395 
 Raw A tensor (MHz): 
                  0          1          2    
      0      -2.439788  -1.036740   0.099925
      1      -1.034177 -10.648608  -0.010149
      2       0.099904  -0.010193  -7.835570
 A Tensor eigenvectors:
                   0          1          2    
      0      -0.992195  -0.017933   0.123402
      1       0.123368   0.002999   0.992356
      2      -0.018166   0.999835  -0.000763
 A Eigenvalues: 
                  0          1          2    
      0      -2.309366  -7.837393 -10.777207
A(iso)  -6.974655
 Nucleus: 36 H  
 Isotope: 1 
 Nuclear Spin:  0.5 
 Prefactor (MHz): 533.551395 
 Raw A tensor (MHz): 
                  0          1          2    
      0       2.040412   0.163006  -0.016749
      1       0.162985   4.588325  -0.001271
      2      -0.016747  -0.001271   3.030946
 A Tensor eigenvectors:
                   0          1          2    
      0       0.997840  -0.016484  -0.063597
      1      -0.063564   0.002542  -0.997975
      2       0.016612   0.999861   0.001489
 A Eigenvalues: 
                  0          1          2    
      0       2.029750   3.031219   4.598713
A(iso)  3.219894
 Nucleus: 37 H  
 Isotope: 1 
 Nuclear Spin:  0.5 
 Prefactor (MHz): 533.551395 
 Raw A tensor (MHz): 
                  0          1          2    
      0      -0.777788   0.239474   0.000244
      1       0.239418   0.724307   0.000968
      2       0.000243   0.000968  -0.794438
 A Tensor eigenvectors:
                   0          1          2    
      0      -0.153720  -0.004309   0.988105
      1      -0.988114   0.001317  -0.153715
      2      -0.000639  -0.999990  -0.004460
 A Eigenvalues: 
                  0          1          2    
      0       0.761554  -0.794438  -0.815034
A(iso)  -0.282639
 Nucleus: 38 H  
 Isotope: 1 
 Nuclear Spin:  0.5 
 Prefactor (MHz): 533.551395 
 Raw A tensor (MHz): 
                  0          1          2    
      0      -0.119267   0.064161   0.000060
      1       0.064192   0.230483   0.000347
      2       0.000060   0.000347  -0.130798
 A Tensor eigenvectors:
                   0          1          2    
      0       0.984499  -0.012825   0.174919
      1      -0.174891   0.003238   0.984582
      2      -0.013194  -0.999913   0.000945
 A Eigenvalues: 
                  0          1          2    
      0      -0.130671  -0.130799   0.241887
A(iso)  -0.006528
# -------------------------------------------------------------
----------------------- !GEOMETRIES! ------------------------
# -------------------------------------------------------------
------------------------ !GEOMETRY! -------------------------
    Number of atoms:    39 
    Geometry Index:     1 
    Coordinates:
               0 C      3.991788243612   -0.049239882396    0.058108204506
               1 C      2.775740443178    0.000817948191    0.040924075961
               2 C     -2.904925831503    0.001969422868   -0.021064920238
               3 C      1.348501294798    0.035969980027    0.024650970239
               4 C      0.635243373928    1.290109646834    0.014122098892
               5 C     -0.786024691448    1.210124429407   -0.000914187406
               6 C     -1.471080401116   -0.005896146080   -0.005830295721
               7 C     -0.755050864334   -1.242723545415    0.004473256940
               8 C      0.640731865278   -1.178014606864    0.019328438682
               9 H     -1.371295902164    2.129823777095   -0.008865376090
              10 H      1.223341927870   -2.098995055147    0.027465444385
              11 C      1.310812684248    2.530857604813    0.018831916249
              12 H      2.403663300363    2.505003068910    0.030817682265
              13 C      0.641083822756    3.872285374562    0.008661168868
              14 H     -0.020407779760    3.959192160870   -0.878173876208
              15 H     -0.042670667328    3.961659877018    0.878175853907
              16 C      1.626344757072    5.048246428856    0.019382586495
              17 H      2.275422316321    4.965813004747    0.910219498368
              18 H      2.296697410353    4.963936512218   -0.855393882408
              19 C      0.933466648250    6.412040777141    0.009601308176
              20 H      0.280768272801    6.536674933055    0.890987258617
              21 H      0.302264637618    6.534793363111   -0.887575098080
              22 C     -1.517429883836   -2.551443119886   -0.000598890849
              23 H     -2.203438584888   -2.555197843260    0.867109417682
              24 H     -2.188522827894   -2.557023916239   -0.879836606649
              25 C     -0.686653892352   -3.837261349702    0.007761740289
              26 H     -0.015119253142   -3.856286541053   -0.870391749450
              27 H     -0.031196723172   -3.855470221325    0.897992408444
              28 C     -1.555554684004   -5.100741837468    0.000739035671
              29 H     -2.229365301212   -5.083796294662    0.877444157907
              30 H     -2.214538071634   -5.084219036221   -0.887176218063
              31 C     -0.737136512653   -6.394158907468    0.007905648394
              32 H     -0.093626884395   -6.456406605743    0.902511680945
              33 H     -0.079125222638   -6.457033838585   -0.876029501547
              34 C     -4.120620578893    0.011732327365   -0.035488398548
              35 H      5.062776493409   -0.099657125883    0.078802826293
              36 H     -5.192881686639    0.026348413802   -0.050614736893
              37 H      1.665287562109    7.235733068865    0.017559858074
              38 H     -1.387506018958   -7.283908316357    0.002941031901
