-------------------------------------------------------------
----------------------- !PROPERTIES! ------------------------
-------------------------------------------------------------
# -----------------------------------------------------------
$ PAL_Flags
   description: The PAL Flags
   geom. index: 1
   prop. index: 1
        Diskflag:     2
# -----------------------------------------------------------
$ SCF_Energy
   description: The SCF energy
   geom. index: 1
   prop. index: 1
        SCF Energy:     -697.9672707090
# -----------------------------------------------------------
$ DFT_Energy
   description: The DFT energy
   geom. index: 1
   prop. index: 1
   Number of Alpha Electrons                 65.0001358026 
   Number of Beta  Electrons                 64.0001261933 
   Total number of  Electrons               129.0002619959 
   Exchange energy                          -79.8259980892 
   Correlation energy                        -4.9898268316 
   Correlation energy NL                      0.0000000000 
   Exchange-Correlation energy              -84.8158249208 
   Embedding correction                       0.0000000000 
   Total DFT Energy (No VdW correction)    -697.9672707090 
# -----------------------------------------------------------
$ Mayer_Pop
   description: The Mayer population analysis
   geom. index: 1
   prop. index: 1
     Number of atoms                     : 39
     Threshold for printing              : 0.1000000
     Number of bond orders printed       : 39
  NA   - Mulliken gross atomic population
  ZA   - Total nuclear charge
  QA   - Mulliken gross atomic charge
  VA   - Mayer's total valence
  BVA  - Mayer's bonded valence
  FA   - Mayer's free valence
  ATOM       NA         ZA         QA         VA         BVA        FA
  0   0     6.6007     6.0000    -0.6007     3.3888     3.3819     0.0069
  1   0     5.3683     6.0000     0.6317     2.8702     2.8686     0.0016
  2   0     5.3757     6.0000     0.6243     2.8997     2.8993     0.0004
  3   0     6.0492     6.0000    -0.0492     3.7454     3.7101     0.0353
  4   0     5.9189     6.0000     0.0811     4.1155     4.1007     0.0148
  5   0     6.0126     6.0000    -0.0126     3.8604     3.8264     0.0340
  6   0     6.0224     6.0000    -0.0224     3.8143     3.8071     0.0072
  7   0     6.0768     6.0000    -0.0768     4.1257     4.0871     0.0386
  8   0     5.9745     6.0000     0.0255     3.8910     3.8828     0.0082
  9   0     1.0489     1.0000    -0.0489     1.0025     1.0024     0.0001
 10   0     1.0498     1.0000    -0.0498     1.0030     1.0030     0.0000
 11   0     6.0986     6.0000    -0.0986     3.9298     3.5553     0.3745
 12   0     1.0212     1.0000    -0.0212     1.0092     1.0080     0.0012
 13   0     5.9673     6.0000     0.0327     4.0103     4.0088     0.0015
 14   0     0.9704     1.0000     0.0296     0.9628     0.9617     0.0011
 15   0     0.9704     1.0000     0.0296     0.9628     0.9617     0.0011
 16   0     6.0388     6.0000    -0.0388     4.1313     4.1313     0.0000
 17   0     0.9868     1.0000     0.0132     0.9642     0.9642     0.0000
 18   0     0.9868     1.0000     0.0132     0.9642     0.9642     0.0000
 19   0     5.9946     6.0000     0.0054     4.0162     4.0162     0.0000
 20   0     0.9823     1.0000     0.0177     0.9775     0.9775     0.0000
 21   0     0.9823     1.0000     0.0177     0.9775     0.9775     0.0000
 22   0     5.9571     6.0000     0.0429     4.0286     4.0284     0.0002
 23   0     0.9678     1.0000     0.0322     0.9697     0.9696     0.0001
 24   0     0.9678     1.0000     0.0322     0.9698     0.9697     0.0001
 25   0     6.0365     6.0000    -0.0365     4.1149     4.1149     0.0000
 26   0     0.9831     1.0000     0.0169     0.9629     0.9629     0.0000
 27   0     0.9830     1.0000     0.0170     0.9629     0.9629     0.0000
 28   0     6.0244     6.0000    -0.0244     4.1176     4.1176     0.0000
 29   0     0.9938     1.0000     0.0062     0.9674     0.9674     0.0000
 30   0     0.9938     1.0000     0.0062     0.9675     0.9675     0.0000
 31   0     5.9970     6.0000     0.0030     4.0167     4.0167     0.0000
 32   0     0.9827     1.0000     0.0173     0.9773     0.9773     0.0000
 33   0     0.9826     1.0000     0.0174     0.9773     0.9773     0.0000
 34   0     6.6014     6.0000    -0.6014     3.3919     3.3904     0.0015
 35   0     1.0297     1.0000    -0.0297     1.0305     1.0305     0.0000
 36   0     1.0286     1.0000    -0.0286     1.0304     1.0304     0.0000
 37   0     0.9862     1.0000     0.0138     0.9734     0.9734     0.0000
 38   0     0.9871     1.0000     0.0129     0.9735     0.9735     0.0000
      Bond orders larger than 0.1000000
           Atom A     A.N. of A          Atom B    A.N. of B              Bond order
                0             6               1            6                2.100898
                0             6              35            1                1.119050
                1             6               3            6                0.906720
                2             6               6            6                0.902910
                2             6              34            6                2.127215
                3             6               4            6                1.277378
                3             6               8            6                1.395306
                4             6               5            6                1.284997
                4             6              11            6                1.368248
                5             6               6            6                1.440488
                5             6               9            1                0.919813
                6             6               7            6                1.342649
                7             6               8            6                1.409401
                7             6              22            6                1.092473
                8             6              10            1                0.921378
               11             6              12            1                0.902824
               11             6              13            6                1.083753
               13             6              14            1                0.911689
               13             6              15            1                0.911667
               13             6              16            6                1.071482
               16             6              17            1                0.943818
               16             6              18            1                0.943766
               16             6              19            6                1.106535
               19             6              20            1                0.965329
               19             6              21            1                0.965327
               19             6              37            1                0.960848
               22             6              23            1                0.896821
               22             6              24            1                0.896825
               22             6              25            6                1.103523
               25             6              26            1                0.929430
               25             6              27            1                0.929337
               25             6              28            6                1.075068
               28             6              29            1                0.941026
               28             6              30            1                0.941016
               28             6              31            6                1.106056
               31             6              32            1                0.966211
               31             6              33            1                0.966199
               31             6              38            1                0.961700
               34             6              36            1                1.117830
# -----------------------------------------------------------
$ Calculation_Info
   description: Details of the calculation
   geom. index: 1
   prop. index: 1
     Multiplicity:                          2
     Charge:                                0
     number of atoms:                       39
     number of electrons:                   0
     number of frozen core electrons:       1
     number of correlated electrons:        0
     number of basis functions:             357
     number of aux C basis functions:       2418
     number of aux J basis functions:       2418
     number of aux JK basis functions:      2418
     number of aux CABS basis functions:    0
     Total Energy                           -697.967271
# -----------------------------------------------------------
$ SCF_Electric_Properties
   description: The SCF Calculated Electric Properties
   geom. index: 1
   prop. index: 1
       Filename                          : cc-pVDZ.scfp 
       Do Dipole Moment Calculation      : true 
       Do Quadrupole Moment Calculation  : false 
       Do Polarizability Calculation     : false 
** Dipole moment part of electric properties **
        Magnitude of dipole moment (Debye) :        0.2515408741
        Electronic Contribution:
                  0    
      0       0.613400
      1       2.290110
      2       0.000743
        Nuclear Contribution:
                  0    
      0      -0.703525
      1      -2.249242
      2       0.000062
        Total Dipole moment:
                  0    
      0      -0.090125
      1       0.040869
      2       0.000805
# -----------------------------------------------------------
$ EPRNMR_GTensor
   description: Electronic g tensor
   geom. index: 1
   prop. index: 1
 Source density: 1 SCF 
 Spin multiplicity: 2 
 raw g tensor: 
                  0          1          2    
      0       2.002732   0.000062   0.000005
      1       0.000059   2.002832  -0.000000
      2       0.000005  -0.000000   2.002272
 g tensor: 
                  0          1          2    
      0      -0.010616  -0.904417  -0.426518
      1       0.001710   0.426525  -0.904474
      2       0.999942  -0.010331  -0.002982
 G eigenvalues: 
                  0          1          2    
      0       2.002272   2.002704   2.002861
# -----------------------------------------------------------
$ EPRNMR_OrbitalShielding
   description: Orbital contribution to the NMR Shielding tensor (ppm)
   geom. index: 1
   prop. index: 1
 Number of stored nuclei 21
 Source density: 1 SCF 
 Nucleus: 9 H 
 Shielding tensor (ppm): 
                  0          1          2    
      0      35.680801  -6.013973  -0.317187
      1     -84.304896  62.285774  -0.906983
      2      -0.139517  -0.079296  64.284154
 P Tensor eigenvectors:
                   0          1          2    
      0       0.557587   0.010988  -0.830045
      1       0.830105  -0.001738   0.557604
      2       0.004684  -0.999938  -0.010090
 P Eigenvalues: 
                  0          1          2    
      0      12.204563  64.285723  85.760442
P(iso)  54.083576
 Nucleus: 10 H 
 Shielding tensor (ppm): 
                  0          1          2    
      0      41.658340   4.406413  -0.313783
      1     -86.798965  62.312393  -0.953172
      2      -0.170818   0.058538  70.037110
 P Tensor eigenvectors:
                   0          1          2    
      0       0.521090   0.011175  -0.853429
      1       0.853491  -0.001709   0.521106
      2       0.004365  -0.999936  -0.010428
 P Eigenvalues: 
                  0          1          2    
      0      20.056095  70.039004  83.912745
P(iso)  58.002614
 Nucleus: 12 H 
 Shielding tensor (ppm): 
                  0          1          2    
      0      66.963197 -160.141571   0.488128
      1     273.213080   9.355327   2.990051
      2      -0.300603  -1.624260  45.650632
 P Tensor eigenvectors:
                   0          1          2    
      0      -0.010682  -0.147894   0.988946
      1       0.001568  -0.989003  -0.147885
      2       0.999942  -0.000029   0.010797
 P Eigenvalues: 
                  0          1          2    
      0      45.651219  27.154073  49.163865
P(iso)  40.656386
 Nucleus: 14 H 
 Shielding tensor (ppm): 
                  0          1          2    
      0      42.781972 203.969285 -61.084883
      1     -288.602850  66.882892 -329.049867
      2      52.320406 240.123126  82.621933
 P Tensor eigenvectors:
                   0          1          2    
      0      -0.752733   0.148931   0.641258
      1       0.110421   0.988837  -0.100038
      2       0.648999   0.004493   0.760776
 P Eigenvalues: 
                  0          1          2    
      0      64.799826  53.483829  74.003143
P(iso)  64.095599
 Nucleus: 15 H 
 Shielding tensor (ppm): 
                  0          1          2    
      0      42.839141 210.208329  59.103403
      1     -297.173938  67.342093 321.294899
      2     -51.839838 -234.581088  82.682587
 P Tensor eigenvectors:
                   0          1          2    
      0      -0.735651   0.148633  -0.660853
      1       0.107119   0.988879   0.103166
      2      -0.668837  -0.005104   0.743391
 P Eigenvalues: 
                  0          1          2    
      0      65.158349  53.575779  74.129693
P(iso)  64.287940
 Nucleus: 17 H 
 Shielding tensor (ppm): 
                  0          1          2    
      0      43.636382 -257.095577 129.532026
      1     364.668439   8.198995 405.616592
      2     -84.222132 -296.122750  24.876848
 P Tensor eigenvectors:
                   0          1          2    
      0      -0.722070   0.248444   0.645670
      1       0.236420   0.965719  -0.107199
      2       0.650169  -0.075245   0.756054
 P Eigenvalues: 
                  0          1          2    
      0      10.920717  27.486984  38.304523
P(iso)  25.570741
 Nucleus: 18 H 
 Shielding tensor (ppm): 
                  0          1          2    
      0      44.452801 -264.681388 -127.957349
      1     374.952944   7.753274 -396.135784
      2      83.246443 289.455809  23.853683
 P Tensor eigenvectors:
                   0          1          2    
      0      -0.705563   0.245964  -0.664592
      1       0.233897   0.966105   0.109237
      2      -0.668935   0.078372   0.739178
 P Eigenvalues: 
                  0          1          2    
      0      10.618385  27.336676  38.104697
P(iso)  25.353253
 Nucleus: 20 H 
 Shielding tensor (ppm): 
                  0          1          2    
      0     -17.511260 305.803467  72.952400
      1     -395.013808  53.103108 457.639963
      2     -55.544250 -330.690990  11.505505
 P Tensor eigenvectors:
                   0          1          2    
      0      -0.746750   0.220084  -0.627636
      1       0.107681   0.971221   0.212447
      2      -0.656330  -0.091061   0.748959
 P Eigenvalues: 
                  0          1          2    
      0       2.540489  18.692854  25.864011
P(iso)  15.699118
 Nucleus: 21 H 
 Shielding tensor (ppm): 
                  0          1          2    
      0     -17.350704 297.210845 -74.607547
      1     -383.183215  52.662909 -467.200226
      2      56.122047 337.793885  11.195790
 P Tensor eigenvectors:
                   0          1          2    
      0      -0.762733   0.218211   0.608787
      1       0.109827   0.971388  -0.210581
      2       0.637319   0.093756   0.764875
 P Eigenvalues: 
                  0          1          2    
      0       2.218601  18.577698  25.711696
P(iso)  15.502665
 Nucleus: 23 H 
 Shielding tensor (ppm): 
                  0          1          2    
      0      69.609968 -122.476624 -129.733384
      1     192.457785  26.349308 -215.973161
      2      82.627777 159.294970  62.197350
 P Tensor eigenvectors:
                   0          1          2    
      0      -0.660854   0.452685  -0.598621
      1       0.459534   0.874683   0.154140
      2      -0.593380   0.173223   0.786062
 P Eigenvalues: 
                  0          1          2    
      0      33.595372  51.718172  72.843082
P(iso)  52.718875
 Nucleus: 24 H 
 Shielding tensor (ppm): 
                  0          1          2    
      0      68.727829 -119.075595 129.927440
      1     188.237160  26.483050 219.316741
      2     -82.937322 -161.137559  62.914669
 P Tensor eigenvectors:
                   0          1          2    
      0      -0.671190   0.455604   0.584747
      1       0.461319   0.874186  -0.151605
      2       0.580249  -0.167999   0.796924
 P Eigenvalues: 
                  0          1          2    
      0      33.638361  51.685144  72.802043
P(iso)  52.708516
 Nucleus: 26 H 
 Shielding tensor (ppm): 
                  0          1          2    
      0      57.670925 206.336831  57.044267
      1     -288.870436  65.850295 321.790615
      2     -49.889988 -234.656878  93.749975
 P Tensor eigenvectors:
                   0          1          2    
      0      -0.747780   0.119476  -0.653108
      1       0.110474   0.992353   0.055047
      2      -0.654691   0.030989   0.755261
 P Eigenvalues: 
                  0          1          2    
      0      77.253514  58.680963  81.336716
P(iso)  72.423731
 Nucleus: 27 H 
 Shielding tensor (ppm): 
                  0          1          2    
      0      57.732324 201.710518 -58.274464
      1     -282.605471  65.616757 -327.156300
      2      49.887548 238.567550  93.744467
 P Tensor eigenvectors:
                   0          1          2    
      0      -0.760053   0.120286   0.638632
      1       0.112087   0.992257  -0.053494
      2       0.640122  -0.030924   0.767651
 P Eigenvalues: 
                  0          1          2    
      0      77.203448  58.623891  81.266208
P(iso)  72.364516
 Nucleus: 29 H 
 Shielding tensor (ppm): 
                  0          1          2    
      0      38.741573 -250.594400 -116.364866
      1     361.374664  12.455493 -397.703575
      2      74.693339 288.469615  16.417335
 P Tensor eigenvectors:
                   0          1          2    
      0      -0.725155   0.203838  -0.657723
      1       0.210914   0.975021   0.069636
      2      -0.655489   0.088226   0.750034
 P Eigenvalues: 
                  0          1          2    
      0       6.330984  25.449668  35.833749
P(iso)  22.538134
 Nucleus: 30 H 
 Shielding tensor (ppm): 
                  0          1          2    
      0      38.058733 -245.156556 117.251592
      1     354.037660  12.694150 404.086804
      2     -75.095178 -292.856112  16.999499
 P Tensor eigenvectors:
                   0          1          2    
      0      -0.736719   0.205480   0.644222
      1       0.212324   0.974822  -0.068118
      2       0.641999  -0.086600   0.761799
 P Eigenvalues: 
                  0          1          2    
      0       6.427095  25.466771  35.858516
P(iso)  22.584127
 Nucleus: 32 H 
 Shielding tensor (ppm): 
                  0          1          2    
      0      -5.163246 300.062659 -55.586539
      1     -393.745955  49.723293 -462.077185
      2      42.454514 333.751283  18.631863
 P Tensor eigenvectors:
                   0          1          2    
      0      -0.755499   0.172195   0.632116
      1       0.080877   0.981974  -0.170837
      2       0.650139   0.077943   0.755807
 P Eigenvalues: 
                  0          1          2    
      0      10.680417  22.067872  30.443621
P(iso)  21.063970
 Nucleus: 33 H 
 Shielding tensor (ppm): 
                  0          1          2    
      0      -5.334971 306.022881  54.550742
      1     -401.933843  49.980195 455.073170
      2     -42.109870 -328.546514  18.656159
 P Tensor eigenvectors:
                   0          1          2    
      0      -0.743957   0.173451  -0.645323
      1       0.079580   0.981849   0.172159
      2      -0.663472  -0.076724   0.744257
 P Eigenvalues: 
                  0          1          2    
      0      10.714682  22.100703  30.486000
P(iso)  21.100461
 Nucleus: 35 H 
 Shielding tensor (ppm): 
                  0          1          2    
      0      51.245645 -35.243333   4.011741
      1      26.493903 -103.885489   0.357628
      2      -0.000102  -0.395850 -85.586752
 P Tensor eigenvectors:
                   0          1          2    
      0       0.919317  -0.008847  -0.393418
      1       0.392808  -0.039360   0.918778
      2      -0.023614  -0.999186  -0.032709
 P Eigenvalues: 
                  0          1          2    
      0      23.986583 -85.573477 -76.639702
P(iso)  -46.075532
 Nucleus: 36 H 
 Shielding tensor (ppm): 
                  0          1          2    
      0      50.653538 -27.395056   2.593441
      1      21.162226 -104.535523   0.264855
      2       0.859359  -0.283987 -88.665545
 P Tensor eigenvectors:
                   0          1          2    
      0       0.940501   0.001054  -0.339788
      1       0.339750  -0.018300   0.940338
      2      -0.005227  -0.999832  -0.017569
 P Eigenvalues: 
                  0          1          2    
      0      30.727710 -88.674574 -84.600665
P(iso)  -47.515843
 Nucleus: 37 H 
 Shielding tensor (ppm): 
                  0          1          2    
      0     -107.039570 -148.665973   0.610664
      1     276.250864  24.979381   3.883556
      2      -0.302952  -2.607577 -126.189550
 P Tensor eigenvectors:
                   0          1          2    
      0       0.300955   0.016898   0.953489
      1      -0.953561  -0.007388   0.301109
      2       0.012132  -0.999830   0.013890
 P Eigenvalues: 
                  0          1          2    
      0     -23.628128 -126.187533 -58.434079
P(iso)  -69.416580
 Nucleus: 38 H 
 Shielding tensor (ppm): 
                  0          1          2    
      0     -112.858674 -125.905787   0.260591
      1     232.426631  32.014865   1.994602
      2      -0.122583  -1.343846 -127.456006
 P Tensor eigenvectors:
                   0          1          2    
      0       0.349861   0.009377   0.936755
      1      -0.936792  -0.001103   0.349886
      2       0.004314  -0.999955   0.008398
 P Eigenvalues: 
                  0          1          2    
      0     -20.635265 -127.456207 -60.208344
P(iso)  -69.433272
# -----------------------------------------------------------
$ EPRNMR_ATensor
   description: Hyperfine A tensor
   geom. index: 1
   prop. index: 1
 Number of stored nuclei 21
 Source density: 1 SCF 
 Spin multiplicity: 2 
 Nucleus: 9 H  
 Isotope: 1 
 Nuclear Spin:  0.5 
 Prefactor (MHz): 533.551395 
 Raw A tensor (MHz): 
                  0          1          2    
      0     -14.508839  -6.127958   0.027345
      1      -6.130603 -12.021035  -0.067690
      2       0.027352  -0.067657 -16.042407
 A Tensor eigenvectors:
                   0          1          2    
      0      -0.632849  -0.009712   0.774215
      1       0.774237   0.002032   0.632893
      2      -0.007720   0.999951   0.006234
 A Eigenvalues: 
                  0          1          2    
      0      -7.010171 -16.042810 -19.519300
A(iso)  -14.190760
 Nucleus: 10 H  
 Isotope: 1 
 Nuclear Spin:  0.5 
 Prefactor (MHz): 533.551395 
 Raw A tensor (MHz): 
                  0          1          2    
      0       7.844918   2.317414   0.036259
      1       2.318276   6.412400   0.021007
      2       0.036257   0.020998   4.048459
 A Tensor eigenvectors:
                   0          1          2    
      0      -0.010268   0.593530   0.804746
      1       0.001178  -0.804781   0.593571
      2       0.999947   0.007042   0.007564
 A Eigenvalues: 
                  0          1          2    
      0       4.048111   4.702700   9.554965
A(iso)  6.101925
 Nucleus: 12 H  
 Isotope: 1 
 Nuclear Spin:  0.5 
 Prefactor (MHz): 533.551395 
 Raw A tensor (MHz): 
                  0          1          2    
      0     -17.368755  -1.187515   0.316499
      1      -1.185265 -71.320449   0.035639
      2       0.316493   0.035601 -46.386944
 A Tensor eigenvectors:
                   0          1          2    
      0       0.999699  -0.010825  -0.022005
      1      -0.021985   0.001945  -0.999756
      2       0.010866   0.999940   0.001706
 A Eigenvalues: 
                  0          1          2    
      0     -17.339250 -46.390301 -71.346597
A(iso)  -45.025383
 Nucleus: 14 H  
 Isotope: 1 
 Nuclear Spin:  0.5 
 Prefactor (MHz): 533.551395 
 Raw A tensor (MHz): 
                  0          1          2    
      0      61.572604  -3.630345   1.982058
      1      -3.629133  63.374701  -2.017724
      2       1.980590  -2.017791  58.490453
 A Tensor eigenvectors:
                   0          1          2    
      0      -0.371748  -0.712599   0.594985
      1       0.087715  -0.665012  -0.741664
      2       0.924180  -0.223523   0.309722
 A Eigenvalues: 
                  0          1          2    
      0      57.502137  58.806723  67.128898
A(iso)  61.145919
 Nucleus: 15 H  
 Isotope: 1 
 Nuclear Spin:  0.5 
 Prefactor (MHz): 533.551395 
 Raw A tensor (MHz): 
                  0          1          2    
      0      61.416673  -3.680520  -1.891676
      1      -3.679293  63.117300   1.912242
      2      -1.890206   1.912288  58.115230
 A Tensor eigenvectors:
                   0          1          2    
      0       0.345875  -0.718768   0.603111
      1      -0.087299  -0.664647  -0.742040
      2       0.934210   0.204002  -0.292633
 A Eigenvalues: 
                  0          1          2    
      0      57.236614  58.550530  66.862060
A(iso)  60.883068
 Nucleus: 17 H  
 Isotope: 1 
 Nuclear Spin:  0.5 
 Prefactor (MHz): 533.551395 
 Raw A tensor (MHz): 
                  0          1          2    
      0      -2.235998   2.068670   0.655263
      1       2.068662   1.948264   1.388356
      2       0.654826   1.387317  -2.744346
 A Tensor eigenvectors:
                   0          1          2    
      0      -0.699671  -0.617296   0.359732
      1       0.446095   0.015851   0.894845
      2      -0.558086   0.786572   0.264282
 A Eigenvalues: 
                  0          1          2    
      0      -3.032470  -3.191445   3.191835
A(iso)  -1.010693
 Nucleus: 18 H  
 Isotope: 1 
 Nuclear Spin:  0.5 
 Prefactor (MHz): 533.551395 
 Raw A tensor (MHz): 
                  0          1          2    
      0      -2.200797   2.100061  -0.643249
      1       2.100078   1.938546  -1.344246
      2      -0.642818  -1.343217  -2.766331
 A Tensor eigenvectors:
                   0          1          2    
      0      -0.711452   0.594000   0.375499
      1       0.447216  -0.029463   0.893941
      2       0.542065   0.803925  -0.244685
 A Eigenvalues: 
                  0          1          2    
      0      -3.030982  -3.186695   3.189094
A(iso)  -1.009527
 Nucleus: 20 H  
 Isotope: 1 
 Nuclear Spin:  0.5 
 Prefactor (MHz): 533.551395 
 Raw A tensor (MHz): 
                  0          1          2    
      0       0.005902  -0.281139  -0.111662
      1      -0.281387   2.152322   0.375387
      2      -0.111780   0.375253   0.018348
 A Tensor eigenvectors:
                   0          1          2    
      0      -0.731255   0.669499  -0.130524
      1      -0.210905  -0.039947   0.976690
      2       0.648679   0.741738   0.170412
 A Eigenvalues: 
                  0          1          2    
      0       0.023153  -0.101982   2.255402
A(iso)  0.725524
 Nucleus: 21 H  
 Isotope: 1 
 Nuclear Spin:  0.5 
 Prefactor (MHz): 533.551395 
 Raw A tensor (MHz): 
                  0          1          2    
      0      -0.002105  -0.270247   0.111824
      1      -0.270492   2.149946  -0.384895
      2       0.111941  -0.384757   0.023597
 A Tensor eigenvectors:
                   0          1          2    
      0       0.712625  -0.690199   0.125660
      1       0.211470   0.040548  -0.976543
      2       0.668914   0.722482   0.174852
 A Eigenvalues: 
                  0          1          2    
      0       0.021940  -0.104146   2.253645
A(iso)  0.723813
 Nucleus: 23 H  
 Isotope: 1 
 Nuclear Spin:  0.5 
 Prefactor (MHz): 533.551395 
 Raw A tensor (MHz): 
                  0          1          2    
      0      22.370248   1.554475  -0.892260
      1       1.553870  22.385263  -0.467734
      2      -0.891661  -0.467881  21.067625
 A Tensor eigenvectors:
                   0          1          2    
      0       0.620892  -0.367113  -0.692619
      1      -0.337869   0.671949  -0.659037
      2       0.707345   0.643205   0.293172
 A Eigenvalues: 
                  0          1          2    
      0      20.508273  21.088208  24.226656
A(iso)  21.941046
 Nucleus: 24 H  
 Isotope: 1 
 Nuclear Spin:  0.5 
 Prefactor (MHz): 533.551395 
 Raw A tensor (MHz): 
                  0          1          2    
      0      22.234006   1.548299   0.910415
      1       1.547693  22.279719   0.493897
      2       0.909818   0.494059  20.992474
 A Tensor eigenvectors:
                   0          1          2    
      0      -0.633504   0.354956   0.687516
      1       0.339959  -0.670510   0.659427
      2       0.695054   0.651477   0.304100
 A Eigenvalues: 
                  0          1          2    
      0      20.404694  20.980133  24.121371
A(iso)  21.835399
 Nucleus: 26 H  
 Isotope: 1 
 Nuclear Spin:  0.5 
 Prefactor (MHz): 533.551395 
 Raw A tensor (MHz): 
                  0          1          2    
      0      -0.783573  -0.358050  -0.091595
      1      -0.357783   0.822880   0.396311
      2      -0.091419   0.396029  -0.896774
 A Tensor eigenvectors:
                   0          1          2    
      0       0.974006   0.097783   0.204328
      1       0.220002  -0.193525  -0.956110
      2      -0.053948   0.976210  -0.210007
 A Eigenvalues: 
                  0          1          2    
      0      -0.859327  -0.984901   0.986761
A(iso)  -0.285822
 Nucleus: 27 H  
 Isotope: 1 
 Nuclear Spin:  0.5 
 Prefactor (MHz): 533.551395 
 Raw A tensor (MHz): 
                  0          1          2    
      0      -0.784128  -0.349464   0.094234
      1      -0.349192   0.820834  -0.407453
      2       0.094058  -0.407177  -0.888013
 A Tensor eigenvectors:
                   0          1          2    
      0       0.973109  -0.114061   0.200124
      1       0.219626   0.197477  -0.955388
      2       0.069452   0.973649   0.217218
 A Eigenvalues: 
                  0          1          2    
      0      -0.856229  -0.981827   0.986750
A(iso)  -0.283769
 Nucleus: 29 H  
 Isotope: 1 
 Nuclear Spin:  0.5 
 Prefactor (MHz): 533.551395 
 Raw A tensor (MHz): 
                  0          1          2    
      0      -0.036686   0.278156  -0.064215
      1       0.278231   0.695219  -0.121640
      2      -0.064223  -0.121569  -0.097424
 A Tensor eigenvectors:
                   0          1          2    
      0       0.529435  -0.786076   0.319036
      1      -0.305711   0.174018   0.936087
      2      -0.791353  -0.593130  -0.148181
 A Eigenvalues: 
                  0          1          2    
      0      -0.101400  -0.146780   0.809288
A(iso)  0.187036
 Nucleus: 30 H  
 Isotope: 1 
 Nuclear Spin:  0.5 
 Prefactor (MHz): 533.551395 
 Raw A tensor (MHz): 
                  0          1          2    
      0      -0.038682   0.276541   0.064585
      1       0.276615   0.695538   0.125390
      2       0.064592   0.125317  -0.095524
 A Tensor eigenvectors:
                   0          1          2    
      0      -0.513156   0.797683  -0.316818
      1       0.304235  -0.176107  -0.936177
      2      -0.802566  -0.576792  -0.152313
 A Eigenvalues: 
                  0          1          2    
      0      -0.101709  -0.146495   0.809536
A(iso)  0.187111
 Nucleus: 32 H  
 Isotope: 1 
 Nuclear Spin:  0.5 
 Prefactor (MHz): 533.551395 
 Raw A tensor (MHz): 
                  0          1          2    
      0      -0.104404   0.005178   0.000531
      1       0.005221   0.375410  -0.065606
      2       0.000527  -0.065578  -0.118116
 A Tensor eigenvectors:
                   0          1          2    
      0       0.998507  -0.053629  -0.010371
      1      -0.003322   0.129902  -0.991521
      2       0.054521   0.990075   0.129530
 A Eigenvalues: 
                  0          1          2    
      0      -0.104393  -0.126749   0.384032
A(iso)  0.050963
 Nucleus: 33 H  
 Isotope: 1 
 Nuclear Spin:  0.5 
 Prefactor (MHz): 533.551395 
 Raw A tensor (MHz): 
                  0          1          2    
      0      -0.103947   0.004007  -0.000300
      1       0.004048   0.376218   0.064768
      2      -0.000297   0.064740  -0.117915
 A Tensor eigenvectors:
                   0          1          2    
      0       0.999309  -0.036296   0.008055
      1      -0.003344   0.128032   0.991764
      2      -0.037028  -0.991106   0.127823
 A Eigenvalues: 
                  0          1          2    
      0      -0.103950  -0.126289   0.384595
A(iso)  0.051452
 Nucleus: 35 H  
 Isotope: 1 
 Nuclear Spin:  0.5 
 Prefactor (MHz): 533.551395 
 Raw A tensor (MHz): 
                  0          1          2    
      0      -2.487911  -1.033216   0.098328
      1      -1.030650 -10.727186  -0.009577
      2       0.098308  -0.009619  -7.909807
 A Tensor eigenvectors:
                   0          1          2    
      0      -0.992305  -0.017548   0.122568
      1       0.122533   0.003034   0.992460
      2      -0.017788   0.999841  -0.000860
 A Eigenvalues: 
                  0          1          2    
      0      -2.358875  -7.911561 -10.854467
A(iso)  -7.041635
 Nucleus: 36 H  
 Isotope: 1 
 Nuclear Spin:  0.5 
 Prefactor (MHz): 533.551395 
 Raw A tensor (MHz): 
                  0          1          2    
      0       2.108741   0.162473  -0.017170
      1       0.162453   4.694741  -0.001288
      2      -0.017168  -0.001287   3.133911
 A Tensor eigenvectors:
                   0          1          2    
      0       0.997913  -0.016341  -0.062470
      1      -0.062436   0.002526  -0.998046
      2       0.016467   0.999863   0.001501
 A Eigenvalues: 
                  0          1          2    
      0       2.098294   3.134188   4.704911
A(iso)  3.312465
 Nucleus: 37 H  
 Isotope: 1 
 Nuclear Spin:  0.5 
 Prefactor (MHz): 533.551395 
 Raw A tensor (MHz): 
                  0          1          2    
      0      -0.777465   0.239652   0.000369
      1       0.239596   0.724212   0.001707
      2       0.000368   0.001707  -0.794213
 A Tensor eigenvectors:
                   0          1          2    
      0      -0.153866  -0.004705   0.988081
      1      -0.988091   0.001867  -0.153858
      2      -0.001121  -0.999987  -0.004936
 A Eigenvalues: 
                  0          1          2    
      0       0.761524  -0.794215  -0.814776
A(iso)  -0.282489
 Nucleus: 38 H  
 Isotope: 1 
 Nuclear Spin:  0.5 
 Prefactor (MHz): 533.551395 
 Raw A tensor (MHz): 
                  0          1          2    
      0      -0.119328   0.064220   0.000043
      1       0.064252   0.230510   0.000244
      2       0.000043   0.000243  -0.130835
 A Tensor eigenvectors:
                   0          1          2    
      0       0.984541  -0.006765   0.175025
      1      -0.175016   0.001876   0.984564
      2      -0.006989  -0.999975   0.000663
 A Eigenvalues: 
                  0          1          2    
      0      -0.130750  -0.130835   0.241931
A(iso)  -0.006551
# -------------------------------------------------------------
----------------------- !GEOMETRIES! ------------------------
# -------------------------------------------------------------
------------------------ !GEOMETRY! -------------------------
    Number of atoms:    39 
    Geometry Index:     1 
    Coordinates:
               0 C      3.991783907219   -0.048435163088    0.056345911670
               1 C      2.775711592947    0.001153798561    0.039648199495
               2 C     -2.904920937890    0.001528853770   -0.021693711331
               3 C      1.348480517744    0.036062986714    0.023780907051
               4 C      0.635151504547    1.290200659506    0.013520825304
               5 C     -0.786149980267    1.210013573638   -0.001501008702
               6 C     -1.471087411983   -0.006068634152   -0.006316621408
               7 C     -0.754959476920   -1.242856746300    0.003884585514
               8 C      0.640797386070   -1.177975159196    0.018517750032
               9 H     -1.371712234105    2.129541143858   -0.009529933054
              10 H      1.223673845548   -2.098813093857    0.026482831129
              11 C      1.310504353393    2.530995609786    0.018451703210
              12 H      2.403361383427    2.505270560818    0.030469212658
              13 C      0.640754014396    3.872473380826    0.008531371317
              14 H     -0.020274963198    3.959853547071   -0.878574743400
              15 H     -0.043331310493    3.961473786245    0.877792892412
              16 C      1.626405096934    5.048189159744    0.020362399157
              17 H      2.274909708835    4.965133665816    0.911543154397
              18 H      2.297354510576    4.964108174510   -0.853963014431
              19 C      0.933927070885    6.412245213334    0.010752006436
              20 H      0.280780133788    6.536666708977    0.891826675222
              21 H      0.303417605835    6.535595070097   -0.886819572506
              22 C     -1.517089443417   -2.551625222617   -0.001121691109
              23 H     -2.203424349093   -2.555125452171    0.866314522180
              24 H     -2.187899982983   -2.557490742581   -0.880573760696
              25 C     -0.686255111597   -3.837417756406    0.007983845502
              26 H     -0.014408940848   -3.856931257570   -0.869895011496
              27 H     -0.031140303568   -3.855437419465    0.898450946932
              28 C     -1.555635653287   -5.100694192643    0.001103857151
              29 H     -2.229938582736   -5.082944013014    0.877395884571
              30 H     -2.214140246978   -5.084251094414   -0.887148985436
              31 C     -0.737689907286   -6.394489920047    0.009386219322
              32 H     -0.094860873570   -6.456485071238    0.904484542621
              33 H     -0.079169819385   -6.457884807139   -0.874118642994
              34 C     -4.120618155029    0.011094334843   -0.036179048640
              35 H      5.062827870567   -0.098170634148    0.076210872519
              36 H     -5.192896409439    0.025363469996   -0.051172034939
              37 H      1.665950319417    7.235756971959    0.019557320115
              38 H     -1.388423938052   -7.283966360024    0.004373174225
