-------------------------------------------------------------
----------------------- !PROPERTIES! ------------------------
-------------------------------------------------------------
# -----------------------------------------------------------
$ PAL_Flags
   description: The PAL Flags
   geom. index: 1
   prop. index: 1
        Diskflag:     2
# -----------------------------------------------------------
$ SCF_Energy
   description: The SCF energy
   geom. index: 1
   prop. index: 1
        SCF Energy:     -698.0291179170
# -----------------------------------------------------------
$ DFT_Energy
   description: The DFT energy
   geom. index: 1
   prop. index: 1
   Number of Alpha Electrons                 65.0001015852 
   Number of Beta  Electrons                 64.0000896170 
   Total number of  Electrons               129.0001912022 
   Exchange energy                          -79.7597678355 
   Correlation energy                        -4.9910162692 
   Correlation energy NL                      0.0000000000 
   Exchange-Correlation energy              -84.7507841047 
   Embedding correction                       0.0000000000 
   Total DFT Energy (No VdW correction)    -698.0291179170 
# -----------------------------------------------------------
$ Mayer_Pop
   description: The Mayer population analysis
   geom. index: 1
   prop. index: 1
     Number of atoms                     : 39
     Threshold for printing              : 0.1000000
     Number of bond orders printed       : 41
  NA   - Mulliken gross atomic population
  ZA   - Total nuclear charge
  QA   - Mulliken gross atomic charge
  VA   - Mayer's total valence
  BVA  - Mayer's bonded valence
  FA   - Mayer's free valence
  ATOM       NA         ZA         QA         VA         BVA        FA
  0   0     6.5365     6.0000    -0.5365     3.8894     3.8824     0.0070
  1   0     6.0125     6.0000    -0.0125     3.8113     3.8098     0.0015
  2   0     6.0031     6.0000    -0.0031     3.8144     3.8140     0.0004
  3   0     5.6453     6.0000     0.3547     3.9037     3.8687     0.0350
  4   0     5.5532     6.0000     0.4468     3.8399     3.8253     0.0146
  5   0     6.4508     6.0000    -0.4508     4.2380     4.2028     0.0352
  6   0     5.5755     6.0000     0.4245     3.9494     3.9421     0.0073
  7   0     5.7056     6.0000     0.2944     3.8300     3.7909     0.0391
  8   0     6.3919     6.0000    -0.3919     4.3221     4.3137     0.0084
  9   0     0.8672     1.0000     0.1328     0.9649     0.9647     0.0002
 10   0     0.8649     1.0000     0.1351     0.9655     0.9655     0.0000
 11   0     6.2963     6.0000    -0.2963     4.0397     3.6526     0.3871
 12   0     0.8647     1.0000     0.1353     0.9796     0.9780     0.0016
 13   0     6.2710     6.0000    -0.2710     3.9590     3.9576     0.0014
 14   0     0.8464     1.0000     0.1536     0.9636     0.9627     0.0009
 15   0     0.8472     1.0000     0.1528     0.9639     0.9630     0.0009
 16   0     6.2912     6.0000    -0.2912     3.9018     3.9018     0.0000
 17   0     0.8434     1.0000     0.1566     0.9632     0.9632     0.0000
 18   0     0.8438     1.0000     0.1562     0.9633     0.9633     0.0000
 19   0     6.5097     6.0000    -0.5097     3.9044     3.9044     0.0000
 20   0     0.8405     1.0000     0.1595     0.9653     0.9653     0.0000
 21   0     0.8405     1.0000     0.1595     0.9653     0.9653     0.0000
 22   0     6.3871     6.0000    -0.3871     4.0550     4.0548     0.0002
 23   0     0.8439     1.0000     0.1561     0.9620     0.9619     0.0001
 24   0     0.8438     1.0000     0.1562     0.9619     0.9618     0.0001
 25   0     6.2702     6.0000    -0.2702     4.0142     4.0142     0.0000
 26   0     0.8576     1.0000     0.1424     0.9661     0.9661     0.0000
 27   0     0.8573     1.0000     0.1427     0.9660     0.9660     0.0000
 28   0     6.2635     6.0000    -0.2635     3.8897     3.8897     0.0000
 29   0     0.8548     1.0000     0.1452     0.9668     0.9668     0.0000
 30   0     0.8548     1.0000     0.1452     0.9668     0.9668     0.0000
 31   0     6.5113     6.0000    -0.5113     3.8999     3.8999     0.0000
 32   0     0.8399     1.0000     0.1601     0.9652     0.9652     0.0000
 33   0     0.8400     1.0000     0.1600     0.9652     0.9652     0.0000
 34   0     6.5362     6.0000    -0.5362     3.8888     3.8872     0.0016
 35   0     0.8148     1.0000     0.1852     0.9772     0.9772     0.0000
 36   0     0.8154     1.0000     0.1846     0.9770     0.9770     0.0000
 37   0     0.8532     1.0000     0.1468     0.9669     0.9669     0.0000
 38   0     0.8550     1.0000     0.1450     0.9666     0.9666     0.0000
      Bond orders larger than 0.1000000
           Atom A     A.N. of A          Atom B    A.N. of B              Bond order
                0             6               1            6                2.694528
                0             6              35            1                0.985864
                1             6               3            6                0.928302
                2             6               6            6                0.906751
                2             6              34            6                2.712540
                3             6               4            6                1.237584
                3             6               8            6                1.432294
                4             6               5            6                1.253152
                4             6               6            6                0.101268
                4             6              11            6                1.269166
                5             6               6            6                1.477044
                5             6               9            1                0.972374
                6             6               7            6                1.313964
                6             6               8            6                0.101919
                7             6               8            6                1.429838
                7             6              22            6                0.945327
                8             6              10            1                0.968924
               11             6              12            1                0.987440
               11             6              13            6                1.003686
               13             6              14            1                0.955298
               13             6              15            1                0.954903
               13             6              16            6                0.980614
               16             6              17            1                0.972459
               16             6              18            1                0.972027
               16             6              19            6                0.961527
               19             6              20            1                0.972641
               19             6              21            1                0.972721
               19             6              37            1                0.967323
               22             6              23            1                0.958990
               22             6              24            1                0.958975
               22             6              25            6                1.019386
               25             6              26            1                0.961267
               25             6              27            1                0.961440
               25             6              28            6                0.986074
               28             6              29            1                0.971633
               28             6              30            1                0.971671
               28             6              31            6                0.954492
               31             6              32            1                0.972858
               31             6              33            1                0.972875
               31             6              38            1                0.967653
               34             6              36            1                0.982953
# -----------------------------------------------------------
$ Calculation_Info
   description: Details of the calculation
   geom. index: 1
   prop. index: 1
     Multiplicity:                          2
     Charge:                                0
     number of atoms:                       39
     number of electrons:                   0
     number of frozen core electrons:       1
     number of correlated electrons:        0
     number of basis functions:             453
     number of aux C basis functions:       3138
     number of aux J basis functions:       3138
     number of aux JK basis functions:      3138
     number of aux CABS basis functions:    0
     Total Energy                           -698.029118
# -----------------------------------------------------------
$ SCF_Electric_Properties
   description: The SCF Calculated Electric Properties
   geom. index: 1
   prop. index: 1
       Filename                          : EPRII.scfp 
       Do Dipole Moment Calculation      : true 
       Do Quadrupole Moment Calculation  : false 
       Do Polarizability Calculation     : false 
** Dipole moment part of electric properties **
        Magnitude of dipole moment (Debye) :        0.2864905911
        Electronic Contribution:
                  0    
      0       0.540621
      1       2.306520
      2      -0.069995
        Nuclear Contribution:
                  0    
      0      -0.636974
      1      -2.248042
      2       0.070676
        Total Dipole moment:
                  0    
      0      -0.096352
      1       0.058478
      2       0.000681
# -----------------------------------------------------------
$ EPRNMR_GTensor
   description: Electronic g tensor
   geom. index: 1
   prop. index: 1
 Source density: 1 SCF 
 Spin multiplicity: 2 
 raw g tensor: 
                  0          1          2    
      0       2.002732   0.000150   0.000005
      1       0.000090   2.002806   0.000000
      2       0.000004   0.000002   2.002268
 g tensor: 
                  0          1          2    
      0      -0.009172   0.803792   0.594840
      1       0.000230  -0.594863   0.803827
      2       0.999958   0.007510   0.005271
 G eigenvalues: 
                  0          1          2    
      0       2.002268   2.002643   2.002894
# -----------------------------------------------------------
$ EPRNMR_OrbitalShielding
   description: Orbital contribution to the NMR Shielding tensor (ppm)
   geom. index: 1
   prop. index: 1
 Number of stored nuclei 21
 Source density: 1 SCF 
 Nucleus: 9 H 
 Shielding tensor (ppm): 
                  0          1          2    
      0      31.127950  -4.921296  -0.514971
      1     -83.102226  59.744448  -0.702423
      2       0.099972  -0.365234  62.524518
 P Tensor eigenvectors:
                   0          1          2    
      0       0.554093   0.012169  -0.832366
      1       0.832428  -0.000065   0.554134
      2       0.006689  -0.999926  -0.010166
 P Eigenvalues: 
                  0          1          2    
      0      10.351068  62.524919  80.520930
P(iso)  51.132305
 Nucleus: 10 H 
 Shielding tensor (ppm): 
                  0          1          2    
      0      37.101385   6.683382  -0.142142
      1     -86.438507  59.857135  -1.007674
      2      -0.418747   0.428937  68.511080
 P Tensor eigenvectors:
                   0          1          2    
      0       0.515649   0.007447  -0.856767
      1       0.856800  -0.004507   0.515630
      2      -0.000022  -0.999962  -0.008705
 P Eigenvalues: 
                  0          1          2    
      0      18.570051  68.513408  78.386141
P(iso)  55.156534
 Nucleus: 12 H 
 Shielding tensor (ppm): 
                  0          1          2    
      0      63.162204 -160.874852   0.527546
      1     273.552630   8.042950   2.627830
      2      -0.574162  -1.566228  45.115104
 P Tensor eigenvectors:
                   0          1          2    
      0      -0.009193  -0.145730   0.989282
      1       0.002560  -0.989324  -0.145712
      2       0.999954   0.001193   0.009468
 P Eigenvalues: 
                  0          1          2    
      0      45.116880  25.457541  45.745836
P(iso)  38.773419
 Nucleus: 14 H 
 Shielding tensor (ppm): 
                  0          1          2    
      0      39.965201 205.780043 -63.602220
      1     -286.543248  65.294787 -334.568063
      2      52.898404 244.493131  80.997820
 P Tensor eigenvectors:
                   0          1          2    
      0      -0.760076   0.152119   0.631778
      1       0.112691   0.988340  -0.102396
      2       0.639988   0.006633   0.768356
 P Eigenvalues: 
                  0          1          2    
      0      62.721351  51.965713  71.570744
P(iso)  62.085936
 Nucleus: 15 H 
 Shielding tensor (ppm): 
                  0          1          2    
      0      41.033237 214.904928  60.447293
      1     -299.631288  66.228139 322.022628
      2     -51.538048 -235.731410  82.044841
 P Tensor eigenvectors:
                   0          1          2    
      0       0.734021   0.150150   0.662320
      1      -0.106621   0.988637  -0.105964
      2       0.670705  -0.007163  -0.741689
 P Eigenvalues: 
                  0          1          2    
      0      64.614726  52.463129  72.228363
P(iso)  63.102072
 Nucleus: 17 H 
 Shielding tensor (ppm): 
                  0          1          2    
      0      42.757322 -260.330022 131.611107
      1     362.240587   8.931924 412.495108
      2     -85.139633 -301.674158  23.302692
 P Tensor eigenvectors:
                   0          1          2    
      0      -0.730381   0.247488   0.636626
      1       0.233872   0.966324  -0.107344
      2       0.641753  -0.070487   0.763665
 P Eigenvalues: 
                  0          1          2    
      0      10.337537  27.088433  37.565968
P(iso)  24.997313
 Nucleus: 18 H 
 Shielding tensor (ppm): 
                  0          1          2    
      0      43.061132 -271.789744 -128.892554
      1     378.754866   8.232381 -396.270433
      2      83.926605 289.555454  20.488056
 P Tensor eigenvectors:
                   0          1          2    
      0       0.703383   0.241661   0.668470
      1      -0.230823   0.967122  -0.106749
      2       0.672289   0.079213  -0.736038
 P Eigenvalues: 
                  0          1          2    
      0       8.933179  26.306613  36.541777
P(iso)  23.927190
 Nucleus: 20 H 
 Shielding tensor (ppm): 
                  0          1          2    
      0     -13.181239 314.160609  74.735022
      1     -401.759018  52.631420 460.173822
      2     -55.410532 -333.440324  15.150321
 P Tensor eigenvectors:
                   0          1          2    
      0       0.743720   0.217451   0.632136
      1      -0.108498   0.972342  -0.206830
      2       0.659628  -0.085238  -0.746743
 P Eigenvalues: 
                  0          1          2    
      0       7.399384  19.863767  27.337352
P(iso)  18.200168
 Nucleus: 21 H 
 Shielding tensor (ppm): 
                  0          1          2    
      0     -13.683608 300.508129 -76.237195
      1     -382.589528  52.255176 -474.469629
      2      55.314824 344.128483  13.360813
 P Tensor eigenvectors:
                   0          1          2    
      0      -0.768571   0.215844   0.602254
      1       0.110064   0.971943  -0.207879
      2       0.630225   0.093483   0.770764
 P Eigenvalues: 
                  0          1          2    
      0       5.893324  19.358642  26.680416
P(iso)  17.310794
 Nucleus: 23 H 
 Shielding tensor (ppm): 
                  0          1          2    
      0      66.590665 -125.309622 -130.326014
      1     193.512025  26.381054 -217.330408
      2      83.503824 160.188662  59.989786
 P Tensor eigenvectors:
                   0          1          2    
      0      -0.663758   0.449625  -0.597715
      1       0.456204   0.876651   0.152840
      2      -0.592708   0.171231   0.787005
 P Eigenvalues: 
                  0          1          2    
      0      32.281278  50.195917  70.484310
P(iso)  50.987168
 Nucleus: 24 H 
 Shielding tensor (ppm): 
                  0          1          2    
      0      65.244069 -120.757875 130.959820
      1     187.873032  26.572402 222.062546
      2     -84.006553 -162.888241  60.622869
 P Tensor eigenvectors:
                   0          1          2    
      0      -0.678107   0.453038   0.578729
      1       0.458322   0.876225  -0.148898
      2       0.574553  -0.164276   0.801812
 P Eigenvalues: 
                  0          1          2    
      0      32.025375  50.058560  70.355405
P(iso)  50.813113
 Nucleus: 26 H 
 Shielding tensor (ppm): 
                  0          1          2    
      0      55.127546 210.195671  58.258216
      1     -289.937046  64.516097 323.508663
      2     -49.238589 -235.831695  91.851927
 P Tensor eigenvectors:
                   0          1          2    
      0       0.748329   0.122815   0.651860
      1      -0.110518   0.992059  -0.060037
      2       0.654057   0.027114  -0.755959
 P Eigenvalues: 
                  0          1          2    
      0      75.624380  57.067397  78.803792
P(iso)  70.498523
 Nucleus: 27 H 
 Shielding tensor (ppm): 
                  0          1          2    
      0      55.658422 204.293084 -60.136750
      1     -282.057601  64.096629 -330.163662
      2      49.855527 241.127970  92.343892
 P Tensor eigenvectors:
                   0          1          2    
      0      -0.763562   0.122668   0.633976
      1       0.113679   0.991993  -0.055025
      2       0.635650  -0.030055   0.771392
 P Eigenvalues: 
                  0          1          2    
      0      75.896639  57.224785  78.977519
P(iso)  70.699648
 Nucleus: 29 H 
 Shielding tensor (ppm): 
                  0          1          2    
      0      37.444067 -256.512531 -116.810376
      1     363.069221  12.869058 -400.448330
      2      74.271086 290.907457  14.073147
 P Tensor eigenvectors:
                   0          1          2    
      0      -0.726985   0.199861  -0.656924
      1       0.206234   0.976086   0.068734
      2      -0.654951   0.085512   0.750818
 P Eigenvalues: 
                  0          1          2    
      0       4.939091  24.776724  34.670457
P(iso)  21.462091
 Nucleus: 30 H 
 Shielding tensor (ppm): 
                  0          1          2    
      0      36.149320 -248.666507 118.752357
      1     352.940568  13.500920 408.711977
      2     -75.684240 -296.634268  14.183349
 P Tensor eigenvectors:
                   0          1          2    
      0      -0.742282   0.201455   0.639088
      1       0.209927   0.975638  -0.063720
      2       0.636355  -0.086864   0.766490
 P Eigenvalues: 
                  0          1          2    
      0       4.636443  24.668047  34.529099
P(iso)  21.277863
 Nucleus: 32 H 
 Shielding tensor (ppm): 
                  0          1          2    
      0      -1.063712 305.761102 -56.627211
      1     -395.506482  48.757284 -468.585239
      2      41.971634 339.313091  21.854275
 P Tensor eigenvectors:
                   0          1          2    
      0      -0.759067   0.166758   0.629293
      1       0.081022   0.983320  -0.162842
      2       0.645951   0.072621   0.759916
 P Eigenvalues: 
                  0          1          2    
      0      14.765689  23.105080  31.677077
P(iso)  23.182616
 Nucleus: 33 H 
 Shielding tensor (ppm): 
                  0          1          2    
      0      -1.608603 314.219194  54.111621
      1     -406.944021  49.556527 458.373795
      2     -39.985136 -331.633917  21.207101
 P Tensor eigenvectors:
                   0          1          2    
      0       0.742984   0.168911   0.647645
      1      -0.076910   0.982768  -0.168082
      2       0.664876  -0.075071  -0.743172
 P Eigenvalues: 
                  0          1          2    
      0      14.575962  23.014888  31.564175
P(iso)  23.051675
 Nucleus: 35 H 
 Shielding tensor (ppm): 
                  0          1          2    
      0      50.143003 -31.685927   2.968650
      1      25.643196 -108.422300   0.268517
      2       0.208611  -0.288444 -93.287398
 P Tensor eigenvectors:
                   0          1          2    
      0       0.932465  -0.003163  -0.361248
      1       0.361036  -0.027172   0.932156
      2      -0.012764  -0.999626  -0.024195
 P Eigenvalues: 
                  0          1          2    
      0      27.379090 -93.288153 -85.657632
P(iso)  -50.522232
 Nucleus: 36 H 
 Shielding tensor (ppm): 
                  0          1          2    
      0      49.683412 -25.267273   1.791013
      1      20.801896 -109.506939   0.259879
      2       1.535125  -0.256696 -95.575986
 P Tensor eigenvectors:
                   0          1          2    
      0      -0.951007  -0.010406   0.308993
      1      -0.309043   0.003552  -0.951041
      2      -0.008799   0.999940   0.006594
 P Eigenvalues: 
                  0          1          2    
      0      33.183740 -95.594866 -92.988388
P(iso)  -51.799838
 Nucleus: 37 H 
 Shielding tensor (ppm): 
                  0          1          2    
      0     -102.152783 -154.165746   1.171181
      1     278.665464  25.527756   8.530194
      2      -0.295366  -5.624762 -122.301060
 P Tensor eigenvectors:
                   0          1          2    
      0      -0.030275   0.306336   0.951442
      1      -0.003432  -0.951905   0.306376
      2       0.999536   0.006010   0.029870
 P Eigenvalues: 
                  0          1          2    
      0     -122.304385 -22.778764 -53.842939
P(iso)  -66.308696
 Nucleus: 38 H 
 Shielding tensor (ppm): 
                  0          1          2    
      0     -108.003281 -129.930249   0.533404
      1     232.725943  32.700296   1.793624
      2      -0.481885  -1.657141 -123.773808
 P Tensor eigenvectors:
                   0          1          2    
      0       0.359312   0.009253   0.933172
      1      -0.933202  -0.002214   0.359345
      2       0.005391  -0.999955   0.007840
 P Eigenvalues: 
                  0          1          2    
      0     -19.938849 -123.773971 -55.363973
P(iso)  -66.358931
# -----------------------------------------------------------
$ EPRNMR_ATensor
   description: Hyperfine A tensor
   geom. index: 1
   prop. index: 1
 Number of stored nuclei 21
 Source density: 1 SCF 
 Spin multiplicity: 2 
 Nucleus: 9 H  
 Isotope: 1 
 Nuclear Spin:  0.5 
 Prefactor (MHz): 533.551395 
 Raw A tensor (MHz): 
                  0          1          2    
      0     -15.859144  -6.302332   0.022638
      1      -6.305243 -13.081238  -0.048324
      2       0.022650  -0.048284 -17.275450
 A Tensor eigenvectors:
                   0          1          2    
      0      -0.626395  -0.006205   0.779481
      1       0.779485   0.002198   0.626417
      2      -0.005600   0.999978   0.003460
 A Eigenvalues: 
                  0          1          2    
      0      -8.014908 -17.275697 -20.925227
A(iso)  -15.405277
 Nucleus: 10 H  
 Isotope: 1 
 Nuclear Spin:  0.5 
 Prefactor (MHz): 533.551395 
 Raw A tensor (MHz): 
                  0          1          2    
      0       8.547714   2.400071   0.032493
      1       2.401162   6.965209   0.019056
      2       0.032491   0.019045   4.648367
 A Tensor eigenvectors:
                   0          1          2    
      0      -0.009018   0.585997   0.810263
      1       0.001115  -0.810290   0.586028
      2       0.999959   0.006188   0.006653
 A Eigenvalues: 
                  0          1          2    
      0       4.648095   5.228829  10.284366
A(iso)  6.720430
 Nucleus: 12 H  
 Isotope: 1 
 Nuclear Spin:  0.5 
 Prefactor (MHz): 533.551395 
 Raw A tensor (MHz): 
                  0          1          2    
      0     -20.198387  -1.135849   0.287236
      1      -1.133257 -74.818000   0.017007
      2       0.287248   0.016955 -49.163623
 A Tensor eigenvectors:
                   0          1          2    
      0       0.999735  -0.009872  -0.020787
      1      -0.020777   0.001100  -0.999784
      2       0.009893   0.999951   0.000894
 A Eigenvalues: 
                  0          1          2    
      0     -20.171993 -49.166440 -74.841577
A(iso)  -48.060003
 Nucleus: 14 H  
 Isotope: 1 
 Nuclear Spin:  0.5 
 Prefactor (MHz): 533.551395 
 Raw A tensor (MHz): 
                  0          1          2    
      0      71.989933  -3.621410   2.110480
      1      -3.620377  73.802337  -2.012697
      2       2.108951  -2.012894  68.868312
 A Tensor eigenvectors:
                   0          1          2    
      0      -0.406404  -0.692136   0.596477
      1       0.060448  -0.671756  -0.738302
      2       0.911692  -0.263993   0.314843
 A Eigenvalues: 
                  0          1          2    
      0      67.794611  69.280273  77.585697
A(iso)  71.553527
 Nucleus: 15 H  
 Isotope: 1 
 Nuclear Spin:  0.5 
 Prefactor (MHz): 533.551395 
 Raw A tensor (MHz): 
                  0          1          2    
      0      70.492008  -3.669376  -1.997999
      1      -3.668291  72.070787   1.896521
      2      -1.996441   1.896710  67.010332
 A Tensor eigenvectors:
                   0          1          2    
      0       0.360197  -0.705504   0.610345
      1      -0.073844  -0.673772  -0.735241
      2       0.929949   0.219761  -0.294788
 A Eigenvalues: 
                  0          1          2    
      0      66.086333  67.610272  75.876522
A(iso)  69.857709
 Nucleus: 17 H  
 Isotope: 1 
 Nuclear Spin:  0.5 
 Prefactor (MHz): 533.551395 
 Raw A tensor (MHz): 
                  0          1          2    
      0      -2.364766   2.034363   0.656938
      1       2.034129   1.856582   1.401663
      2       0.656361   1.400516  -2.817394
 A Tensor eigenvectors:
                   0          1          2    
      0      -0.365370   0.662988  -0.653415
      1      -0.895636  -0.441656   0.052685
      2      -0.253655   0.604472   0.755164
 A Eigenvalues: 
                  0          1          2    
      0       3.082012  -3.119819  -3.287770
A(iso)  -1.108526
 Nucleus: 18 H  
 Isotope: 1 
 Nuclear Spin:  0.5 
 Prefactor (MHz): 533.551395 
 Raw A tensor (MHz): 
                  0          1          2    
      0      -2.307829   2.091877  -0.612639
      1       2.091671   1.851327  -1.285785
      2      -0.612095  -1.284675  -2.865581
 A Tensor eigenvectors:
                   0          1          2    
      0      -0.376055   0.658111   0.652283
      1      -0.896712  -0.435820  -0.077260
      2       0.233432  -0.613964   0.754028
 A Eigenvalues: 
                  0          1          2    
      0       3.062434  -3.120940  -3.263575
A(iso)  -1.107361
 Nucleus: 20 H  
 Isotope: 1 
 Nuclear Spin:  0.5 
 Prefactor (MHz): 533.551395 
 Raw A tensor (MHz): 
                  0          1          2    
      0       0.037877  -0.291096  -0.102385
      1      -0.291467   2.175044   0.382996
      2      -0.102534   0.382802   0.057725
 A Tensor eigenvectors:
                   0          1          2    
      0       0.667373   0.732497   0.134390
      1       0.218938  -0.020495  -0.975524
      2      -0.711814   0.680462  -0.174049
 A Eigenvalues: 
                  0          1          2    
      0       0.043258  -0.056108   2.283496
A(iso)  0.756882
 Nucleus: 21 H  
 Isotope: 1 
 Nuclear Spin:  0.5 
 Prefactor (MHz): 533.551395 
 Raw A tensor (MHz): 
                  0          1          2    
      0       0.025643  -0.270022   0.101078
      1      -0.270390   2.184094  -0.376085
      2       0.101224  -0.375888   0.059538
 A Tensor eigenvectors:
                   0          1          2    
      0      -0.642846  -0.755810  -0.124496
      1      -0.210647   0.018169   0.977393
      2      -0.736462   0.654538  -0.170889
 A Eigenvalues: 
                  0          1          2    
      0       0.045743  -0.060725   2.284257
A(iso)  0.756425
 Nucleus: 23 H  
 Isotope: 1 
 Nuclear Spin:  0.5 
 Prefactor (MHz): 533.551395 
 Raw A tensor (MHz): 
                  0          1          2    
      0      25.983992   1.561204  -0.930633
      1       1.560656  25.978146  -0.471818
      2      -0.929993  -0.472001  24.619314
 A Tensor eigenvectors:
                   0          1          2    
      0       0.604263   0.388797   0.695488
      1      -0.310064  -0.689325   0.654746
      2       0.733980  -0.611285  -0.295982
 A Eigenvalues: 
                  0          1          2    
      0      24.052905  24.679103  27.849444
A(iso)  25.527151
 Nucleus: 24 H  
 Isotope: 1 
 Nuclear Spin:  0.5 
 Prefactor (MHz): 533.551395 
 Raw A tensor (MHz): 
                  0          1          2    
      0      26.060888   1.556447   0.951526
      1       1.555902  26.111037   0.497096
      2       0.950889   0.497288  24.780334
 A Tensor eigenvectors:
                   0          1          2    
      0      -0.621772   0.374105   0.688074
      1       0.315638  -0.684345   0.657301
      2       0.716779   0.625874   0.307425
 A Eigenvalues: 
                  0          1          2    
      0      24.174274  24.805473  27.972512
A(iso)  25.650753
 Nucleus: 26 H  
 Isotope: 1 
 Nuclear Spin:  0.5 
 Prefactor (MHz): 533.551395 
 Raw A tensor (MHz): 
                  0          1          2    
      0      -0.839108  -0.363008  -0.087462
      1      -0.362581   0.777306   0.390966
      2      -0.087231   0.390702  -0.955043
 A Tensor eigenvectors:
                   0          1          2    
      0       0.976092  -0.205315   0.071349
      1       0.215551   0.956582  -0.196186
      2      -0.027972   0.206875   0.977967
 A Eigenvalues: 
                  0          1          2    
      0      -0.916702   0.939641  -1.039783
A(iso)  -0.338948
 Nucleus: 27 H  
 Isotope: 1 
 Nuclear Spin:  0.5 
 Prefactor (MHz): 533.551395 
 Raw A tensor (MHz): 
                  0          1          2    
      0      -0.848061  -0.353310   0.093029
      1      -0.352881   0.770231  -0.410786
      2       0.092795  -0.410527  -0.950272
 A Tensor eigenvectors:
                   0          1          2    
      0       0.974685  -0.200193  -0.099561
      1       0.216757   0.955262   0.201222
      2       0.054824  -0.217708   0.974473
 A Eigenvalues: 
                  0          1          2    
      0      -0.921363   0.937784  -1.044524
A(iso)  -0.342701
 Nucleus: 29 H  
 Isotope: 1 
 Nuclear Spin:  0.5 
 Prefactor (MHz): 533.551395 
 Raw A tensor (MHz): 
                  0          1          2    
      0      -0.034383   0.279959  -0.060255
      1       0.280095   0.705071  -0.125339
      2      -0.060269  -0.125251  -0.090024
 A Tensor eigenvectors:
                   0          1          2    
      0      -0.450813   0.834288   0.317382
      1       0.288123  -0.200525   0.936363
      2       0.844839   0.513569  -0.149978
 A Eigenvalues: 
                  0          1          2    
      0      -0.100551  -0.138853   0.820068
A(iso)  0.193555
 Nucleus: 30 H  
 Isotope: 1 
 Nuclear Spin:  0.5 
 Prefactor (MHz): 533.551395 
 Raw A tensor (MHz): 
                  0          1          2    
      0      -0.037279   0.276972   0.059664
      1       0.277106   0.707504   0.125607
      2       0.059678   0.125517  -0.088943
 A Tensor eigenvectors:
                   0          1          2    
      0      -0.435963   0.843655  -0.313340
      1       0.282482  -0.202295  -0.937700
      2      -0.854483  -0.497315  -0.150125
 A Eigenvalues: 
                  0          1          2    
      0      -0.099963  -0.138948   0.820193
A(iso)  0.193761
 Nucleus: 32 H  
 Isotope: 1 
 Nuclear Spin:  0.5 
 Prefactor (MHz): 533.551395 
 Raw A tensor (MHz): 
                  0          1          2    
      0      -0.104023   0.005520   0.000365
      1       0.005616   0.375721  -0.066480
      2       0.000357  -0.066451  -0.117238
 A Tensor eigenvectors:
                   0          1          2    
      0       0.998721  -0.049327  -0.011100
      1      -0.004512   0.131702  -0.991279
      2       0.050359   0.990061   0.131311
 A Eigenvalues: 
                  0          1          2    
      0      -0.104030  -0.126096   0.384587
A(iso)  0.051487
 Nucleus: 33 H  
 Isotope: 1 
 Nuclear Spin:  0.5 
 Prefactor (MHz): 533.551395 
 Raw A tensor (MHz): 
                  0          1          2    
      0      -0.104553   0.003950  -0.000023
      1       0.004046   0.376048   0.062928
      2      -0.000015   0.062897  -0.118793
 A Tensor eigenvectors:
                   0          1          2    
      0       0.999698  -0.023244   0.008017
      1      -0.005066   0.124348   0.992226
      2      -0.024060  -0.991966   0.124193
 A Eigenvalues: 
                  0          1          2    
      0      -0.104573  -0.126679   0.383953
A(iso)  0.050901
 Nucleus: 35 H  
 Isotope: 1 
 Nuclear Spin:  0.5 
 Prefactor (MHz): 533.551395 
 Raw A tensor (MHz): 
                  0          1          2    
      0      -3.662736  -0.934147   0.071530
      1      -0.931474 -11.908731  -0.003803
      2       0.071521  -0.003836  -9.026764
 A Tensor eigenvectors:
                   0          1          2    
      0      -0.993717  -0.012837   0.111185
      1       0.111158   0.002839   0.993799
      2      -0.013073   0.999914  -0.001395
 A Eigenvalues: 
                  0          1          2    
      0      -3.557596  -9.027693 -12.012942
A(iso)  -8.199410
 Nucleus: 36 H  
 Isotope: 1 
 Nuclear Spin:  0.5 
 Prefactor (MHz): 533.551395 
 Raw A tensor (MHz): 
                  0          1          2    
      0       2.730919   0.135396  -0.013804
      1       0.135367   5.401922  -0.002152
      2      -0.013805  -0.002152   3.790623
 A Tensor eigenvectors:
                   0          1          2    
      0       0.998643  -0.012716  -0.050506
      1      -0.050479   0.002404  -0.998722
      2       0.012822   0.999916   0.001759
 A Eigenvalues: 
                  0          1          2    
      0       2.723900   3.790794   5.408772
A(iso)  3.974488
 Nucleus: 37 H  
 Isotope: 1 
 Nuclear Spin:  0.5 
 Prefactor (MHz): 533.551395 
 Raw A tensor (MHz): 
                  0          1          2    
      0      -0.818700   0.227662   0.002997
      1       0.227504   0.682332   0.009273
      2       0.002996   0.009272  -0.834606
 A Tensor eigenvectors:
                   0          1          2    
      0      -0.146731  -0.087256   0.985320
      1      -0.989157   0.019186  -0.145603
      2      -0.006200  -0.996001  -0.089125
 A Eigenvalues: 
                  0          1          2    
      0       0.716138  -0.834522  -0.852591
A(iso)  -0.323658
 Nucleus: 38 H  
 Isotope: 1 
 Nuclear Spin:  0.5 
 Prefactor (MHz): 533.551395 
 Raw A tensor (MHz): 
                  0          1          2    
      0      -0.121865   0.063622  -0.000093
      1       0.063687   0.227338  -0.000603
      2      -0.000093  -0.000604  -0.133001
 A Tensor eigenvectors:
                   0          1          2    
      0       0.114868   0.978054   0.173827
      1      -0.018620  -0.172835   0.984775
      2       0.993206  -0.116356  -0.001642
 A Eigenvalues: 
                  0          1          2    
      0      -0.133001  -0.133108   0.238581
A(iso)  -0.009176
# -------------------------------------------------------------
----------------------- !GEOMETRIES! ------------------------
# -------------------------------------------------------------
------------------------ !GEOMETRY! -------------------------
    Number of atoms:    39 
    Geometry Index:     1 
    Coordinates:
               0 C      3.996663497538   -0.031217616589    0.044751519129
               1 C      2.775587460074    0.000837417986    0.030795860339
               2 C     -2.914080916950    0.003185566327   -0.025067537879
               3 C      1.345453745059    0.033471186503    0.016925854357
               4 C      0.632487329423    1.290820208139    0.007786584832
               5 C     -0.792596563414    1.215398898756   -0.006487678680
               6 C     -1.477263562090   -0.004790140715   -0.010751744332
               7 C     -0.762281652941   -1.245480764828   -0.000761294314
               8 C      0.637392533652   -1.184003604500    0.012602730757
               9 H     -1.372313011249    2.131630541945   -0.014118659217
              10 H      1.214678920241   -2.101341326516    0.020115420077
              11 C      1.314107693330    2.532725813713    0.013253819422
              12 H      2.400504937128    2.507569512254    0.024443132617
              13 C      0.642961676970    3.880405554915    0.004222350872
              14 H     -0.000514782373    3.974298299975   -0.885220472398
              15 H     -0.037269497807    3.967931792020    0.866398688627
              16 C      1.638334595770    5.055379707179    0.029627216033
              17 H      2.271002149038    4.969827584311    0.922260816004
              18 H      2.308626221328    4.976572158860   -0.835797890942
              19 C      0.943022285384    6.426885288029    0.019914379652
              20 H      0.288847637616    6.543405452505    0.891446658507
              21 H      0.326095738411    6.549720379077   -0.877539903043
              22 C     -1.528922217080   -2.557005921807   -0.004981403696
              23 H     -2.208453626952   -2.560921342329    0.858403788834
              24 H     -2.187947010661   -2.567439109790   -0.884118923550
              25 C     -0.688976451984   -3.843704269995    0.009649488728
              26 H     -0.022982875712   -3.865865373556   -0.863311518920
              27 H     -0.043356618121   -3.859068335833    0.897945791516
              28 C     -1.561043816733   -5.112275161079    0.004530142407
              29 H     -2.229709310222   -5.094933692298    0.875437702281
              30 H     -2.208947061024   -5.102064044310   -0.882045937924
              31 C     -0.733533600324   -6.409242494327    0.019529298082
              32 H     -0.099518324195   -6.461256394012    0.911868428463
              33 H     -0.078322164173   -6.468033436248   -0.856930246706
              34 C     -4.134148575832    0.002357064840   -0.038222059041
              35 H      5.061947330876   -0.064523233348    0.059320452691
              36 H     -5.200021358274    0.007759534845   -0.050700888858
              37 H      1.673163922290    7.242383952199    0.038150407295
              38 H     -1.378911886016   -7.293741722298    0.015239457980
