-------------------------------------------------------------
----------------------- !PROPERTIES! ------------------------
-------------------------------------------------------------
# -----------------------------------------------------------
$ PAL_Flags
   description: The PAL Flags
   geom. index: 1
   prop. index: 1
        Diskflag:     2
# -----------------------------------------------------------
$ SCF_Energy
   description: The SCF energy
   geom. index: 1
   prop. index: 1
        SCF Energy:     -698.0281490020
# -----------------------------------------------------------
$ DFT_Energy
   description: The DFT energy
   geom. index: 1
   prop. index: 1
   Number of Alpha Electrons                 65.0001015807 
   Number of Beta  Electrons                 64.0000889509 
   Total number of  Electrons               129.0001905317 
   Exchange energy                          -79.7482988345 
   Correlation energy                        -4.9911085727 
   Correlation energy NL                      0.0000000000 
   Exchange-Correlation energy              -84.7394074072 
   Embedding correction                       0.0000000000 
   Total DFT Energy (No VdW correction)    -698.0281490020 
# -----------------------------------------------------------
$ Mayer_Pop
   description: The Mayer population analysis
   geom. index: 1
   prop. index: 1
     Number of atoms                     : 39
     Threshold for printing              : 0.1000000
     Number of bond orders printed       : 42
  NA   - Mulliken gross atomic population
  ZA   - Total nuclear charge
  QA   - Mulliken gross atomic charge
  VA   - Mayer's total valence
  BVA  - Mayer's bonded valence
  FA   - Mayer's free valence
  ATOM       NA         ZA         QA         VA         BVA        FA
  0   0     6.5407     6.0000    -0.5407     3.8880     3.8812     0.0068
  1   0     6.0083     6.0000    -0.0083     3.8122     3.8108     0.0014
  2   0     5.9970     6.0000     0.0030     3.8157     3.8153     0.0004
  3   0     5.6408     6.0000     0.3592     3.9163     3.8817     0.0346
  4   0     5.5487     6.0000     0.4513     3.8445     3.8302     0.0143
  5   0     6.4555     6.0000    -0.4555     4.2471     4.2124     0.0347
  6   0     5.5736     6.0000     0.4264     3.9650     3.9580     0.0070
  7   0     5.6973     6.0000     0.3027     3.8307     3.7921     0.0386
  8   0     6.3973     6.0000    -0.3973     4.3337     4.3256     0.0081
  9   0     0.8693     1.0000     0.1307     0.9657     0.9655     0.0002
 10   0     0.8669     1.0000     0.1331     0.9662     0.9662     0.0000
 11   0     6.2931     6.0000    -0.2931     4.0432     3.6596     0.3836
 12   0     0.8664     1.0000     0.1336     0.9799     0.9783     0.0016
 13   0     6.2669     6.0000    -0.2669     3.9636     3.9622     0.0014
 14   0     0.8493     1.0000     0.1507     0.9643     0.9633     0.0010
 15   0     0.8495     1.0000     0.1505     0.9644     0.9634     0.0010
 16   0     6.2835     6.0000    -0.2835     3.9028     3.9028     0.0000
 17   0     0.8464     1.0000     0.1536     0.9639     0.9639     0.0000
 18   0     0.8464     1.0000     0.1536     0.9639     0.9639     0.0000
 19   0     6.5068     6.0000    -0.5068     3.9052     3.9052     0.0000
 20   0     0.8427     1.0000     0.1573     0.9659     0.9659     0.0000
 21   0     0.8427     1.0000     0.1573     0.9659     0.9659     0.0000
 22   0     6.3846     6.0000    -0.3846     4.0591     4.0589     0.0002
 23   0     0.8463     1.0000     0.1537     0.9626     0.9625     0.0001
 24   0     0.8465     1.0000     0.1535     0.9627     0.9626     0.0001
 25   0     6.2645     6.0000    -0.2645     4.0190     4.0190     0.0000
 26   0     0.8603     1.0000     0.1397     0.9666     0.9666     0.0000
 27   0     0.8604     1.0000     0.1396     0.9667     0.9667     0.0000
 28   0     6.2548     6.0000    -0.2548     3.8907     3.8907     0.0000
 29   0     0.8577     1.0000     0.1423     0.9675     0.9675     0.0000
 30   0     0.8577     1.0000     0.1423     0.9675     0.9675     0.0000
 31   0     6.5085     6.0000    -0.5085     3.9004     3.9004     0.0000
 32   0     0.8421     1.0000     0.1579     0.9657     0.9657     0.0000
 33   0     0.8421     1.0000     0.1579     0.9657     0.9657     0.0000
 34   0     6.5413     6.0000    -0.5413     3.8867     3.8852     0.0015
 35   0     0.8161     1.0000     0.1839     0.9773     0.9773     0.0000
 36   0     0.8167     1.0000     0.1833     0.9771     0.9771     0.0000
 37   0     0.8548     1.0000     0.1452     0.9673     0.9673     0.0000
 38   0     0.8566     1.0000     0.1434     0.9670     0.9670     0.0000
      Bond orders larger than 0.1000000
           Atom A     A.N. of A          Atom B    A.N. of B              Bond order
                0             6               1            6                2.689771
                0             6              35            1                0.987122
                1             6               3            6                0.929484
                2             6               6            6                0.909723
                2             6              34            6                2.706889
                3             6               4            6                1.240147
                3             6               8            6                1.433630
                4             6               5            6                1.250612
                4             6               6            6                0.105421
                4             6              11            6                1.270278
                5             6               6            6                1.479169
                5             6               9            1                0.973382
                5             6              34            6                0.100973
                6             6               7            6                1.316007
                6             6               8            6                0.104465
                7             6               8            6                1.429720
                7             6              22            6                0.945792
                8             6              10            1                0.970220
               11             6              12            1                0.988225
               11             6              13            6                1.006076
               13             6              14            1                0.954077
               13             6              15            1                0.953977
               13             6              16            6                0.981186
               16             6              17            1                0.972026
               16             6              18            1                0.971974
               16             6              19            6                0.961370
               19             6              20            1                0.972645
               19             6              21            1                0.972640
               19             6              37            1                0.967147
               22             6              23            1                0.958742
               22             6              24            1                0.958729
               22             6              25            6                1.020810
               25             6              26            1                0.960582
               25             6              27            1                0.960446
               25             6              28            6                0.987987
               28             6              29            1                0.971062
               28             6              30            1                0.971026
               28             6              31            6                0.954240
               31             6              32            1                0.972816
               31             6              33            1                0.972823
               31             6              38            1                0.967474
               34             6              36            1                0.983963
# -----------------------------------------------------------
$ Calculation_Info
   description: Details of the calculation
   geom. index: 1
   prop. index: 1
     Multiplicity:                          2
     Charge:                                0
     number of atoms:                       39
     number of electrons:                   0
     number of frozen core electrons:       1
     number of correlated electrons:        0
     number of basis functions:             453
     number of aux C basis functions:       3138
     number of aux J basis functions:       3138
     number of aux JK basis functions:      3138
     number of aux CABS basis functions:    0
     Total Energy                           -698.028149
# -----------------------------------------------------------
$ SCF_Electric_Properties
   description: The SCF Calculated Electric Properties
   geom. index: 1
   prop. index: 1
       Filename                          : EPRII_i.scfp 
       Do Dipole Moment Calculation      : true 
       Do Quadrupole Moment Calculation  : false 
       Do Polarizability Calculation     : false 
** Dipole moment part of electric properties **
        Magnitude of dipole moment (Debye) :        0.2894663331
        Electronic Contribution:
                  0    
      0       0.604489
      1       2.305562
      2       0.010351
        Nuclear Contribution:
                  0    
      0      -0.703759
      1      -2.249760
      2      -0.009447
        Total Dipole moment:
                  0    
      0      -0.099270
      1       0.055802
      2       0.000904
# -----------------------------------------------------------
$ EPRNMR_GTensor
   description: Electronic g tensor
   geom. index: 1
   prop. index: 1
 Source density: 1 SCF 
 Spin multiplicity: 2 
 raw g tensor: 
                  0          1          2    
      0       2.002780   0.000115   0.000006
      1       0.000061   2.002774  -0.000000
      2       0.000006   0.000000   2.002188
 g tensor: 
                  0          1          2    
      0      -0.010892  -0.694619  -0.719296
      1       0.001836   0.719323  -0.694673
      2       0.999939  -0.008887  -0.006560
 G eigenvalues: 
                  0          1          2    
      0       2.002188   2.002689   2.002865
# -----------------------------------------------------------
$ EPRNMR_OrbitalShielding
   description: Orbital contribution to the NMR Shielding tensor (ppm)
   geom. index: 1
   prop. index: 1
 Number of stored nuclei 21
 Source density: 1 SCF 
 Nucleus: 9 H 
 Shielding tensor (ppm): 
                  0          1          2    
      0      26.967548   5.870262   0.064233
      1       5.165297  26.368247   0.042201
      2       0.069011   0.053097  19.866661
 P Tensor eigenvectors:
                   0          1          2    
      0      -0.010800   0.692377   0.721455
      1       0.001898  -0.721481   0.692431
      2       0.999940   0.008847   0.006477
 P Eigenvalues: 
                  0          1          2    
      0      19.866029  21.142569  32.193858
P(iso)  24.400819
 Nucleus: 10 H 
 Shielding tensor (ppm): 
                  0          1          2    
      0      27.718027   6.056364   0.080404
      1       5.736057  26.189793   0.051610
      2       0.074218   0.060363  19.579895
 P Tensor eigenvectors:
                   0          1          2    
      0      -0.009580   0.662284   0.749192
      1       0.000080  -0.749226   0.662314
      2       0.999954   0.006405   0.007125
 P Eigenvalues: 
                  0          1          2    
      0      19.579161  21.008554  32.900000
P(iso)  24.495905
 Nucleus: 12 H 
 Shielding tensor (ppm): 
                  0          1          2    
      0      22.602722  -2.445958   0.025676
      1      -1.771344  32.949854  -0.043986
      2       0.021603  -0.050174  20.683444
 P Tensor eigenvectors:
                   0          1          2    
      0      -0.010012  -0.982433   0.186349
      1       0.002127  -0.186379  -0.982476
      2       0.999948  -0.009440   0.003955
 P Eigenvalues: 
                  0          1          2    
      0      20.683108  22.190046  33.362866
P(iso)  25.412007
 Nucleus: 14 H 
 Shielding tensor (ppm): 
                  0          1          2    
      0      28.833956   1.380679   3.231360
      1       0.640878  30.606581  -0.343972
      2       4.016534  -1.281387  28.210334
 P Tensor eigenvectors:
                   0          1          2    
      0      -0.661449  -0.027842   0.749473
      1       0.198783  -0.970079   0.139399
      2       0.723167   0.241187   0.647192
 P Eigenvalues: 
                  0          1          2    
      0      24.611466  30.852030  32.187375
P(iso)  29.216957
 Nucleus: 15 H 
 Shielding tensor (ppm): 
                  0          1          2    
      0      29.017081   1.351712  -3.216598
      1       0.623052  30.623711   0.349485
      2      -4.001554   1.299515  28.009380
 P Tensor eigenvectors:
                   0          1          2    
      0       0.642595  -0.013881   0.766081
      1      -0.196003  -0.969546   0.146842
      2       0.740712  -0.244514  -0.625746
 P Eigenvalues: 
                  0          1          2    
      0      24.602115  30.860101  32.187957
P(iso)  29.216724
 Nucleus: 17 H 
 Shielding tensor (ppm): 
                  0          1          2    
      0      30.768752  -0.748551   4.568393
      1      -0.325646  30.242184  -0.548178
      2       4.486987   0.643933  28.770531
 P Tensor eigenvectors:
                   0          1          2    
      0      -0.627936  -0.030811   0.777655
      1      -0.062085  -0.994048  -0.089517
      2       0.775784  -0.104492   0.622286
 P Eigenvalues: 
                  0          1          2    
      0      25.106353  30.232815  34.442299
P(iso)  29.927156
 Nucleus: 18 H 
 Shielding tensor (ppm): 
                  0          1          2    
      0      30.984713  -0.743393  -4.516827
      1      -0.346878  30.238507   0.533295
      2      -4.433619  -0.662937  28.554176
 P Tensor eigenvectors:
                   0          1          2    
      0       0.609175  -0.033109   0.792344
      1       0.063868  -0.993834  -0.090632
      2       0.790460   0.105816  -0.603305
 P Eigenvalues: 
                  0          1          2    
      0      25.104148  30.229582  34.443668
P(iso)  29.925799
 Nucleus: 20 H 
 Shielding tensor (ppm): 
                  0          1          2    
      0      30.147985  -1.649382  -3.906211
      1      -2.397335  31.063349   2.586058
      2      -3.183830   2.144791  31.083418
 P Tensor eigenvectors:
                   0          1          2    
      0      -0.751964   0.349318  -0.559041
      1       0.010834   0.854490   0.519356
      2      -0.659115  -0.384480   0.646330
 P Eigenvalues: 
                  0          1          2    
      0      27.039618  29.144710  36.110424
P(iso)  30.764917
 Nucleus: 21 H 
 Shielding tensor (ppm): 
                  0          1          2    
      0      29.977405  -1.590492   3.880880
      1      -2.328038  31.052006  -2.644915
      2       3.159639  -2.184146  31.263948
 P Tensor eigenvectors:
                   0          1          2    
      0      -0.767676   0.340040   0.543182
      1       0.012217   0.855223  -0.518116
      2       0.640722   0.391109   0.660688
 P Eigenvalues: 
                  0          1          2    
      0      27.041676  29.141712  36.109971
P(iso)  30.764453
 Nucleus: 23 H 
 Shielding tensor (ppm): 
                  0          1          2    
      0      28.678635  -1.805224  -3.434917
      1      -1.273151  31.372346   0.122266
      2      -4.826590  -0.864629  26.688127
 P Tensor eigenvectors:
                   0          1          2    
      0       0.615830   0.429413  -0.660574
      1       0.143082   0.763525   0.629728
      2       0.774778  -0.482322   0.408760
 P Eigenvalues: 
                  0          1          2    
      0      23.243547  30.761099  32.734462
P(iso)  28.913036
 Nucleus: 24 H 
 Shielding tensor (ppm): 
                  0          1          2    
      0      28.527112  -1.830542   3.479090
      1      -1.267131  31.391401  -0.161042
      2       4.866287   0.808368  26.813745
 P Tensor eigenvectors:
                   0          1          2    
      0      -0.629128   0.426006  -0.650166
      1      -0.140710   0.760205   0.634263
      2       0.764459   0.490518  -0.418323
 P Eigenvalues: 
                  0          1          2    
      0      23.225031  30.752243  32.754982
P(iso)  28.910752
 Nucleus: 26 H 
 Shielding tensor (ppm): 
                  0          1          2    
      0      30.374731   0.846061  -3.789175
      1       0.703252  31.492647   0.136010
      2      -3.717904   1.339877  28.369580
 P Tensor eigenvectors:
                   0          1          2    
      0       0.604078  -0.020400   0.796664
      1      -0.159520  -0.982535   0.095798
      2       0.780797  -0.184954  -0.596782
 P Eigenvalues: 
                  0          1          2    
      0      25.306826  31.656281  33.273851
P(iso)  30.078986
 Nucleus: 27 H 
 Shielding tensor (ppm): 
                  0          1          2    
      0      30.236941   0.883670   3.828395
      1       0.717828  31.484809  -0.128983
      2       3.757103  -1.321934  28.502854
 P Tensor eigenvectors:
                   0          1          2    
      0      -0.618154  -0.020817   0.785781
      1       0.160942  -0.981823   0.100599
      2       0.769405   0.188651   0.610268
 P Eigenvalues: 
                  0          1          2    
      0      25.295976  31.649827  33.278800
P(iso)  30.074868
 Nucleus: 29 H 
 Shielding tensor (ppm): 
                  0          1          2    
      0      30.867323  -0.186478  -4.683264
      1       0.008094  30.951839  -0.470783
      2      -4.344604  -1.133356  28.677486
 P Tensor eigenvectors:
                   0          1          2    
      0       0.612408  -0.165264  -0.773075
      1       0.110065   0.986205  -0.123636
      2       0.782843  -0.009373   0.622149
 P Eigenvalues: 
                  0          1          2    
      0      25.047950  30.979249  34.469450
P(iso)  30.165549
 Nucleus: 30 H 
 Shielding tensor (ppm): 
                  0          1          2    
      0      30.713607  -0.207623   4.721624
      1       0.000764  30.957831   0.465196
      2       4.382736   1.125036  28.827776
 P Tensor eigenvectors:
                   0          1          2    
      0      -0.625652  -0.164101  -0.762647
      1      -0.109220   0.986422  -0.122651
      2       0.772419   0.006559  -0.635080
 P Eigenvalues: 
                  0          1          2    
      0      25.043262  30.985137  34.470815
P(iso)  30.166405
 Nucleus: 32 H 
 Shielding tensor (ppm): 
                  0          1          2    
      0      30.221299  -1.639121   4.035466
      1      -2.499720  30.825383  -2.328355
      2       3.352523  -1.933290  31.151656
 P Tensor eigenvectors:
                   0          1          2    
      0      -0.765986   0.273505   0.581774
      1      -0.057328   0.872313  -0.485575
      2       0.640296   0.405295   0.652500
 P Eigenvalues: 
                  0          1          2    
      0      26.955900  29.158616  36.083822
P(iso)  30.732779
 Nucleus: 33 H 
 Shielding tensor (ppm): 
                  0          1          2    
      0      30.341676  -1.674237  -4.044767
      1      -2.540706  30.827873   2.286615
      2      -3.361962   1.908027  31.028776
 P Tensor eigenvectors:
                   0          1          2    
      0      -0.755597   0.279836  -0.592254
      1      -0.058169   0.871917   0.486187
      2      -0.652449  -0.401812   0.642540
 P Eigenvalues: 
                  0          1          2    
      0      26.958321  29.157061  36.082943
P(iso)  30.732775
 Nucleus: 35 H 
 Shielding tensor (ppm): 
                  0          1          2    
      0      34.969092  -0.651361   0.190921
      1      -0.702165  25.820646  -0.017350
      2       0.101053  -0.010606  24.083437
 P Tensor eigenvectors:
                   0          1          2    
      0      -0.013990   0.072992  -0.997234
      1       0.002928   0.997331   0.072957
      2       0.999898  -0.001899  -0.014166
 P Eigenvalues: 
                  0          1          2    
      0      24.081472  25.770860  35.020843
P(iso)  28.291058
 Nucleus: 36 H 
 Shielding tensor (ppm): 
                  0          1          2    
      0      35.640400  -0.586500   0.154746
      1      -0.964740  25.732941  -0.016163
      2       0.118353  -0.008732  24.175012
 P Tensor eigenvectors:
                   0          1          2    
      0      -0.012077  -0.074522   0.997146
      1       0.002117  -0.997219  -0.074502
      2       0.999925   0.001211   0.012201
 P Eigenvalues: 
                  0          1          2    
      0      24.173380  25.672686  35.702288
P(iso)  28.516118
 Nucleus: 37 H 
 Shielding tensor (ppm): 
                  0          1          2    
      0      29.570400   2.462600   0.039863
      1       3.822024  35.905619   0.035249
      2       0.038136   0.018587  25.986121
 P Tensor eigenvectors:
                   0          1          2    
      0      -0.011772   0.920564   0.390414
      1       0.001010  -0.390430   0.920632
      2       0.999930   0.011232   0.003667
 P Eigenvalues: 
                  0          1          2    
      0      25.985690  28.277438  37.199013
P(iso)  30.487380
 Nucleus: 38 H 
 Shielding tensor (ppm): 
                  0          1          2    
      0      28.933295   1.885283   0.024024
      1       3.149005  36.592719   0.021207
      2       0.023252   0.011398  25.972507
 P Tensor eigenvectors:
                   0          1          2    
      0      -0.008364   0.955188   0.295882
      1       0.000453  -0.295888   0.955222
      2       0.999965   0.008123   0.002042
 P Eigenvalues: 
                  0          1          2    
      0      25.972316  28.181134  37.345070
P(iso)  30.499507
# -----------------------------------------------------------
$ EPRNMR_ATensor
   description: Hyperfine A tensor
   geom. index: 1
   prop. index: 1
 Number of stored nuclei 21
 Source density: 1 SCF 
 Spin multiplicity: 2 
 Nucleus: 9 H  
 Isotope: 1 
 Nuclear Spin:  0.5 
 Prefactor (MHz): 533.551395 
 Raw A tensor (MHz): 
                  0          1          2    
      0     -15.644354  -6.189224   0.027328
      1      -6.192062 -13.057938  -0.070032
      2       0.027335  -0.069999 -17.210641
 A Tensor eigenvectors:
                   0          1          2    
      0      -0.630633  -0.010060   0.776016
      1       0.776042   0.001870   0.630678
      2      -0.007795   0.999948   0.006628
 A Eigenvalues: 
                  0          1          2    
      0      -8.026314 -17.211047 -20.675573
A(iso)  -15.304311
 Nucleus: 10 H  
 Isotope: 1 
 Nuclear Spin:  0.5 
 Prefactor (MHz): 533.551395 
 Raw A tensor (MHz): 
                  0          1          2    
      0       8.375062   2.319663   0.037039
      1       2.320756   6.917504   0.020908
      2       0.037037   0.020894   4.559286
 A Tensor eigenvectors:
                   0          1          2    
      0      -0.010730   0.591651   0.806123
      1       0.001687  -0.806158   0.591698
      2       0.999941   0.007709   0.007652
 A Eigenvalues: 
                  0          1          2    
      0       4.558924   5.214350  10.078578
A(iso)  6.617284
 Nucleus: 12 H  
 Isotope: 1 
 Nuclear Spin:  0.5 
 Prefactor (MHz): 533.551395 
 Raw A tensor (MHz): 
                  0          1          2    
      0     -20.539555  -1.143485   0.315181
      1      -1.140944 -74.483463   0.038948
      2       0.315173   0.038906 -49.428330
 A Tensor eigenvectors:
                   0          1          2    
      0       0.999717  -0.010827  -0.021194
      1      -0.021173   0.002049  -0.999774
      2       0.010868   0.999939   0.001819
 A Eigenvalues: 
                  0          1          2    
      0     -20.511964 -49.431663 -74.507720
A(iso)  -48.150449
 Nucleus: 14 H  
 Isotope: 1 
 Nuclear Spin:  0.5 
 Prefactor (MHz): 533.551395 
 Raw A tensor (MHz): 
                  0          1          2    
      0      73.762594  -3.569061   2.077346
      1      -3.568007  75.451048  -1.986947
      2       2.075806  -1.987149  70.553758
 A Tensor eigenvectors:
                   0          1          2    
      0      -0.386477  -0.699652   0.600934
      1       0.075344  -0.673334  -0.735489
      2       0.919216  -0.238973   0.312943
 A Eigenvalues: 
                  0          1          2    
      0      69.517999  71.037515  79.211887
A(iso)  73.255800
 Nucleus: 15 H  
 Isotope: 1 
 Nuclear Spin:  0.5 
 Prefactor (MHz): 533.551395 
 Raw A tensor (MHz): 
                  0          1          2    
      0      73.588044  -3.619144  -1.983874
      1      -3.618073  75.178518   1.882466
      2      -1.982335   1.882646  70.158088
 A Tensor eigenvectors:
                   0          1          2    
      0       0.362181  -0.705824   0.608801
      1      -0.073759  -0.672798  -0.736140
      2       0.929185   0.221711  -0.295735
 A Eigenvalues: 
                  0          1          2    
      0      69.235856  70.761633  78.927160
A(iso)  72.974883
 Nucleus: 17 H  
 Isotope: 1 
 Nuclear Spin:  0.5 
 Prefactor (MHz): 533.551395 
 Raw A tensor (MHz): 
                  0          1          2    
      0      -2.423995   2.055267   0.646663
      1       2.055040   1.771547   1.370208
      2       0.646101   1.369077  -2.915434
 A Tensor eigenvectors:
                   0          1          2    
      0      -0.369164   0.671353  -0.642654
      1      -0.895681  -0.441492   0.053304
      2      -0.247940   0.595290   0.764300
 A Eigenvalues: 
                  0          1          2    
      0       2.997381  -3.201928  -3.363334
A(iso)  -1.189294
 Nucleus: 18 H  
 Isotope: 1 
 Nuclear Spin:  0.5 
 Prefactor (MHz): 533.551395 
 Raw A tensor (MHz): 
                  0          1          2    
      0      -2.391450   2.084429  -0.637917
      1       2.084228   1.760949  -1.333143
      2      -0.637358  -1.332015  -2.935009
 A Tensor eigenvectors:
                   0          1          2    
      0       0.375056  -0.683905   0.625785
      1       0.894966   0.443076  -0.052159
      2      -0.241598   0.579619   0.778250
 A Eigenvalues: 
                  0          1          2    
      0       2.993825  -3.201001  -3.358333
A(iso)  -1.188503
 Nucleus: 20 H  
 Isotope: 1 
 Nuclear Spin:  0.5 
 Prefactor (MHz): 533.551395 
 Raw A tensor (MHz): 
                  0          1          2    
      0       0.082536  -0.286867  -0.106539
      1      -0.287237   2.237445   0.378666
      2      -0.106686   0.378475   0.103647
 A Tensor eigenvectors:
                   0          1          2    
      0      -0.680627   0.720641   0.131995
      1       0.036440   0.213242  -0.976320
      2      -0.731723  -0.659700  -0.171398
 A Eigenvalues: 
                  0          1          2    
      0      -0.015441   0.096346   2.342723
A(iso)  0.807876
 Nucleus: 21 H  
 Isotope: 1 
 Nuclear Spin:  0.5 
 Prefactor (MHz): 533.551395 
 Raw A tensor (MHz): 
                  0          1          2    
      0       0.074720  -0.276482   0.106740
      1      -0.276848   2.233891  -0.389854
      2       0.106888  -0.389656   0.108549
 A Tensor eigenvectors:
                   0          1          2    
      0       0.699686  -0.702997  -0.127413
      1      -0.037734  -0.214450   0.976006
      2      -0.713453  -0.678090  -0.176575
 A Eigenvalues: 
                  0          1          2    
      0      -0.018004   0.094636   2.340529
A(iso)  0.805720
 Nucleus: 23 H  
 Isotope: 1 
 Nuclear Spin:  0.5 
 Prefactor (MHz): 533.551395 
 Raw A tensor (MHz): 
                  0          1          2    
      0      26.775209   1.543209  -0.926698
      1       1.542658  26.763083  -0.466110
      2      -0.926055  -0.466286  25.414169
 A Tensor eigenvectors:
                   0          1          2    
      0       0.601103   0.392206   0.696312
      1      -0.305376  -0.692449   0.653651
      2       0.738526  -0.605548  -0.296463
 A Eigenvalues: 
                  0          1          2    
      0      24.853078  25.481313  28.618070
A(iso)  26.317487
 Nucleus: 24 H  
 Isotope: 1 
 Nuclear Spin:  0.5 
 Prefactor (MHz): 533.551395 
 Raw A tensor (MHz): 
                  0          1          2    
      0      26.605517   1.536835   0.945435
      1       1.536283  26.622377   0.491608
      2       0.944796   0.491799  25.304703
 A Tensor eigenvectors:
                   0          1          2    
      0      -0.613313   0.381727   0.691471
      1       0.306587  -0.691757   0.653817
      2       0.727909   0.612991   0.307231
 A Eigenvalues: 
                  0          1          2    
      0      24.715610  25.338601  28.478385
A(iso)  26.177532
 Nucleus: 26 H  
 Isotope: 1 
 Nuclear Spin:  0.5 
 Prefactor (MHz): 533.551395 
 Raw A tensor (MHz): 
                  0          1          2    
      0      -0.851691  -0.359858  -0.088927
      1      -0.359433   0.766294   0.399252
      2      -0.088693   0.398986  -0.969570
 A Tensor eigenvectors:
                   0          1          2    
      0       0.976411  -0.203033   0.073475
      1       0.213856   0.956295  -0.199412
      2      -0.029776   0.210422   0.977157
 A Eigenvalues: 
                  0          1          2    
      0      -0.927913   0.930609  -1.057663
A(iso)  -0.351656
 Nucleus: 27 H  
 Isotope: 1 
 Nuclear Spin:  0.5 
 Prefactor (MHz): 533.551395 
 Raw A tensor (MHz): 
                  0          1          2    
      0      -0.851070  -0.351502   0.091343
      1      -0.351070   0.764697  -0.409416
      2       0.091110  -0.409160  -0.960499
 A Tensor eigenvectors:
                   0          1          2    
      0       0.975940  -0.199367  -0.088287
      1       0.213556   0.955705   0.202539
      2       0.043997  -0.216520   0.975286
 A Eigenvalues: 
                  0          1          2    
      0      -0.923878   0.930725  -1.053718
A(iso)  -0.348957
 Nucleus: 29 H  
 Isotope: 1 
 Nuclear Spin:  0.5 
 Prefactor (MHz): 533.551395 
 Raw A tensor (MHz): 
                  0          1          2    
      0      -0.026944   0.280929  -0.062025
      1       0.281065   0.719242  -0.125120
      2      -0.062038  -0.125031  -0.083978
 A Tensor eigenvectors:
                   0          1          2    
      0       0.481464  -0.817357   0.316416
      1      -0.293996   0.189490   0.936835
      2      -0.825687  -0.544078  -0.149067
 A Eigenvalues: 
                  0          1          2    
      0      -0.092285  -0.133459   0.834063
A(iso)  0.202773
 Nucleus: 30 H  
 Isotope: 1 
 Nuclear Spin:  0.5 
 Prefactor (MHz): 533.551395 
 Raw A tensor (MHz): 
                  0          1          2    
      0      -0.028650   0.279450   0.062428
      1       0.279585   0.719514   0.129201
      2       0.062440   0.129109  -0.082085
 A Tensor eigenvectors:
                   0          1          2    
      0      -0.463857   0.828243  -0.314404
      1       0.292665  -0.191707  -0.936801
      2      -0.836172  -0.526557  -0.153473
 A Eigenvalues: 
                  0          1          2    
      0      -0.092601  -0.133115   0.834495
A(iso)  0.202926
 Nucleus: 32 H  
 Isotope: 1 
 Nuclear Spin:  0.5 
 Prefactor (MHz): 533.551395 
 Raw A tensor (MHz): 
                  0          1          2    
      0      -0.100049   0.004851   0.000567
      1       0.004948   0.381846  -0.065791
      2       0.000559  -0.065762  -0.114073
 A Tensor eigenvectors:
                   0          1          2    
      0       0.998573  -0.052520  -0.009656
      1      -0.002771   0.129615  -0.991560
      2       0.053329   0.990172   0.129285
 A Eigenvalues: 
                  0          1          2    
      0      -0.100033  -0.122712   0.390469
A(iso)  0.055908
 Nucleus: 33 H  
 Isotope: 1 
 Nuclear Spin:  0.5 
 Prefactor (MHz): 533.551395 
 Raw A tensor (MHz): 
                  0          1          2    
      0      -0.099464   0.003754  -0.000342
      1       0.003851   0.382728   0.065330
      2      -0.000334   0.065299  -0.113630
 A Tensor eigenvectors:
                   0          1          2    
      0       0.999313  -0.036289   0.007499
      1      -0.002775   0.128517   0.991703
      2      -0.036951  -0.991043   0.128328
 A Eigenvalues: 
                  0          1          2    
      0      -0.099463  -0.122110   0.391207
A(iso)  0.056545
 Nucleus: 35 H  
 Isotope: 1 
 Nuclear Spin:  0.5 
 Prefactor (MHz): 533.551395 
 Raw A tensor (MHz): 
                  0          1          2    
      0      -3.617668  -1.034511   0.097295
      1      -1.031940 -11.660282  -0.010102
      2       0.097278  -0.010145  -8.876734
 A Tensor eigenvectors:
                   0          1          2    
      0      -0.991923  -0.017897   0.125575
      1       0.125541   0.003020   0.992084
      2      -0.018134   0.999835  -0.000749
 A Eigenvalues: 
                  0          1          2    
      0      -3.485278  -8.878506 -11.790900
A(iso)  -8.051561
 Nucleus: 36 H  
 Isotope: 1 
 Nuclear Spin:  0.5 
 Prefactor (MHz): 533.551395 
 Raw A tensor (MHz): 
                  0          1          2    
      0       2.605886   0.161660  -0.016341
      1       0.161649   5.122586  -0.001277
      2      -0.016340  -0.001277   3.568941
 A Tensor eigenvectors:
                   0          1          2    
      0       0.997822  -0.016535  -0.063851
      1      -0.063818   0.002543  -0.997958
      2       0.016663   0.999860   0.001482
 A Eigenvalues: 
                  0          1          2    
      0       2.595275   3.569208   5.132930
A(iso)  3.765804
 Nucleus: 37 H  
 Isotope: 1 
 Nuclear Spin:  0.5 
 Prefactor (MHz): 533.551395 
 Raw A tensor (MHz): 
                  0          1          2    
      0      -0.820974   0.232864   0.000268
      1       0.232705   0.680539   0.000879
      2       0.000268   0.000880  -0.840612
 A Tensor eigenvectors:
                   0          1          2    
      0      -0.149815  -0.008353   0.988679
      1      -0.988714   0.001857  -0.149805
      2      -0.000584  -0.999963  -0.008537
 A Eigenvalues: 
                  0          1          2    
      0       0.715801  -0.840611  -0.856236
A(iso)  -0.327015
 Nucleus: 38 H  
 Isotope: 1 
 Nuclear Spin:  0.5 
 Prefactor (MHz): 533.551395 
 Raw A tensor (MHz): 
                  0          1          2    
      0      -0.122013   0.064122   0.000061
      1       0.064189   0.229070   0.000346
      2       0.000061   0.000345  -0.133708
 A Tensor eigenvectors:
                   0          1          2    
      0       0.984707  -0.000467   0.174218
      1      -0.174218   0.001037   0.984707
      2      -0.000641  -0.999999   0.000940
 A Eigenvalues: 
                  0          1          2    
      0      -0.133369  -0.133709   0.240426
A(iso)  -0.008884
# -------------------------------------------------------------
----------------------- !GEOMETRIES! ------------------------
# -------------------------------------------------------------
------------------------ !GEOMETRY! -------------------------
    Number of atoms:    39 
    Geometry Index:     1 
    Coordinates:
               0 C      3.991788243612   -0.049239882396    0.058108204506
               1 C      2.775740443178    0.000817948191    0.040924075961
               2 C     -2.904925831503    0.001969422868   -0.021064920238
               3 C      1.348501294798    0.035969980027    0.024650970239
               4 C      0.635243373928    1.290109646834    0.014122098892
               5 C     -0.786024691448    1.210124429407   -0.000914187406
               6 C     -1.471080401116   -0.005896146080   -0.005830295721
               7 C     -0.755050864334   -1.242723545415    0.004473256940
               8 C      0.640731865278   -1.178014606864    0.019328438682
               9 H     -1.371295902164    2.129823777095   -0.008865376090
              10 H      1.223341927870   -2.098995055147    0.027465444385
              11 C      1.310812684248    2.530857604813    0.018831916249
              12 H      2.403663300363    2.505003068910    0.030817682265
              13 C      0.641083822756    3.872285374562    0.008661168868
              14 H     -0.020407779760    3.959192160870   -0.878173876208
              15 H     -0.042670667328    3.961659877018    0.878175853907
              16 C      1.626344757072    5.048246428856    0.019382586495
              17 H      2.275422316321    4.965813004747    0.910219498368
              18 H      2.296697410353    4.963936512218   -0.855393882408
              19 C      0.933466648250    6.412040777141    0.009601308176
              20 H      0.280768272801    6.536674933055    0.890987258617
              21 H      0.302264637618    6.534793363111   -0.887575098080
              22 C     -1.517429883836   -2.551443119886   -0.000598890849
              23 H     -2.203438584888   -2.555197843260    0.867109417682
              24 H     -2.188522827894   -2.557023916239   -0.879836606649
              25 C     -0.686653892352   -3.837261349702    0.007761740289
              26 H     -0.015119253142   -3.856286541053   -0.870391749450
              27 H     -0.031196723172   -3.855470221325    0.897992408444
              28 C     -1.555554684004   -5.100741837468    0.000739035671
              29 H     -2.229365301212   -5.083796294662    0.877444157907
              30 H     -2.214538071634   -5.084219036221   -0.887176218063
              31 C     -0.737136512653   -6.394158907468    0.007905648394
              32 H     -0.093626884395   -6.456406605743    0.902511680945
              33 H     -0.079125222638   -6.457033838585   -0.876029501547
              34 C     -4.120620578893    0.011732327365   -0.035488398548
              35 H      5.062776493409   -0.099657125883    0.078802826293
              36 H     -5.192881686639    0.026348413802   -0.050614736893
              37 H      1.665287562109    7.235733068865    0.017559858074
              38 H     -1.387506018958   -7.283908316357    0.002941031901
