-------------------------------------------------------------
----------------------- !PROPERTIES! ------------------------
-------------------------------------------------------------
# -----------------------------------------------------------
$ PAL_Flags
   description: The PAL Flags
   geom. index: 1
   prop. index: 1
        Diskflag:     2
# -----------------------------------------------------------
$ SCF_Energy
   description: The SCF energy
   geom. index: 1
   prop. index: 1
        SCF Energy:     -698.0281491993
# -----------------------------------------------------------
$ DFT_Energy
   description: The DFT energy
   geom. index: 1
   prop. index: 1
   Number of Alpha Electrons                 65.0001015789 
   Number of Beta  Electrons                 64.0000889482 
   Total number of  Electrons               129.0001905270 
   Exchange energy                          -79.7482978869 
   Correlation energy                        -4.9911082376 
   Correlation energy NL                      0.0000000000 
   Exchange-Correlation energy              -84.7394061245 
   Embedding correction                       0.0000000000 
   Total DFT Energy (No VdW correction)    -698.0281491993 
# -----------------------------------------------------------
$ Mayer_Pop
   description: The Mayer population analysis
   geom. index: 1
   prop. index: 1
     Number of atoms                     : 39
     Threshold for printing              : 0.1000000
     Number of bond orders printed       : 42
  NA   - Mulliken gross atomic population
  ZA   - Total nuclear charge
  QA   - Mulliken gross atomic charge
  VA   - Mayer's total valence
  BVA  - Mayer's bonded valence
  FA   - Mayer's free valence
  ATOM       NA         ZA         QA         VA         BVA        FA
  0   0     6.5409     6.0000    -0.5409     3.8880     3.8812     0.0068
  1   0     6.0081     6.0000    -0.0081     3.8122     3.8108     0.0014
  2   0     5.9971     6.0000     0.0029     3.8156     3.8152     0.0004
  3   0     5.6407     6.0000     0.3593     3.9163     3.8816     0.0347
  4   0     5.5489     6.0000     0.4511     3.8446     3.8303     0.0143
  5   0     6.4556     6.0000    -0.4556     4.2471     4.2124     0.0347
  6   0     5.5735     6.0000     0.4265     3.9650     3.9579     0.0071
  7   0     5.6975     6.0000     0.3025     3.8307     3.7921     0.0386
  8   0     6.3973     6.0000    -0.3973     4.3337     4.3256     0.0081
  9   0     0.8693     1.0000     0.1307     0.9657     0.9655     0.0002
 10   0     0.8668     1.0000     0.1332     0.9662     0.9662     0.0000
 11   0     6.2930     6.0000    -0.2930     4.0432     3.6597     0.3835
 12   0     0.8664     1.0000     0.1336     0.9799     0.9783     0.0016
 13   0     6.2669     6.0000    -0.2669     3.9636     3.9622     0.0014
 14   0     0.8493     1.0000     0.1507     0.9643     0.9633     0.0010
 15   0     0.8495     1.0000     0.1505     0.9644     0.9634     0.0010
 16   0     6.2835     6.0000    -0.2835     3.9028     3.9028     0.0000
 17   0     0.8464     1.0000     0.1536     0.9639     0.9639     0.0000
 18   0     0.8464     1.0000     0.1536     0.9639     0.9639     0.0000
 19   0     6.5068     6.0000    -0.5068     3.9052     3.9052     0.0000
 20   0     0.8427     1.0000     0.1573     0.9659     0.9659     0.0000
 21   0     0.8427     1.0000     0.1573     0.9659     0.9659     0.0000
 22   0     6.3846     6.0000    -0.3846     4.0591     4.0589     0.0002
 23   0     0.8463     1.0000     0.1537     0.9626     0.9625     0.0001
 24   0     0.8464     1.0000     0.1536     0.9627     0.9626     0.0001
 25   0     6.2645     6.0000    -0.2645     4.0190     4.0190     0.0000
 26   0     0.8603     1.0000     0.1397     0.9666     0.9666     0.0000
 27   0     0.8604     1.0000     0.1396     0.9667     0.9667     0.0000
 28   0     6.2548     6.0000    -0.2548     3.8906     3.8906     0.0000
 29   0     0.8577     1.0000     0.1423     0.9675     0.9675     0.0000
 30   0     0.8577     1.0000     0.1423     0.9675     0.9675     0.0000
 31   0     6.5085     6.0000    -0.5085     3.9004     3.9004     0.0000
 32   0     0.8421     1.0000     0.1579     0.9657     0.9657     0.0000
 33   0     0.8421     1.0000     0.1579     0.9657     0.9657     0.0000
 34   0     6.5412     6.0000    -0.5412     3.8868     3.8853     0.0015
 35   0     0.8161     1.0000     0.1839     0.9774     0.9774     0.0000
 36   0     0.8167     1.0000     0.1833     0.9771     0.9771     0.0000
 37   0     0.8548     1.0000     0.1452     0.9673     0.9673     0.0000
 38   0     0.8566     1.0000     0.1434     0.9670     0.9670     0.0000
      Bond orders larger than 0.1000000
           Atom A     A.N. of A          Atom B    A.N. of B              Bond order
                0             6               1            6                2.689734
                0             6              35            1                0.987125
                1             6               3            6                0.929476
                2             6               6            6                0.909697
                2             6              34            6                2.706907
                3             6               4            6                1.240136
                3             6               8            6                1.433632
                4             6               5            6                1.250582
                4             6               6            6                0.105409
                4             6              11            6                1.270350
                5             6               6            6                1.479185
                5             6               9            1                0.973364
                5             6              34            6                0.100968
                6             6               7            6                1.315995
                6             6               8            6                0.104469
                7             6               8            6                1.429716
                7             6              22            6                0.945786
                8             6              10            1                0.970204
               11             6              12            1                0.988222
               11             6              13            6                1.006074
               13             6              14            1                0.954077
               13             6              15            1                0.953977
               13             6              16            6                0.981180
               16             6              17            1                0.972031
               16             6              18            1                0.971978
               16             6              19            6                0.961354
               19             6              20            1                0.972649
               19             6              21            1                0.972645
               19             6              37            1                0.967151
               22             6              23            1                0.958739
               22             6              24            1                0.958726
               22             6              25            6                1.020806
               25             6              26            1                0.960581
               25             6              27            1                0.960445
               25             6              28            6                0.987988
               28             6              29            1                0.971064
               28             6              30            1                0.971028
               28             6              31            6                0.954226
               31             6              32            1                0.972822
               31             6              33            1                0.972829
               31             6              38            1                0.967478
               34             6              36            1                0.983977
# -----------------------------------------------------------
$ Calculation_Info
   description: Details of the calculation
   geom. index: 1
   prop. index: 1
     Multiplicity:                          2
     Charge:                                0
     number of atoms:                       39
     number of electrons:                   0
     number of frozen core electrons:       1
     number of correlated electrons:        0
     number of basis functions:             453
     number of aux C basis functions:       3138
     number of aux J basis functions:       3138
     number of aux JK basis functions:      3138
     number of aux CABS basis functions:    0
     Total Energy                           -698.028149
# -----------------------------------------------------------
$ SCF_Electric_Properties
   description: The SCF Calculated Electric Properties
   geom. index: 1
   prop. index: 1
       Filename                          : EPRII_i.scfp 
       Do Dipole Moment Calculation      : true 
       Do Quadrupole Moment Calculation  : false 
       Do Polarizability Calculation     : false 
** Dipole moment part of electric properties **
        Magnitude of dipole moment (Debye) :        0.2914259928
        Electronic Contribution:
                  0    
      0       0.603751
      1       2.305821
      2       0.010341
        Nuclear Contribution:
                  0    
      0      -0.703759
      1      -2.249760
      2      -0.009447
        Total Dipole moment:
                  0    
      0      -0.100009
      1       0.056062
      2       0.000893
# -----------------------------------------------------------
$ EPRNMR_GTensor
   description: Electronic g tensor
   geom. index: 1
   prop. index: 1
 Source density: 1 SCF 
 Spin multiplicity: 2 
 raw g tensor: 
                  0          1          2    
      0       2.002780   0.000115   0.000006
      1       0.000063   2.002776  -0.000000
      2       0.000006   0.000000   2.002188
 g tensor: 
                  0          1          2    
      0      -0.010890  -0.698437  -0.715588
      1       0.001837   0.715616  -0.698492
      2       0.999939  -0.008921  -0.006510
 G eigenvalues: 
                  0          1          2    
      0       2.002188   2.002689   2.002868
# -----------------------------------------------------------
$ EPRNMR_OrbitalShielding
   description: Orbital contribution to the NMR Shielding tensor (ppm)
   geom. index: 1
   prop. index: 1
 Number of stored nuclei 21
 Source density: 1 SCF 
 Nucleus: 9 H 
 Shielding tensor (ppm): 
                  0          1          2    
      0      26.964913   5.873007   0.064226
      1       5.169477  26.363936   0.042268
      2       0.069026   0.053117  19.861057
 P Tensor eigenvectors:
                   0          1          2    
      0      -0.010787   0.692326   0.721504
      1       0.001887  -0.721531   0.692380
      2       0.999940   0.008830   0.006477
 P Eigenvalues: 
                  0          1          2    
      0      19.860425  21.135591  32.193890
P(iso)  24.396635
 Nucleus: 10 H 
 Shielding tensor (ppm): 
                  0          1          2    
      0      27.719762   6.052509   0.080538
      1       5.741866  26.187087   0.051655
      2       0.074244   0.060285  19.575658
 P Tensor eigenvectors:
                   0          1          2    
      0      -0.009597   0.662085   0.749367
      1       0.000098  -0.749401   0.662116
      2       0.999954   0.006427   0.007127
 P Eigenvalues: 
                  0          1          2    
      0      19.574923  21.006809  32.900776
P(iso)  24.494169
 Nucleus: 12 H 
 Shielding tensor (ppm): 
                  0          1          2    
      0      22.599175  -2.447246   0.025610
      1      -1.771631  32.949347  -0.043998
      2       0.021560  -0.050168  20.684302
 P Tensor eigenvectors:
                   0          1          2    
      0      -0.010004  -0.982432   0.186353
      1       0.002128  -0.186383  -0.982475
      2       0.999948  -0.009432   0.003955
 P Eigenvalues: 
                  0          1          2    
      0      20.683967  22.186314  33.362543
P(iso)  25.410941
 Nucleus: 14 H 
 Shielding tensor (ppm): 
                  0          1          2    
      0      28.830649   1.382378   3.232160
      1       0.641043  30.605861  -0.344351
      2       4.017430  -1.280487  28.202980
 P Tensor eigenvectors:
                   0          1          2    
      0      -0.661294  -0.026762   0.749649
      1       0.198658  -0.969929   0.140617
      2       0.723343   0.241913   0.646725
 P Eigenvalues: 
                  0          1          2    
      0      24.605203  30.850806  32.183481
P(iso)  29.213164
 Nucleus: 15 H 
 Shielding tensor (ppm): 
                  0          1          2    
      0      29.013801   1.353441  -3.217324
      1       0.623194  30.622976   0.349923
      2      -4.002372   1.298634  28.001966
 P Tensor eigenvectors:
                   0          1          2    
      0       0.642435  -0.012778   0.766234
      1      -0.195882  -0.969384   0.148068
      2       0.740883  -0.245215  -0.625269
 P Eigenvalues: 
                  0          1          2    
      0      24.595798  30.858848  32.184097
P(iso)  29.212914
 Nucleus: 17 H 
 Shielding tensor (ppm): 
                  0          1          2    
      0      30.767925  -0.751201   4.568008
      1      -0.325922  30.242516  -0.548262
      2       4.489533   0.638638  28.773126
 P Tensor eigenvectors:
                   0          1          2    
      0      -0.628093  -0.031410   0.777504
      1      -0.061898  -0.994002  -0.090160
      2       0.775672  -0.104755   0.622381
 P Eigenvalues: 
                  0          1          2    
      0      25.106706  30.232494  34.444367
P(iso)  29.927856
 Nucleus: 18 H 
 Shielding tensor (ppm): 
                  0          1          2    
      0      30.983936  -0.746184  -4.516527
      1      -0.347147  30.238844   0.533373
      2      -4.436244  -0.657688  28.556717
 P Tensor eigenvectors:
                   0          1          2    
      0       0.609335  -0.033714   0.792196
      1       0.063680  -0.993788  -0.091275
      2       0.790351   0.106064  -0.603403
 P Eigenvalues: 
                  0          1          2    
      0      25.104502  30.229253  34.445741
P(iso)  29.926499
 Nucleus: 20 H 
 Shielding tensor (ppm): 
                  0          1          2    
      0      30.150816  -1.648403  -3.906285
      1      -2.397783  31.062883   2.586219
      2      -3.187705   2.142255  31.085372
 P Tensor eigenvectors:
                   0          1          2    
      0      -0.751914   0.349062  -0.559268
      1       0.010735   0.854696   0.519018
      2      -0.659174  -0.384253   0.646405
 P Eigenvalues: 
                  0          1          2    
      0      27.040116  29.146507  36.112448
P(iso)  30.766357
 Nucleus: 21 H 
 Shielding tensor (ppm): 
                  0          1          2    
      0      29.980146  -1.589583   3.880957
      1      -2.328477  31.051541  -2.645081
      2       3.163531  -2.181581  31.265994
 P Tensor eigenvectors:
                   0          1          2    
      0      -0.767627   0.339789   0.543407
      1       0.012116   0.855429  -0.517778
      2       0.640782   0.390877   0.660768
 P Eigenvalues: 
                  0          1          2    
      0      27.042186  29.143502  36.111992
P(iso)  30.765894
 Nucleus: 23 H 
 Shielding tensor (ppm): 
                  0          1          2    
      0      28.676121  -1.804094  -3.437578
      1      -1.272816  31.370940   0.125368
      2      -4.819968  -0.858319  26.692698
 P Tensor eigenvectors:
                   0          1          2    
      0       0.616203   0.429375  -0.660251
      1       0.142778   0.763529   0.629792
      2       0.774537  -0.482349   0.409184
 P Eigenvalues: 
                  0          1          2    
      0      23.248324  30.757084  32.734351
P(iso)  28.913253
 Nucleus: 24 H 
 Shielding tensor (ppm): 
                  0          1          2    
      0      28.524728  -1.829337   3.481619
      1      -1.266827  31.389933  -0.163990
      2       4.859506   0.802222  26.818228
 P Tensor eigenvectors:
                   0          1          2    
      0      -0.629491   0.425950  -0.649852
      1      -0.140423   0.760217   0.634312
      2       0.764214   0.490548  -0.418736
 P Eigenvalues: 
                  0          1          2    
      0      23.229787  30.748264  32.754837
P(iso)  28.910963
 Nucleus: 26 H 
 Shielding tensor (ppm): 
                  0          1          2    
      0      30.370440   0.845547  -3.791465
      1       0.701727  31.493006   0.137294
      2      -3.714056   1.344012  28.359715
 P Tensor eigenvectors:
                   0          1          2    
      0       0.603795  -0.020928   0.796865
      1      -0.159517  -0.982608   0.095062
      2       0.781016  -0.184511  -0.596632
 P Eigenvalues: 
                  0          1          2    
      0      25.299510  31.657243  33.266408
P(iso)  30.074387
 Nucleus: 27 H 
 Shielding tensor (ppm): 
                  0          1          2    
      0      30.232648   0.883220   3.830858
      1       0.716301  31.485096  -0.130467
      2       3.753400  -1.326135  28.492966
 P Tensor eigenvectors:
                   0          1          2    
      0      -0.617876  -0.021362   0.785985
      1       0.160948  -0.981900   0.099837
      2       0.769626   0.188190   0.610131
 P Eigenvalues: 
                  0          1          2    
      0      25.288569  31.650774  33.271367
P(iso)  30.070237
 Nucleus: 29 H 
 Shielding tensor (ppm): 
                  0          1          2    
      0      30.864394  -0.186181  -4.684100
      1       0.007934  30.951242  -0.470223
      2      -4.346889  -1.132455  28.672397
 P Tensor eigenvectors:
                   0          1          2    
      0       0.612367  -0.165091  -0.773144
      1       0.109874   0.986235  -0.123567
      2       0.782901  -0.009280   0.622077
 P Eigenvalues: 
                  0          1          2    
      0      25.042374  30.978533  34.467127
P(iso)  30.162678
 Nucleus: 30 H 
 Shielding tensor (ppm): 
                  0          1          2    
      0      30.710641  -0.207321   4.722492
      1       0.000623  30.957233   0.464602
      2       4.385037   1.124151  28.822750
 P Tensor eigenvectors:
                   0          1          2    
      0      -0.625612  -0.163925  -0.762718
      1      -0.109029   0.986452  -0.122580
      2       0.772478   0.006470  -0.635008
 P Eigenvalues: 
                  0          1          2    
      0      25.037709  30.984422  34.468493
P(iso)  30.163541
 Nucleus: 32 H 
 Shielding tensor (ppm): 
                  0          1          2    
      0      30.219587  -1.639368   4.036692
      1      -2.499431  30.825215  -2.328634
      2       3.356802  -1.932780  31.148616
 P Tensor eigenvectors:
                   0          1          2    
      0      -0.765824   0.273758   0.581867
      1      -0.057077   0.872347  -0.485545
      2       0.640512   0.405053   0.652439
 P Eigenvalues: 
                  0          1          2    
      0      26.950926  29.158575  36.083917
P(iso)  30.731139
 Nucleus: 33 H 
 Shielding tensor (ppm): 
                  0          1          2    
      0      30.340050  -1.674466  -4.045980
      1      -2.540439  30.827702   2.286870
      2      -3.366229   1.907496  31.025643
 P Tensor eigenvectors:
                   0          1          2    
      0      -0.755433   0.280081  -0.592348
      1      -0.057922   0.871951   0.486155
      2      -0.652661  -0.401567   0.642477
 P Eigenvalues: 
                  0          1          2    
      0      26.953332  29.157033  36.083030
P(iso)  30.731132
 Nucleus: 35 H 
 Shielding tensor (ppm): 
                  0          1          2    
      0      34.972541  -0.652121   0.191094
      1      -0.701655  25.818207  -0.017331
      2       0.101198  -0.010635  24.077435
 P Tensor eigenvectors:
                   0          1          2    
      0      -0.013994   0.072969  -0.997236
      1       0.002923   0.997332   0.072935
      2       0.999898  -0.001894  -0.014170
 P Eigenvalues: 
                  0          1          2    
      0      24.075467  25.768435  35.024280
P(iso)  28.289394
 Nucleus: 36 H 
 Shielding tensor (ppm): 
                  0          1          2    
      0      35.642179  -0.585476   0.154836
      1      -0.964693  25.726558  -0.016167
      2       0.118494  -0.008726  24.166872
 P Tensor eigenvectors:
                   0          1          2    
      0      -0.012076  -0.074399   0.997155
      1       0.002118  -0.997228  -0.074378
      2       0.999925   0.001213   0.012200
 P Eigenvalues: 
                  0          1          2    
      0      24.165239  25.666435  35.703935
P(iso)  28.511869
 Nucleus: 37 H 
 Shielding tensor (ppm): 
                  0          1          2    
      0      29.573828   2.462391   0.039771
      1       3.821018  35.906960   0.035243
      2       0.038053   0.018608  25.996247
 P Tensor eigenvectors:
                   0          1          2    
      0      -0.011768   0.920553   0.390439
      1       0.001008  -0.390455   0.920621
      2       0.999930   0.011227   0.003667
 P Eigenvalues: 
                  0          1          2    
      0      25.995816  28.280988  37.200231
P(iso)  30.492345
 Nucleus: 38 H 
 Shielding tensor (ppm): 
                  0          1          2    
      0      28.932488   1.885810   0.023984
      1       3.148596  36.593408   0.021213
      2       0.023200   0.011408  25.976956
 P Tensor eigenvectors:
                   0          1          2    
      0      -0.008363   0.955202   0.295837
      1       0.000452  -0.295844   0.955236
      2       0.999965   0.008122   0.002042
 P Eigenvalues: 
                  0          1          2    
      0      25.976766  28.180417  37.345669
P(iso)  30.500950
# -----------------------------------------------------------
$ EPRNMR_ATensor
   description: Hyperfine A tensor
   geom. index: 1
   prop. index: 1
 Number of stored nuclei 21
 Source density: 1 SCF 
 Spin multiplicity: 2 
 Nucleus: 9 H  
 Isotope: 1 
 Nuclear Spin:  0.5 
 Prefactor (MHz): 533.551395 
 Raw A tensor (MHz): 
                  0          1          2    
      0     -15.670800  -6.192629   0.027338
      1      -6.195468 -13.080321  -0.070077
      2       0.027344  -0.070044 -17.237400
 A Tensor eigenvectors:
                   0          1          2    
      0      -0.630554  -0.010061   0.776080
      1       0.776106   0.001869   0.630599
      2      -0.007795   0.999948   0.006629
 A Eigenvalues: 
                  0          1          2    
      0      -8.046979 -17.237806 -20.703737
A(iso)  -15.329507
 Nucleus: 10 H  
 Isotope: 1 
 Nuclear Spin:  0.5 
 Prefactor (MHz): 533.551395 
 Raw A tensor (MHz): 
                  0          1          2    
      0       8.391758   2.322271   0.037042
      1       2.323363   6.930908   0.020942
      2       0.037041   0.020928   4.575194
 A Tensor eigenvectors:
                   0          1          2    
      0      -0.010728   0.591520   0.806219
      1       0.001685  -0.806254   0.591568
      2       0.999941   0.007705   0.007653
 A Eigenvalues: 
                  0          1          2    
      0       4.574832   5.226418  10.096610
A(iso)  6.632620
 Nucleus: 12 H  
 Isotope: 1 
 Nuclear Spin:  0.5 
 Prefactor (MHz): 533.551395 
 Raw A tensor (MHz): 
                  0          1          2    
      0     -20.535671  -1.143237   0.315147
      1      -1.140694 -74.474941   0.038943
      2       0.315140   0.038902 -49.422114
 A Tensor eigenvectors:
                   0          1          2    
      0       0.999717  -0.010827  -0.021191
      1      -0.021170   0.002048  -0.999774
      2       0.010868   0.999939   0.001819
 A Eigenvalues: 
                  0          1          2    
      0     -20.508089 -49.425446 -74.499190
A(iso)  -48.144242
 Nucleus: 14 H  
 Isotope: 1 
 Nuclear Spin:  0.5 
 Prefactor (MHz): 533.551395 
 Raw A tensor (MHz): 
                  0          1          2    
      0      73.754023  -3.568695   2.077347
      1      -3.567642  75.442560  -1.986897
      2       2.075807  -1.987099  70.545548
 A Tensor eigenvectors:
                   0          1          2    
      0      -0.386507  -0.699646   0.600922
      1       0.075341  -0.673331  -0.735492
      2       0.919204  -0.238999   0.312959
 A Eigenvalues: 
                  0          1          2    
      0      69.509719  71.029363  79.203050
A(iso)  73.247377
 Nucleus: 15 H  
 Isotope: 1 
 Nuclear Spin:  0.5 
 Prefactor (MHz): 533.551395 
 Raw A tensor (MHz): 
                  0          1          2    
      0      73.579454  -3.618777  -1.983882
      1      -3.617707  75.170012   1.882425
      2      -1.982343   1.882605  70.149861
 A Tensor eigenvectors:
                   0          1          2    
      0       0.362211  -0.705818   0.608789
      1      -0.073756  -0.672795  -0.736143
      2       0.929174   0.221737  -0.295752
 A Eigenvalues: 
                  0          1          2    
      0      69.227561  70.753462  78.918304
A(iso)  72.966442
 Nucleus: 17 H  
 Isotope: 1 
 Nuclear Spin:  0.5 
 Prefactor (MHz): 533.551395 
 Raw A tensor (MHz): 
                  0          1          2    
      0      -2.423564   2.055124   0.646621
      1       2.054897   1.771645   1.370112
      2       0.646058   1.368982  -2.915035
 A Tensor eigenvectors:
                   0          1          2    
      0      -0.369166   0.671466  -0.642534
      1      -0.895680  -0.441502   0.053228
      2      -0.247939   0.595154   0.764406
 A Eigenvalues: 
                  0          1          2    
      0       2.997398  -3.201472  -3.362879
A(iso)  -1.188985
 Nucleus: 18 H  
 Isotope: 1 
 Nuclear Spin:  0.5 
 Prefactor (MHz): 533.551395 
 Raw A tensor (MHz): 
                  0          1          2    
      0      -2.391025   2.084284  -0.637872
      1       2.084084   1.761047  -1.333051
      2      -0.637313  -1.331922  -2.934613
 A Tensor eigenvectors:
                   0          1          2    
      0       0.375058  -0.684022   0.625656
      1       0.894965   0.443086  -0.052078
      2      -0.241597   0.579473   0.778359
 A Eigenvalues: 
                  0          1          2    
      0       2.993841  -3.200551  -3.357881
A(iso)  -1.188197
 Nucleus: 20 H  
 Isotope: 1 
 Nuclear Spin:  0.5 
 Prefactor (MHz): 533.551395 
 Raw A tensor (MHz): 
                  0          1          2    
      0       0.082484  -0.286857  -0.106538
      1      -0.287227   2.237310   0.378655
      2      -0.106685   0.378464   0.103598
 A Tensor eigenvectors:
                   0          1          2    
      0      -0.680628   0.720641   0.131995
      1       0.036441   0.213244  -0.976319
      2      -0.731723  -0.659700  -0.171400
 A Eigenvalues: 
                  0          1          2    
      0      -0.015491   0.096297   2.342586
A(iso)  0.807797
 Nucleus: 21 H  
 Isotope: 1 
 Nuclear Spin:  0.5 
 Prefactor (MHz): 533.551395 
 Raw A tensor (MHz): 
                  0          1          2    
      0       0.074667  -0.276472   0.106739
      1      -0.276838   2.233755  -0.389842
      2       0.106887  -0.389645   0.108499
 A Tensor eigenvectors:
                   0          1          2    
      0       0.699682  -0.703001  -0.127413
      1      -0.037737  -0.214451   0.976005
      2      -0.713457  -0.678086  -0.176577
 A Eigenvalues: 
                  0          1          2    
      0      -0.018055   0.094585   2.340390
A(iso)  0.805640
 Nucleus: 23 H  
 Isotope: 1 
 Nuclear Spin:  0.5 
 Prefactor (MHz): 533.551395 
 Raw A tensor (MHz): 
                  0          1          2    
      0      26.786039   1.543505  -0.926662
      1       1.542955  26.774814  -0.466408
      2      -0.926020  -0.466584  25.424866
 A Tensor eigenvectors:
                   0          1          2    
      0       0.601034   0.392486   0.696213
      1      -0.305127  -0.692444   0.653773
      2       0.738685  -0.605373  -0.296424
 A Eigenvalues: 
                  0          1          2    
      0      24.863977  25.492098  28.629644
A(iso)  26.328573
 Nucleus: 24 H  
 Isotope: 1 
 Nuclear Spin:  0.5 
 Prefactor (MHz): 533.551395 
 Raw A tensor (MHz): 
                  0          1          2    
      0      26.616301   1.537127   0.945403
      1       1.536575  26.634061   0.491911
      2       0.944764   0.492101  25.315350
 A Tensor eigenvectors:
                   0          1          2    
      0      -0.613246   0.382012   0.691373
      1       0.306335  -0.691753   0.653940
      2       0.728072   0.612818   0.307191
 A Eigenvalues: 
                  0          1          2    
      0      24.726460  25.349338  28.489913
A(iso)  26.188571
 Nucleus: 26 H  
 Isotope: 1 
 Nuclear Spin:  0.5 
 Prefactor (MHz): 533.551395 
 Raw A tensor (MHz): 
                  0          1          2    
      0      -0.851945  -0.360086  -0.088957
      1      -0.359660   0.766190   0.399309
      2      -0.088723   0.399043  -0.969836
 A Tensor eigenvectors:
                   0          1          2    
      0       0.976418  -0.203053   0.073337
      1       0.213847   0.956291  -0.199443
      2      -0.029634   0.210422   0.977161
 A Eigenvalues: 
                  0          1          2    
      0      -0.928255   0.930605  -1.057942
A(iso)  -0.351864
 Nucleus: 27 H  
 Isotope: 1 
 Nuclear Spin:  0.5 
 Prefactor (MHz): 533.551395 
 Raw A tensor (MHz): 
                  0          1          2    
      0      -0.851322  -0.351728   0.091374
      1      -0.351296   0.764594  -0.409477
      2       0.091141  -0.409221  -0.960760
 A Tensor eigenvectors:
                   0          1          2    
      0       0.975936  -0.199448  -0.088149
      1       0.213607   0.955687   0.202570
      2       0.043841  -0.216524   0.975292
 A Eigenvalues: 
                  0          1          2    
      0      -0.924217   0.930722  -1.053994
A(iso)  -0.349163
 Nucleus: 29 H  
 Isotope: 1 
 Nuclear Spin:  0.5 
 Prefactor (MHz): 533.551395 
 Raw A tensor (MHz): 
                  0          1          2    
      0      -0.026967   0.280976  -0.062037
      1       0.281113   0.719369  -0.125130
      2      -0.062050  -0.125041  -0.083968
 A Tensor eigenvectors:
                   0          1          2    
      0       0.481126  -0.817559   0.316410
      1      -0.293908   0.189611   0.936838
      2      -0.825915  -0.543732  -0.149061
 A Eigenvalues: 
                  0          1          2    
      0      -0.092281  -0.133489   0.834205
A(iso)  0.202811
 Nucleus: 30 H  
 Isotope: 1 
 Nuclear Spin:  0.5 
 Prefactor (MHz): 533.551395 
 Raw A tensor (MHz): 
                  0          1          2    
      0      -0.028672   0.279498   0.062439
      1       0.279632   0.719642   0.129212
      2       0.062451   0.129121  -0.082073
 A Tensor eigenvectors:
                   0          1          2    
      0      -0.463507   0.828441  -0.314399
      1       0.292575  -0.191829  -0.936804
      2      -0.836398  -0.526200  -0.153467
 A Eigenvalues: 
                  0          1          2    
      0      -0.092597  -0.133144   0.834638
A(iso)  0.202966
 Nucleus: 32 H  
 Isotope: 1 
 Nuclear Spin:  0.5 
 Prefactor (MHz): 533.551395 
 Raw A tensor (MHz): 
                  0          1          2    
      0      -0.100038   0.004847   0.000566
      1       0.004944   0.381897  -0.065798
      2       0.000558  -0.065769  -0.114062
 A Tensor eigenvectors:
                   0          1          2    
      0       0.998577  -0.052448  -0.009647
      1      -0.002772   0.129617  -0.991560
      2       0.053256   0.990176   0.129287
 A Eigenvalues: 
                  0          1          2    
      0      -0.100022  -0.122702   0.390521
A(iso)  0.055932
 Nucleus: 33 H  
 Isotope: 1 
 Nuclear Spin:  0.5 
 Prefactor (MHz): 533.551395 
 Raw A tensor (MHz): 
                  0          1          2    
      0      -0.099454   0.003750  -0.000341
      1       0.003847   0.382779   0.065336
      2      -0.000333   0.065305  -0.113619
 A Tensor eigenvectors:
                   0          1          2    
      0       0.999316  -0.036217   0.007490
      1      -0.002775   0.128519   0.991703
      2      -0.036879  -0.991046   0.128330
 A Eigenvalues: 
                  0          1          2    
      0      -0.099452  -0.122100   0.391259
A(iso)  0.056569
 Nucleus: 35 H  
 Isotope: 1 
 Nuclear Spin:  0.5 
 Prefactor (MHz): 533.551395 
 Raw A tensor (MHz): 
                  0          1          2    
      0      -3.640080  -1.034924   0.097462
      1      -1.032351 -11.692110  -0.010108
      2       0.097445  -0.010151  -8.907428
 A Tensor eigenvectors:
                   0          1          2    
      0      -0.991934  -0.017900   0.125483
      1       0.125449   0.003021   0.992096
      2      -0.018137   0.999835  -0.000751
 A Eigenvalues: 
                  0          1          2    
      0      -3.507733  -8.909204 -11.822682
A(iso)  -8.079873
 Nucleus: 36 H  
 Isotope: 1 
 Nuclear Spin:  0.5 
 Prefactor (MHz): 533.551395 
 Raw A tensor (MHz): 
                  0          1          2    
      0       2.636773   0.161819  -0.016511
      1       0.161808   5.166088  -0.001277
      2      -0.016509  -0.001277   3.611427
 A Tensor eigenvectors:
                   0          1          2    
      0       0.997839  -0.016511  -0.063598
      1      -0.063565   0.002540  -0.997974
      2       0.016639   0.999860   0.001485
 A Eigenvalues: 
                  0          1          2    
      0       2.626191   3.611697   5.176401
A(iso)  3.804763
 Nucleus: 37 H  
 Isotope: 1 
 Nuclear Spin:  0.5 
 Prefactor (MHz): 533.551395 
 Raw A tensor (MHz): 
                  0          1          2    
      0      -0.820886   0.232842   0.000268
      1       0.232682   0.680560   0.000879
      2       0.000268   0.000880  -0.840517
 A Tensor eigenvectors:
                   0          1          2    
      0      -0.149808  -0.008353   0.988680
      1      -0.988715   0.001857  -0.149798
      2      -0.000584  -0.999963  -0.008537
 A Eigenvalues: 
                  0          1          2    
      0       0.715816  -0.840517  -0.856143
A(iso)  -0.326948
 Nucleus: 38 H  
 Isotope: 1 
 Nuclear Spin:  0.5 
 Prefactor (MHz): 533.551395 
 Raw A tensor (MHz): 
                  0          1          2    
      0      -0.122031   0.064128   0.000061
      1       0.064195   0.229082   0.000346
      2       0.000061   0.000346  -0.133720
 A Tensor eigenvectors:
                   0          1          2    
      0       0.984707  -0.000727   0.174220
      1      -0.174219   0.001083   0.984706
      2      -0.000904  -0.999999   0.000940
 A Eigenvalues: 
                  0          1          2    
      0      -0.133389  -0.133720   0.240440
A(iso)  -0.008890
# -------------------------------------------------------------
----------------------- !GEOMETRIES! ------------------------
# -------------------------------------------------------------
------------------------ !GEOMETRY! -------------------------
    Number of atoms:    39 
    Geometry Index:     1 
    Coordinates:
               0 C      3.991788243612   -0.049239882396    0.058108204506
               1 C      2.775740443178    0.000817948191    0.040924075961
               2 C     -2.904925831503    0.001969422868   -0.021064920238
               3 C      1.348501294798    0.035969980027    0.024650970239
               4 C      0.635243373928    1.290109646834    0.014122098892
               5 C     -0.786024691448    1.210124429407   -0.000914187406
               6 C     -1.471080401116   -0.005896146080   -0.005830295721
               7 C     -0.755050864334   -1.242723545415    0.004473256940
               8 C      0.640731865278   -1.178014606864    0.019328438682
               9 H     -1.371295902164    2.129823777095   -0.008865376090
              10 H      1.223341927870   -2.098995055147    0.027465444385
              11 C      1.310812684248    2.530857604813    0.018831916249
              12 H      2.403663300363    2.505003068910    0.030817682265
              13 C      0.641083822756    3.872285374562    0.008661168868
              14 H     -0.020407779760    3.959192160870   -0.878173876208
              15 H     -0.042670667328    3.961659877018    0.878175853907
              16 C      1.626344757072    5.048246428856    0.019382586495
              17 H      2.275422316321    4.965813004747    0.910219498368
              18 H      2.296697410353    4.963936512218   -0.855393882408
              19 C      0.933466648250    6.412040777141    0.009601308176
              20 H      0.280768272801    6.536674933055    0.890987258617
              21 H      0.302264637618    6.534793363111   -0.887575098080
              22 C     -1.517429883836   -2.551443119886   -0.000598890849
              23 H     -2.203438584888   -2.555197843260    0.867109417682
              24 H     -2.188522827894   -2.557023916239   -0.879836606649
              25 C     -0.686653892352   -3.837261349702    0.007761740289
              26 H     -0.015119253142   -3.856286541053   -0.870391749450
              27 H     -0.031196723172   -3.855470221325    0.897992408444
              28 C     -1.555554684004   -5.100741837468    0.000739035671
              29 H     -2.229365301212   -5.083796294662    0.877444157907
              30 H     -2.214538071634   -5.084219036221   -0.887176218063
              31 C     -0.737136512653   -6.394158907468    0.007905648394
              32 H     -0.093626884395   -6.456406605743    0.902511680945
              33 H     -0.079125222638   -6.457033838585   -0.876029501547
              34 C     -4.120620578893    0.011732327365   -0.035488398548
              35 H      5.062776493409   -0.099657125883    0.078802826293
              36 H     -5.192881686639    0.026348413802   -0.050614736893
              37 H      1.665287562109    7.235733068865    0.017559858074
              38 H     -1.387506018958   -7.283908316357    0.002941031901
