-------------------------------------------------------------
----------------------- !PROPERTIES! ------------------------
-------------------------------------------------------------
# -----------------------------------------------------------
$ PAL_Flags
   description: The PAL Flags
   geom. index: 1
   prop. index: 1
        Diskflag:     2
# -----------------------------------------------------------
$ SCF_Energy
   description: The SCF energy
   geom. index: 1
   prop. index: 1
        SCF Energy:     -698.0291179052
# -----------------------------------------------------------
$ DFT_Energy
   description: The DFT energy
   geom. index: 1
   prop. index: 1
   Number of Alpha Electrons                 65.0001015849 
   Number of Beta  Electrons                 64.0000896155 
   Total number of  Electrons               129.0001912004 
   Exchange energy                          -79.7597673501 
   Correlation energy                        -4.9910164174 
   Correlation energy NL                      0.0000000000 
   Exchange-Correlation energy              -84.7507837675 
   Embedding correction                       0.0000000000 
   Total DFT Energy (No VdW correction)    -698.0291179052 
# -----------------------------------------------------------
$ Mayer_Pop
   description: The Mayer population analysis
   geom. index: 1
   prop. index: 1
     Number of atoms                     : 39
     Threshold for printing              : 0.1000000
     Number of bond orders printed       : 41
  NA   - Mulliken gross atomic population
  ZA   - Total nuclear charge
  QA   - Mulliken gross atomic charge
  VA   - Mayer's total valence
  BVA  - Mayer's bonded valence
  FA   - Mayer's free valence
  ATOM       NA         ZA         QA         VA         BVA        FA
  0   0     6.5366     6.0000    -0.5366     3.8894     3.8824     0.0070
  1   0     6.0125     6.0000    -0.0125     3.8113     3.8098     0.0015
  2   0     6.0031     6.0000    -0.0031     3.8144     3.8140     0.0004
  3   0     5.6453     6.0000     0.3547     3.9037     3.8687     0.0350
  4   0     5.5533     6.0000     0.4467     3.8400     3.8254     0.0146
  5   0     6.4508     6.0000    -0.4508     4.2380     4.2028     0.0352
  6   0     5.5755     6.0000     0.4245     3.9494     3.9421     0.0073
  7   0     5.7056     6.0000     0.2944     3.8300     3.7909     0.0391
  8   0     6.3919     6.0000    -0.3919     4.3221     4.3137     0.0084
  9   0     0.8672     1.0000     0.1328     0.9649     0.9647     0.0002
 10   0     0.8649     1.0000     0.1351     0.9655     0.9655     0.0000
 11   0     6.2963     6.0000    -0.2963     4.0397     3.6525     0.3872
 12   0     0.8647     1.0000     0.1353     0.9796     0.9780     0.0016
 13   0     6.2710     6.0000    -0.2710     3.9590     3.9576     0.0014
 14   0     0.8464     1.0000     0.1536     0.9636     0.9627     0.0009
 15   0     0.8472     1.0000     0.1528     0.9639     0.9630     0.0009
 16   0     6.2912     6.0000    -0.2912     3.9018     3.9018     0.0000
 17   0     0.8434     1.0000     0.1566     0.9632     0.9632     0.0000
 18   0     0.8438     1.0000     0.1562     0.9633     0.9633     0.0000
 19   0     6.5097     6.0000    -0.5097     3.9044     3.9044     0.0000
 20   0     0.8405     1.0000     0.1595     0.9653     0.9653     0.0000
 21   0     0.8405     1.0000     0.1595     0.9653     0.9653     0.0000
 22   0     6.3871     6.0000    -0.3871     4.0550     4.0548     0.0002
 23   0     0.8439     1.0000     0.1561     0.9620     0.9619     0.0001
 24   0     0.8438     1.0000     0.1562     0.9619     0.9618     0.0001
 25   0     6.2702     6.0000    -0.2702     4.0142     4.0142     0.0000
 26   0     0.8576     1.0000     0.1424     0.9661     0.9661     0.0000
 27   0     0.8573     1.0000     0.1427     0.9660     0.9660     0.0000
 28   0     6.2635     6.0000    -0.2635     3.8897     3.8897     0.0000
 29   0     0.8548     1.0000     0.1452     0.9668     0.9668     0.0000
 30   0     0.8548     1.0000     0.1452     0.9668     0.9668     0.0000
 31   0     6.5113     6.0000    -0.5113     3.8999     3.8999     0.0000
 32   0     0.8399     1.0000     0.1601     0.9652     0.9652     0.0000
 33   0     0.8400     1.0000     0.1600     0.9652     0.9652     0.0000
 34   0     6.5362     6.0000    -0.5362     3.8888     3.8872     0.0016
 35   0     0.8148     1.0000     0.1852     0.9772     0.9772     0.0000
 36   0     0.8154     1.0000     0.1846     0.9770     0.9770     0.0000
 37   0     0.8532     1.0000     0.1468     0.9669     0.9669     0.0000
 38   0     0.8550     1.0000     0.1450     0.9666     0.9666     0.0000
      Bond orders larger than 0.1000000
           Atom A     A.N. of A          Atom B    A.N. of B              Bond order
                0             6               1            6                2.694532
                0             6              35            1                0.985864
                1             6               3            6                0.928293
                2             6               6            6                0.906753
                2             6              34            6                2.712546
                3             6               4            6                1.237597
                3             6               8            6                1.432291
                4             6               5            6                1.253162
                4             6               6            6                0.101269
                4             6              11            6                1.269156
                5             6               6            6                1.477045
                5             6               9            1                0.972373
                6             6               7            6                1.313954
                6             6               8            6                0.101932
                7             6               8            6                1.429826
                7             6              22            6                0.945316
                8             6              10            1                0.968921
               11             6              12            1                0.987440
               11             6              13            6                1.003685
               13             6              14            1                0.955298
               13             6              15            1                0.954903
               13             6              16            6                0.980615
               16             6              17            1                0.972459
               16             6              18            1                0.972028
               16             6              19            6                0.961527
               19             6              20            1                0.972641
               19             6              21            1                0.972721
               19             6              37            1                0.967323
               22             6              23            1                0.958992
               22             6              24            1                0.958977
               22             6              25            6                1.019387
               25             6              26            1                0.961268
               25             6              27            1                0.961440
               25             6              28            6                0.986074
               28             6              29            1                0.971632
               28             6              30            1                0.971670
               28             6              31            6                0.954491
               31             6              32            1                0.972858
               31             6              33            1                0.972876
               31             6              38            1                0.967653
               34             6              36            1                0.982952
# -----------------------------------------------------------
$ Calculation_Info
   description: Details of the calculation
   geom. index: 1
   prop. index: 1
     Multiplicity:                          2
     Charge:                                0
     number of atoms:                       39
     number of electrons:                   0
     number of frozen core electrons:       1
     number of correlated electrons:        0
     number of basis functions:             453
     number of aux C basis functions:       3138
     number of aux J basis functions:       3138
     number of aux JK basis functions:      3138
     number of aux CABS basis functions:    0
     Total Energy                           -698.029118
# -----------------------------------------------------------
$ SCF_Electric_Properties
   description: The SCF Calculated Electric Properties
   geom. index: 1
   prop. index: 1
       Filename                          : EPRII_i.scfp 
       Do Dipole Moment Calculation      : true 
       Do Quadrupole Moment Calculation  : false 
       Do Polarizability Calculation     : false 
** Dipole moment part of electric properties **
        Magnitude of dipole moment (Debye) :        0.2865289454
        Electronic Contribution:
                  0    
      0       0.540589
      1       2.306496
      2      -0.069995
        Nuclear Contribution:
                  0    
      0      -0.636974
      1      -2.248042
      2       0.070676
        Total Dipole moment:
                  0    
      0      -0.096384
      1       0.058454
      2       0.000681
# -----------------------------------------------------------
$ EPRNMR_GTensor
   description: Electronic g tensor
   geom. index: 1
   prop. index: 1
 Source density: 1 SCF 
 Spin multiplicity: 2 
 raw g tensor: 
                  0          1          2    
      0       2.002781   0.000117   0.000006
      1       0.000064   2.002778  -0.000000
      2       0.000005   0.000000   2.002188
 g tensor: 
                  0          1          2    
      0      -0.009937   0.701650   0.712452
      1       0.001461  -0.712476   0.701695
      2       0.999950   0.008014   0.006055
 G eigenvalues: 
                  0          1          2    
      0       2.002188   2.002689   2.002870
# -----------------------------------------------------------
$ EPRNMR_OrbitalShielding
   description: Orbital contribution to the NMR Shielding tensor (ppm)
   geom. index: 1
   prop. index: 1
 Number of stored nuclei 21
 Source density: 1 SCF 
 Nucleus: 9 H 
 Shielding tensor (ppm): 
                  0          1          2    
      0      27.005560   5.946785   0.059622
      1       5.239386  26.295910   0.048387
      2       0.084058   0.060739  20.025740
 P Tensor eigenvectors:
                   0          1          2    
      0      -0.011429   0.689099   0.724577
      1       0.001741  -0.724610   0.689157
      2       0.999933   0.009138   0.007082
 P Eigenvalues: 
                  0          1          2    
      0      20.024996  21.046986  32.255229
P(iso)  24.442404
 Nucleus: 10 H 
 Shielding tensor (ppm): 
                  0          1          2    
      0      27.761537   6.141147   0.058580
      1       5.831493  26.148049   0.038945
      2       0.064522   0.044142  19.732808
 P Tensor eigenvectors:
                   0          1          2    
      0      -0.009277   0.660299   0.750945
      1       0.002250  -0.750962   0.660342
      2       0.999954   0.007815   0.005481
 P Eigenvalues: 
                  0          1          2    
      0      19.732327  20.914529  32.995538
P(iso)  24.547465
 Nucleus: 12 H 
 Shielding tensor (ppm): 
                  0          1          2    
      0      22.543570  -2.450590   0.009902
      1      -1.821547  33.067602  -0.015183
      2       0.021690  -0.020782  20.809889
 P Tensor eigenvectors:
                   0          1          2    
      0      -0.009168  -0.982495   0.186064
      1      -0.000150  -0.186071  -0.982536
      2       0.999958  -0.009035   0.001559
 P Eigenvalues: 
                  0          1          2    
      0      20.809745  22.127010  33.484306
P(iso)  25.473687
 Nucleus: 14 H 
 Shielding tensor (ppm): 
                  0          1          2    
      0      28.991284   1.374044   3.298798
      1       0.621397  30.828406  -0.353191
      2       4.023318  -1.279002  28.465496
 P Tensor eigenvectors:
                   0          1          2    
      0      -0.666793  -0.040446   0.744145
      1       0.196560  -0.972713   0.123259
      2       0.718854   0.228458   0.656548
 P Eigenvalues: 
                  0          1          2    
      0      24.788716  31.075633  32.420836
P(iso)  29.428395
 Nucleus: 15 H 
 Shielding tensor (ppm): 
                  0          1          2    
      0      29.292267   1.425727  -3.260877
      1       0.651775  30.876939   0.370868
      2      -4.004657   1.294374  28.097906
 P Tensor eigenvectors:
                   0          1          2    
      0       0.634707   0.019196   0.772515
      1      -0.197890  -0.962319   0.186501
      2       0.746985  -0.271246  -0.606991
 P Eigenvalues: 
                  0          1          2    
      0      24.736080  31.106013  32.425020
P(iso)  29.422371
 Nucleus: 17 H 
 Shielding tensor (ppm): 
                  0          1          2    
      0      30.918564  -0.768090   4.617984
      1      -0.339321  30.454232  -0.559632
      2       4.497987   0.625056  29.046495
 P Tensor eigenvectors:
                   0          1          2    
      0      -0.633945  -0.033142   0.772668
      1      -0.062332  -0.993642  -0.093761
      2       0.770862  -0.107601   0.627848
 P Eigenvalues: 
                  0          1          2    
      0      25.302590  30.441479  34.675224
P(iso)  30.139764
 Nucleus: 18 H 
 Shielding tensor (ppm): 
                  0          1          2    
      0      31.295534  -0.731896  -4.563220
      1      -0.339805  30.453578   0.544986
      2      -4.417365  -0.622889  28.659334
 P Tensor eigenvectors:
                   0          1          2    
      0       0.601580  -0.039594   0.797831
      1       0.057689  -0.994009  -0.092829
      2       0.796727   0.101870  -0.595692
 P Eigenvalues: 
                  0          1          2    
      0      25.274220  30.438210  34.696016
P(iso)  30.136149
 Nucleus: 20 H 
 Shielding tensor (ppm): 
                  0          1          2    
      0      30.445793  -1.672506  -3.977853
      1      -2.404979  31.289909   2.560829
      2      -3.256325   2.134437  31.289626
 P Tensor eigenvectors:
                   0          1          2    
      0      -0.747098   0.348714  -0.565900
      1       0.010648   0.857513   0.514352
      2      -0.664629  -0.378245   0.644360
 P Eigenvalues: 
                  0          1          2    
      0      27.225766  29.399218  36.400344
P(iso)  31.008443
 Nucleus: 21 H 
 Shielding tensor (ppm): 
                  0          1          2    
      0      30.146759  -1.616117   3.905327
      1      -2.319010  31.317182  -2.672912
      2       3.173842  -2.208040  31.556072
 P Tensor eigenvectors:
                   0          1          2    
      0      -0.774295   0.333500   0.537815
      1       0.006792   0.854194  -0.519909
      2       0.632788   0.398910   0.663664
 P Eigenvalues: 
                  0          1          2    
      0      27.242304  29.382623  36.395085
P(iso)  31.006671
 Nucleus: 23 H 
 Shielding tensor (ppm): 
                  0          1          2    
      0      28.911476  -1.834865  -3.474934
      1      -1.302281  31.578355   0.115701
      2      -4.819946  -0.858389  26.820945
 P Tensor eigenvectors:
                   0          1          2    
      0       0.612477   0.432747  -0.661515
      1       0.143899   0.761824   0.631599
      2       0.777281  -0.482032   0.404327
 P Eigenvalues: 
                  0          1          2    
      0      23.395198  30.942304  32.973275
P(iso)  29.103592
 Nucleus: 24 H 
 Shielding tensor (ppm): 
                  0          1          2    
      0      28.724039  -1.812041   3.527064
      1      -1.259781  31.566692  -0.170935
      2       4.865470   0.798233  27.022817
 P Tensor eigenvectors:
                   0          1          2    
      0      -0.630352   0.417104  -0.654737
      1      -0.139230   0.768980   0.623927
      2       0.763722   0.484452  -0.426655
 P Eigenvalues: 
                  0          1          2    
      0      23.410291  30.949993  32.953264
P(iso)  29.104516
 Nucleus: 26 H 
 Shielding tensor (ppm): 
                  0          1          2    
      0      30.595928   0.847902  -3.844694
      1       0.695581  31.714263   0.120983
      2      -3.720847   1.312456  28.472452
 P Tensor eigenvectors:
                   0          1          2    
      0       0.600199  -0.007185   0.799818
      1      -0.154137  -0.982256   0.106844
      2       0.784858  -0.187410  -0.590657
 P Eigenvalues: 
                  0          1          2    
      0      25.434317  31.864925  33.483401
P(iso)  30.260881
 Nucleus: 27 H 
 Shielding tensor (ppm): 
                  0          1          2    
      0      30.420874   0.899681   3.876674
      1       0.723154  31.704586  -0.125071
      2       3.753123  -1.323140  28.668453
 P Tensor eigenvectors:
                   0          1          2    
      0      -0.618338  -0.014342   0.785781
      1       0.159973  -0.981198   0.107975
      2       0.769459   0.192468   0.609007
 P Eigenvalues: 
                  0          1          2    
      0      25.447238  31.867121  33.479554
P(iso)  30.264638
 Nucleus: 29 H 
 Shielding tensor (ppm): 
                  0          1          2    
      0      31.127192  -0.193438  -4.733155
      1      -0.000511  31.173617  -0.491748
      2      -4.341601  -1.129286  28.833596
 P Tensor eigenvectors:
                   0          1          2    
      0       0.608913  -0.164529  -0.775986
      1       0.111508   0.986293  -0.121619
      2       0.785360  -0.012474   0.618913
 P Eigenvalues: 
                  0          1          2    
      0      25.218275  31.204788  34.711341
P(iso)  30.378135
 Nucleus: 30 H 
 Shielding tensor (ppm): 
                  0          1          2    
      0      30.913030  -0.178880   4.781882
      1       0.024522  31.183180   0.477465
      2       4.387395   1.109791  29.036976
 P Tensor eigenvectors:
                   0          1          2    
      0      -0.627166  -0.165612  -0.761075
      1      -0.105599   0.986191  -0.127578
      2       0.771694   0.000356  -0.635994
 P Eigenvalues: 
                  0          1          2    
      0      25.221513  31.200998  34.710675
P(iso)  30.377729
 Nucleus: 32 H 
 Shielding tensor (ppm): 
                  0          1          2    
      0      30.444506  -1.640515   4.095776
      1      -2.480211  31.033516  -2.309257
      2       3.412149  -1.925188  31.447214
 P Tensor eigenvectors:
                   0          1          2    
      0      -0.768836   0.264384   0.582230
      1      -0.061138   0.875960  -0.478495
      2       0.636516   0.403480   0.657306
 P Eigenvalues: 
                  0          1          2    
      0      27.149843  29.409685  36.365708
P(iso)  30.975079
 Nucleus: 33 H 
 Shielding tensor (ppm): 
                  0          1          2    
      0      30.623912  -1.717013  -4.103578
      1      -2.561476  31.067572   2.252128
      2      -3.414003   1.884647  31.233625
 P Tensor eigenvectors:
                   0          1          2    
      0      -0.753301   0.274145  -0.597814
      1      -0.066033   0.872860   0.483482
      2      -0.654352  -0.403683   0.639424
 P Eigenvalues: 
                  0          1          2    
      0      27.147234  29.411813  36.366063
P(iso)  30.975036
 Nucleus: 35 H 
 Shielding tensor (ppm): 
                  0          1          2    
      0      35.117357  -0.521615   0.140308
      1      -0.734790  25.936333  -0.012834
      2       0.095651  -0.007908  24.202128
 P Tensor eigenvectors:
                   0          1          2    
      0      -0.011067  -0.066225   0.997743
      1       0.002105  -0.997804  -0.066206
      2       0.999937   0.001368   0.011182
 P Eigenvalues: 
                  0          1          2    
      0      24.200847  25.893580  35.161391
P(iso)  28.418606
 Nucleus: 36 H 
 Shielding tensor (ppm): 
                  0          1          2    
      0      35.817026  -0.512267   0.132694
      1      -0.990781  25.848315  -0.015275
      2       0.111804  -0.009516  24.298940
 P Tensor eigenvectors:
                   0          1          2    
      0      -0.010607   0.070911  -0.997426
      1       0.002918   0.997480   0.070884
      2       0.999939  -0.002159  -0.010787
 P Eigenvalues: 
                  0          1          2    
      0      24.297630  25.792136  35.874515
P(iso)  28.654760
 Nucleus: 37 H 
 Shielding tensor (ppm): 
                  0          1          2    
      0      29.811001   2.544354   0.078474
      1       3.873655  36.184951   0.114047
      2       0.084479   0.089323  26.187598
 P Tensor eigenvectors:
                   0          1          2    
      0      -0.018809   0.919103   0.393568
      1      -0.004128  -0.393705   0.919227
      2       0.999815   0.015666   0.011199
 P Eigenvalues: 
                  0          1          2    
      0      26.185645  28.476797  37.521108
P(iso)  30.727850
 Nucleus: 38 H 
 Shielding tensor (ppm): 
                  0          1          2    
      0      29.135951   1.926133   0.027701
      1       3.161967  36.910405  -0.003751
      2       0.023095  -0.018384  26.170301
 P Tensor eigenvectors:
                   0          1          2    
      0      -0.011853  -0.955526  -0.294667
      1       0.003838   0.294642  -0.955600
      2       0.999922  -0.012458   0.000175
 P Eigenvalues: 
                  0          1          2    
      0      26.169957  28.378613  37.668086
P(iso)  30.738885
# -----------------------------------------------------------
$ EPRNMR_ATensor
   description: Hyperfine A tensor
   geom. index: 1
   prop. index: 1
 Number of stored nuclei 21
 Source density: 1 SCF 
 Spin multiplicity: 2 
 Nucleus: 9 H  
 Isotope: 1 
 Nuclear Spin:  0.5 
 Prefactor (MHz): 533.551395 
 Raw A tensor (MHz): 
                  0          1          2    
      0     -15.856885  -6.301839   0.022638
      1      -6.304751 -13.079515  -0.048318
      2       0.022651  -0.048278 -17.273336
 A Tensor eigenvectors:
                   0          1          2    
      0      -0.626405  -0.006204   0.779473
      1       0.779478   0.002198   0.626426
      2      -0.005600   0.999978   0.003459
 A Eigenvalues: 
                  0          1          2    
      0      -8.013456 -17.273582 -20.922697
A(iso)  -15.403245
 Nucleus: 10 H  
 Isotope: 1 
 Nuclear Spin:  0.5 
 Prefactor (MHz): 533.551395 
 Raw A tensor (MHz): 
                  0          1          2    
      0       8.545274   2.399581   0.032491
      1       2.400672   6.963397   0.019050
      2       0.032489   0.019039   4.646163
 A Tensor eigenvectors:
                   0          1          2    
      0      -0.009018   0.586020   0.810247
      1       0.001116  -0.810273   0.586051
      2       0.999959   0.006190   0.006653
 A Eigenvalues: 
                  0          1          2    
      0       4.645891   5.227267  10.281676
A(iso)  6.718278
 Nucleus: 12 H  
 Isotope: 1 
 Nuclear Spin:  0.5 
 Prefactor (MHz): 533.551395 
 Raw A tensor (MHz): 
                  0          1          2    
      0     -20.198920  -1.135847   0.287239
      1      -1.133254 -74.818948   0.017008
      2       0.287251   0.016955 -49.164433
 A Tensor eigenvectors:
                   0          1          2    
      0       0.999735  -0.009872  -0.020787
      1      -0.020777   0.001100  -0.999784
      2       0.009893   0.999951   0.000894
 A Eigenvalues: 
                  0          1          2    
      0     -20.172526 -49.167250 -74.842525
A(iso)  -48.060767
 Nucleus: 14 H  
 Isotope: 1 
 Nuclear Spin:  0.5 
 Prefactor (MHz): 533.551395 
 Raw A tensor (MHz): 
                  0          1          2    
      0      71.990652  -3.621463   2.110484
      1      -3.620430  73.803036  -2.012701
      2       2.108955  -2.012899  68.868994
 A Tensor eigenvectors:
                   0          1          2    
      0      -0.406403  -0.692134   0.596479
      1       0.060446  -0.671757  -0.738301
      2       0.911692  -0.263993   0.314841
 A Eigenvalues: 
                  0          1          2    
      0      67.795299  69.280931  77.586452
A(iso)  71.554228
 Nucleus: 15 H  
 Isotope: 1 
 Nuclear Spin:  0.5 
 Prefactor (MHz): 533.551395 
 Raw A tensor (MHz): 
                  0          1          2    
      0      70.492718  -3.669429  -1.998002
      1      -3.668344  72.071472   1.896524
      2      -1.996445   1.896713  67.011003
 A Tensor eigenvectors:
                   0          1          2    
      0       0.360197  -0.705503   0.610347
      1      -0.073842  -0.673773  -0.735239
      2       0.929949   0.219762  -0.294787
 A Eigenvalues: 
                  0          1          2    
      0      66.087009  67.610919  75.877265
A(iso)  69.858397
 Nucleus: 17 H  
 Isotope: 1 
 Nuclear Spin:  0.5 
 Prefactor (MHz): 533.551395 
 Raw A tensor (MHz): 
                  0          1          2    
      0      -2.364807   2.034381   0.656945
      1       2.034146   1.856571   1.401672
      2       0.656368   1.400525  -2.817430
 A Tensor eigenvectors:
                   0          1          2    
      0      -0.365370   0.662967  -0.653436
      1      -0.895636  -0.441655   0.052700
      2      -0.253655   0.604496   0.755145
 A Eigenvalues: 
                  0          1          2    
      0       3.082012  -3.119862  -3.287815
A(iso)  -1.108555
 Nucleus: 18 H  
 Isotope: 1 
 Nuclear Spin:  0.5 
 Prefactor (MHz): 533.551395 
 Raw A tensor (MHz): 
                  0          1          2    
      0      -2.307869   2.091896  -0.612646
      1       2.091689   1.851316  -1.285793
      2      -0.612101  -1.284683  -2.865617
 A Tensor eigenvectors:
                   0          1          2    
      0      -0.376056   0.658085   0.652308
      1      -0.896711  -0.435817  -0.077277
      2       0.233432  -0.613993   0.754004
 A Eigenvalues: 
                  0          1          2    
      0       3.062434  -3.120983  -3.263620
A(iso)  -1.107390
 Nucleus: 20 H  
 Isotope: 1 
 Nuclear Spin:  0.5 
 Prefactor (MHz): 533.551395 
 Raw A tensor (MHz): 
                  0          1          2    
      0       0.037884  -0.291097  -0.102385
      1      -0.291468   2.175056   0.382997
      2      -0.102534   0.382803   0.057731
 A Tensor eigenvectors:
                   0          1          2    
      0       0.667326   0.732540   0.134390
      1       0.218939  -0.020480  -0.975524
      2      -0.711858   0.680416  -0.174049
 A Eigenvalues: 
                  0          1          2    
      0       0.043262  -0.056101   2.283509
A(iso)  0.756890
 Nucleus: 21 H  
 Isotope: 1 
 Nuclear Spin:  0.5 
 Prefactor (MHz): 533.551395 
 Raw A tensor (MHz): 
                  0          1          2    
      0       0.025649  -0.270023   0.101078
      1      -0.270391   2.184107  -0.376086
      2       0.101224  -0.375889   0.059544
 A Tensor eigenvectors:
                   0          1          2    
      0      -0.642815  -0.755837  -0.124496
      1      -0.210647   0.018160   0.977393
      2      -0.736489   0.654508  -0.170888
 A Eigenvalues: 
                  0          1          2    
      0       0.045748  -0.060719   2.284270
A(iso)  0.756433
 Nucleus: 23 H  
 Isotope: 1 
 Nuclear Spin:  0.5 
 Prefactor (MHz): 533.551395 
 Raw A tensor (MHz): 
                  0          1          2    
      0      25.982605   1.561162  -0.930641
      1       1.560614  25.976619  -0.471778
      2      -0.930000  -0.471961  24.617922
 A Tensor eigenvectors:
                   0          1          2    
      0       0.604266   0.388766   0.695503
      1      -0.310090  -0.689330   0.654727
      2       0.733967  -0.611298  -0.295987
 A Eigenvalues: 
                  0          1          2    
      0      24.051493  24.677707  27.847947
A(iso)  25.525715
 Nucleus: 24 H  
 Isotope: 1 
 Nuclear Spin:  0.5 
 Prefactor (MHz): 533.551395 
 Raw A tensor (MHz): 
                  0          1          2    
      0      26.059498   1.556406   0.951534
      1       1.555861  26.109506   0.497057
      2       0.950897   0.497249  24.778939
 A Tensor eigenvectors:
                   0          1          2    
      0      -0.621774   0.374074   0.688089
      1       0.315663  -0.684351   0.657283
      2       0.716767   0.625885   0.307430
 A Eigenvalues: 
                  0          1          2    
      0      24.172859  24.804074  27.971011
A(iso)  25.649315
 Nucleus: 26 H  
 Isotope: 1 
 Nuclear Spin:  0.5 
 Prefactor (MHz): 533.551395 
 Raw A tensor (MHz): 
                  0          1          2    
      0      -0.839045  -0.362971  -0.087454
      1      -0.362545   0.777369   0.390964
      2      -0.087223   0.390700  -0.954982
 A Tensor eigenvectors:
                   0          1          2    
      0       0.976096  -0.205297   0.071345
      1       0.215533   0.956586  -0.196187
      2      -0.027970   0.206875   0.977968
 A Eigenvalues: 
                  0          1          2    
      0      -0.916624   0.939687  -1.039721
A(iso)  -0.338886
 Nucleus: 27 H  
 Isotope: 1 
 Nuclear Spin:  0.5 
 Prefactor (MHz): 533.551395 
 Raw A tensor (MHz): 
                  0          1          2    
      0      -0.847997  -0.353273   0.093021
      1      -0.352844   0.770294  -0.410783
      2       0.092787  -0.410525  -0.950210
 A Tensor eigenvectors:
                   0          1          2    
      0       0.974689  -0.200175  -0.099553
      1       0.216739   0.955266   0.201224
      2       0.054820  -0.217708   0.974473
 A Eigenvalues: 
                  0          1          2    
      0      -0.921284   0.937831  -1.044460
A(iso)  -0.342638
 Nucleus: 29 H  
 Isotope: 1 
 Nuclear Spin:  0.5 
 Prefactor (MHz): 533.551395 
 Raw A tensor (MHz): 
                  0          1          2    
      0      -0.034385   0.279952  -0.060254
      1       0.280087   0.705050  -0.125339
      2      -0.060268  -0.125251  -0.090032
 A Tensor eigenvectors:
                   0          1          2    
      0      -0.450887   0.834248   0.317382
      1       0.288142  -0.200498   0.936362
      2       0.844793   0.513644  -0.149980
 A Eigenvalues: 
                  0          1          2    
      0      -0.100558  -0.138854   0.820045
A(iso)  0.193544
 Nucleus: 30 H  
 Isotope: 1 
 Nuclear Spin:  0.5 
 Prefactor (MHz): 533.551395 
 Raw A tensor (MHz): 
                  0          1          2    
      0      -0.037281   0.276965   0.059663
      1       0.277099   0.707483   0.125606
      2       0.059677   0.125516  -0.088951
 A Tensor eigenvectors:
                   0          1          2    
      0      -0.436036   0.843618  -0.313340
      1       0.282501  -0.202269  -0.937699
      2      -0.854439  -0.497390  -0.150126
 A Eigenvalues: 
                  0          1          2    
      0      -0.099970  -0.138949   0.820170
A(iso)  0.193750
 Nucleus: 32 H  
 Isotope: 1 
 Nuclear Spin:  0.5 
 Prefactor (MHz): 533.551395 
 Raw A tensor (MHz): 
                  0          1          2    
      0      -0.104026   0.005520   0.000365
      1       0.005616   0.375716  -0.066479
      2       0.000357  -0.066450  -0.117241
 A Tensor eigenvectors:
                   0          1          2    
      0       0.998720  -0.049340  -0.011100
      1      -0.004511   0.131702  -0.991279
      2       0.050371   0.990061   0.131311
 A Eigenvalues: 
                  0          1          2    
      0      -0.104033  -0.126099   0.384582
A(iso)  0.051483
 Nucleus: 33 H  
 Isotope: 1 
 Nuclear Spin:  0.5 
 Prefactor (MHz): 533.551395 
 Raw A tensor (MHz): 
                  0          1          2    
      0      -0.104556   0.003950  -0.000023
      1       0.004046   0.376043   0.062927
      2      -0.000015   0.062897  -0.118796
 A Tensor eigenvectors:
                   0          1          2    
      0       0.999697  -0.023256   0.008017
      1      -0.005064   0.124348   0.992226
      2      -0.024072  -0.991966   0.124193
 A Eigenvalues: 
                  0          1          2    
      0      -0.104576  -0.126681   0.383948
A(iso)  0.050897
 Nucleus: 35 H  
 Isotope: 1 
 Nuclear Spin:  0.5 
 Prefactor (MHz): 533.551395 
 Raw A tensor (MHz): 
                  0          1          2    
      0      -3.660094  -0.934093   0.071511
      1      -0.931419 -11.904472  -0.003803
      2       0.071502  -0.003836  -9.022768
 A Tensor eigenvectors:
                   0          1          2    
      0      -0.993715  -0.012837   0.111200
      1       0.111173   0.002839   0.993797
      2      -0.013073   0.999914  -0.001394
 A Eigenvalues: 
                  0          1          2    
      0      -3.554947  -9.023697 -12.008690
A(iso)  -8.195778
 Nucleus: 36 H  
 Isotope: 1 
 Nuclear Spin:  0.5 
 Prefactor (MHz): 533.551395 
 Raw A tensor (MHz): 
                  0          1          2    
      0       2.727380   0.135385  -0.013783
      1       0.135356   5.396324  -0.002151
      2      -0.013783  -0.002152   3.785289
 A Tensor eigenvectors:
                   0          1          2    
      0       0.998641  -0.012718  -0.050540
      1      -0.050514   0.002404  -0.998720
      2       0.012823   0.999916   0.001759
 A Eigenvalues: 
                  0          1          2    
      0       2.720356   3.785459   5.403178
A(iso)  3.969664
 Nucleus: 37 H  
 Isotope: 1 
 Nuclear Spin:  0.5 
 Prefactor (MHz): 533.551395 
 Raw A tensor (MHz): 
                  0          1          2    
      0      -0.818708   0.227664   0.002997
      1       0.227507   0.682329   0.009273
      2       0.002996   0.009272  -0.834612
 A Tensor eigenvectors:
                   0          1          2    
      0      -0.146732  -0.087246   0.985321
      1      -0.989157   0.019185  -0.145605
      2      -0.006200  -0.996002  -0.089115
 A Eigenvalues: 
                  0          1          2    
      0       0.716136  -0.834528  -0.852599
A(iso)  -0.323664
 Nucleus: 38 H  
 Isotope: 1 
 Nuclear Spin:  0.5 
 Prefactor (MHz): 533.551395 
 Raw A tensor (MHz): 
                  0          1          2    
      0      -0.121866   0.063621  -0.000093
      1       0.063686   0.227335  -0.000603
      2      -0.000093  -0.000604  -0.133003
 A Tensor eigenvectors:
                   0          1          2    
      0       0.117039   0.977797   0.173825
      1      -0.019003  -0.172791   0.984775
      2       0.992945  -0.118560  -0.001642
 A Eigenvalues: 
                  0          1          2    
      0      -0.133003  -0.133109   0.238577
A(iso)  -0.009178
# -------------------------------------------------------------
----------------------- !GEOMETRIES! ------------------------
# -------------------------------------------------------------
------------------------ !GEOMETRY! -------------------------
    Number of atoms:    39 
    Geometry Index:     1 
    Coordinates:
               0 C      3.996663497538   -0.031217616589    0.044751519129
               1 C      2.775587460074    0.000837417986    0.030795860339
               2 C     -2.914080916950    0.003185566327   -0.025067537879
               3 C      1.345453745059    0.033471186503    0.016925854357
               4 C      0.632487329423    1.290820208139    0.007786584832
               5 C     -0.792596563414    1.215398898756   -0.006487678680
               6 C     -1.477263562090   -0.004790140715   -0.010751744332
               7 C     -0.762281652941   -1.245480764828   -0.000761294314
               8 C      0.637392533652   -1.184003604500    0.012602730757
               9 H     -1.372313011249    2.131630541945   -0.014118659217
              10 H      1.214678920241   -2.101341326516    0.020115420077
              11 C      1.314107693330    2.532725813713    0.013253819422
              12 H      2.400504937128    2.507569512254    0.024443132617
              13 C      0.642961676970    3.880405554915    0.004222350872
              14 H     -0.000514782373    3.974298299975   -0.885220472398
              15 H     -0.037269497807    3.967931792020    0.866398688627
              16 C      1.638334595770    5.055379707179    0.029627216033
              17 H      2.271002149038    4.969827584311    0.922260816004
              18 H      2.308626221328    4.976572158860   -0.835797890942
              19 C      0.943022285384    6.426885288029    0.019914379652
              20 H      0.288847637616    6.543405452505    0.891446658507
              21 H      0.326095738411    6.549720379077   -0.877539903043
              22 C     -1.528922217080   -2.557005921807   -0.004981403696
              23 H     -2.208453626952   -2.560921342329    0.858403788834
              24 H     -2.187947010661   -2.567439109790   -0.884118923550
              25 C     -0.688976451984   -3.843704269995    0.009649488728
              26 H     -0.022982875712   -3.865865373556   -0.863311518920
              27 H     -0.043356618121   -3.859068335833    0.897945791516
              28 C     -1.561043816733   -5.112275161079    0.004530142407
              29 H     -2.229709310222   -5.094933692298    0.875437702281
              30 H     -2.208947061024   -5.102064044310   -0.882045937924
              31 C     -0.733533600324   -6.409242494327    0.019529298082
              32 H     -0.099518324195   -6.461256394012    0.911868428463
              33 H     -0.078322164173   -6.468033436248   -0.856930246706
              34 C     -4.134148575832    0.002357064840   -0.038222059041
              35 H      5.061947330876   -0.064523233348    0.059320452691
              36 H     -5.200021358274    0.007759534845   -0.050700888858
              37 H      1.673163922290    7.242383952199    0.038150407295
              38 H     -1.378911886016   -7.293741722298    0.015239457980
