-------------------------------------------------------------
----------------------- !PROPERTIES! ------------------------
-------------------------------------------------------------
# -----------------------------------------------------------
$ PAL_Flags
   description: The PAL Flags
   geom. index: 1
   prop. index: 1
        Diskflag:     2
# -----------------------------------------------------------
$ SCF_Energy
   description: The SCF energy
   geom. index: 1
   prop. index: 1
        SCF Energy:     -698.0281497812
# -----------------------------------------------------------
$ DFT_Energy
   description: The DFT energy
   geom. index: 1
   prop. index: 1
   Number of Alpha Electrons                 65.0001015762 
   Number of Beta  Electrons                 64.0000889450 
   Total number of  Electrons               129.0001905213 
   Exchange energy                          -79.7482975984 
   Correlation energy                        -4.9911073889 
   Correlation energy NL                      0.0000000000 
   Exchange-Correlation energy              -84.7394049873 
   Embedding correction                       0.0000000000 
   Total DFT Energy (No VdW correction)    -698.0281497812 
# -----------------------------------------------------------
$ Mayer_Pop
   description: The Mayer population analysis
   geom. index: 1
   prop. index: 1
     Number of atoms                     : 39
     Threshold for printing              : 0.1000000
     Number of bond orders printed       : 42
  NA   - Mulliken gross atomic population
  ZA   - Total nuclear charge
  QA   - Mulliken gross atomic charge
  VA   - Mayer's total valence
  BVA  - Mayer's bonded valence
  FA   - Mayer's free valence
  ATOM       NA         ZA         QA         VA         BVA        FA
  0   0     6.5407     6.0000    -0.5407     3.8880     3.8812     0.0068
  1   0     6.0083     6.0000    -0.0083     3.8122     3.8108     0.0014
  2   0     5.9970     6.0000     0.0030     3.8156     3.8152     0.0004
  3   0     5.6407     6.0000     0.3593     3.9162     3.8815     0.0347
  4   0     5.5488     6.0000     0.4512     3.8446     3.8303     0.0143
  5   0     6.4555     6.0000    -0.4555     4.2471     4.2124     0.0347
  6   0     5.5736     6.0000     0.4264     3.9650     3.9579     0.0071
  7   0     5.6974     6.0000     0.3026     3.8307     3.7921     0.0386
  8   0     6.3973     6.0000    -0.3973     4.3337     4.3256     0.0081
  9   0     0.8693     1.0000     0.1307     0.9657     0.9655     0.0002
 10   0     0.8669     1.0000     0.1331     0.9662     0.9662     0.0000
 11   0     6.2931     6.0000    -0.2931     4.0432     3.6598     0.3834
 12   0     0.8664     1.0000     0.1336     0.9799     0.9783     0.0016
 13   0     6.2669     6.0000    -0.2669     3.9636     3.9622     0.0014
 14   0     0.8493     1.0000     0.1507     0.9643     0.9633     0.0010
 15   0     0.8495     1.0000     0.1505     0.9644     0.9634     0.0010
 16   0     6.2835     6.0000    -0.2835     3.9027     3.9027     0.0000
 17   0     0.8464     1.0000     0.1536     0.9639     0.9639     0.0000
 18   0     0.8464     1.0000     0.1536     0.9639     0.9639     0.0000
 19   0     6.5068     6.0000    -0.5068     3.9052     3.9052     0.0000
 20   0     0.8427     1.0000     0.1573     0.9659     0.9659     0.0000
 21   0     0.8427     1.0000     0.1573     0.9659     0.9659     0.0000
 22   0     6.3846     6.0000    -0.3846     4.0590     4.0588     0.0002
 23   0     0.8463     1.0000     0.1537     0.9626     0.9625     0.0001
 24   0     0.8464     1.0000     0.1536     0.9627     0.9626     0.0001
 25   0     6.2645     6.0000    -0.2645     4.0190     4.0190     0.0000
 26   0     0.8603     1.0000     0.1397     0.9666     0.9666     0.0000
 27   0     0.8604     1.0000     0.1396     0.9667     0.9667     0.0000
 28   0     6.2548     6.0000    -0.2548     3.8906     3.8906     0.0000
 29   0     0.8577     1.0000     0.1423     0.9675     0.9675     0.0000
 30   0     0.8577     1.0000     0.1423     0.9675     0.9675     0.0000
 31   0     6.5085     6.0000    -0.5085     3.9004     3.9004     0.0000
 32   0     0.8421     1.0000     0.1579     0.9657     0.9657     0.0000
 33   0     0.8421     1.0000     0.1579     0.9657     0.9657     0.0000
 34   0     6.5413     6.0000    -0.5413     3.8867     3.8852     0.0015
 35   0     0.8161     1.0000     0.1839     0.9774     0.9774     0.0000
 36   0     0.8167     1.0000     0.1833     0.9771     0.9771     0.0000
 37   0     0.8548     1.0000     0.1452     0.9673     0.9673     0.0000
 38   0     0.8566     1.0000     0.1434     0.9670     0.9670     0.0000
      Bond orders larger than 0.1000000
           Atom A     A.N. of A          Atom B    A.N. of B              Bond order
                0             6               1            6                2.689763
                0             6              35            1                0.987129
                1             6               3            6                0.929426
                2             6               6            6                0.909694
                2             6              34            6                2.706893
                3             6               4            6                1.240118
                3             6               8            6                1.433620
                4             6               5            6                1.250548
                4             6               6            6                0.105408
                4             6              11            6                1.270401
                5             6               6            6                1.479192
                5             6               9            1                0.973368
                5             6              34            6                0.100966
                6             6               7            6                1.315974
                6             6               8            6                0.104479
                7             6               8            6                1.429706
                7             6              22            6                0.945770
                8             6              10            1                0.970209
               11             6              12            1                0.988221
               11             6              13            6                1.006074
               13             6              14            1                0.954076
               13             6              15            1                0.953977
               13             6              16            6                0.981177
               16             6              17            1                0.972032
               16             6              18            1                0.971979
               16             6              19            6                0.961347
               19             6              20            1                0.972649
               19             6              21            1                0.972644
               19             6              37            1                0.967150
               22             6              23            1                0.958744
               22             6              24            1                0.958731
               22             6              25            6                1.020810
               25             6              26            1                0.960582
               25             6              27            1                0.960446
               25             6              28            6                0.987985
               28             6              29            1                0.971064
               28             6              30            1                0.971028
               28             6              31            6                0.954220
               31             6              32            1                0.972821
               31             6              33            1                0.972828
               31             6              38            1                0.967477
               34             6              36            1                0.983971
# -----------------------------------------------------------
$ Calculation_Info
   description: Details of the calculation
   geom. index: 1
   prop. index: 1
     Multiplicity:                          2
     Charge:                                0
     number of atoms:                       39
     number of electrons:                   0
     number of frozen core electrons:       1
     number of correlated electrons:        0
     number of basis functions:             453
     number of aux C basis functions:       3138
     number of aux J basis functions:       3138
     number of aux JK basis functions:      3138
     number of aux CABS basis functions:    0
     Total Energy                           -698.028150
# -----------------------------------------------------------
$ SCF_Electric_Properties
   description: The SCF Calculated Electric Properties
   geom. index: 1
   prop. index: 1
       Filename                          : EPRII.scfp 
       Do Dipole Moment Calculation      : true 
       Do Quadrupole Moment Calculation  : false 
       Do Polarizability Calculation     : false 
** Dipole moment part of electric properties **
        Magnitude of dipole moment (Debye) :        0.2905189048
        Electronic Contribution:
                  0    
      0       0.604100
      1       2.305715
      2       0.010346
        Nuclear Contribution:
                  0    
      0      -0.703759
      1      -2.249760
      2      -0.009447
        Total Dipole moment:
                  0    
      0      -0.099659
      1       0.055955
      2       0.000899
# -----------------------------------------------------------
$ EPRNMR_GTensor
   description: Electronic g tensor
   geom. index: 1
   prop. index: 1
 Source density: 1 SCF 
 Spin multiplicity: 2 
 raw g tensor: 
                  0          1          2    
      0       2.002730   0.000149   0.000005
      1       0.000088   2.002804   0.000000
      2       0.000005   0.000001   2.002269
 g tensor: 
                  0          1          2    
      0      -0.010710   0.805310   0.592757
      1       0.001553  -0.592777   0.805365
      2       0.999941   0.009546   0.005098
 G eigenvalues: 
                  0          1          2    
      0       2.002269   2.002643   2.002891
# -----------------------------------------------------------
$ EPRNMR_OrbitalShielding
   description: Orbital contribution to the NMR Shielding tensor (ppm)
   geom. index: 1
   prop. index: 1
 Number of stored nuclei 21
 Source density: 1 SCF 
 Nucleus: 9 H 
 Shielding tensor (ppm): 
                  0          1          2    
      0      31.901885  -4.411906  -0.332683
      1     -83.470271  59.981393  -0.896627
      2      -0.185821  -0.038281  63.033184
 P Tensor eigenvectors:
                   0          1          2    
      0       0.551978   0.010757  -0.833789
      1       0.833847  -0.001818   0.551993
      2       0.004422  -0.999940  -0.009973
 P Eigenvalues: 
                  0          1          2    
      0      10.972362  63.035168  80.908932
P(iso)  51.638821
 Nucleus: 10 H 
 Shielding tensor (ppm): 
                  0          1          2    
      0      37.693027   5.965908  -0.364784
      1     -85.881745  60.029524  -0.950239
      2      -0.178136   0.042840  68.720033
 P Tensor eigenvectors:
                   0          1          2    
      0       0.517923   0.011757  -0.855346
      1       0.855414  -0.001566   0.517943
      2       0.004750  -0.999930  -0.010868
 P Eigenvalues: 
                  0          1          2    
      0      18.627233  68.722156  79.093195
P(iso)  55.480862
 Nucleus: 12 H 
 Shielding tensor (ppm): 
                  0          1          2    
      0      63.542425 -159.864419   0.418186
      1     272.060340   8.197677   2.980336
      2      -0.317459  -1.592475  45.498648
 P Tensor eigenvectors:
                   0          1          2    
      0      -0.010697  -0.146302   0.989182
      1       0.001277  -0.989240  -0.146296
      2       0.999942  -0.000302   0.010769
 P Eigenvalues: 
                  0          1          2    
      0      45.499814  25.620525  46.118412
P(iso)  39.079583
 Nucleus: 14 H 
 Shielding tensor (ppm): 
                  0          1          2    
      0      40.983531 205.824330 -61.991380
      1     -287.969879  65.332034 -328.014875
      2      51.731638 240.008801  81.574412
 P Tensor eigenvectors:
                   0          1          2    
      0      -0.752791   0.149452   0.641069
      1       0.110016   0.988752  -0.101319
      2       0.649001   0.005744   0.760766
 P Eigenvalues: 
                  0          1          2    
      0      63.907247  52.141331  71.841399
P(iso)  62.629992
 Nucleus: 15 H 
 Shielding tensor (ppm): 
                  0          1          2    
      0      40.920437 211.923384  60.022478
      1     -296.274758  65.768215 320.555951
      2     -51.286902 -234.574767  81.578936
 P Tensor eigenvectors:
                   0          1          2    
      0       0.736222   0.149379   0.660048
      1      -0.106831   0.988759  -0.104611
      2       0.668255  -0.006503  -0.743904
 P Eigenvalues: 
                  0          1          2    
      0      64.154557  52.194439  71.918593
P(iso)  62.755863
 Nucleus: 17 H 
 Shielding tensor (ppm): 
                  0          1          2    
      0      42.230587 -260.329079 128.795438
      1     363.753826   8.759057 404.533366
      2     -83.691133 -295.666210  22.561217
 P Tensor eigenvectors:
                   0          1          2    
      0      -0.723087   0.244236   0.646138
      1       0.232582   0.966872  -0.105190
      2       0.650424  -0.074218   0.755937
 P Eigenvalues: 
                  0          1          2    
      0       9.961100  26.625002  36.964759
P(iso)  24.516954
 Nucleus: 18 H 
 Shielding tensor (ppm): 
                  0          1          2    
      0      43.089759 -267.659868 -127.241134
      1     373.578097   8.321622 -395.601476
      2      82.719865 289.332743  21.705772
 P Tensor eigenvectors:
                   0          1          2    
      0      -0.707374   0.242076  -0.664094
      1       0.230030   0.967222   0.107551
      2      -0.668362   0.076683   0.739873
 P Eigenvalues: 
                  0          1          2    
      0       9.752171  26.529212  36.835771
P(iso)  24.372384
 Nucleus: 20 H 
 Shielding tensor (ppm): 
                  0          1          2    
      0     -14.163128 308.521624  73.124907
      1     -394.653730  52.299262 456.905590
      2     -54.276265 -330.884718  13.399926
 P Tensor eigenvectors:
                   0          1          2    
      0      -0.747078   0.218240  -0.627890
      1       0.107530   0.971806   0.209836
      2      -0.655982  -0.089247   0.749482
 P Eigenvalues: 
                  0          1          2    
      0       5.733264  19.259450  26.543345
P(iso)  17.178687
 Nucleus: 21 H 
 Shielding tensor (ppm): 
                  0          1          2    
      0     -13.892501 300.287953 -74.818986
      1     -383.393532  51.837623 -466.121843
      2      55.013691 337.817928  13.197691
 P Tensor eigenvectors:
                   0          1          2    
      0      -0.762384   0.216394   0.609872
      1       0.109836   0.972030  -0.207592
      2       0.637736   0.091279   0.764828
 P Eigenvalues: 
                  0          1          2    
      0       5.519359  19.182125  26.441328
P(iso)  17.047604
 Nucleus: 23 H 
 Shielding tensor (ppm): 
                  0          1          2    
      0      66.632190 -123.936893 -128.841596
      1     191.950013  26.278722 -215.663289
      2      82.586821 158.951157  60.375789
 P Tensor eigenvectors:
                   0          1          2    
      0      -0.663419   0.450173  -0.597679
      1       0.456567   0.876381   0.153306
      2      -0.592809   0.171175   0.786942
 P Eigenvalues: 
                  0          1          2    
      0      32.579325  50.216434  70.490941
P(iso)  51.095567
 Nucleus: 24 H 
 Shielding tensor (ppm): 
                  0          1          2    
      0      65.829472 -120.691928 128.962308
      1     187.913929  26.403634 218.818070
      2     -82.900437 -160.730598  61.089460
 P Tensor eigenvectors:
                   0          1          2    
      0      -0.673220   0.452982   0.584450
      1       0.458299   0.875886  -0.150952
      2       0.580290  -0.166229   0.797265
 P Eigenvalues: 
                  0          1          2    
      0      32.665471  50.197135  70.459961
P(iso)  51.107522
 Nucleus: 26 H 
 Shielding tensor (ppm): 
                  0          1          2    
      0      55.372541 207.948154  58.030317
      1     -287.825220  64.268537 321.096391
      2     -49.262198 -234.338155  91.803675
 P Tensor eigenvectors:
                   0          1          2    
      0      -0.748310   0.122071  -0.652021
      1       0.111155   0.992099   0.058169
      2      -0.653970   0.028947   0.755966
 P Eigenvalues: 
                  0          1          2    
      0      75.691496  57.007943  78.745314
P(iso)  70.481584
 Nucleus: 27 H 
 Shielding tensor (ppm): 
                  0          1          2    
      0      55.407931 203.523871 -59.173016
      1     -281.834280  64.062983 -326.225272
      2      49.160828 238.063246  91.698671
 P Tensor eigenvectors:
                   0          1          2    
      0      -0.760070   0.122947   0.638105
      1       0.112529   0.992007  -0.057098
      2       0.640024  -0.028407   0.767830
 P Eigenvalues: 
                  0          1          2    
      0      75.602230  56.922716  78.644639
P(iso)  70.389862
 Nucleus: 29 H 
 Shielding tensor (ppm): 
                  0          1          2    
      0      37.211831 -253.564445 -116.014807
      1     359.890204  12.866651 -396.935620
      2      74.207188 288.394799  14.389411
 P Tensor eigenvectors:
                   0          1          2    
      0      -0.726690   0.200608  -0.657023
      1       0.207946   0.975778   0.067938
      2      -0.654737   0.087255   0.750803
 P Eigenvalues: 
                  0          1          2    
      0       5.194615  24.697903  34.575375
P(iso)  21.489298
 Nucleus: 30 H 
 Shielding tensor (ppm): 
                  0          1          2    
      0      36.626913 -248.552885 116.741430
      1     353.081469  13.043001 402.906554
      2     -74.444682 -292.577210  15.039430
 P Tensor eigenvectors:
                   0          1          2    
      0      -0.737500   0.202196   0.644369
      1       0.208993   0.975623  -0.066941
      2       0.642196  -0.085300   0.761779
 P Eigenvalues: 
                  0          1          2    
      0       5.357793  24.730592  34.620959
P(iso)  21.569781
 Nucleus: 32 H 
 Shielding tensor (ppm): 
                  0          1          2    
      0      -2.437807 304.150588 -55.572879
      1     -393.818278  48.898908 -460.902696
      2      41.326411 333.528729  20.040986
 P Tensor eigenvectors:
                   0          1          2    
      0      -0.754958   0.170743   0.633155
      1       0.080717   0.982362  -0.168669
      2       0.650787   0.076232   0.755424
 P Eigenvalues: 
                  0          1          2    
      0      13.189750  22.470365  30.841972
P(iso)  22.167362
 Nucleus: 33 H 
 Shielding tensor (ppm): 
                  0          1          2    
      0      -2.579266 309.623622  54.791947
      1     -401.336534  49.069402 454.526923
      2     -41.202279 -328.711560  20.183300
 P Tensor eigenvectors:
                   0          1          2    
      0       0.744355   0.171801   0.645306
      1      -0.079864   0.982306  -0.169399
      2       0.662991  -0.074557  -0.744905
 P Eigenvalues: 
                  0          1          2    
      0      13.252388  22.518292  30.902756
P(iso)  22.224479
 Nucleus: 35 H 
 Shielding tensor (ppm): 
                  0          1          2    
      0      49.977671 -35.659997   4.256683
      1      26.753122 -106.838452   0.363047
      2       0.059302  -0.422688 -91.773415
 P Tensor eigenvectors:
                   0          1          2    
      0       0.925764  -0.004983  -0.378069
      1       0.377565  -0.041117   0.925070
      2      -0.020155  -0.999142  -0.036183
 P Eigenvalues: 
                  0          1          2    
      0      24.371807 -91.778153 -81.227851
P(iso)  -49.544732
 Nucleus: 36 H 
 Shielding tensor (ppm): 
                  0          1          2    
      0      49.586669 -27.534077   2.707547
      1      21.512741 -107.749134   0.264829
      2       0.842916  -0.283827 -93.808130
 P Tensor eigenvectors:
                   0          1          2    
      0       0.945656   0.001875  -0.325162
      1       0.325135  -0.019520   0.945466
      2      -0.004574  -0.999808  -0.019069
 P Eigenvalues: 
                  0          1          2    
      0      31.084531 -93.819745 -89.235382
P(iso)  -50.656865
 Nucleus: 37 H 
 Shielding tensor (ppm): 
                  0          1          2    
      0     -102.230025 -151.231168   0.575210
      1     274.455722  25.512699   3.469130
      2      -0.317427  -2.398089 -121.137855
 P Tensor eigenvectors:
                   0          1          2    
      0      -0.013527   0.307441   0.951471
      1       0.001341  -0.951552   0.307486
      2       0.999908   0.005435   0.012459
 P Eigenvalues: 
                  0          1          2    
      0     -121.138417 -22.619763 -54.097000
P(iso)  -65.951727
 Nucleus: 38 H 
 Shielding tensor (ppm): 
                  0          1          2    
      0     -107.561165 -128.115297   0.216852
      1     230.630154  32.298759   1.947661
      2      -0.060194  -1.270905 -122.408127
 P Tensor eigenvectors:
                   0          1          2    
      0       0.357618   0.009087   0.933824
      1      -0.933859  -0.000900   0.357641
      2       0.004090  -0.999958   0.008164
 P Eigenvalues: 
                  0          1          2    
      0     -19.829402 -122.408429 -55.432702
P(iso)  -65.890177
# -----------------------------------------------------------
$ EPRNMR_ATensor
   description: Hyperfine A tensor
   geom. index: 1
   prop. index: 1
 Number of stored nuclei 21
 Source density: 1 SCF 
 Spin multiplicity: 2 
 Nucleus: 9 H  
 Isotope: 1 
 Nuclear Spin:  0.5 
 Prefactor (MHz): 533.551395 
 Raw A tensor (MHz): 
                  0          1          2    
      0     -15.696619  -6.196133   0.027343
      1      -6.198972 -13.101812  -0.070124
      2       0.027349  -0.070090 -17.263047
 A Tensor eigenvectors:
                   0          1          2    
      0      -0.630468  -0.010061   0.776150
      1       0.776176   0.001869   0.630513
      2      -0.007795   0.999948   0.006631
 A Eigenvalues: 
                  0          1          2    
      0      -8.066760 -17.263453 -20.731264
A(iso)  -15.353826
 Nucleus: 10 H  
 Isotope: 1 
 Nuclear Spin:  0.5 
 Prefactor (MHz): 533.551395 
 Raw A tensor (MHz): 
                  0          1          2    
      0       8.409323   2.324956   0.037050
      1       2.326049   6.944505   0.020977
      2       0.037049   0.020964   4.591546
 A Tensor eigenvectors:
                   0          1          2    
      0      -0.010727   0.591340   0.806351
      1       0.001683  -0.806385   0.591388
      2       0.999941   0.007701   0.007655
 A Eigenvalues: 
                  0          1          2    
      0       4.591184   5.238842  10.115348
A(iso)  6.648458
 Nucleus: 12 H  
 Isotope: 1 
 Nuclear Spin:  0.5 
 Prefactor (MHz): 533.551395 
 Raw A tensor (MHz): 
                  0          1          2    
      0     -20.530643  -1.143289   0.315113
      1      -1.140748 -74.465680   0.038937
      2       0.315106   0.038895 -49.414612
 A Tensor eigenvectors:
                   0          1          2    
      0       0.999717  -0.010827  -0.021194
      1      -0.021173   0.002048  -0.999774
      2       0.010868   0.999939   0.001819
 A Eigenvalues: 
                  0          1          2    
      0     -20.503058 -49.417944 -74.489933
A(iso)  -48.136978
 Nucleus: 14 H  
 Isotope: 1 
 Nuclear Spin:  0.5 
 Prefactor (MHz): 533.551395 
 Raw A tensor (MHz): 
                  0          1          2    
      0      73.745521  -3.568286   2.077373
      1      -3.567233  75.434051  -1.986834
      2       2.075834  -1.987036  70.537388
 A Tensor eigenvectors:
                   0          1          2    
      0      -0.386540  -0.699635   0.600914
      1       0.075336  -0.673333  -0.735491
      2       0.919190  -0.239026   0.312978
 A Eigenvalues: 
                  0          1          2    
      0      69.501472  71.021291  79.194197
A(iso)  73.238987
 Nucleus: 15 H  
 Isotope: 1 
 Nuclear Spin:  0.5 
 Prefactor (MHz): 533.551395 
 Raw A tensor (MHz): 
                  0          1          2    
      0      73.570932  -3.618368  -1.983916
      1      -3.617297  75.161485   1.882372
      2      -1.982377   1.882552  70.141681
 A Tensor eigenvectors:
                   0          1          2    
      0       0.362244  -0.705808   0.608781
      1      -0.073751  -0.672797  -0.736142
      2       0.929161   0.221765  -0.295771
 A Eigenvalues: 
                  0          1          2    
      0      69.219297  70.745370  78.909431
A(iso)  72.958033
 Nucleus: 17 H  
 Isotope: 1 
 Nuclear Spin:  0.5 
 Prefactor (MHz): 533.551395 
 Raw A tensor (MHz): 
                  0          1          2    
      0      -2.423128   2.054974   0.646576
      1       2.054747   1.771776   1.370028
      2       0.646013   1.368898  -2.914629
 A Tensor eigenvectors:
                   0          1          2    
      0      -0.369166   0.671607  -0.642387
      1      -0.895680  -0.441514   0.053132
      2      -0.247939   0.594988   0.764536
 A Eigenvalues: 
                  0          1          2    
      0       2.997443  -3.201010  -3.362414
A(iso)  -1.188660
 Nucleus: 18 H  
 Isotope: 1 
 Nuclear Spin:  0.5 
 Prefactor (MHz): 533.551395 
 Raw A tensor (MHz): 
                  0          1          2    
      0      -2.390592   2.084132  -0.637825
      1       2.083932   1.761178  -1.332970
      2      -0.637266  -1.331842  -2.934209
 A Tensor eigenvectors:
                   0          1          2    
      0       0.375058  -0.684164   0.625500
      1       0.894965   0.443098  -0.051977
      2      -0.241597   0.579295   0.778491
 A Eigenvalues: 
                  0          1          2    
      0       2.993885  -3.200091  -3.357417
A(iso)  -1.187874
 Nucleus: 20 H  
 Isotope: 1 
 Nuclear Spin:  0.5 
 Prefactor (MHz): 533.551395 
 Raw A tensor (MHz): 
                  0          1          2    
      0       0.082428  -0.286848  -0.106539
      1      -0.287218   2.237165   0.378645
      2      -0.106686   0.378453   0.103543
 A Tensor eigenvectors:
                   0          1          2    
      0      -0.680623   0.720645   0.131997
      1       0.036443   0.213246  -0.976319
      2      -0.731727  -0.659694  -0.171403
 A Eigenvalues: 
                  0          1          2    
      0      -0.015547   0.096244   2.342440
A(iso)  0.807712
 Nucleus: 21 H  
 Isotope: 1 
 Nuclear Spin:  0.5 
 Prefactor (MHz): 533.551395 
 Raw A tensor (MHz): 
                  0          1          2    
      0       0.074610  -0.276463   0.106739
      1      -0.276829   2.233609  -0.389831
      2       0.106887  -0.389634   0.108442
 A Tensor eigenvectors:
                   0          1          2    
      0       0.699674  -0.703009  -0.127415
      1      -0.037740  -0.214454   0.976005
      2      -0.713464  -0.678077  -0.176579
 A Eigenvalues: 
                  0          1          2    
      0      -0.018112   0.094530   2.340243
A(iso)  0.805554
 Nucleus: 23 H  
 Isotope: 1 
 Nuclear Spin:  0.5 
 Prefactor (MHz): 533.551395 
 Raw A tensor (MHz): 
                  0          1          2    
      0      26.796839   1.543853  -0.926536
      1       1.543303  26.786707  -0.466731
      2      -0.925894  -0.466907  25.435560
 A Tensor eigenvectors:
                   0          1          2    
      0       0.600967   0.392799   0.696095
      1      -0.304872  -0.692410   0.653928
      2       0.738845  -0.605209  -0.296362
 A Eigenvalues: 
                  0          1          2    
      0      24.874950  25.502863  28.641292
A(iso)  26.339702
 Nucleus: 24 H  
 Isotope: 1 
 Nuclear Spin:  0.5 
 Prefactor (MHz): 533.551395 
 Raw A tensor (MHz): 
                  0          1          2    
      0      26.627059   1.537470   0.945279
      1       1.536918  26.645911   0.492238
      2       0.944639   0.492429  25.325993
 A Tensor eigenvectors:
                   0          1          2    
      0      -0.613181   0.382329   0.691255
      1       0.306078  -0.691720   0.654094
      2       0.728235   0.612656   0.307127
 A Eigenvalues: 
                  0          1          2    
      0      24.737388  25.360059  28.501517
A(iso)  26.199654
 Nucleus: 26 H  
 Isotope: 1 
 Nuclear Spin:  0.5 
 Prefactor (MHz): 533.551395 
 Raw A tensor (MHz): 
                  0          1          2    
      0      -0.852287  -0.360336  -0.088995
      1      -0.359910   0.766019   0.399362
      2      -0.088761   0.399096  -0.970178
 A Tensor eigenvectors:
                   0          1          2    
      0       0.976436  -0.202999   0.073245
      1       0.213776   0.956303  -0.199460
      2      -0.029555   0.210418   0.977165
 A Eigenvalues: 
                  0          1          2    
      0      -0.928691   0.930541  -1.058296
A(iso)  -0.352149
 Nucleus: 27 H  
 Isotope: 1 
 Nuclear Spin:  0.5 
 Prefactor (MHz): 533.551395 
 Raw A tensor (MHz): 
                  0          1          2    
      0      -0.851662  -0.351976   0.091413
      1      -0.351544   0.764424  -0.409535
      2       0.091180  -0.409279  -0.961097
 A Tensor eigenvectors:
                   0          1          2    
      0       0.975927  -0.199530  -0.088055
      1       0.213667   0.955670   0.202588
      2       0.043729  -0.216525   0.975297
 A Eigenvalues: 
                  0          1          2    
      0      -0.924650   0.930660  -1.054345
A(iso)  -0.349445
 Nucleus: 29 H  
 Isotope: 1 
 Nuclear Spin:  0.5 
 Prefactor (MHz): 533.551395 
 Raw A tensor (MHz): 
                  0          1          2    
      0      -0.026984   0.281028  -0.062049
      1       0.281165   0.719509  -0.125138
      2      -0.062062  -0.125049  -0.083949
 A Tensor eigenvectors:
                   0          1          2    
      0       0.480737  -0.817789   0.316405
      1      -0.293807   0.189753   0.936841
      2      -0.826177  -0.543337  -0.149051
 A Eigenvalues: 
                  0          1          2    
      0      -0.092270  -0.133515   0.834361
A(iso)  0.202859
 Nucleus: 30 H  
 Isotope: 1 
 Nuclear Spin:  0.5 
 Prefactor (MHz): 533.551395 
 Raw A tensor (MHz): 
                  0          1          2    
      0      -0.028689   0.279550   0.062450
      1       0.279685   0.719784   0.129222
      2       0.062463   0.129130  -0.082053
 A Tensor eigenvectors:
                   0          1          2    
      0      -0.463105   0.828668  -0.314394
      1       0.292471  -0.191973  -0.936807
      2      -0.836657  -0.525791  -0.153457
 A Eigenvalues: 
                  0          1          2    
      0      -0.092584  -0.133170   0.834796
A(iso)  0.203014
 Nucleus: 32 H  
 Isotope: 1 
 Nuclear Spin:  0.5 
 Prefactor (MHz): 533.551395 
 Raw A tensor (MHz): 
                  0          1          2    
      0      -0.100027   0.004842   0.000564
      1       0.004940   0.381949  -0.065805
      2       0.000556  -0.065776  -0.114051
 A Tensor eigenvectors:
                   0          1          2    
      0       0.998582  -0.052363  -0.009638
      1      -0.002774   0.129620  -0.991560
      2       0.053171   0.990180   0.129291
 A Eigenvalues: 
                  0          1          2    
      0      -0.100012  -0.122692   0.390574
A(iso)  0.055957
 Nucleus: 33 H  
 Isotope: 1 
 Nuclear Spin:  0.5 
 Prefactor (MHz): 533.551395 
 Raw A tensor (MHz): 
                  0          1          2    
      0      -0.099443   0.003746  -0.000340
      1       0.003843   0.382831   0.065344
      2      -0.000331   0.065312  -0.113607
 A Tensor eigenvectors:
                   0          1          2    
      0       0.999319  -0.036131   0.007481
      1      -0.002777   0.128522   0.991703
      2      -0.036792  -0.991048   0.128334
 A Eigenvalues: 
                  0          1          2    
      0      -0.099441  -0.122090   0.391312
A(iso)  0.056594
 Nucleus: 35 H  
 Isotope: 1 
 Nuclear Spin:  0.5 
 Prefactor (MHz): 533.551395 
 Raw A tensor (MHz): 
                  0          1          2    
      0      -3.662649  -1.035373   0.097642
      1      -1.032801 -11.724767  -0.010115
      2       0.097626  -0.010158  -8.938899
 A Tensor eigenvectors:
                   0          1          2    
      0      -0.991947  -0.017903   0.125385
      1       0.125351   0.003022   0.992108
      2      -0.018141   0.999835  -0.000753
 A Eigenvalues: 
                  0          1          2    
      0      -3.530345  -8.940678 -11.855292
A(iso)  -8.108771
 Nucleus: 36 H  
 Isotope: 1 
 Nuclear Spin:  0.5 
 Prefactor (MHz): 533.551395 
 Raw A tensor (MHz): 
                  0          1          2    
      0       2.667756   0.161992  -0.016694
      1       0.161981   5.210776  -0.001276
      2      -0.016692  -0.001276   3.654956
 A Tensor eigenvectors:
                   0          1          2    
      0       0.997857  -0.016487  -0.063327
      1      -0.063293   0.002537  -0.997992
      2       0.016614   0.999861   0.001488
 A Eigenvalues: 
                  0          1          2    
      0       2.657204   3.655228   5.221056
A(iso)  3.844496
 Nucleus: 37 H  
 Isotope: 1 
 Nuclear Spin:  0.5 
 Prefactor (MHz): 533.551395 
 Raw A tensor (MHz): 
                  0          1          2    
      0      -0.820793   0.232820   0.000268
      1       0.232661   0.680592   0.000879
      2       0.000268   0.000880  -0.840423
 A Tensor eigenvectors:
                   0          1          2    
      0      -0.149801  -0.008359   0.988681
      1      -0.988716   0.001857  -0.149791
      2      -0.000584  -0.999963  -0.008543
 A Eigenvalues: 
                  0          1          2    
      0       0.715843  -0.840422  -0.856045
A(iso)  -0.326875
 Nucleus: 38 H  
 Isotope: 1 
 Nuclear Spin:  0.5 
 Prefactor (MHz): 533.551395 
 Raw A tensor (MHz): 
                  0          1          2    
      0      -0.122044   0.064136   0.000061
      1       0.064203   0.229101   0.000346
      2       0.000061   0.000346  -0.133726
 A Tensor eigenvectors:
                   0          1          2    
      0       0.984705  -0.001064   0.174225
      1      -0.174224   0.001143   0.984705
      2      -0.001247  -0.999999   0.000940
 A Eigenvalues: 
                  0          1          2    
      0      -0.133403  -0.133727   0.240461
A(iso)  -0.008890
# -------------------------------------------------------------
----------------------- !GEOMETRIES! ------------------------
# -------------------------------------------------------------
------------------------ !GEOMETRY! -------------------------
    Number of atoms:    39 
    Geometry Index:     1 
    Coordinates:
               0 C      3.991788243612   -0.049239882396    0.058108204506
               1 C      2.775740443178    0.000817948191    0.040924075961
               2 C     -2.904925831503    0.001969422868   -0.021064920238
               3 C      1.348501294798    0.035969980027    0.024650970239
               4 C      0.635243373928    1.290109646834    0.014122098892
               5 C     -0.786024691448    1.210124429407   -0.000914187406
               6 C     -1.471080401116   -0.005896146080   -0.005830295721
               7 C     -0.755050864334   -1.242723545415    0.004473256940
               8 C      0.640731865278   -1.178014606864    0.019328438682
               9 H     -1.371295902164    2.129823777095   -0.008865376090
              10 H      1.223341927870   -2.098995055147    0.027465444385
              11 C      1.310812684248    2.530857604813    0.018831916249
              12 H      2.403663300363    2.505003068910    0.030817682265
              13 C      0.641083822756    3.872285374562    0.008661168868
              14 H     -0.020407779760    3.959192160870   -0.878173876208
              15 H     -0.042670667328    3.961659877018    0.878175853907
              16 C      1.626344757072    5.048246428856    0.019382586495
              17 H      2.275422316321    4.965813004747    0.910219498368
              18 H      2.296697410353    4.963936512218   -0.855393882408
              19 C      0.933466648250    6.412040777141    0.009601308176
              20 H      0.280768272801    6.536674933055    0.890987258617
              21 H      0.302264637618    6.534793363111   -0.887575098080
              22 C     -1.517429883836   -2.551443119886   -0.000598890849
              23 H     -2.203438584888   -2.555197843260    0.867109417682
              24 H     -2.188522827894   -2.557023916239   -0.879836606649
              25 C     -0.686653892352   -3.837261349702    0.007761740289
              26 H     -0.015119253142   -3.856286541053   -0.870391749450
              27 H     -0.031196723172   -3.855470221325    0.897992408444
              28 C     -1.555554684004   -5.100741837468    0.000739035671
              29 H     -2.229365301212   -5.083796294662    0.877444157907
              30 H     -2.214538071634   -5.084219036221   -0.887176218063
              31 C     -0.737136512653   -6.394158907468    0.007905648394
              32 H     -0.093626884395   -6.456406605743    0.902511680945
              33 H     -0.079125222638   -6.457033838585   -0.876029501547
              34 C     -4.120620578893    0.011732327365   -0.035488398548
              35 H      5.062776493409   -0.099657125883    0.078802826293
              36 H     -5.192881686639    0.026348413802   -0.050614736893
              37 H      1.665287562109    7.235733068865    0.017559858074
              38 H     -1.387506018958   -7.283908316357    0.002941031901
