-------------------------------------------------------------
----------------------- !PROPERTIES! ------------------------
-------------------------------------------------------------
# -----------------------------------------------------------
$ PAL_Flags
   description: The PAL Flags
   geom. index: 1
   prop. index: 1
        Diskflag:     2
# -----------------------------------------------------------
$ SCF_Energy
   description: The SCF energy
   geom. index: 1
   prop. index: 1
        SCF Energy:     -890.7429107808
# -----------------------------------------------------------
$ DFT_Energy
   description: The DFT energy
   geom. index: 1
   prop. index: 1
   Number of Alpha Electrons                 82.0001884813 
   Number of Beta  Electrons                 81.0001861200 
   Total number of  Electrons               163.0003746013 
   Exchange energy                         -101.5237368568 
   Correlation energy                        -6.3272426218 
   Correlation energy NL                      0.0000000000 
   Exchange-Correlation energy             -107.8509794786 
   Embedding correction                       0.0000000000 
   Total DFT Energy (No VdW correction)    -890.7429107808 
# -----------------------------------------------------------
$ Mayer_Pop
   description: The Mayer population analysis
   geom. index: 1
   prop. index: 1
     Number of atoms                     : 48
     Threshold for printing              : 0.1000000
     Number of bond orders printed       : 51
  NA   - Mulliken gross atomic population
  ZA   - Total nuclear charge
  QA   - Mulliken gross atomic charge
  VA   - Mayer's total valence
  BVA  - Mayer's bonded valence
  FA   - Mayer's free valence
  ATOM       NA         ZA         QA         VA         BVA        FA
  0   0     6.2521     6.0000    -0.2521     2.7263     1.9180     0.8083
  1   0     5.7166     6.0000     0.2834     2.5012     2.5012     0.0000
  2   0     5.9971     6.0000     0.0029     4.2245     4.2223     0.0022
  3   0     6.0429     6.0000    -0.0429     4.0790     4.0774     0.0016
  4   0     5.9932     6.0000     0.0068     3.8609     3.8609     0.0000
  5   0     6.1654     6.0000    -0.1654     3.8143     3.8140     0.0003
  6   0     6.0715     6.0000    -0.0715     4.1086     4.1085     0.0001
  7   0     5.9470     6.0000     0.0530     3.8656     3.8635     0.0021
  8   0     1.0525     1.0000    -0.0525     1.0036     1.0036     0.0000
  9   0     1.0405     1.0000    -0.0405     1.0214     1.0214     0.0000
 10   0     5.9506     6.0000     0.0494     4.0230     4.0229     0.0001
 11   0     0.9568     1.0000     0.0432     0.9798     0.9798     0.0000
 12   0     0.9568     1.0000     0.0432     0.9800     0.9800     0.0000
 13   0     6.0404     6.0000    -0.0404     4.1047     4.1047     0.0000
 14   0     0.9876     1.0000     0.0124     0.9624     0.9624     0.0000
 15   0     0.9876     1.0000     0.0124     0.9625     0.9625     0.0000
 16   0     6.0250     6.0000    -0.0250     4.1181     4.1181     0.0000
 17   0     0.9908     1.0000     0.0092     0.9681     0.9681     0.0000
 18   0     0.9908     1.0000     0.0092     0.9681     0.9681     0.0000
 19   0     5.9981     6.0000     0.0019     4.0170     4.0170     0.0000
 20   0     0.9841     1.0000     0.0159     0.9771     0.9771     0.0000
 21   0     0.9841     1.0000     0.0159     0.9771     0.9771     0.0000
 22   0     5.9632     6.0000     0.0368     4.0287     4.0287     0.0000
 23   0     0.9699     1.0000     0.0301     0.9684     0.9684     0.0000
 24   0     0.9699     1.0000     0.0301     0.9685     0.9685     0.0000
 25   0     6.0359     6.0000    -0.0359     4.1148     4.1148     0.0000
 26   0     0.9794     1.0000     0.0206     0.9633     0.9633     0.0000
 27   0     0.9794     1.0000     0.0206     0.9633     0.9633     0.0000
 28   0     6.0271     6.0000    -0.0271     4.1200     4.1200     0.0000
 29   0     0.9949     1.0000     0.0051     0.9671     0.9671     0.0000
 30   0     0.9949     1.0000     0.0051     0.9671     0.9671     0.0000
 31   0     5.9968     6.0000     0.0032     4.0171     4.0171     0.0000
 32   0     0.9802     1.0000     0.0198     0.9776     0.9776     0.0000
 33   0     0.9802     1.0000     0.0198     0.9776     0.9776     0.0000
 34   0     5.8252     6.0000     0.1748     2.6338     2.6337     0.0001
 35   0     0.9858     1.0000     0.0142     0.9737     0.9737     0.0000
 36   0     0.9868     1.0000     0.0132     0.9736     0.9736     0.0000
 37   0     6.2635     6.0000    -0.2635     3.9225     3.9225     0.0000
 38   0     5.9644     6.0000     0.0356     3.9949     3.9949     0.0000
 39   0     5.9583     6.0000     0.0417     4.0004     4.0004     0.0000
 40   0     5.9615     6.0000     0.0385     3.9998     3.9998     0.0000
 41   0     5.9586     6.0000     0.0414     4.0001     4.0001     0.0000
 42   0     5.9670     6.0000     0.0330     3.9940     3.9940     0.0000
 43   0     1.0193     1.0000    -0.0193     0.9698     0.9698     0.0000
 44   0     1.0204     1.0000    -0.0204     0.9697     0.9697     0.0000
 45   0     1.0331     1.0000    -0.0331     0.9841     0.9841     0.0000
 46   0     1.0324     1.0000    -0.0324     0.9840     0.9840     0.0000
 47   0     1.0203     1.0000    -0.0203     0.9696     0.9696     0.0000
      Bond orders larger than 0.1000000
           Atom A     A.N. of A          Atom B    A.N. of B              Bond order
                0             6               2            6                1.575673
                1             6               5            6                0.902365
                1             6              34            6                1.715992
                1             6              37            6               -0.179897
                2             6               3            6                1.263900
                2             6               7            6                1.237333
                3             6               4            6                1.460381
                3             6              10            6                1.083042
                4             6               5            6                1.354358
                4             6               8            1                0.925554
                5             6               6            6                1.362451
                5             6              34            6               -0.103583
                6             6               7            6                1.462322
                6             6              22            6                1.089688
                7             6               9            1                0.919584
               10             6              11            1                0.898838
               10             6              12            1                0.898778
               10             6              13            6                1.095483
               13             6              14            1                0.929356
               13             6              15            1                0.929421
               13             6              16            6                1.076545
               16             6              17            1                0.941375
               16             6              18            1                0.941376
               16             6              19            6                1.105446
               19             6              20            1                0.966322
               19             6              21            1                0.966316
               19             6              35            1                0.962148
               22             6              23            1                0.898973
               22             6              24            1                0.898998
               22             6              25            6                1.104056
               25             6              26            1                0.929631
               25             6              27            1                0.929606
               25             6              28            6                1.074493
               28             6              29            1                0.941193
               28             6              30            1                0.941192
               28             6              31            6                1.106539
               31             6              32            1                0.966223
               31             6              33            1                0.966228
               31             6              36            1                0.961394
               34             6              37            6                0.941205
               37             6              38            6                1.433495
               37             6              42            6                1.431006
               38             6              39            6                1.473727
               38             6              45            1                0.941381
               39             6              40            6                1.442134
               39             6              47            1                0.938511
               40             6              41            6                1.441743
               40             6              43            1                0.944012
               41             6              42            6                1.473777
               41             6              44            1                0.938508
               42             6              46            1                0.941691
# -----------------------------------------------------------
$ Calculation_Info
   description: Details of the calculation
   geom. index: 1
   prop. index: 1
     Multiplicity:                          2
     Charge:                                0
     number of atoms:                       48
     number of electrons:                   0
     number of frozen core electrons:       1
     number of correlated electrons:        0
     number of basis functions:             447
     number of aux C basis functions:       3053
     number of aux J basis functions:       3053
     number of aux JK basis functions:      3053
     number of aux CABS basis functions:    0
     Total Energy                           -890.742911
# -----------------------------------------------------------
$ SCF_Electric_Properties
   description: The SCF Calculated Electric Properties
   geom. index: 1
   prop. index: 1
       Filename                          : cc-pVDZ.scfp 
       Do Dipole Moment Calculation      : true 
       Do Quadrupole Moment Calculation  : false 
       Do Polarizability Calculation     : false 
** Dipole moment part of electric properties **
        Magnitude of dipole moment (Debye) :        7.1280806793
        Electronic Contribution:
                  0    
      0      13.626642
      1      -0.231376
      2       0.000873
        Nuclear Contribution:
                  0    
      0     -10.823687
      1       0.143071
      2      -0.000288
        Total Dipole moment:
                  0    
      0       2.802955
      1      -0.088305
      2       0.000586
# -----------------------------------------------------------
$ EPRNMR_GTensor
   description: Electronic g tensor
   geom. index: 1
   prop. index: 1
 Source density: 1 SCF 
 Spin multiplicity: 2 
 raw g tensor: 
                  0          1          2    
      0       2.012437  -0.000628   0.000000
      1      -0.001166   2.002174  -0.000001
      2      -0.000003  -0.000000   2.003197
 g tensor: 
                  0          1          2    
      0       0.086463   0.000053   0.996255
      1       0.996255  -0.000842  -0.086463
      2       0.000834   1.000000  -0.000125
 G eigenvalues: 
                  0          1          2    
      0       2.002096   2.003197   2.012514
# -----------------------------------------------------------
$ EPRNMR_OrbitalShielding
   description: Orbital contribution to the NMR Shielding tensor (ppm)
   geom. index: 1
   prop. index: 1
 Number of stored nuclei 25
 Source density: 1 SCF 
 Nucleus: 8 H 
 Shielding tensor (ppm): 
                  0          1          2    
      0      28.958371   8.191339   0.030187
      1       5.623025  26.021355   0.021000
      2       0.021309   0.022317  18.748823
 P Tensor eigenvectors:
                   0          1          2    
      0      -0.001443  -0.647269  -0.762261
      1      -0.001678   0.762262  -0.647266
      2       0.999998   0.000345  -0.002186
 P Eigenvalues: 
                  0          1          2    
      0      18.748751  20.435992  34.543806
P(iso)  24.576183
 Nucleus: 9 H 
 Shielding tensor (ppm): 
                  0          1          2    
      0       3.910842  38.217759   0.086849
      1       5.446485  19.751629  -0.002136
      2       0.007811  -0.001812  20.481446
 P Tensor eigenvectors:
                   0          1          2    
      0       0.990400   0.000223   0.138231
      1      -0.138231   0.002224   0.990397
      2      -0.000086  -0.999998   0.002233
 P Eigenvalues: 
                  0          1          2    
      0      -1.764310  20.481451  25.426776
P(iso)  14.714639
 Nucleus: 11 H 
 Shielding tensor (ppm): 
                  0          1          2    
      0      15.026821 -12.286512  -0.415797
      1       0.897518  29.350524  -1.325651
      2       5.866225  -0.313322  25.378568
 P Tensor eigenvectors:
                   0          1          2    
      0      -0.945395   0.237002   0.223737
      1      -0.170060   0.226914  -0.958952
      2       0.278043   0.944637   0.174219
 P Eigenvalues: 
                  0          1          2    
      0      13.055081  25.258067  31.442765
P(iso)  23.251971
 Nucleus: 12 H 
 Shielding tensor (ppm): 
                  0          1          2    
      0      15.000968 -12.305921   0.322517
      1       0.922382  29.330117   1.347013
      2      -5.851700   0.341922  25.350754
 P Tensor eigenvectors:
                   0          1          2    
      0      -0.945326  -0.237245   0.223772
      1      -0.168437  -0.232374  -0.957931
      2      -0.279263   0.943248  -0.179708
 P Eigenvalues: 
                  0          1          2    
      0      13.021849  25.222656  31.437334
P(iso)  23.227280
 Nucleus: 14 H 
 Shielding tensor (ppm): 
                  0          1          2    
      0      31.930879  -1.516042  -4.245029
      1       1.013982  31.311195   0.254139
      2      -3.446522   1.455240  28.235273
 P Tensor eigenvectors:
                   0          1          2    
      0       0.525177  -0.251956   0.812839
      1      -0.110213  -0.967259  -0.228612
      2       0.843826   0.030477  -0.535751
 P Eigenvalues: 
                  0          1          2    
      0      25.753439  31.233993  34.489915
P(iso)  30.492449
 Nucleus: 15 H 
 Shielding tensor (ppm): 
                  0          1          2    
      0      31.905255  -1.537945   4.251991
      1       0.996346  31.317923  -0.238822
      2       3.452244  -1.441990  28.257364
 P Tensor eigenvectors:
                   0          1          2    
      0      -0.528063  -0.252554   0.810781
      1       0.105991  -0.966888  -0.232149
      2       0.842565  -0.036653   0.537347
 P Eigenvalues: 
                  0          1          2    
      0      25.761348  31.230770  34.488424
P(iso)  30.493514
 Nucleus: 17 H 
 Shielding tensor (ppm): 
                  0          1          2    
      0      29.663857  -1.291470  -4.267578
      1       0.401589  30.096488  -0.277136
      2      -4.431356  -0.983530  28.571614
 P Tensor eigenvectors:
                   0          1          2    
      0       0.654674  -0.096187  -0.749766
      1       0.124034   0.992097  -0.018973
      2       0.745666  -0.080575   0.661431
 P Eigenvalues: 
                  0          1          2    
      0      24.627809  30.200860  33.503290
P(iso)  29.443986
 Nucleus: 18 H 
 Shielding tensor (ppm): 
                  0          1          2    
      0      29.636433  -1.313662   4.268682
      1       0.381098  30.091503   0.284229
      2       4.439427   0.992974  28.608653
 P Tensor eigenvectors:
                   0          1          2    
      0      -0.657171  -0.097169  -0.747452
      1      -0.127628   0.991681  -0.016706
      2       0.742857   0.084417  -0.664106
 P Eigenvalues: 
                  0          1          2    
      0      24.626206  30.201992  33.508390
P(iso)  29.445530
 Nucleus: 20 H 
 Shielding tensor (ppm): 
                  0          1          2    
      0      29.839957  -2.289078   3.978291
      1      -2.245302  30.514252  -2.328645
      2       3.198438  -2.006533  30.578159
 P Tensor eigenvectors:
                   0          1          2    
      0       0.768864  -0.270889   0.579195
      1       0.087704  -0.852585  -0.515177
      2      -0.633369  -0.446899   0.631764
 P Eigenvalues: 
                  0          1          2    
      0      26.581444  28.647323  35.703601
P(iso)  30.310789
 Nucleus: 21 H 
 Shielding tensor (ppm): 
                  0          1          2    
      0      29.869511  -2.276684  -3.991833
      1      -2.238429  30.495476   2.317946
      2      -3.214208   1.997907  30.569738
 P Tensor eigenvectors:
                   0          1          2    
      0      -0.766142   0.273095  -0.581760
      1      -0.084214   0.854756   0.512152
      2      -0.637129  -0.441374   0.631866
 P Eigenvalues: 
                  0          1          2    
      0      26.580951  28.649662  35.704112
P(iso)  30.311575
 Nucleus: 23 H 
 Shielding tensor (ppm): 
                  0          1          2    
      0      30.586494  -1.498399   3.261453
      1      -1.923010  31.168759  -0.288409
      2       4.457212   1.063415  25.833740
 P Tensor eigenvectors:
                   0          1          2    
      0      -0.491248   0.376830  -0.785286
      1      -0.145172   0.853538   0.500397
      2       0.858836   0.359821  -0.364594
 P Eigenvalues: 
                  0          1          2    
      0      23.495986  30.579492  33.513515
P(iso)  29.196331
 Nucleus: 24 H 
 Shielding tensor (ppm): 
                  0          1          2    
      0      30.599808  -1.486908  -3.269702
      1      -1.903389  31.174903   0.312886
      2      -4.464076  -1.035282  25.810533
 P Tensor eigenvectors:
                   0          1          2    
      0       0.489938   0.377839  -0.785619
      1       0.140663   0.855118   0.498986
      2       0.860334  -0.354980   0.365807
 P Eigenvalues: 
                  0          1          2    
      0      23.485351  30.578016  33.521877
P(iso)  29.195081
 Nucleus: 26 H 
 Shielding tensor (ppm): 
                  0          1          2    
      0      30.794512   3.332647   3.082360
      1       0.006695  30.392645   0.026904
      2       3.857035  -1.558902  27.999154
 P Tensor eigenvectors:
                   0          1          2    
      0      -0.563790  -0.144949  -0.813099
      1       0.265790   0.900267  -0.344783
      2       0.781982  -0.410499  -0.469035
 P Eigenvalues: 
                  0          1          2    
      0      25.178558  30.541070  33.466683
P(iso)  29.728770
 Nucleus: 27 H 
 Shielding tensor (ppm): 
                  0          1          2    
      0      30.808129   3.349766  -3.066514
      1       0.028026  30.384346  -0.014862
      2      -3.855479   1.572016  27.990319
 P Tensor eigenvectors:
                   0          1          2    
      0       0.562440  -0.146319  -0.813788
      1      -0.269413   0.898075  -0.347676
      2       0.781714   0.414792   0.465693
 P Eigenvalues: 
                  0          1          2    
      0      25.172316  30.537832  33.472645
P(iso)  29.727598
 Nucleus: 29 H 
 Shielding tensor (ppm): 
                  0          1          2    
      0      31.002586   0.373611   4.606229
      1      -0.322173  30.551523   0.455513
      2       4.214386   1.266697  28.173418
 P Tensor eigenvectors:
                   0          1          2    
      0      -0.581679  -0.190005  -0.790915
      1      -0.117559   0.981764  -0.149395
      2       0.804878   0.006079  -0.593409
 P Eigenvalues: 
                  0          1          2    
      0      24.874451  30.558215  34.294862
P(iso)  29.909176
 Nucleus: 30 H 
 Shielding tensor (ppm): 
                  0          1          2    
      0      31.022346   0.396547  -4.601388
      1      -0.301600  30.560879  -0.443444
      2      -4.212099  -1.252798  28.144419
 P Tensor eigenvectors:
                   0          1          2    
      0       0.579960  -0.189470  -0.792305
      1       0.113525   0.981885  -0.151706
      2       0.806696  -0.001962   0.590963
 P Eigenvalues: 
                  0          1          2    
      0      24.871070  30.559763  34.296810
P(iso)  29.909215
 Nucleus: 32 H 
 Shielding tensor (ppm): 
                  0          1          2    
      0      29.646608  -1.141786  -3.827336
      1      -2.618825  30.223225   2.253444
      2      -3.366213   1.985417  30.479471
 P Tensor eigenvectors:
                   0          1          2    
      0      -0.748498   0.314938  -0.583579
      1      -0.006364   0.876576   0.481222
      2      -0.663106  -0.363908   0.654111
 P Eigenvalues: 
                  0          1          2    
      0      26.442422  28.634061  35.272821
P(iso)  30.116435
 Nucleus: 33 H 
 Shielding tensor (ppm): 
                  0          1          2    
      0      29.626680  -1.157315   3.816020
      1      -2.630387  30.243673  -2.262302
      2       3.349352  -1.992421  30.478632
 P Tensor eigenvectors:
                   0          1          2    
      0      -0.750402   0.313953   0.581662
      1      -0.009802   0.874614  -0.484720
      2       0.660909   0.369437   0.653235
 P Eigenvalues: 
                  0          1          2    
      0      26.444927  28.631188  35.272870
P(iso)  30.116328
 Nucleus: 35 H 
 Shielding tensor (ppm): 
                  0          1          2    
      0      28.378841   1.661776   0.010052
      1       3.507736  35.852078   0.031135
      2       0.014100   0.028958  25.661978
 P Tensor eigenvectors:
                   0          1          2    
      0      -0.002159   0.950190   0.311665
      1      -0.002387  -0.311669   0.950188
      2       0.999995   0.001308   0.002941
 P Eigenvalues: 
                  0          1          2    
      0      25.661880  27.573851  36.657167
P(iso)  29.964299
 Nucleus: 36 H 
 Shielding tensor (ppm): 
                  0          1          2    
      0      28.564043   2.329016   0.009094
      1       3.120255  35.967490   0.031186
      2       0.012050   0.029842  25.556425
 P Tensor eigenvectors:
                   0          1          2    
      0      -0.001119  -0.948165  -0.317777
      1      -0.002640   0.317779  -0.948161
      2       0.999996  -0.000222  -0.002859
 P Eigenvalues: 
                  0          1          2    
      0      25.556332  27.669767  36.861859
P(iso)  30.029319
 Nucleus: 43 H 
 Shielding tensor (ppm): 
                  0          1          2    
      0      24.124074   0.105251   0.001005
      1       0.058042  27.131978   0.013616
      2       0.001093   0.013634  21.120131
 P Tensor eigenvectors:
                   0          1          2    
      0      -0.000286  -0.999645  -0.026654
      1      -0.002262   0.026655  -0.999642
      2       0.999997  -0.000225  -0.002269
 P Eigenvalues: 
                  0          1          2    
      0      21.120100  24.121860  27.134223
P(iso)  24.125394
 Nucleus: 44 H 
 Shielding tensor (ppm): 
                  0          1          2    
      0      27.197210  -1.491411  -0.001970
      1      -1.506682  24.502323   0.008419
      2      -0.001935   0.008070  20.742081
 P Tensor eigenvectors:
                   0          1          2    
      0      -0.000227   0.406991  -0.913432
      1      -0.002287   0.913429   0.406991
      2       0.999997   0.002182   0.000723
 P Eigenvalues: 
                  0          1          2    
      0      20.742063  23.834156  27.865395
P(iso)  24.147205
 Nucleus: 45 H 
 Shielding tensor (ppm): 
                  0          1          2    
      0      27.429338  -3.085076  -0.003880
      1      -2.562192  24.727123   0.010091
      2      -0.004042   0.010390  19.898692
 P Tensor eigenvectors:
                   0          1          2    
      0      -0.000359   0.537325  -0.843375
      1      -0.002317   0.843372   0.537324
      2       0.999997   0.002147   0.000943
 P Eigenvalues: 
                  0          1          2    
      0      19.898670  22.948162  29.208321
P(iso)  24.018384
 Nucleus: 46 H 
 Shielding tensor (ppm): 
                  0          1          2    
      0      28.471207   2.596479   0.006848
      1       1.827882  24.053235   0.011412
      2       0.004979   0.010700  19.624843
 P Tensor eigenvectors:
                   0          1          2    
      0      -0.000049  -0.389767  -0.920913
      1      -0.002480   0.920911  -0.389766
      2       0.999997   0.002265  -0.001012
 P Eigenvalues: 
                  0          1          2    
      0      19.624815  23.136337  29.388134
P(iso)  24.049762
 Nucleus: 47 H 
 Shielding tensor (ppm): 
                  0          1          2    
      0      27.312470   1.174324   0.004730
      1       1.152666  24.360834   0.008218
      2       0.004153   0.008801  20.790661
 P Tensor eigenvectors:
                   0          1          2    
      0      -0.000277  -0.327842  -0.944733
      1      -0.002289   0.944730  -0.327840
      2       0.999997   0.002071  -0.001012
 P Eigenvalues: 
                  0          1          2    
      0      20.790640  23.957368  27.715957
P(iso)  24.154655
# -----------------------------------------------------------
$ EPRNMR_ATensor
   description: Hyperfine A tensor
   geom. index: 1
   prop. index: 1
 Number of stored nuclei 25
 Source density: 1 SCF 
 Spin multiplicity: 2 
 Nucleus: 8 H  
 Isotope: 1 
 Nuclear Spin:  0.5 
 Prefactor (MHz): 533.551395 
 Raw A tensor (MHz): 
                  0          1          2    
      0       6.421476  -1.212787  -0.002253
      1      -1.219424   4.616867   0.001447
      2      -0.002248   0.001453   3.933530
 A Tensor eigenvectors:
                   0          1          2    
      0      -0.000924   0.448937  -0.893563
      1      -0.003754   0.893555   0.448937
      2       0.999993   0.003770   0.000860
 A Eigenvalues: 
                  0          1          2    
      0       3.933526   4.004887   7.033460
A(iso)  4.990624
 Nucleus: 9 H  
 Isotope: 1 
 Nuclear Spin:  0.5 
 Prefactor (MHz): 533.551395 
 Raw A tensor (MHz): 
                  0          1          2    
      0      -0.703092   5.411342   0.015183
      1       5.337949   5.642188   0.048486
      2       0.015250   0.048482  -7.641295
 A Tensor eigenvectors:
                   0          1          2    
      0       0.867693   0.000947  -0.497099
      1      -0.497092  -0.004048  -0.867688
      2      -0.002834   0.999991  -0.003042
 A Eigenvalues: 
                  0          1          2    
      0      -3.771585  -7.641476   8.710862
A(iso)  -0.900733
 Nucleus: 11 H  
 Isotope: 1 
 Nuclear Spin:  0.5 
 Prefactor (MHz): 533.551395 
 Raw A tensor (MHz): 
                  0          1          2    
      0      -3.102367  -2.974824  -0.446017
      1      -2.946938   5.818847   3.650785
      2      -0.436259   3.652299  -1.880839
 A Tensor eigenvectors:
                   0          1          2    
      0       0.541774  -0.800945   0.254887
      1      -0.161292  -0.396680  -0.903676
      2       0.824903   0.448477  -0.344097
 A Eigenvalues: 
                  0          1          2    
      0      -2.887584  -4.316651   8.039875
A(iso)  0.278547
 Nucleus: 12 H  
 Isotope: 1 
 Nuclear Spin:  0.5 
 Prefactor (MHz): 533.551395 
 Raw A tensor (MHz): 
                  0          1          2    
      0      -3.138413  -2.981515   0.422887
      1      -2.953558   5.856854  -3.612871
      2       0.413335  -3.614379  -1.969739
 A Tensor eigenvectors:
                   0          1          2    
      0      -0.545479  -0.798570   0.254440
      1       0.154212  -0.394029  -0.906068
      2       0.823815  -0.455003   0.338084
 A Eigenvalues: 
                  0          1          2    
      0      -2.926035  -4.359289   8.034025
A(iso)  0.249567
 Nucleus: 14 H  
 Isotope: 1 
 Nuclear Spin:  0.5 
 Prefactor (MHz): 533.551395 
 Raw A tensor (MHz): 
                  0          1          2    
      0       0.360356  -1.028961  -0.282561
      1      -1.023046   1.136357   0.410160
      2      -0.281228   0.410437  -0.267261
 A Tensor eigenvectors:
                   0          1          2    
      0       0.828572  -0.073333  -0.555059
      1       0.556656   0.214177   0.802660
      2       0.060020  -0.974038   0.218282
 A Eigenvalues: 
                  0          1          2    
      0      -0.348516  -0.378731   1.956699
A(iso)  0.409817
 Nucleus: 15 H  
 Isotope: 1 
 Nuclear Spin:  0.5 
 Prefactor (MHz): 533.551395 
 Raw A tensor (MHz): 
                  0          1          2    
      0       0.351490  -1.030336   0.278578
      1      -1.024410   1.133137  -0.405472
      2       0.277243  -0.405750  -0.278077
 A Tensor eigenvectors:
                   0          1          2    
      0       0.829247  -0.068780   0.554634
      1       0.555297   0.213629  -0.803746
      2      -0.063204   0.974491   0.215344
 A Eigenvalues: 
                  0          1          2    
      0      -0.356827  -0.386638   1.950014
A(iso)  0.402183
 Nucleus: 17 H  
 Isotope: 1 
 Nuclear Spin:  0.5 
 Prefactor (MHz): 533.551395 
 Raw A tensor (MHz): 
                  0          1          2    
      0      -0.605438  -0.130151   0.012635
      1      -0.126528   1.137032  -0.343253
      2       0.011801  -0.343388  -0.585043
 A Tensor eigenvectors:
                   0          1          2    
      0       0.955178   0.287280   0.071447
      1       0.013017   0.200357  -0.979636
      2      -0.295745   0.936657   0.187637
 A Eigenvalues: 
                  0          1          2    
      0      -0.610810  -0.654655   1.212016
A(iso)  -0.017816
 Nucleus: 18 H  
 Isotope: 1 
 Nuclear Spin:  0.5 
 Prefactor (MHz): 533.551395 
 Raw A tensor (MHz): 
                  0          1          2    
      0      -0.604933  -0.131014  -0.013492
      1      -0.127391   1.132078   0.352608
      2      -0.012649   0.352745  -0.580811
 A Tensor eigenvectors:
                   0          1          2    
      0       0.954807   0.288369  -0.072020
      1       0.011661   0.205778   0.978529
      2       0.296998  -0.935146   0.193116
 A Eigenvalues: 
                  0          1          2    
      0      -0.610416  -0.654303   1.211053
A(iso)  -0.017888
 Nucleus: 20 H  
 Isotope: 1 
 Nuclear Spin:  0.5 
 Prefactor (MHz): 533.551395 
 Raw A tensor (MHz): 
                  0          1          2    
      0      -0.150978  -0.235599   0.033438
      1      -0.233673   0.383413  -0.090214
      2       0.033023  -0.090233  -0.230591
 A Tensor eigenvectors:
                   0          1          2    
      0       0.932660   0.086451   0.350246
      1       0.332084   0.173579  -0.927141
      2      -0.140948   0.981018   0.133181
 A Eigenvalues: 
                  0          1          2    
      0      -0.239261  -0.243629   0.484734
A(iso)  0.000615
 Nucleus: 21 H  
 Isotope: 1 
 Nuclear Spin:  0.5 
 Prefactor (MHz): 533.551395 
 Raw A tensor (MHz): 
                  0          1          2    
      0      -0.150711  -0.235659  -0.034464
      1      -0.233733   0.382373   0.092684
      2      -0.034048   0.092703  -0.229799
 A Tensor eigenvectors:
                   0          1          2    
      0       0.932992   0.080901  -0.350686
      1       0.332981   0.175690   0.926421
      2       0.136560  -0.981116   0.136978
 A Eigenvalues: 
                  0          1          2    
      0      -0.239204  -0.243575   0.484642
A(iso)  0.000621
 Nucleus: 23 H  
 Isotope: 1 
 Nuclear Spin:  0.5 
 Prefactor (MHz): 533.551395 
 Raw A tensor (MHz): 
                  0          1          2    
      0       0.993043   0.685004   0.352560
      1       0.683423   0.001776   0.114749
      2       0.352786   0.114831  -0.116368
 A Tensor eigenvectors:
                   0          1          2    
      0       0.048514   0.490715  -0.869969
      1       0.389996  -0.811163  -0.435796
      2      -0.919538  -0.318142  -0.230729
 A Eigenvalues: 
                  0          1          2    
      0      -0.183693  -0.367055   1.429200
A(iso)  0.292817
 Nucleus: 24 H  
 Isotope: 1 
 Nuclear Spin:  0.5 
 Prefactor (MHz): 533.551395 
 Raw A tensor (MHz): 
                  0          1          2    
      0       0.998222   0.686669  -0.347447
      1       0.685090   0.006914  -0.113045
      2      -0.347664  -0.113124  -0.114171
 A Tensor eigenvectors:
                   0          1          2    
      0       0.047311   0.490144   0.870357
      1       0.385247  -0.812874   0.436831
      2       0.921600   0.314636  -0.227284
 A Eigenvalues: 
                  0          1          2    
      0      -0.179316  -0.362816   1.433097
A(iso)  0.296988
 Nucleus: 26 H  
 Isotope: 1 
 Nuclear Spin:  0.5 
 Prefactor (MHz): 533.551395 
 Raw A tensor (MHz): 
                  0          1          2    
      0      -0.093290   1.021537  -0.248935
      1       1.014090   0.735485  -0.413541
      2      -0.247057  -0.413919  -0.777289
 A Tensor eigenvectors:
                   0          1          2    
      0       0.835198  -0.074213  -0.544919
      1      -0.504660   0.290334  -0.813034
      2       0.218546   0.954043   0.205035
 A Eigenvalues: 
                  0          1          2    
      0      -0.772156  -0.883947   1.521008
A(iso)  -0.045031
 Nucleus: 27 H  
 Isotope: 1 
 Nuclear Spin:  0.5 
 Prefactor (MHz): 533.551395 
 Raw A tensor (MHz): 
                  0          1          2    
      0      -0.094764   1.019847   0.254761
      1       1.012405   0.731113   0.422325
      2       0.252855   0.422707  -0.773416
 A Tensor eigenvectors:
                   0          1          2    
      0       0.835523  -0.073100   0.544570
      1      -0.503479   0.295017   0.812080
      2      -0.220021  -0.952691   0.209690
 A Eigenvalues: 
                  0          1          2    
      0      -0.772877  -0.884824   1.520633
A(iso)  -0.045689
 Nucleus: 29 H  
 Isotope: 1 
 Nuclear Spin:  0.5 
 Prefactor (MHz): 533.551395 
 Raw A tensor (MHz): 
                  0          1          2    
      0       0.104739   0.354545   0.068299
      1       0.352769   0.141144   0.073292
      2       0.068453   0.073340  -0.214771
 A Tensor eigenvectors:
                   0          1          2    
      0       0.411181   0.604989  -0.681850
      1      -0.217497  -0.661291  -0.717906
      2      -0.885226   0.443489  -0.140327
 A Eigenvalues: 
                  0          1          2    
      0      -0.228715  -0.231473   0.491300
A(iso)  0.010370
 Nucleus: 30 H  
 Isotope: 1 
 Nuclear Spin:  0.5 
 Prefactor (MHz): 533.551395 
 Raw A tensor (MHz): 
                  0          1          2    
      0       0.105277   0.354960  -0.066066
      1       0.353184   0.142068  -0.070963
      2      -0.066213  -0.071011  -0.215387
 A Tensor eigenvectors:
                   0          1          2    
      0       0.407384   0.607250   0.682119
      1      -0.219270  -0.660022   0.718534
      2       0.886543  -0.442288  -0.135731
 A Eigenvalues: 
                  0          1          2    
      0      -0.228415  -0.231165   0.491537
A(iso)  0.010652
 Nucleus: 32 H  
 Isotope: 1 
 Nuclear Spin:  0.5 
 Prefactor (MHz): 533.551395 
 Raw A tensor (MHz): 
                  0          1          2    
      0      -0.126451   0.249975   0.035438
      1       0.248317   0.351681   0.085814
      2       0.035484   0.085862  -0.222630
 A Tensor eigenvectors:
                   0          1          2    
      0       0.879459  -0.273843   0.389309
      1      -0.325004   0.252072   0.911500
      2      -0.347742  -0.928154   0.132687
 A Eigenvalues: 
                  0          1          2    
      0      -0.232291  -0.235462   0.470351
A(iso)  0.000866
 Nucleus: 33 H  
 Isotope: 1 
 Nuclear Spin:  0.5 
 Prefactor (MHz): 533.551395 
 Raw A tensor (MHz): 
                  0          1          2    
      0      -0.126258   0.250236  -0.034128
      1       0.248577   0.352260  -0.082718
      2      -0.034172  -0.082765  -0.223459
 A Tensor eigenvectors:
                   0          1          2    
      0       0.879211  -0.274197  -0.389620
      1      -0.327022   0.247396  -0.912059
      2       0.346474   0.929307   0.127845
 A Eigenvalues: 
                  0          1          2    
      0      -0.232227  -0.235394   0.470163
A(iso)  0.000848
 Nucleus: 35 H  
 Isotope: 1 
 Nuclear Spin:  0.5 
 Prefactor (MHz): 533.551395 
 Raw A tensor (MHz): 
                  0          1          2    
      0      -0.202873  -0.096066  -0.000238
      1      -0.094698   0.381654   0.001502
      2      -0.000239   0.001502  -0.222240
 A Tensor eigenvectors:
                   0          1          2    
      0       0.987420   0.000298  -0.158119
      1       0.158117   0.002534   0.987417
      2       0.000695  -0.999997   0.002455
 A Eigenvalues: 
                  0          1          2    
      0      -0.218043  -0.222243   0.396827
A(iso)  -0.014486
 Nucleus: 36 H  
 Isotope: 1 
 Nuclear Spin:  0.5 
 Prefactor (MHz): 533.551395 
 Raw A tensor (MHz): 
                  0          1          2    
      0      -0.044484   0.184962   0.000535
      1       0.183836   0.180262   0.000951
      2       0.000536   0.000951  -0.148211
 A Tensor eigenvectors:
                   0          1          2    
      0       0.871559  -0.001620   0.490289
      1      -0.490280   0.003805   0.871556
      2      -0.003278  -0.999991   0.002522
 A Eigenvalues: 
                  0          1          2    
      0      -0.148052  -0.148213   0.283833
A(iso)  -0.004144
 Nucleus: 43 H  
 Isotope: 1 
 Nuclear Spin:  0.5 
 Prefactor (MHz): 533.551395 
 Raw A tensor (MHz): 
                  0          1          2    
      0       0.184136   0.009775   0.000014
      1       0.009753   0.368139   0.000336
      2       0.000014   0.000336   0.217337
 A Tensor eigenvectors:
                   0          1          2    
      0       0.998600   0.000227   0.052901
      1      -0.052902   0.002213   0.998597
      2       0.000109  -0.999998   0.002222
 A Eigenvalues: 
                  0          1          2    
      0       0.183619   0.217337   0.368656
A(iso)  0.256537
 Nucleus: 44 H  
 Isotope: 1 
 Nuclear Spin:  0.5 
 Prefactor (MHz): 533.551395 
 Raw A tensor (MHz): 
                  0          1          2    
      0      -0.010131   0.061500   0.000161
      1       0.061492  -0.143632  -0.000038
      2       0.000161  -0.000038  -0.118867
 A Tensor eigenvectors:
                   0          1          2    
      0       0.931514   0.000254  -0.363705
      1       0.363704   0.002164   0.931512
      2       0.001024  -0.999998   0.001924
 A Eigenvalues: 
                  0          1          2    
      0       0.013879  -0.118867  -0.167642
A(iso)  -0.090877
 Nucleus: 45 H  
