-------------------------------------------------------------
----------------------- !PROPERTIES! ------------------------
-------------------------------------------------------------
# -----------------------------------------------------------
$ PAL_Flags
   description: The PAL Flags
   geom. index: 1
   prop. index: 1
        Diskflag:     2
# -----------------------------------------------------------
$ SCF_Energy
   description: The SCF energy
   geom. index: 1
   prop. index: 1
        SCF Energy:     -890.7429119720
# -----------------------------------------------------------
$ DFT_Energy
   description: The DFT energy
   geom. index: 1
   prop. index: 1
   Number of Alpha Electrons                 82.0001884803 
   Number of Beta  Electrons                 81.0001861207 
   Total number of  Electrons               163.0003746010 
   Exchange energy                         -101.5237430464 
   Correlation energy                        -6.3272430851 
   Correlation energy NL                      0.0000000000 
   Exchange-Correlation energy             -107.8509861315 
   Embedding correction                       0.0000000000 
   Total DFT Energy (No VdW correction)    -890.7429119720 
# -----------------------------------------------------------
$ Mayer_Pop
   description: The Mayer population analysis
   geom. index: 1
   prop. index: 1
     Number of atoms                     : 48
     Threshold for printing              : 0.1000000
     Number of bond orders printed       : 51
  NA   - Mulliken gross atomic population
  ZA   - Total nuclear charge
  QA   - Mulliken gross atomic charge
  VA   - Mayer's total valence
  BVA  - Mayer's bonded valence
  FA   - Mayer's free valence
  ATOM       NA         ZA         QA         VA         BVA        FA
  0   0     6.2521     6.0000    -0.2521     2.7263     1.9180     0.8083
  1   0     5.7165     6.0000     0.2835     2.5013     2.5013     0.0000
  2   0     5.9972     6.0000     0.0028     4.2245     4.2223     0.0022
  3   0     6.0430     6.0000    -0.0430     4.0790     4.0774     0.0016
  4   0     5.9932     6.0000     0.0068     3.8609     3.8609     0.0000
  5   0     6.1652     6.0000    -0.1652     3.8143     3.8140     0.0003
  6   0     6.0714     6.0000    -0.0714     4.1086     4.1085     0.0001
  7   0     5.9469     6.0000     0.0531     3.8656     3.8635     0.0021
  8   0     1.0525     1.0000    -0.0525     1.0036     1.0036     0.0000
  9   0     1.0405     1.0000    -0.0405     1.0214     1.0214     0.0000
 10   0     5.9506     6.0000     0.0494     4.0230     4.0229     0.0001
 11   0     0.9568     1.0000     0.0432     0.9798     0.9798     0.0000
 12   0     0.9568     1.0000     0.0432     0.9800     0.9800     0.0000
 13   0     6.0404     6.0000    -0.0404     4.1047     4.1047     0.0000
 14   0     0.9876     1.0000     0.0124     0.9624     0.9624     0.0000
 15   0     0.9876     1.0000     0.0124     0.9625     0.9625     0.0000
 16   0     6.0250     6.0000    -0.0250     4.1181     4.1181     0.0000
 17   0     0.9908     1.0000     0.0092     0.9681     0.9681     0.0000
 18   0     0.9908     1.0000     0.0092     0.9681     0.9681     0.0000
 19   0     5.9981     6.0000     0.0019     4.0170     4.0170     0.0000
 20   0     0.9841     1.0000     0.0159     0.9771     0.9771    -0.0000
 21   0     0.9841     1.0000     0.0159     0.9771     0.9771    -0.0000
 22   0     5.9632     6.0000     0.0368     4.0287     4.0287     0.0000
 23   0     0.9699     1.0000     0.0301     0.9685     0.9685     0.0000
 24   0     0.9699     1.0000     0.0301     0.9685     0.9685     0.0000
 25   0     6.0359     6.0000    -0.0359     4.1148     4.1148     0.0000
 26   0     0.9794     1.0000     0.0206     0.9633     0.9633     0.0000
 27   0     0.9794     1.0000     0.0206     0.9633     0.9633     0.0000
 28   0     6.0271     6.0000    -0.0271     4.1200     4.1200     0.0000
 29   0     0.9949     1.0000     0.0051     0.9671     0.9671     0.0000
 30   0     0.9949     1.0000     0.0051     0.9671     0.9671     0.0000
 31   0     5.9968     6.0000     0.0032     4.0171     4.0171     0.0000
 32   0     0.9802     1.0000     0.0198     0.9776     0.9776    -0.0000
 33   0     0.9802     1.0000     0.0198     0.9776     0.9776    -0.0000
 34   0     5.8253     6.0000     0.1747     2.6340     2.6339     0.0001
 35   0     0.9858     1.0000     0.0142     0.9737     0.9737     0.0000
 36   0     0.9868     1.0000     0.0132     0.9736     0.9736     0.0000
 37   0     6.2634     6.0000    -0.2634     3.9225     3.9225     0.0000
 38   0     5.9644     6.0000     0.0356     3.9949     3.9949     0.0000
 39   0     5.9584     6.0000     0.0416     4.0004     4.0004     0.0000
 40   0     5.9616     6.0000     0.0384     3.9998     3.9998     0.0000
 41   0     5.9586     6.0000     0.0414     4.0001     4.0001     0.0000
 42   0     5.9670     6.0000     0.0330     3.9940     3.9940     0.0000
 43   0     1.0193     1.0000    -0.0193     0.9698     0.9698     0.0000
 44   0     1.0204     1.0000    -0.0204     0.9697     0.9697     0.0000
 45   0     1.0331     1.0000    -0.0331     0.9841     0.9841     0.0000
 46   0     1.0324     1.0000    -0.0324     0.9840     0.9840     0.0000
 47   0     1.0203     1.0000    -0.0203     0.9696     0.9696     0.0000
      Bond orders larger than 0.1000000
           Atom A     A.N. of A          Atom B    A.N. of B              Bond order
                0             6               2            6                1.575692
                1             6               5            6                0.902406
                1             6              34            6                1.716044
                1             6              37            6               -0.179889
                2             6               3            6                1.263885
                2             6               7            6                1.237322
                3             6               4            6                1.460399
                3             6              10            6                1.083041
                4             6               5            6                1.354346
                4             6               8            1                0.925554
                5             6               6            6                1.362443
                5             6              34            6               -0.103564
                6             6               7            6                1.462330
                6             6              22            6                1.089689
                7             6               9            1                0.919585
               10             6              11            1                0.898839
               10             6              12            1                0.898779
               10             6              13            6                1.095484
               13             6              14            1                0.929357
               13             6              15            1                0.929422
               13             6              16            6                1.076544
               16             6              17            1                0.941374
               16             6              18            1                0.941376
               16             6              19            6                1.105447
               19             6              20            1                0.966322
               19             6              21            1                0.966316
               19             6              35            1                0.962148
               22             6              23            1                0.898972
               22             6              24            1                0.898997
               22             6              25            6                1.104057
               25             6              26            1                0.929631
               25             6              27            1                0.929606
               25             6              28            6                1.074495
               28             6              29            1                0.941192
               28             6              30            1                0.941192
               28             6              31            6                1.106540
               31             6              32            1                0.966223
               31             6              33            1                0.966228
               31             6              36            1                0.961394
               34             6              37            6                0.941230
               37             6              38            6                1.433493
               37             6              42            6                1.431007
               38             6              39            6                1.473724
               38             6              45            1                0.941381
               39             6              40            6                1.442134
               39             6              47            1                0.938513
               40             6              41            6                1.441743
               40             6              43            1                0.944014
               41             6              42            6                1.473774
               41             6              44            1                0.938509
               42             6              46            1                0.941691
# -----------------------------------------------------------
$ Calculation_Info
   description: Details of the calculation
   geom. index: 1
   prop. index: 1
     Multiplicity:                          2
     Charge:                                0
     number of atoms:                       48
     number of electrons:                   0
     number of frozen core electrons:       1
     number of correlated electrons:        0
     number of basis functions:             447
     number of aux C basis functions:       3053
     number of aux J basis functions:       3053
     number of aux JK basis functions:      3053
     number of aux CABS basis functions:    0
     Total Energy                           -890.742912
# -----------------------------------------------------------
$ SCF_Electric_Properties
   description: The SCF Calculated Electric Properties
   geom. index: 1
   prop. index: 1
       Filename                          : cc-pVDZ.scfp 
       Do Dipole Moment Calculation      : true 
       Do Quadrupole Moment Calculation  : false 
       Do Polarizability Calculation     : false 
** Dipole moment part of electric properties **
        Magnitude of dipole moment (Debye) :        7.1291032204
        Electronic Contribution:
                  0    
      0      13.627048
      1      -0.231266
      2       0.000877
        Nuclear Contribution:
                  0    
      0     -10.823687
      1       0.143071
      2      -0.000288
        Total Dipole moment:
                  0    
      0       2.803361
      1      -0.088194
      2       0.000589
# -----------------------------------------------------------
$ EPRNMR_GTensor
   description: Electronic g tensor
   geom. index: 1
   prop. index: 1
 Source density: 1 SCF 
 Spin multiplicity: 2 
 raw g tensor: 
                  0          1          2    
      0       2.012645  -0.000595   0.000000
      1      -0.001044   2.002434  -0.000001
      2      -0.000002  -0.000001   2.003716
 g tensor: 
                  0          1          2    
      0       0.079524   0.000054   0.996833
      1       0.996833  -0.000807  -0.079524
      2       0.000800   1.000000  -0.000118
 G eigenvalues: 
                  0          1          2    
      0       2.002369   2.003716   2.012710
# -----------------------------------------------------------
$ EPRNMR_OrbitalShielding
   description: Orbital contribution to the NMR Shielding tensor (ppm)
   geom. index: 1
   prop. index: 1
 Number of stored nuclei 25
 Source density: 1 SCF 
 Nucleus: 8 H 
 Shielding tensor (ppm): 
                  0          1          2    
      0      41.613344 174.693636   0.406332
      1     -184.998467 133.271591  -0.031549
      2      -0.485853   0.070780 124.927937
 P Tensor eigenvectors:
                   0          1          2    
      0      -0.000206   0.816715  -0.577041
      1      -0.002424   0.577039   0.816713
      2       0.999997   0.001567   0.001861
 P Eigenvalues: 
                  0          1          2    
      0     124.927899  67.276904 107.608069
P(iso)  99.937624
 Nucleus: 9 H 
 Shielding tensor (ppm): 
                  0          1          2    
      0      12.515371 -120.775405  -0.301852
      1       5.281474   1.670563  -0.074042
      2      -0.030275  -0.070903  17.166593
 P Tensor eigenvectors:
                   0          1          2    
      0       0.994709   0.003718  -0.102663
      1       0.102653   0.002847   0.994713
      2       0.003991  -0.999989   0.002451
 P Eigenvalues: 
                  0          1          2    
      0       0.606725  17.166828  13.578974
P(iso)  10.450842
 Nucleus: 11 H 
 Shielding tensor (ppm): 
                  0          1          2    
      0      56.785686 -130.947950 290.954568
      1     197.089982 -30.226781 216.356026
      2     -200.557826 -161.803857  10.213109
 P Tensor eigenvectors:
                   0          1          2    
      0      -0.501128   0.725104   0.472328
      1       0.723616   0.650460  -0.230828
      2       0.474605  -0.226110   0.850661
 P Eigenvalues: 
                  0          1          2    
      0     -26.015839  25.941722  36.846130
P(iso)  12.257338
 Nucleus: 12 H 
 Shielding tensor (ppm): 
                  0          1          2    
      0      56.886031 -130.001103 -290.981917
      1     196.752284 -30.134452 -215.878928
      2     201.194422 161.123215   9.670583
 P Tensor eigenvectors:
                   0          1          2    
      0      -0.499847   0.724408  -0.474748
      1       0.725482   0.649599   0.227372
      2      -0.473106   0.230770   0.850245
 P Eigenvalues: 
                  0          1          2    
      0     -26.128306  25.843985  36.706483
P(iso)  12.140721
 Nucleus: 14 H 
 Shielding tensor (ppm): 
                  0          1          2    
      0      57.276563 246.440686 228.682099
      1     -311.270150 111.461459 325.450983
      2     -173.147329 -236.818835 137.835752
 P Tensor eigenvectors:
                   0          1          2    
      0      -0.662257   0.488325  -0.568291
      1       0.433120   0.868391   0.241462
      2      -0.611410   0.086229   0.786602
 P Eigenvalues: 
                  0          1          2    
      0     115.167181  80.220347 111.186247
P(iso)  102.191258
 Nucleus: 15 H 
 Shielding tensor (ppm): 
                  0          1          2    
      0      57.329097 246.755432 -228.067367
      1     -311.047503 111.726072 -326.518804
      2     171.936549 237.408074 137.255642
 P Tensor eigenvectors:
                   0          1          2    
      0      -0.663846   0.488695   0.566114
      1       0.431028   0.868614  -0.244387
      2       0.611165  -0.081775   0.787267
 P Eigenvalues: 
                  0          1          2    
      0     114.984947  80.187192 111.138672
P(iso)  102.103604
 Nucleus: 17 H 
 Shielding tensor (ppm): 
                  0          1          2    
      0      39.530211 -214.153130 -277.417939
      1     333.693400 -28.045926 -400.025296
      2     190.784113 290.495423 -25.760599
 P Tensor eigenvectors:
                   0          1          2    
      0      -0.683549   0.456278  -0.569712
      1       0.470402   0.872197   0.134141
      2      -0.558107   0.176301   0.810823
 P Eigenvalues: 
                  0          1          2    
      0     -38.492023   9.855160  14.360548
P(iso)  -4.758772
 Nucleus: 18 H 
 Shielding tensor (ppm): 
                  0          1          2    
      0      39.370478 -214.425690 277.052411
      1     333.189820 -28.400320 401.261630
      2     -189.513453 -291.395717 -24.963417
 P Tensor eigenvectors:
                   0          1          2    
      0      -0.685331   0.457026   0.566964
      1       0.468420   0.872769  -0.137320
      2       0.557587  -0.171468   0.812216
 P Eigenvalues: 
                  0          1          2    
      0     -38.383370   9.927046  14.463066
P(iso)  -4.664420
 Nucleus: 20 H 
 Shielding tensor (ppm): 
                  0          1          2    
      0      -8.101099 380.484678 -204.576785
      1     -452.138846  88.024332 -460.063555
      2     149.407317 331.297541  53.143888
 P Tensor eigenvectors:
                   0          1          2    
      0      -0.671206  -0.420443   0.610501
      1       0.282132  -0.906498  -0.314106
      2       0.685481  -0.038588   0.727067
 P Eigenvalues: 
                  0          1          2    
      0      42.378014  38.271162  52.417945
P(iso)  44.355707
 Nucleus: 21 H 
 Shielding tensor (ppm): 
                  0          1          2    
      0      -8.119393 380.809417 205.768335
      1     -453.235180  87.602916 458.662740
      2     -151.215987 -329.946576  53.991383
 P Tensor eigenvectors:
                   0          1          2    
      0      -0.668901  -0.420341  -0.613094
      1       0.284582  -0.906741   0.311181
      2      -0.686720   0.033674   0.726142
 P Eigenvalues: 
                  0          1          2    
      0      42.613835  38.345315  52.515757
P(iso)  44.491635
 Nucleus: 23 H 
 Shielding tensor (ppm): 
                  0          1          2    
      0      71.604365 -130.831350 -35.507610
      1     190.129849 102.432224 226.168815
      2      34.536276 -166.309160 126.601022
 P Tensor eigenvectors:
                   0          1          2    
      0       0.798738   0.108630   0.591791
      1       0.012466  -0.986344   0.164228
      2      -0.601549   0.123798   0.789185
 P Eigenvalues: 
                  0          1          2    
      0      92.118613  88.762891 119.756108
P(iso)  100.212537
 Nucleus: 24 H 
 Shielding tensor (ppm): 
                  0          1          2    
      0      71.662799 -131.247573  34.644972
      1     190.667675 102.818188 -225.891966
      2     -33.437464 165.884409 126.324890
 P Tensor eigenvectors:
                   0          1          2    
      0       0.797772   0.108616  -0.593096
      1       0.008581  -0.985587  -0.168951
      2       0.602898  -0.129695   0.787206
 P Eigenvalues: 
                  0          1          2    
      0      92.211120  88.797595 119.797162
P(iso)  100.268626
 Nucleus: 26 H 
 Shielding tensor (ppm): 
                  0          1          2    
      0      55.687852 167.640258 110.146621
      1     -266.624383  36.736930 -332.422055
      2     -71.284554 242.629563  55.417069
 P Tensor eigenvectors:
                   0          1          2    
      0       0.752488   0.253695   0.607783
      1       0.286588  -0.957013   0.044645
      2      -0.592983  -0.140589   0.792847
 P Eigenvalues: 
                  0          1          2    
      0      30.608560  48.890888  68.342402
P(iso)  49.280617
 Nucleus: 27 H 
 Shielding tensor (ppm): 
                  0          1          2    
      0      55.686624 168.636265 -109.151836
      1     -267.612830  36.217147 331.736966
      2      69.768245 -242.316063  55.772580
 P Tensor eigenvectors:
                   0          1          2    
      0       0.751352   0.253285  -0.609358
      1       0.283269  -0.957796  -0.048840
      2       0.596011   0.135916   0.791390
 P Eigenvalues: 
                  0          1          2    
      0      30.549806  48.842146  68.284399
P(iso)  49.225450
 Nucleus: 29 H 
 Shielding tensor (ppm): 
                  0          1          2    
      0      38.979052 -276.729558 -34.934378
      1     381.759218  67.079413 408.111709
      2      33.925406 -295.785269  69.505639
 P Tensor eigenvectors:
                   0          1          2    
      0      -0.731462   0.103045  -0.674051
      1      -0.046553  -0.993756  -0.101402
      2       0.680291   0.042793  -0.731692
 P Eigenvalues: 
                  0          1          2    
      0      53.688704  51.249020  70.626380
P(iso)  58.521368
 Nucleus: 30 H 
 Shielding tensor (ppm): 
                  0          1          2    
      0      39.059908 -277.521916  33.357941
      1     382.808490  67.711391 -407.267605
      2     -31.844556 295.160251  68.973553
 P Tensor eigenvectors:
                   0          1          2    
      0       0.729993   0.103049  -0.675642
      1       0.042764  -0.993518  -0.105328
      2       0.682116  -0.047996   0.729667
 P Eigenvalues: 
                  0          1          2    
      0      53.800763  51.277415  70.666674
P(iso)  58.581617
 Nucleus: 32 H 
 Shielding tensor (ppm): 
                  0          1          2    
      0      -8.447623 230.674144 -84.955601
      1     -345.871391  25.164344 465.286137
      2      58.089672 -336.966908 -12.612566
 P Tensor eigenvectors:
                   0          1          2    
      0       0.799863   0.076249  -0.595319
      1       0.157578  -0.983779   0.085717
      2       0.579127   0.162371   0.798904
 P Eigenvalues: 
                  0          1          2    
      0     -24.264225  11.784128  16.584252
P(iso)  1.368052
 Nucleus: 33 H 
 Shielding tensor (ppm): 
                  0          1          2    
      0      -8.472961 229.306404  86.273674
      1     -344.271481  25.873549 -466.161427
      2     -59.982986 337.937046 -13.195810
 P Tensor eigenvectors:
                   0          1          2    
      0       0.801524   0.076799   0.593010
      1       0.160748  -0.982885  -0.089980
      2      -0.575950  -0.167446   0.800152
 P Eigenvalues: 
                  0          1          2    
      0     -24.230014  11.812285  16.622507
P(iso)  1.401593
 Nucleus: 35 H 
 Shielding tensor (ppm): 
                  0          1          2    
      0     -111.775211  56.497454   0.391067
      1     105.198418   9.142262   0.936023
      2       0.117105   0.044235 -152.696411
 P Tensor eigenvectors:
                   0          1          2    
      0      -0.240445   0.018215   0.970492
      1      -0.970662  -0.006058  -0.240374
      2       0.001501  -0.999816   0.019138
 P Eigenvalues: 
                  0          1          2    
      0      39.887926 -152.698054 -142.519232
P(iso)  -85.109787
 Nucleus: 36 H 
 Shielding tensor (ppm): 
                  0          1          2    
      0     -114.473301 -310.378271  -0.851619
      1     374.527221  62.205858   0.865243
      2       1.003941   0.081697 -98.900572
 P Tensor eigenvectors:
                   0          1          2    
      0      -0.001144  -0.542303  -0.840182
      1      -0.002685   0.840181  -0.542299
      2       0.999996   0.001635  -0.002417
 P Eigenvalues: 
                  0          1          2    
      0     -98.901951 -18.981894 -33.284171
P(iso)  -50.389338
 Nucleus: 43 H 
 Shielding tensor (ppm): 
                  0          1          2    
      0      41.775567 -23.288529   0.040043
      1       5.515415 -232.303874  -0.149156
      2       0.021334  -0.152921 -166.468744
 P Tensor eigenvectors:
                   0          1          2    
      0       0.999091  -0.000087  -0.042631
      1       0.042631   0.002201   0.999088
      2       0.000007  -0.999998   0.002203
 P Eigenvalues: 
                  0          1          2    
      0      40.520469 -166.468388 -231.049133
P(iso)  -118.999017
 Nucleus: 44 H 
 Shielding tensor (ppm): 
                  0          1          2    
      0      13.375812 529.713542   1.227217
      1     -292.694702 -91.679966  -0.077584
      2      -0.650732   0.080844 -80.696074
 P Tensor eigenvectors:
                   0          1          2    
      0      -0.000179  -0.987044  -0.160448
      1      -0.002282   0.160448  -0.987042
      2       0.999997   0.000189  -0.002281
 P Eigenvalues: 
                  0          1          2    
      0     -80.696142 -26.865233 -51.438853
P(iso)  -53.000076
 Nucleus: 45 H 
 Shielding tensor (ppm): 
                  0          1          2    
      0       9.214566 -503.008548  -1.182849
      1     346.279183 154.506379   0.173926
      2       0.781715   0.014489 104.999899
 P Tensor eigenvectors:
                   0          1          2    
      0      -0.000168  -0.961454  -0.274965
      1      -0.002314   0.274965  -0.961451
      2       0.999997   0.000474  -0.002271
 P Eigenvalues: 
                  0          1          2    
      0     104.999732  61.633624 102.087487
P(iso)  89.573615
 Nucleus: 46 H 
 Shielding tensor (ppm): 
                  0          1          2    
      0      17.528458 489.879353   1.030388
      1     -311.638661 139.611915   0.017697
      2      -0.671438   0.189753  99.306654
 P Tensor eigenvectors:
                   0          1          2    
      0      -0.000235   0.979371  -0.202072
      1      -0.002141   0.202071   0.979369
      2       0.999998   0.000663   0.002049
 P Eigenvalues: 
                  0          1          2    
      0      99.306395  57.788040  99.352592
P(iso)  85.482342
 Nucleus: 47 H 
 Shielding tensor (ppm): 
                  0          1          2    
      0       0.499267 -558.453916  -1.222063
      1     312.667376 -71.601512   0.059564
      2       0.702059  -0.103027 -74.859014
 P Tensor eigenvectors:
                   0          1          2    
      0      -0.000170  -0.994808   0.101774
      1      -0.002215  -0.101773  -0.994805
      2       0.999998  -0.000395  -0.002186
 P Eigenvalues: 
                  0          1          2    
      0     -74.858904 -25.132397 -45.969959
P(iso)  -48.653753
# -----------------------------------------------------------
$ EPRNMR_ATensor
   description: Hyperfine A tensor
   geom. index: 1
   prop. index: 1
 Number of stored nuclei 25
 Source density: 1 SCF 
 Spin multiplicity: 2 
 Nucleus: 8 H  
 Isotope: 1 
 Nuclear Spin:  0.5 
 Prefactor (MHz): 533.551395 
 Raw A tensor (MHz): 
                  0          1          2    
      0       6.417831  -1.212495  -0.002289
      1      -1.219150   4.613321   0.001466
      2      -0.002281   0.001472   3.929201
 A Tensor eigenvectors:
                   0          1          2    
      0      -0.000898   0.448897  -0.893583
      1      -0.003731   0.893576   0.448897
      2       0.999993   0.003737   0.000873
 A Eigenvalues: 
                  0          1          2    
      0       3.929197   4.001547   7.029608
A(iso)  4.986784
 Nucleus: 9 H  
 Isotope: 1 
 Nuclear Spin:  0.5 
 Prefactor (MHz): 533.551395 
 Raw A tensor (MHz): 
                  0          1          2    
      0      -0.693395   5.412651   0.015028
      1       5.338808   5.651843   0.049136
      2       0.015092   0.049133  -7.630246
 A Tensor eigenvectors:
                   0          1          2    
      0       0.867666   0.001036  -0.497146
      1      -0.497138  -0.004135  -0.867661
      2      -0.002955   0.999991  -0.003073
 A Eigenvalues: 
                  0          1          2    
      0      -3.762829  -7.630432   8.721464
A(iso)  -0.890599
 Nucleus: 11 H  
 Isotope: 1 
 Nuclear Spin:  0.5 
 Prefactor (MHz): 533.551395 
 Raw A tensor (MHz): 
                  0          1          2    
      0      -3.098443  -2.974752  -0.445935
      1      -2.946698   5.822409   3.650720
      2      -0.436129   3.652232  -1.876718
 A Tensor eigenvectors:
                   0          1          2    
      0       0.541777  -0.800944   0.254886
      1      -0.161301  -0.396685  -0.903672
      2       0.824900   0.448475  -0.344108
 A Eigenvalues: 
                  0          1          2    
      0      -2.883450  -4.312698   8.043395
A(iso)  0.282416
 Nucleus: 12 H  
 Isotope: 1 
 Nuclear Spin:  0.5 
 Prefactor (MHz): 533.551395 
 Raw A tensor (MHz): 
                  0          1          2    
      0      -3.136156  -2.981507   0.422878
      1      -2.953384   5.859060  -3.612813
      2       0.413263  -3.614319  -1.967578
 A Tensor eigenvectors:
                   0          1          2    
      0      -0.545507  -0.798550   0.254441
      1       0.154194  -0.394034  -0.906069
      2       0.823800  -0.455034   0.338080
 A Eigenvalues: 
                  0          1          2    
      0      -2.923808  -4.357010   8.036144
A(iso)  0.251775
 Nucleus: 14 H  
 Isotope: 1 
 Nuclear Spin:  0.5 
 Prefactor (MHz): 533.551395 
 Raw A tensor (MHz): 
                  0          1          2    
      0       0.360338  -1.029028  -0.282563
      1      -1.023075   1.136368   0.410168
      2      -0.281224   0.410445  -0.267295
 A Tensor eigenvectors:
                   0          1          2    
      0       0.828595  -0.073042  -0.555063
      1       0.556585   0.214366   0.802658
      2       0.060359  -0.974019   0.218277
 A Eigenvalues: 
                  0          1          2    
      0      -0.348569  -0.378764   1.956745
A(iso)  0.409804
 Nucleus: 15 H  
 Isotope: 1 
 Nuclear Spin:  0.5 
 Prefactor (MHz): 533.551395 
 Raw A tensor (MHz): 
                  0          1          2    
      0       0.351396  -1.030409   0.278582
      1      -1.024447   1.133072  -0.405474
      2       0.277234  -0.405752  -0.278199
 A Tensor eigenvectors:
                   0          1          2    
      0       0.829256  -0.068617   0.554640
      1       0.555261   0.213728  -0.803744
      2      -0.063392   0.974480   0.215336
 A Eigenvalues: 
                  0          1          2    
      0      -0.356962  -0.386756   1.949987
A(iso)  0.402090
 Nucleus: 17 H  
 Isotope: 1 
 Nuclear Spin:  0.5 
 Prefactor (MHz): 533.551395 
 Raw A tensor (MHz): 
                  0          1          2    
      0      -0.605446  -0.130155   0.012636
      1      -0.126512   1.137038  -0.343247
      2       0.011795  -0.343382  -0.585036
 A Tensor eigenvectors:
                   0          1          2    
      0       0.955154   0.287360   0.071449
      1       0.013003   0.200356  -0.979637
      2      -0.295824   0.936633   0.187635
 A Eigenvalues: 
                  0          1          2    
      0      -0.610815  -0.654647   1.212018
A(iso)  -0.017815
 Nucleus: 18 H  
 Isotope: 1 
 Nuclear Spin:  0.5 
 Prefactor (MHz): 533.551395 
 Raw A tensor (MHz): 
                  0          1          2    
      0      -0.604940  -0.131016  -0.013486
      1      -0.127373   1.132074   0.352611
      2      -0.012640   0.352748  -0.580803
 A Tensor eigenvectors:
                   0          1          2    
      0       0.954750   0.288558  -0.072020
      1       0.011619   0.205783   0.978529
      2       0.297183  -0.935087   0.193118
 A Eigenvalues: 
                  0          1          2    
      0      -0.610418  -0.654301   1.211049
A(iso)  -0.017890
 Nucleus: 20 H  
 Isotope: 1 
 Nuclear Spin:  0.5 
 Prefactor (MHz): 533.551395 
 Raw A tensor (MHz): 
                  0          1          2    
      0      -0.150977  -0.235604   0.033442
      1      -0.233666   0.383410  -0.090213
      2       0.033022  -0.090231  -0.230593
 A Tensor eigenvectors:
                   0          1          2    
      0       0.932717   0.085799   0.350253
      1       0.332212   0.173348  -0.927138
      2      -0.140264   0.981116   0.133181
 A Eigenvalues: 
                  0          1          2    
      0      -0.239261  -0.243630   0.484730
A(iso)  0.000613
 Nucleus: 21 H  
 Isotope: 1 
 Nuclear Spin:  0.5 
 Prefactor (MHz): 533.551395 
 Raw A tensor (MHz): 
                  0          1          2    
      0      -0.150712  -0.235664  -0.034465
      1      -0.233726   0.382366   0.092685
      2      -0.034047   0.092704  -0.229803
 A Tensor eigenvectors:
                   0          1          2    
      0       0.932991   0.080883  -0.350692
      1       0.332991   0.175685   0.926419
      2       0.136543  -0.981118   0.136979
 A Eigenvalues: 
                  0          1          2    
      0      -0.239206  -0.243579   0.484635
A(iso)  0.000617
 Nucleus: 23 H  
 Isotope: 1 
 Nuclear Spin:  0.5 
 Prefactor (MHz): 533.551395 
 Raw A tensor (MHz): 
                  0          1          2    
      0       0.993495   0.685020   0.352296
      1       0.683427   0.002656   0.114778
      2       0.352520   0.114861  -0.115955
 A Tensor eigenvectors:
                   0          1          2    
      0       0.048353   0.490774  -0.869944
      1       0.389930  -0.811127  -0.435921
      2      -0.919574  -0.318140  -0.230588
 A Eigenvalues: 
                  0          1          2    
      0      -0.183206  -0.366236   1.429638
A(iso)  0.293399
 Nucleus: 24 H  
 Isotope: 1 
 Nuclear Spin:  0.5 
 Prefactor (MHz): 533.551395 
 Raw A tensor (MHz): 
                  0          1          2    
      0       0.998857   0.686673  -0.347166
      1       0.685085   0.007966  -0.113064
      2      -0.347387  -0.113144  -0.113578
 A Tensor eigenvectors:
                   0          1          2    
      0       0.047152   0.490195   0.870336
      1       0.385166  -0.812848   0.436950
      2       0.921642   0.314621  -0.227134
 A Eigenvalues: 
                  0          1          2    
      0      -0.178645  -0.361814   1.433702
A(iso)  0.297748
 Nucleus: 26 H  
 Isotope: 1 
 Nuclear Spin:  0.5 
 Prefactor (MHz): 533.551395 
 Raw A tensor (MHz): 
                  0          1          2    
      0      -0.093238   1.021563  -0.248947
      1       1.014071   0.735406  -0.413497
      2      -0.247053  -0.413876  -0.777236
 A Tensor eigenvectors:
                   0          1          2    
      0       0.835183  -0.074183  -0.544947
      1      -0.504697   0.290318  -0.813017
      2       0.218520   0.954051   0.205029
 A Eigenvalues: 
                  0          1          2    
      0      -0.772151  -0.883880   1.520963
A(iso)  -0.045023
 Nucleus: 27 H  
 Isotope: 1 
 Nuclear Spin:  0.5 
 Prefactor (MHz): 533.551395 
 Raw A tensor (MHz): 
                  0          1          2    
      0      -0.094757   1.019862   0.254769
      1       1.012373   0.730970   0.422295
      2       0.252855   0.422678  -0.773394
 A Tensor eigenvectors:
                   0          1          2    
      0       0.835500  -0.073156   0.544599
      1      -0.503484   0.295061   0.812060
      2      -0.220097  -0.952674   0.209691
 A Eigenvalues: 
                  0          1          2    
      0      -0.772907  -0.884798   1.520525
A(iso)  -0.045727
 Nucleus: 29 H  
 Isotope: 1 
 Nuclear Spin:  0.5 
 Prefactor (MHz): 533.551395 
 Raw A tensor (MHz): 
                  0          1          2    
      0       0.104690   0.354522   0.068288
      1       0.352735   0.141100   0.073286
      2       0.068440   0.073334  -0.214816
 A Tensor eigenvectors:
                   0          1          2    
      0       0.414096   0.603001  -0.681847
      1      -0.220697  -0.660224  -0.717911
      2      -0.883073   0.447766  -0.140315
 A Eigenvalues: 
                  0          1          2    
      0      -0.228752  -0.231497   0.491222
A(iso)  0.010324
 Nucleus: 30 H  
 Isotope: 1 
 Nuclear Spin:  0.5 
 Prefactor (MHz): 533.551395 
 Raw A tensor (MHz): 
                  0          1          2    
      0       0.105235   0.354938  -0.066050
      1       0.353151   0.142031  -0.070956
      2      -0.066198  -0.071003  -0.215426
 A Tensor eigenvectors:
                   0          1          2    
      0       0.410552   0.605115   0.682116
      1      -0.222736  -0.658855   0.718540
      2       0.884215  -0.446930  -0.135713
 A Eigenvalues: 
                  0          1          2    
      0      -0.228445  -0.231181   0.491467
A(iso)  0.010614
 Nucleus: 32 H  
 Isotope: 1 
 Nuclear Spin:  0.5 
 Prefactor (MHz): 533.551395 
 Raw A tensor (MHz): 
                  0          1          2    
      0      -0.126433   0.249973   0.035439
      1       0.248305   0.351683   0.085812
      2       0.035485   0.085860  -0.222609
 A Tensor eigenvectors:
                   0          1          2    
      0       0.879546  -0.273553   0.389316
      1      -0.325092   0.251968   0.911497
      2      -0.347438  -0.928268   0.132688
 A Eigenvalues: 
                  0          1          2    
      0      -0.232271  -0.235439   0.470351
A(iso)  0.000880
 Nucleus: 33 H  
 Isotope: 1 
 Nuclear Spin:  0.5 
 Prefactor (MHz): 533.551395 
 Raw A tensor (MHz): 
                  0          1          2    
      0      -0.126240   0.250234  -0.034128
      1       0.248566   0.352263  -0.082713
      2      -0.034172  -0.082760  -0.223440
 A Tensor eigenvectors:
                   0          1          2    
      0       0.879281  -0.273964  -0.389626
      1      -0.327094   0.247308  -0.912057
      2       0.346229   0.929399   0.127841
 A Eigenvalues: 
                  0          1          2    
      0      -0.232208  -0.235372   0.470164
A(iso)  0.000861
 Nucleus: 35 H  
 Isotope: 1 
 Nuclear Spin:  0.5 
 Prefactor (MHz): 533.551395 
 Raw A tensor (MHz): 
                  0          1          2    
      0      -0.202865  -0.096068  -0.000238
      1      -0.094692   0.381663   0.001502
      2      -0.000239   0.001503  -0.222228
 A Tensor eigenvectors:
                   0          1          2    
      0       0.987420   0.000234  -0.158121
      1       0.158120   0.002525   0.987417
      2       0.000631  -0.999997   0.002456
 A Eigenvalues: 
                  0          1          2    
      0      -0.218034  -0.222232   0.396836
A(iso)  -0.014477
 Nucleus: 36 H  
 Isotope: 1 
 Nuclear Spin:  0.5 
 Prefactor (MHz): 533.551395 
 Raw A tensor (MHz): 
                  0          1          2    
      0      -0.044499   0.184956   0.000535
      1       0.183824   0.180238   0.000951
      2       0.000536   0.000952  -0.148221
 A Tensor eigenvectors:
                   0          1          2    
      0       0.871559  -0.001019   0.490290
      1      -0.490284   0.003469   0.871556
      2      -0.002588  -0.999993   0.002524
 A Eigenvalues: 
                  0          1          2    
      0      -0.148061  -0.148224   0.283803
A(iso)  -0.004161
 Nucleus: 43 H  
 Isotope: 1 
 Nuclear Spin:  0.5 
 Prefactor (MHz): 533.551395 
 Raw A tensor (MHz): 
                  0          1          2    
      0       0.184583   0.009775   0.000014
      1       0.009753   0.368589   0.000336
      2       0.000014   0.000336   0.217792
 A Tensor eigenvectors:
                   0          1          2    
      0       0.998600   0.000232   0.052901
      1      -0.052902   0.002211   0.998597
      2       0.000115  -0.999998   0.002221
 A Eigenvalues: 
                  0          1          2    
      0       0.184066   0.217791   0.369107
A(iso)  0.256988
 Nucleus: 44 H  
 Isotope: 1 
 Nuclear Spin:  0.5 
 Prefactor (MHz): 533.551395 
 Raw A tensor (MHz): 
                  0          1          2    
      0      -0.013425   0.061948   0.000162
      1       0.061939  -0.146490  -0.000037
      2       0.000162  -0.000037  -0.122247
 A Tensor eigenvectors:
                   0          1          2    
      0       0.930557   0.000255  -0.366146
      1       0.366145   0.002165   0.930555
      2       0.001030  -0.999998   0.001922
 A Eigenvalues: 
                  0          1          2    
