-------------------------------------------------------------
----------------------- !PROPERTIES! ------------------------
-------------------------------------------------------------
# -----------------------------------------------------------
$ PAL_Flags
   description: The PAL Flags
   geom. index: 1
   prop. index: 1
        Diskflag:     2
# -----------------------------------------------------------
$ SCF_Energy
   description: The SCF energy
   geom. index: 1
   prop. index: 1
        SCF Energy:     -890.7429174469
# -----------------------------------------------------------
$ DFT_Energy
   description: The DFT energy
   geom. index: 1
   prop. index: 1
   Number of Alpha Electrons                 82.0001885384 
   Number of Beta  Electrons                 81.0001861764 
   Total number of  Electrons               163.0003747147 
   Exchange energy                         -101.5236658167 
   Correlation energy                        -6.3272380491 
   Correlation energy NL                      0.0000000000 
   Exchange-Correlation energy             -107.8509038658 
   Embedding correction                       0.0000000000 
   Total DFT Energy (No VdW correction)    -890.7429174469 
# -----------------------------------------------------------
$ Mayer_Pop
   description: The Mayer population analysis
   geom. index: 1
   prop. index: 1
     Number of atoms                     : 48
     Threshold for printing              : 0.1000000
     Number of bond orders printed       : 51
  NA   - Mulliken gross atomic population
  ZA   - Total nuclear charge
  QA   - Mulliken gross atomic charge
  VA   - Mayer's total valence
  BVA  - Mayer's bonded valence
  FA   - Mayer's free valence
  ATOM       NA         ZA         QA         VA         BVA        FA
  0   0     6.2521     6.0000    -0.2521     2.7262     1.9179     0.8083
  1   0     5.7166     6.0000     0.2834     2.5016     2.5016     0.0000
  2   0     5.9972     6.0000     0.0028     4.2242     4.2220     0.0022
  3   0     6.0430     6.0000    -0.0430     4.0790     4.0774     0.0016
  4   0     5.9931     6.0000     0.0069     3.8609     3.8609     0.0000
  5   0     6.1652     6.0000    -0.1652     3.8144     3.8141     0.0003
  6   0     6.0714     6.0000    -0.0714     4.1087     4.1086     0.0001
  7   0     5.9469     6.0000     0.0531     3.8655     3.8634     0.0021
  8   0     1.0525     1.0000    -0.0525     1.0036     1.0036     0.0000
  9   0     1.0405     1.0000    -0.0405     1.0214     1.0214     0.0000
 10   0     5.9506     6.0000     0.0494     4.0230     4.0229     0.0001
 11   0     0.9568     1.0000     0.0432     0.9798     0.9798     0.0000
 12   0     0.9568     1.0000     0.0432     0.9800     0.9800     0.0000
 13   0     6.0404     6.0000    -0.0404     4.1047     4.1047     0.0000
 14   0     0.9876     1.0000     0.0124     0.9624     0.9624     0.0000
 15   0     0.9876     1.0000     0.0124     0.9625     0.9625     0.0000
 16   0     6.0250     6.0000    -0.0250     4.1181     4.1181     0.0000
 17   0     0.9908     1.0000     0.0092     0.9681     0.9681     0.0000
 18   0     0.9908     1.0000     0.0092     0.9681     0.9681     0.0000
 19   0     5.9981     6.0000     0.0019     4.0170     4.0170     0.0000
 20   0     0.9841     1.0000     0.0159     0.9771     0.9771    -0.0000
 21   0     0.9841     1.0000     0.0159     0.9771     0.9771     0.0000
 22   0     5.9632     6.0000     0.0368     4.0287     4.0287     0.0000
 23   0     0.9699     1.0000     0.0301     0.9685     0.9685     0.0000
 24   0     0.9699     1.0000     0.0301     0.9685     0.9685     0.0000
 25   0     6.0359     6.0000    -0.0359     4.1148     4.1148     0.0000
 26   0     0.9794     1.0000     0.0206     0.9633     0.9633     0.0000
 27   0     0.9794     1.0000     0.0206     0.9633     0.9633     0.0000
 28   0     6.0271     6.0000    -0.0271     4.1201     4.1201     0.0000
 29   0     0.9949     1.0000     0.0051     0.9671     0.9671     0.0000
 30   0     0.9949     1.0000     0.0051     0.9671     0.9671     0.0000
 31   0     5.9968     6.0000     0.0032     4.0171     4.0171     0.0000
 32   0     0.9802     1.0000     0.0198     0.9776     0.9776     0.0000
 33   0     0.9802     1.0000     0.0198     0.9776     0.9776     0.0000
 34   0     5.8252     6.0000     0.1748     2.6340     2.6339     0.0001
 35   0     0.9858     1.0000     0.0142     0.9737     0.9737     0.0000
 36   0     0.9868     1.0000     0.0132     0.9736     0.9736     0.0000
 37   0     6.2634     6.0000    -0.2634     3.9225     3.9225     0.0000
 38   0     5.9644     6.0000     0.0356     3.9949     3.9949     0.0000
 39   0     5.9584     6.0000     0.0416     4.0004     4.0004     0.0000
 40   0     5.9616     6.0000     0.0384     3.9998     3.9998     0.0000
 41   0     5.9586     6.0000     0.0414     4.0001     4.0001     0.0000
 42   0     5.9670     6.0000     0.0330     3.9940     3.9940     0.0000
 43   0     1.0193     1.0000    -0.0193     0.9698     0.9698     0.0000
 44   0     1.0204     1.0000    -0.0204     0.9697     0.9697     0.0000
 45   0     1.0331     1.0000    -0.0331     0.9841     0.9841     0.0000
 46   0     1.0324     1.0000    -0.0324     0.9840     0.9840     0.0000
 47   0     1.0203     1.0000    -0.0203     0.9696     0.9696     0.0000
      Bond orders larger than 0.1000000
           Atom A     A.N. of A          Atom B    A.N. of B              Bond order
                0             6               2            6                1.575563
                1             6               5            6                0.902508
                1             6              34            6                1.716078
                1             6              37            6               -0.179846
                2             6               3            6                1.263881
                2             6               7            6                1.237256
                3             6               4            6                1.460387
                3             6              10            6                1.083057
                4             6               5            6                1.354326
                4             6               8            1                0.925551
                5             6               6            6                1.362428
                5             6              34            6               -0.103563
                6             6               7            6                1.462376
                6             6              22            6                1.089702
                7             6               9            1                0.919583
               10             6              11            1                0.898833
               10             6              12            1                0.898772
               10             6              13            6                1.095481
               13             6              14            1                0.929357
               13             6              15            1                0.929423
               13             6              16            6                1.076541
               16             6              17            1                0.941375
               16             6              18            1                0.941376
               16             6              19            6                1.105446
               19             6              20            1                0.966321
               19             6              21            1                0.966315
               19             6              35            1                0.962149
               22             6              23            1                0.898966
               22             6              24            1                0.898990
               22             6              25            6                1.104046
               25             6              26            1                0.929629
               25             6              27            1                0.929604
               25             6              28            6                1.074497
               28             6              29            1                0.941192
               28             6              30            1                0.941192
               28             6              31            6                1.106539
               31             6              32            1                0.966222
               31             6              33            1                0.966227
               31             6              36            1                0.961397
               34             6              37            6                0.941221
               37             6              38            6                1.433474
               37             6              42            6                1.431021
               38             6              39            6                1.473725
               38             6              45            1                0.941383
               39             6              40            6                1.442141
               39             6              47            1                0.938511
               40             6              41            6                1.441743
               40             6              43            1                0.944014
               41             6              42            6                1.473768
               41             6              44            1                0.938511
               42             6              46            1                0.941687
# -----------------------------------------------------------
$ Calculation_Info
   description: Details of the calculation
   geom. index: 1
   prop. index: 1
     Multiplicity:                          2
     Charge:                                0
     number of atoms:                       48
     number of electrons:                   0
     number of frozen core electrons:       1
     number of correlated electrons:        0
     number of basis functions:             447
     number of aux C basis functions:       3053
     number of aux J basis functions:       3053
     number of aux JK basis functions:      3053
     number of aux CABS basis functions:    0
     Total Energy                           -890.742917
# -----------------------------------------------------------
$ SCF_Electric_Properties
   description: The SCF Calculated Electric Properties
   geom. index: 1
   prop. index: 1
       Filename                          : cc-pVDZ_i.scfp 
       Do Dipole Moment Calculation      : true 
       Do Quadrupole Moment Calculation  : false 
       Do Polarizability Calculation     : false 
** Dipole moment part of electric properties **
        Magnitude of dipole moment (Debye) :        7.1284063166
        Electronic Contribution:
                  0    
      0      13.624608
      1      -0.230432
      2       0.000837
        Nuclear Contribution:
                  0    
      0     -10.821518
      1       0.142334
      2      -0.000262
        Total Dipole moment:
                  0    
      0       2.803090
      1      -0.088098
      2       0.000575
# -----------------------------------------------------------
$ EPRNMR_GTensor
   description: Electronic g tensor
   geom. index: 1
   prop. index: 1
 Source density: 1 SCF 
 Spin multiplicity: 2 
 raw g tensor: 
                  0          1          2    
      0       2.012509  -0.000633  -0.000000
      1      -0.001174   2.002175  -0.000001
      2      -0.000002  -0.000000   2.003197
 g tensor: 
                  0          1          2    
      0       0.086549   0.000052   0.996248
      1       0.996247  -0.000810  -0.086549
      2       0.000803   1.000000  -0.000122
 G eigenvalues: 
                  0          1          2    
      0       2.002097   2.003197   2.012587
# -----------------------------------------------------------
$ EPRNMR_OrbitalShielding
   description: Orbital contribution to the NMR Shielding tensor (ppm)
   geom. index: 1
   prop. index: 1
 Number of stored nuclei 25
 Source density: 1 SCF 
 Nucleus: 8 H 
 Shielding tensor (ppm): 
                  0          1          2    
      0      28.968348   8.196747   0.033904
      1       5.615132  26.021004   0.020452
      2       0.021215   0.022523  18.756522
 P Tensor eigenvectors:
                   0          1          2    
      0      -0.002016   0.647069   0.762428
      1      -0.001171  -0.762431   0.647068
      2       0.999997   0.000412   0.002294
 P Eigenvalues: 
                  0          1          2    
      0      18.756445  20.441022  34.548408
P(iso)  24.581958
 Nucleus: 9 H 
 Shielding tensor (ppm): 
                  0          1          2    
      0       3.782395  38.433273   0.082117
      1       5.465439  19.723431  -0.001810
      2       0.007202  -0.001487  20.481554
 P Tensor eigenvectors:
                   0          1          2    
      0       0.990829   0.000221   0.135119
      1      -0.135119   0.002097   0.990827
      2      -0.000065  -0.999998   0.002108
 P Eigenvalues: 
                  0          1          2    
      0      -1.803723  20.481557  25.309546
P(iso)  14.662460
 Nucleus: 11 H 
 Shielding tensor (ppm): 
                  0          1          2    
      0      14.941614 -12.354027  -0.435326
      1       0.908240  29.361686  -1.323359
      2       5.863687  -0.312115  25.376714
 P Tensor eigenvectors:
                   0          1          2    
      0      -0.945999   0.236424   0.221789
      1      -0.169062   0.223947  -0.959826
      2       0.276595   0.945490   0.171883
 P Eigenvalues: 
                  0          1          2    
      0      12.977651  25.254414  31.447949
P(iso)  23.226671
 Nucleus: 12 H 
 Shielding tensor (ppm): 
                  0          1          2    
      0      14.914998 -12.372719   0.348083
      1       0.933080  29.340696   1.344047
      2      -5.849295   0.341321  25.348522
 P Tensor eigenvectors:
                   0          1          2    
      0      -0.945961  -0.236587   0.221774
      1      -0.167485  -0.229168  -0.958869
      2      -0.277680   0.944197  -0.177160
 P Eigenvalues: 
                  0          1          2    
      0      12.945066  25.218153  31.440996
P(iso)  23.201405
 Nucleus: 14 H 
 Shielding tensor (ppm): 
                  0          1          2    
      0      31.938774  -1.534105  -4.247309
      1       1.011781  31.314192   0.254529
      2      -3.445410   1.457040  28.235851
 P Tensor eigenvectors:
                   0          1          2    
      0       0.524888  -0.253533   0.812535
      1      -0.109551  -0.966791  -0.230897
      2       0.844092   0.032181  -0.535232
 P Eigenvalues: 
                  0          1          2    
      0      25.756454  31.232636  34.499726
P(iso)  30.496272
 Nucleus: 15 H 
 Shielding tensor (ppm): 
                  0          1          2    
      0      31.913125  -1.555223   4.257735
      1       0.994241  31.320822  -0.239665
      2       3.451096  -1.443740  28.257903
 P Tensor eigenvectors:
                   0          1          2    
      0      -0.527873  -0.253998   0.810454
      1       0.105367  -0.966448  -0.234258
      2       0.842762  -0.038264   0.536924
 P Eigenvalues: 
                  0          1          2    
      0      25.762715  31.229511  34.499623
P(iso)  30.497283
 Nucleus: 17 H 
 Shielding tensor (ppm): 
                  0          1          2    
      0      29.654618  -1.299650  -4.265463
      1       0.402810  30.098065  -0.276941
      2      -4.431959  -0.983765  28.568090
 P Tensor eigenvectors:
                   0          1          2    
      0       0.654903  -0.095806  -0.749616
      1       0.124195   0.992089  -0.018293
      2       0.745438  -0.081119   0.661620
 P Eigenvalues: 
                  0          1          2    
      0      24.622048  30.203035  33.495691
P(iso)  29.440258
 Nucleus: 18 H 
 Shielding tensor (ppm): 
                  0          1          2    
      0      29.627425  -1.322220   4.268663
      1       0.382316  30.093176   0.283780
      2       4.440039   0.993491  28.604975
 P Tensor eigenvectors:
                   0          1          2    
      0      -0.657410  -0.096741  -0.747297
      1      -0.127774   0.991675  -0.015972
      2       0.742621   0.084985  -0.664298
 P Eigenvalues: 
                  0          1          2    
      0      24.619369  30.204285  33.501922
P(iso)  29.441859
 Nucleus: 20 H 
 Shielding tensor (ppm): 
                  0          1          2    
      0      29.838021  -2.294345   3.979822
      1      -2.245297  30.515418  -2.329030
      2       3.198047  -2.006882  30.578254
 P Tensor eigenvectors:
                   0          1          2    
      0       0.769127  -0.270367   0.579091
      1       0.088420  -0.852379  -0.515395
      2      -0.632951  -0.447607   0.631681
 P Eigenvalues: 
                  0          1          2    
      0      26.579488  28.646676  35.705529
P(iso)  30.310564
 Nucleus: 21 H 
 Shielding tensor (ppm): 
                  0          1          2    
      0      29.867490  -2.282277  -3.991611
      1      -2.238423  30.496706   2.318195
      2      -3.213840   1.998278  30.569954
 P Tensor eigenvectors:
                   0          1          2    
      0      -0.766447   0.272502  -0.581637
      1      -0.085057   0.854508   0.512427
      2      -0.636651  -0.442221   0.631757
 P Eigenvalues: 
                  0          1          2    
      0      26.579834  28.648825  35.705490
P(iso)  30.311383
 Nucleus: 23 H 
 Shielding tensor (ppm): 
                  0          1          2    
      0      30.598032  -1.493004   3.258991
      1      -1.921088  31.167239  -0.285984
      2       4.459175   1.063228  25.832036
 P Tensor eigenvectors:
                   0          1          2    
      0      -0.490604   0.375566  -0.786294
      1      -0.145041   0.854568   0.498674
      2       0.859227   0.358696  -0.364782
 P Eigenvalues: 
                  0          1          2    
      0      23.498093  30.582763  33.516452
P(iso)  29.199103
 Nucleus: 24 H 
 Shielding tensor (ppm): 
                  0          1          2    
      0      30.611009  -1.483006  -3.272579
      1      -1.901385  31.173608   0.311043
      2      -4.465838  -1.034592  25.808869
 P Tensor eigenvectors:
                   0          1          2    
      0       0.489484   0.376415  -0.786586
      1       0.140495   0.856208   0.497160
      2       0.860620  -0.353863   0.366216
 P Eigenvalues: 
                  0          1          2    
      0      23.485216  30.581346  33.526924
P(iso)  29.197829
 Nucleus: 26 H 
 Shielding tensor (ppm): 
                  0          1          2    
      0      30.798474   3.354000   3.073946
      1       0.007993  30.390071   0.027352
      2       3.857197  -1.556493  28.002857
 P Tensor eigenvectors:
                   0          1          2    
      0      -0.563841  -0.146625  -0.812764
      1       0.267011   0.898899  -0.347398
      2       0.781530  -0.412894  -0.467686
 P Eigenvalues: 
                  0          1          2    
      0      25.182309  30.535917  33.473175
P(iso)  29.730467
 Nucleus: 27 H 
 Shielding tensor (ppm): 
                  0          1          2    
      0      30.811962   3.372058  -3.062092
      1       0.029355  30.381677  -0.014867
      2      -3.855497   1.569854  27.994160
 P Tensor eigenvectors:
                   0          1          2    
      0       0.562601  -0.147803  -0.813409
      1      -0.270633   0.896753  -0.350132
      2       0.781177   0.417120   0.464514
 P Eigenvalues: 
                  0          1          2    
      0      25.174061  30.532971  33.480766
P(iso)  29.729266
 Nucleus: 29 H 
 Shielding tensor (ppm): 
                  0          1          2    
      0      31.007737   0.377607   4.605485
      1      -0.322914  30.551205   0.455520
      2       4.215085   1.264546  28.175146
 P Tensor eigenvectors:
                   0          1          2    
      0      -0.581543  -0.189891  -0.791043
      1      -0.117374   0.981787  -0.149391
      2       0.805004   0.005971  -0.593239
 P Eigenvalues: 
                  0          1          2    
      0      24.877751  30.557468  34.298869
P(iso)  29.911363
 Nucleus: 30 H 
 Shielding tensor (ppm): 
                  0          1          2    
      0      31.027445   0.400242  -4.602916
      1      -0.302310  30.560602  -0.443214
      2      -4.212679  -1.250281  28.146208
 P Tensor eigenvectors:
                   0          1          2    
      0       0.579884  -0.189239  -0.792416
      1       0.113286   0.981929  -0.151596
      2       0.806784  -0.001862   0.590843
 P Eigenvalues: 
                  0          1          2    
      0      24.873407  30.559105  34.301743
P(iso)  29.911418
 Nucleus: 32 H 
 Shielding tensor (ppm): 
                  0          1          2    
      0      29.645432  -1.136359  -3.826716
      1      -2.618541  30.223301   2.254135
      2      -3.365343   1.985235  30.483390
 P Tensor eigenvectors:
                   0          1          2    
      0      -0.748618   0.315041  -0.583370
      1      -0.005916   0.876683   0.481032
      2      -0.662975  -0.363561   0.654437
 P Eigenvalues: 
                  0          1          2    
      0      26.444235  28.635805  35.272084
P(iso)  30.117375
 Nucleus: 33 H 
 Shielding tensor (ppm): 
                  0          1          2    
      0      29.625708  -1.152085   3.813703
      1      -2.630162  30.243793  -2.262776
      2       3.348490  -1.992193  30.482363
 P Tensor eigenvectors:
                   0          1          2    
      0      -0.750518   0.314056   0.581457
      1      -0.009409   0.874694  -0.484584
      2       0.660783   0.369159   0.653519
 P Eigenvalues: 
                  0          1          2    
      0      26.447610  28.632773  35.271481
P(iso)  30.117288
 Nucleus: 35 H 
 Shielding tensor (ppm): 
                  0          1          2    
      0      28.376228   1.659068   0.010795
      1       3.508609  35.852381   0.030933
      2       0.013994   0.029009  25.661233
 P Tensor eigenvectors:
                   0          1          2    
      0      -0.002332   0.950235   0.311526
      1      -0.002332  -0.311531   0.950233
      2       0.999995   0.001490   0.002942
 P Eigenvalues: 
                  0          1          2    
      0      25.661133  27.572027  36.656681
P(iso)  29.963281
 Nucleus: 36 H 
 Shielding tensor (ppm): 
                  0          1          2    
      0      28.566294   2.332329   0.008501
      1       3.121301  35.966705   0.031222
      2       0.012014   0.029994  25.558377
 P Tensor eigenvectors:
                   0          1          2    
      0      -0.000963  -0.948079  -0.318034
      1      -0.002690   0.318036  -0.948075
      2       0.999996  -0.000058  -0.002856
 P Eigenvalues: 
                  0          1          2    
      0      25.558285  27.670427  36.862664
P(iso)  30.030459
 Nucleus: 43 H 
 Shielding tensor (ppm): 
                  0          1          2    
      0      24.124239   0.103543   0.000976
      1       0.056527  27.133768   0.013448
      2       0.001048   0.012419  21.098267
 P Tensor eigenvectors:
                   0          1          2    
      0      -0.000276  -0.999659  -0.026108
      1      -0.002150   0.026108  -0.999657
      2       0.999998  -0.000220  -0.002156
 P Eigenvalues: 
                  0          1          2    
      0      21.098239  24.122113  27.135922
P(iso)  24.118758
 Nucleus: 44 H 
 Shielding tensor (ppm): 
                  0          1          2    
      0      27.199949  -1.491378  -0.002384
      1      -1.506901  24.501297   0.008363
      2      -0.000719   0.007902  20.727591
 P Tensor eigenvectors:
                   0          1          2    
      0      -0.000268   0.406686  -0.913568
      1      -0.002273   0.913565   0.406685
      2       0.999997   0.002186   0.000679
 P Eigenvalues: 
                  0          1          2    
      0      20.727573  23.833685  27.867579
P(iso)  24.142946
 Nucleus: 45 H 
 Shielding tensor (ppm): 
                  0          1          2    
      0      27.434073  -3.084691  -0.002384
      1      -2.559771  24.726951   0.009760
      2      -0.004788   0.010474  19.918655
 P Tensor eigenvectors:
                   0          1          2    
      0      -0.000438   0.536961  -0.843607
      1      -0.002329   0.843604   0.536961
      2       0.999997   0.002200   0.000881
 P Eigenvalues: 
                  0          1          2    
      0      19.918633  22.950651  29.210396
P(iso)  24.026560
 Nucleus: 46 H 
 Shielding tensor (ppm): 
                  0          1          2    
      0      28.473342   2.595840   0.005367
      1       1.826685  24.057288   0.011414
      2       0.005731   0.010846  19.625190
 P Tensor eigenvectors:
                   0          1          2    
      0       0.000025  -0.389776  -0.920910
      1      -0.002517   0.920907  -0.389775
      2       0.999997   0.002327  -0.000958
 P Eigenvalues: 
                  0          1          2    
      0      19.625162  23.140758  29.389899
P(iso)  24.051940
 Nucleus: 47 H 
 Shielding tensor (ppm): 
                  0          1          2    
      0      27.312786   1.175050   0.005146
      1       1.154553  24.362064   0.008095
      2       0.002952   0.008619  20.790422
 P Tensor eigenvectors:
                   0          1          2    
      0      -0.000238  -0.328160  -0.944622
      1      -0.002263   0.944620  -0.328159
      2       0.999997   0.002060  -0.000968
 P Eigenvalues: 
                  0          1          2    
      0      20.790402  23.957690  27.717179
P(iso)  24.155090
# -----------------------------------------------------------
$ EPRNMR_ATensor
   description: Hyperfine A tensor
   geom. index: 1
   prop. index: 1
 Number of stored nuclei 25
 Source density: 1 SCF 
 Spin multiplicity: 2 
 Nucleus: 8 H  
 Isotope: 1 
 Nuclear Spin:  0.5 
 Prefactor (MHz): 533.551395 
 Raw A tensor (MHz): 
                  0          1          2    
      0       6.417128  -1.212569  -0.002319
      1      -1.219225   4.613135   0.001483
      2      -0.002311   0.001488   3.928833
 A Tensor eigenvectors:
                   0          1          2    
      0      -0.000896   0.448972  -0.893546
      1      -0.003751   0.893538   0.448972
      2       0.999993   0.003753   0.000884
 A Eigenvalues: 
                  0          1          2    
      0       3.928829   4.001198   7.029069
A(iso)  4.986365
 Nucleus: 9 H  
 Isotope: 1 
 Nuclear Spin:  0.5 
 Prefactor (MHz): 533.551395 
 Raw A tensor (MHz): 
                  0          1          2    
      0      -0.693756   5.412520   0.014913
      1       5.338639   5.648635   0.049021
      2       0.014977   0.049016  -7.627966
 A Tensor eigenvectors:
                   0          1          2    
      0       0.867620   0.001053  -0.497226
      1      -0.497219  -0.004135  -0.867615
      2      -0.002969   0.999991  -0.003064
 A Eigenvalues: 
                  0          1          2    
      0      -3.763760  -7.628152   8.718825
A(iso)  -0.891029
 Nucleus: 11 H  
 Isotope: 1 
 Nuclear Spin:  0.5 
 Prefactor (MHz): 533.551395 
 Raw A tensor (MHz): 
                  0          1          2    
      0      -3.099126  -2.973299  -0.445500
      1      -2.945235   5.820898   3.649969
      2      -0.435692   3.651479  -1.877468
 A Tensor eigenvectors:
                   0          1          2    
      0       0.541832  -0.800933   0.254805
      1      -0.161307  -0.396623  -0.903698
      2       0.824863   0.448551  -0.344098
 A Eigenvalues: 
                  0          1          2    
      0      -2.883865  -4.312646   8.040815
A(iso)  0.281435
 Nucleus: 12 H  
 Isotope: 1 
 Nuclear Spin:  0.5 
 Prefactor (MHz): 533.551395 
 Raw A tensor (MHz): 
                  0          1          2    
      0      -3.136788  -2.980237   0.422357
      1      -2.952104   5.858131  -3.611922
      2       0.412742  -3.613426  -1.968537
 A Tensor eigenvectors:
                   0          1          2    
      0      -0.545573  -0.798529   0.254365
      1       0.154162  -0.393960  -0.906107
      2       0.823762  -0.455134   0.338037
 A Eigenvalues: 
                  0          1          2    
      0      -2.924189  -4.357015   8.034010
A(iso)  0.250935
 Nucleus: 14 H  
 Isotope: 1 
 Nuclear Spin:  0.5 
 Prefactor (MHz): 533.551395 
 Raw A tensor (MHz): 
                  0          1          2    
      0       0.360168  -1.028857  -0.282485
      1      -1.022902   1.136395   0.410137
      2      -0.281146   0.410414  -0.267262
 A Tensor eigenvectors:
                   0          1          2    
      0       0.828656  -0.072772  -0.555007
      1       0.556462   0.214535   0.802699
      2       0.060655  -0.974001   0.218271
 A Eigenvalues: 
                  0          1          2    
      0      -0.348514  -0.378713   1.956528
A(iso)  0.409767
 Nucleus: 15 H  
 Isotope: 1 
 Nuclear Spin:  0.5 
 Prefactor (MHz): 533.551395 
 Raw A tensor (MHz): 
                  0          1          2    
      0       0.351201  -1.030257   0.278491
      1      -1.024293   1.133069  -0.405424
      2       0.277142  -0.405701  -0.278222
 A Tensor eigenvectors:
                   0          1          2    
      0       0.829319  -0.068274   0.554589
      1       0.555125   0.213930  -0.803785
      2      -0.063765   0.974460   0.215317
 A Eigenvalues: 
                  0          1          2    
      0      -0.356951  -0.386749   1.949747
A(iso)  0.402016
 Nucleus: 17 H  
 Isotope: 1 
 Nuclear Spin:  0.5 
 Prefactor (MHz): 533.551395 
 Raw A tensor (MHz): 
                  0          1          2    
      0      -0.605416  -0.130069   0.012620
      1      -0.126425   1.136965  -0.343205
      2       0.011779  -0.343340  -0.584999
 A Tensor eigenvectors:
                   0          1          2    
      0       0.955154   0.287372   0.071406
      1       0.012963   0.200335  -0.979642
      2      -0.295827   0.936634   0.187626
 A Eigenvalues: 
                  0          1          2    
      0      -0.610773  -0.654599   1.211922
A(iso)  -0.017817
 Nucleus: 18 H  
 Isotope: 1 
 Nuclear Spin:  0.5 
 Prefactor (MHz): 533.551395 
 Raw A tensor (MHz): 
                  0          1          2    
      0      -0.604908  -0.130923  -0.013470
      1      -0.127278   1.131991   0.352578
      2      -0.012624   0.352715  -0.580761
 A Tensor eigenvectors:
                   0          1          2    
      0       0.954759   0.288539  -0.071974
      1       0.011581   0.205766   0.978533
      2       0.297155  -0.935097   0.193116
 A Eigenvalues: 
                  0          1          2    
      0      -0.610374  -0.654249   1.210946
A(iso)  -0.017893
 Nucleus: 20 H  
 Isotope: 1 
 Nuclear Spin:  0.5 
 Prefactor (MHz): 533.551395 
 Raw A tensor (MHz): 
                  0          1          2    
      0      -0.150994  -0.235559   0.033432
      1      -0.233620   0.383411  -0.090204
      2       0.033012  -0.090222  -0.230581
 A Tensor eigenvectors:
                   0          1          2    
      0       0.932731   0.085857   0.350202
      1       0.332153   0.173351  -0.927159
      2      -0.140311   0.981111   0.133173
 A Eigenvalues: 
                  0          1          2    
      0      -0.239246  -0.243615   0.484697
A(iso)  0.000612
 Nucleus: 21 H  
 Isotope: 1 
 Nuclear Spin:  0.5 
 Prefactor (MHz): 533.551395 
 Raw A tensor (MHz): 
                  0          1          2    
      0      -0.150731  -0.235615  -0.034457
      1      -0.233676   0.382366   0.092681
      2      -0.034039   0.092700  -0.229787
 A Tensor eigenvectors:
                   0          1          2    
      0       0.933013   0.080875  -0.350636
      1       0.332938   0.175675   0.926440
      2       0.136524  -0.981121   0.136980
 A Eigenvalues: 
                  0          1          2    
      0      -0.239189  -0.243562   0.484600
A(iso)  0.000616
 Nucleus: 23 H  
 Isotope: 1 
 Nuclear Spin:  0.5 
 Prefactor (MHz): 533.551395 
 Raw A tensor (MHz): 
                  0          1          2    
      0       0.993720   0.684889   0.352284
      1       0.683295   0.002651   0.114726
      2       0.352508   0.114809  -0.115819
 A Tensor eigenvectors:
                   0          1          2    
      0       0.048376   0.490692  -0.869989
      1       0.389941  -0.811169  -0.435833
      2      -0.919568  -0.318160  -0.230582
 A Eigenvalues: 
                  0          1          2    
      0      -0.183058  -0.366089   1.429700
A(iso)  0.293517
 Nucleus: 24 H  
 Isotope: 1 
 Nuclear Spin:  0.5 
 Prefactor (MHz): 533.551395 
 Raw A tensor (MHz): 
                  0          1          2    
      0       0.999047   0.686541  -0.347167
      1       0.684952   0.007937  -0.113023
      2      -0.347387  -0.113102  -0.113460
 A Tensor eigenvectors:
                   0          1          2    
      0       0.047187   0.490117   0.870379
      1       0.385173  -0.812891   0.436863
      2       0.921637   0.314632  -0.227138
 A Eigenvalues: 
                  0          1          2    
      0      -0.178523  -0.361691   1.433739
A(iso)  0.297842
 Nucleus: 26 H  
 Isotope: 1 
 Nuclear Spin:  0.5 
 Prefactor (MHz): 533.551395 
 Raw A tensor (MHz): 
                  0          1          2    
      0      -0.093006   1.021570  -0.248969
      1       1.014076   0.735117  -0.413426
      2      -0.247074  -0.413805  -0.777170
 A Tensor eigenvectors:
                   0          1          2    
      0       0.835126  -0.074152  -0.545037
      1      -0.504790   0.290323  -0.812957
      2       0.218519   0.954051   0.205025
 A Eigenvalues: 
                  0          1          2    
      0      -0.772087  -0.883801   1.520830
A(iso)  -0.045020
 Nucleus: 27 H  
 Isotope: 1 
 Nuclear Spin:  0.5 
 Prefactor (MHz): 533.551395 
 Raw A tensor (MHz): 
                  0          1          2    
      0      -0.094518   1.019878   0.254785
      1       1.012386   0.730677   0.422217
      2       0.252870   0.422600  -0.773336
 A Tensor eigenvectors:
                   0          1          2    
      0       0.835439  -0.073151   0.544693
      1      -0.503573   0.295078   0.811999
      2      -0.220126  -0.952669   0.209683
 A Eigenvalues: 
                  0          1          2    
      0      -0.772847  -0.884724   1.520394
A(iso)  -0.045726
 Nucleus: 29 H  
 Isotope: 1 
 Nuclear Spin:  0.5 
 Prefactor (MHz): 533.551395 
 Raw A tensor (MHz): 
                  0          1          2    
      0       0.104772   0.354515   0.068292
      1       0.352727   0.141004   0.073271
      2       0.068444   0.073320  -0.214809
 A Tensor eigenvectors:
                   0          1          2    
      0       0.413699   0.603171  -0.681937
      1      -0.220352  -0.660432  -0.717827
      2      -0.883345   0.447230  -0.140310
 A Eigenvalues: 
                  0          1          2    
      0      -0.228744  -0.231491   0.491201
A(iso)  0.010322
 Nucleus: 30 H  
 Isotope: 1 
 Nuclear Spin:  0.5 
 Prefactor (MHz): 533.551395 
 Raw A tensor (MHz): 
                  0          1          2    
      0       0.105315   0.354929  -0.066057
      1       0.353142   0.141935  -0.070944
      2      -0.066205  -0.070992  -0.215418
 A Tensor eigenvectors:
                   0          1          2    
      0       0.410149   0.605289   0.682205
      1      -0.222377  -0.659068   0.718456
      2       0.884492  -0.446380  -0.135713
 A Eigenvalues: 
                  0          1          2    
      0      -0.228437  -0.231175   0.491445
A(iso)  0.010611
 Nucleus: 32 H  
 Isotope: 1 
 Nuclear Spin:  0.5 
 Prefactor (MHz): 533.551395 
 Raw A tensor (MHz): 
                  0          1          2    
      0      -0.126356   0.250019   0.035447
      1       0.248350   0.351590   0.085798
      2       0.035493   0.085846  -0.222591
 A Tensor eigenvectors:
                   0          1          2    
      0       0.879463  -0.273647   0.389438
      1      -0.325175   0.252049   0.911445
      2      -0.347572  -0.928218   0.132685
 A Eigenvalues: 
                  0          1          2    
      0      -0.232253  -0.235419   0.470315
A(iso)  0.000881
 Nucleus: 33 H  
 Isotope: 1 
 Nuclear Spin:  0.5 
 Prefactor (MHz): 533.551395 
 Raw A tensor (MHz): 
                  0          1          2    
      0      -0.126165   0.250279  -0.034135
      1       0.248610   0.352172  -0.082700
      2      -0.034179  -0.082747  -0.223422
 A Tensor eigenvectors:
                   0          1          2    
      0       0.879213  -0.274012  -0.389746
      1      -0.327189   0.247371  -0.912006
      2       0.346313   0.929368   0.127838
 A Eigenvalues: 
                  0          1          2    
      0      -0.232190  -0.235353   0.470129
A(iso)  0.000862
 Nucleus: 35 H  
 Isotope: 1 
 Nuclear Spin:  0.5 
 Prefactor (MHz): 533.551395 
 Raw A tensor (MHz): 
                  0          1          2    
      0      -0.202864  -0.096030  -0.000238
      1      -0.094654   0.381650   0.001503
      2      -0.000239   0.001504  -0.222215
 A Tensor eigenvectors:
                   0          1          2    
      0       0.987428   0.000201  -0.158068
      1       0.158067   0.002521   0.987425
      2       0.000597  -0.999997   0.002458
 A Eigenvalues: 
                  0          1          2    
      0      -0.218022  -0.222219   0.396812
A(iso)  -0.014477
 Nucleus: 36 H  
 Isotope: 1 
 Nuclear Spin:  0.5 
 Prefactor (MHz): 533.551395 
 Raw A tensor (MHz): 
                  0          1          2    
      0      -0.044447   0.184976   0.000535
      1       0.183844   0.180178   0.000951
      2       0.000536   0.000951  -0.148212
 A Tensor eigenvectors:
                   0          1          2    
      0       0.871492  -0.001106   0.490408
      1      -0.490402   0.003516   0.871489
      2      -0.002688  -0.999993   0.002522
 A Eigenvalues: 
                  0          1          2    
      0      -0.148053  -0.148214   0.283788
A(iso)  -0.004160
 Nucleus: 43 H  
 Isotope: 1 
 Nuclear Spin:  0.5 
 Prefactor (MHz): 533.551395 
 Raw A tensor (MHz): 
                  0          1          2    
      0       0.184585   0.009692   0.000013
      1       0.009669   0.368595   0.000332
      2       0.000013   0.000332   0.217794
 A Tensor eigenvectors:
                   0          1          2    
      0       0.998623   0.000243   0.052452
      1      -0.052452   0.002189   0.998621
      2       0.000128  -0.999998   0.002199
 A Eigenvalues: 
                  0          1          2    
      0       0.184077   0.217794   0.369104
A(iso)  0.256991
 Nucleus: 44 H  
 Isotope: 1 
 Nuclear Spin:  0.5 
 Prefactor (MHz): 533.551395 
 Raw A tensor (MHz): 
                  0          1          2    
      0      -0.013437   0.061958   0.000160
      1       0.061949  -0.146476  -0.000035
      2       0.000160  -0.000035  -0.122260
 A Tensor eigenvectors:
                   0          1          2    
      0       0.930524   0.000264  -0.366230
      1       0.366228   0.002121   0.930523
      2       0.001022  -0.999998   0.001877
 A Eigenvalues: 
                  0          1          2    
      0       0.010946  -0.122260  -0.170858
A(iso)  -0.094057
 Nucleus: 45 H  
