-------------------------------------------------------------
----------------------- !PROPERTIES! ------------------------
-------------------------------------------------------------
# -----------------------------------------------------------
$ PAL_Flags
   description: The PAL Flags
   geom. index: 1
   prop. index: 1
        Diskflag:     2
# -----------------------------------------------------------
$ SCF_Energy
   description: The SCF energy
   geom. index: 1
   prop. index: 1
        SCF Energy:     -890.6976026324
# -----------------------------------------------------------
$ DFT_Energy
   description: The DFT energy
   geom. index: 1
   prop. index: 1
   Number of Alpha Electrons                 83.0002004894 
   Number of Beta  Electrons                 80.0001971351 
   Total number of  Electrons               163.0003976245 
   Exchange energy                         -101.5613258098 
   Correlation energy                        -6.3003743762 
   Correlation energy NL                      0.0000000000 
   Exchange-Correlation energy             -107.8617001860 
   Embedding correction                       0.0000000000 
   Total DFT Energy (No VdW correction)    -890.6976026324 
# -----------------------------------------------------------
$ Mayer_Pop
   description: The Mayer population analysis
   geom. index: 1
   prop. index: 1
     Number of atoms                     : 48
     Threshold for printing              : 0.1000000
     Number of bond orders printed       : 50
  NA   - Mulliken gross atomic population
  ZA   - Total nuclear charge
  QA   - Mulliken gross atomic charge
  VA   - Mayer's total valence
  BVA  - Mayer's bonded valence
  FA   - Mayer's free valence
  ATOM       NA         ZA         QA         VA         BVA        FA
  0   0     6.1975     6.0000    -0.1975     3.6584     1.5758     2.0826
  1   0     5.7461     6.0000     0.2539     2.5695     2.5655     0.0040
  2   0     5.8818     6.0000     0.1182     3.9482     3.9046     0.0436
  3   0     6.0489     6.0000    -0.0489     4.1026     4.0687     0.0339
  4   0     5.9931     6.0000     0.0069     3.9002     3.8908     0.0094
  5   0     6.1734     6.0000    -0.1734     3.8329     3.7943     0.0386
  6   0     6.0723     6.0000    -0.0723     4.1542     4.1449     0.0093
  7   0     5.9660     6.0000     0.0340     3.8911     3.8559     0.0352
  8   0     1.0544     1.0000    -0.0544     1.0032     1.0031     0.0001
  9   0     1.0491     1.0000    -0.0491     1.0015     1.0014     0.0001
 10   0     5.9525     6.0000     0.0475     4.0184     4.0181     0.0003
 11   0     0.9706     1.0000     0.0294     0.9697     0.9696     0.0001
 12   0     0.9706     1.0000     0.0294     0.9697     0.9696     0.0001
 13   0     6.0370     6.0000    -0.0370     4.1171     4.1171     0.0000
 14   0     0.9831     1.0000     0.0169     0.9632     0.9632     0.0000
 15   0     0.9831     1.0000     0.0169     0.9632     0.9632     0.0000
 16   0     6.0251     6.0000    -0.0251     4.1172     4.1172     0.0000
 17   0     0.9935     1.0000     0.0065     0.9673     0.9673     0.0000
 18   0     0.9935     1.0000     0.0065     0.9673     0.9673     0.0000
 19   0     5.9982     6.0000     0.0018     4.0177     4.0177     0.0000
 20   0     0.9828     1.0000     0.0172     0.9774     0.9774     0.0000
 21   0     0.9828     1.0000     0.0172     0.9774     0.9774     0.0000
 22   0     5.9612     6.0000     0.0388     4.0295     4.0294     0.0001
 23   0     0.9681     1.0000     0.0319     0.9693     0.9693     0.0000
 24   0     0.9681     1.0000     0.0319     0.9693     0.9693     0.0000
 25   0     6.0340     6.0000    -0.0340     4.1135     4.1135     0.0000
 26   0     0.9837     1.0000     0.0163     0.9633     0.9633     0.0000
 27   0     0.9837     1.0000     0.0163     0.9633     0.9633     0.0000
 28   0     6.0258     6.0000    -0.0258     4.1186     4.1186     0.0000
 29   0     0.9945     1.0000     0.0055     0.9674     0.9674     0.0000
 30   0     0.9945     1.0000     0.0055     0.9674     0.9674     0.0000
 31   0     5.9968     6.0000     0.0032     4.0168     4.0168     0.0000
 32   0     0.9826     1.0000     0.0174     0.9774     0.9774     0.0000
 33   0     0.9826     1.0000     0.0174     0.9773     0.9773     0.0000
 34   0     5.8523     6.0000     0.1477     2.6601     2.6477     0.0124
 35   0     0.9868     1.0000     0.0132     0.9736     0.9736     0.0000
 36   0     0.9873     1.0000     0.0127     0.9735     0.9735     0.0000
 37   0     6.2501     6.0000    -0.2501     3.9281     3.9275     0.0006
 38   0     5.9700     6.0000     0.0300     3.9948     3.9937     0.0011
 39   0     5.9598     6.0000     0.0402     3.9994     3.9991     0.0003
 40   0     5.9690     6.0000     0.0310     3.9990     3.9977     0.0013
 41   0     5.9600     6.0000     0.0400     3.9991     3.9988     0.0003
 42   0     5.9728     6.0000     0.0272     3.9941     3.9930     0.0011
 43   0     1.0269     1.0000    -0.0269     0.9690     0.9690     0.0000
 44   0     1.0270     1.0000    -0.0270     0.9686     0.9686     0.0000
 45   0     1.0404     1.0000    -0.0404     0.9836     0.9836     0.0000
 46   0     1.0396     1.0000    -0.0396     0.9833     0.9833     0.0000
 47   0     1.0270     1.0000    -0.0270     0.9685     0.9685     0.0000
      Bond orders larger than 0.1000000
           Atom A     A.N. of A          Atom B    A.N. of B              Bond order
                0             6               2            6                1.283590
                1             6               5            6                0.921057
                1             6              34            6                1.742489
                1             6              37            6               -0.171172
                2             6               3            6                1.259480
                2             6               7            6                1.237177
                3             6               4            6                1.481772
                3             6              10            6                1.076918
                4             6               5            6                1.343842
                4             6               8            1                0.922658
                5             6               6            6                1.354940
                6             6               7            6                1.490492
                6             6              22            6                1.090569
                7             6               9            1                0.918243
               10             6              11            1                0.901004
               10             6              12            1                0.900991
               10             6              13            6                1.103379
               13             6              14            1                0.929539
               13             6              15            1                0.929563
               13             6              16            6                1.074858
               16             6              17            1                0.941294
               16             6              18            1                0.941295
               16             6              19            6                1.105939
               19             6              20            1                0.966329
               19             6              21            1                0.966325
               19             6              35            1                0.961949
               22             6              23            1                0.897903
               22             6              24            1                0.897924
               22             6              25            6                1.104102
               25             6              26            1                0.929261
               25             6              27            1                0.929251
               25             6              28            6                1.075141
               28             6              29            1                0.941144
               28             6              30            1                0.941144
               28             6              31            6                1.106184
               31             6              32            1                0.966228
               31             6              33            1                0.966232
               31             6              36            1                0.961674
               34             6              37            6                0.935529
               37             6              38            6                1.437023
               37             6              42            6                1.434682
               38             6              39            6                1.472231
               38             6              45            1                0.940048
               39             6              40            6                1.442974
               39             6              47            1                0.937841
               40             6              41            6                1.442390
               40             6              43            1                0.943236
               41             6              42            6                1.472387
               41             6              44            1                0.937851
               42             6              46            1                0.940449
# -----------------------------------------------------------
$ Calculation_Info
   description: Details of the calculation
   geom. index: 1
   prop. index: 1
     Multiplicity:                          4
     Charge:                                0
     number of atoms:                       48
     number of electrons:                   0
     number of frozen core electrons:       1
     number of correlated electrons:        0
     number of basis functions:             447
     number of aux C basis functions:       3053
     number of aux J basis functions:       3053
     number of aux JK basis functions:      3053
     number of aux CABS basis functions:    0
     Total Energy                           -890.697603
# -----------------------------------------------------------
$ SCF_Electric_Properties
   description: The SCF Calculated Electric Properties
   geom. index: 1
   prop. index: 1
       Filename                          : cc-pVDZ_i.scfp 
       Do Dipole Moment Calculation      : true 
       Do Quadrupole Moment Calculation  : false 
       Do Polarizability Calculation     : false 
** Dipole moment part of electric properties **
        Magnitude of dipole moment (Debye) :        1.1114491848
        Electronic Contribution:
                  0    
      0      11.085802
      1      -0.253376
      2      -0.000834
        Nuclear Contribution:
                  0    
      0     -10.650616
      1       0.210747
      2       0.000901
        Total Dipole moment:
                  0    
      0       0.435186
      1      -0.042629
      2       0.000067
# -----------------------------------------------------------
$ EPRNMR_GTensor
   description: Electronic g tensor
   geom. index: 1
   prop. index: 1
 Source density: 1 SCF 
 Spin multiplicity: 4 
 raw g tensor: 
                  0          1          2    
      0       2.002217  -0.000011  -0.000000
      1      -0.000007   2.002153  -0.000000
      2      -0.000000  -0.000000   2.002260
 g tensor: 
                  0          1          2    
      0       0.135633   0.990759   0.000952
      1       0.990755  -0.135635   0.002740
      2       0.002844   0.000571  -0.999996
 G eigenvalues: 
                  0          1          2    
      0       2.002152   2.002219   2.002260
# -----------------------------------------------------------
$ EPRNMR_OrbitalShielding
   description: Orbital contribution to the NMR Shielding tensor (ppm)
   geom. index: 1
   prop. index: 1
 Number of stored nuclei 25
 Source density: 1 SCF 
 Nucleus: 8 H 
 Shielding tensor (ppm): 
                  0          1          2    
      0      28.167360   5.471143   0.019539
      1       5.549867  25.822000   0.020355
      2       0.020886   0.019799  19.057088
 P Tensor eigenvectors:
                   0          1          2    
      0      -0.000822  -0.628662  -0.777678
      1      -0.002295   0.777678  -0.628659
      2       0.999997   0.001268  -0.002082
 P Eigenvalues: 
                  0          1          2    
      0      19.057025  21.360788  32.628635
P(iso)  24.348816
 Nucleus: 9 H 
 Shielding tensor (ppm): 
                  0          1          2    
      0      27.654173   4.420957   0.016717
      1       4.633662  26.779676   0.021717
      2       0.017958   0.021568  19.653442
 P Tensor eigenvectors:
                   0          1          2    
      0      -0.000693  -0.670815  -0.741625
      1      -0.002593   0.741623  -0.670811
      2       0.999996   0.001458  -0.002253
 P Eigenvalues: 
                  0          1          2    
      0      19.653374  22.668591  31.765327
P(iso)  24.695764
 Nucleus: 11 H 
 Shielding tensor (ppm): 
                  0          1          2    
      0      28.650818  -0.845964   3.677554
      1      -0.320234  30.969775  -0.385398
      2       4.746212   0.816807  26.813535
 P Tensor eigenvectors:
                   0          1          2    
      0      -0.620613   0.172923  -0.764812
      1      -0.058461   0.962461   0.265050
      2       0.781935   0.209205  -0.587207
 P Eigenvalues: 
                  0          1          2    
      0      23.385481  30.916042  32.132606
P(iso)  28.811376
 Nucleus: 12 H 
 Shielding tensor (ppm): 
                  0          1          2    
      0      28.667306  -0.829031  -3.679447
      1      -0.298584  30.972809   0.404879
      2      -4.744377  -0.796444  26.792101
 P Tensor eigenvectors:
                   0          1          2    
      0       0.618985   0.174566  -0.765757
      1       0.054672   0.963045   0.263734
      2       0.783497  -0.205113   0.586567
 P Eigenvalues: 
                  0          1          2    
      0      23.382805  30.916064  32.133346
P(iso)  28.810739
 Nucleus: 14 H 
 Shielding tensor (ppm): 
                  0          1          2    
      0      30.168121   0.975808  -3.680483
      1       0.863572  31.263171   0.265977
      2      -3.509349   1.463377  27.990175
 P Tensor eigenvectors:
                   0          1          2    
      0       0.590346   0.013043   0.807045
      1      -0.188134  -0.970106   0.153296
      2       0.784919  -0.242330  -0.570244
 P Eigenvalues: 
                  0          1          2    
      0      25.073813  31.476779  32.870874
P(iso)  29.807155
 Nucleus: 15 H 
 Shielding tensor (ppm): 
                  0          1          2    
      0      30.150358   0.958807   3.688158
      1       0.845095  31.271324  -0.248911
      2       3.516743  -1.447533  28.001917
 P Tensor eigenvectors:
                   0          1          2    
      0      -0.592262   0.010878   0.805672
      1       0.184414  -0.971537   0.148683
      2       0.784358   0.236636   0.573399
 P Eigenvalues: 
                  0          1          2    
      0      25.077310  31.477611  32.868678
P(iso)  29.807866
 Nucleus: 17 H 
 Shielding tensor (ppm): 
                  0          1          2    
      0      30.767954   0.170185  -4.589702
      1       0.237850  30.505073  -0.417333
      2      -4.368753  -1.075422  28.520496
 P Tensor eigenvectors:
                   0          1          2    
      0       0.610097  -0.176544  -0.772408
      1       0.079218   0.983567  -0.162236
      2       0.788357   0.037791   0.614056
 P Eigenvalues: 
                  0          1          2    
      0      24.987206  30.443863  34.362454
P(iso)  29.931174
 Nucleus: 18 H 
 Shielding tensor (ppm): 
                  0          1          2    
      0      30.745077   0.146605   4.595423
      1       0.216480  30.497314   0.427162
      2       4.375356   1.085780  28.550992
 P Tensor eigenvectors:
                   0          1          2    
      0      -0.612110  -0.176570  -0.770808
      1      -0.082933   0.983711  -0.159482
      2       0.786412  -0.033695  -0.616783
 P Eigenvalues: 
                  0          1          2    
      0      24.987945  30.442987  34.362451
P(iso)  29.931128
 Nucleus: 20 H 
 Shielding tensor (ppm): 
                  0          1          2    
      0      29.889044  -1.508454   3.850986
      1      -2.340633  30.533854  -2.307835
      2       3.235471  -1.979682  30.552889
 P Tensor eigenvectors:
                   0          1          2    
      0      -0.740865   0.337331   0.580798
      1       0.003332   0.866564  -0.499055
      2       0.671645   0.367797   0.643131
 P Eigenvalues: 
                  0          1          2    
      0      26.662212  28.850590  35.462986
P(iso)  30.325263
 Nucleus: 21 H 
 Shielding tensor (ppm): 
                  0          1          2    
      0      29.909829  -1.494508  -3.861564
      1      -2.330959  30.513952   2.300222
      2      -3.249495   1.973931  30.552473
 P Tensor eigenvectors:
                   0          1          2    
      0      -0.738863   0.338384  -0.582733
      1       0.006633   0.868385   0.495847
      2      -0.673823  -0.362497   0.643862
 P Eigenvalues: 
                  0          1          2    
      0      26.660953  28.852553  35.462748
P(iso)  30.325418
 Nucleus: 23 H 
 Shielding tensor (ppm): 
                  0          1          2    
      0      28.943222  -1.819629   3.261909
      1      -1.395618  31.220224  -0.109839
      2       4.405938   0.980786  25.938115
 P Tensor eigenvectors:
                   0          1          2    
      0      -0.565096   0.499731  -0.656457
      1      -0.146449   0.722286   0.675911
      2       0.811923   0.478092  -0.334975
 P Eigenvalues: 
                  0          1          2    
      0      23.123266  30.416441  32.561853
P(iso)  28.700520
 Nucleus: 24 H 
 Shielding tensor (ppm): 
                  0          1          2    
      0      28.956621  -1.804188  -3.268657
      1      -1.374482  31.224018   0.133342
      2      -4.412616  -0.954352  25.917303
 P Tensor eigenvectors:
                   0          1          2    
      0       0.563673   0.500155  -0.657357
      1       0.142292   0.725139   0.673741
      2       0.813650  -0.473306   0.337573
 P Eigenvalues: 
                  0          1          2    
      0      23.117540  30.415310  32.565092
P(iso)  28.699314
 Nucleus: 26 H 
 Shielding tensor (ppm): 
                  0          1          2    
      0      30.137163   0.443626   3.807663
      1       0.478361  31.318709  -0.255497
      2       3.792711  -1.475075  28.072979
 P Tensor eigenvectors:
                   0          1          2    
      0      -0.598369  -0.170207   0.782933
      1       0.143475  -0.984143  -0.104296
      2       0.788270   0.049923   0.613301
 P Eigenvalues: 
                  0          1          2    
      0      25.019072  31.451273  33.058506
P(iso)  29.842950
 Nucleus: 27 H 
 Shielding tensor (ppm): 
                  0          1          2    
      0      30.151405   0.462460  -3.802677
      1       0.498979  31.309764   0.272489
      2      -3.788385   1.491753  28.067101
 P Tensor eigenvectors:
                   0          1          2    
      0       0.596925  -0.169171   0.784259
      1      -0.147557  -0.983991  -0.099945
      2       0.788611  -0.056063  -0.612331
 P Eigenvalues: 
                  0          1          2    
      0      25.016972  31.451795  33.059503
P(iso)  29.842757
 Nucleus: 29 H 
 Shielding tensor (ppm): 
                  0          1          2    
      0      30.649437  -0.278369   4.494091
      1      -0.144140  30.729568   0.497437
      2       4.213433   1.246179  28.220137
 P Tensor eigenvectors:
                   0          1          2    
      0      -0.596803  -0.170791  -0.784000
      1      -0.131655   0.984685  -0.114290
      2       0.791513   0.035009  -0.610149
 P Eigenvalues: 
                  0          1          2    
      0      24.800754  30.803254  33.995134
P(iso)  29.866380
 Nucleus: 30 H 
 Shielding tensor (ppm): 
                  0          1          2    
      0      30.668377  -0.254305  -4.491381
      1      -0.122331  30.739270  -0.484810
      2      -4.211392  -1.231431  28.191266
 P Tensor eigenvectors:
                   0          1          2    
      0       0.595105  -0.170227  -0.785413
      1       0.127501   0.984930  -0.116862
      2       0.793469  -0.030596   0.607841
 P Eigenvalues: 
                  0          1          2    
      0      24.798322  30.804370  33.996221
P(iso)  29.866304
 Nucleus: 32 H 
 Shielding tensor (ppm): 
                  0          1          2    
      0      29.883072  -1.773322  -3.905442
      1      -2.574271  30.526897   2.302150
      2      -3.334556   1.980481  30.527276
 P Tensor eigenvectors:
                   0          1          2    
      0      -0.755645   0.290124  -0.587221
      1      -0.062851   0.860290   0.505915
      2      -0.651959  -0.419200   0.631839
 P Eigenvalues: 
                  0          1          2    
      0      26.561659  28.723720  35.651867
P(iso)  30.312415
 Nucleus: 33 H 
 Shielding tensor (ppm): 
                  0          1          2    
      0      29.864968  -1.789504   3.893393
      1      -2.586347  30.548305  -2.308955
      2       3.318013  -1.985463  30.523243
 P Tensor eigenvectors:
                   0          1          2    
      0      -0.757346   0.288951   0.585606
      1      -0.066415   0.858041  -0.509268
      2       0.649628   0.424585   0.630643
 P Eigenvalues: 
                  0          1          2    
      0      26.563005  28.722041  35.651470
P(iso)  30.312172
 Nucleus: 35 H 
 Shielding tensor (ppm): 
                  0          1          2    
      0      28.638146   2.126641   0.009164
      1       3.370819  36.036888   0.030028
      2       0.012569   0.028439  25.672422
 P Tensor eigenvectors:
                   0          1          2    
      0      -0.001388   0.946324   0.323218
      1      -0.002451  -0.323221   0.946320
      2       0.999996   0.000522   0.002768
 P Eigenvalues: 
                  0          1          2    
      0      25.672335  27.729589  36.945531
P(iso)  30.115818
 Nucleus: 36 H 
 Shielding tensor (ppm): 
                  0          1          2    
      0      28.593822   1.906354   0.008375
      1       3.173437  36.122897   0.031528
      2       0.011788   0.030450  25.575700
 P Tensor eigenvectors:
                   0          1          2    
      0      -0.001087  -0.953378  -0.301776
      1      -0.002674   0.301778  -0.953374
      2       0.999996  -0.000230  -0.002877
 P Eigenvalues: 
                  0          1          2    
      0      25.575606  27.817995  36.898818
P(iso)  30.097473
 Nucleus: 43 H 
 Shielding tensor (ppm): 
                  0          1          2    
      0      24.293334   0.067536   0.000289
      1       0.060259  27.215825   0.008136
      2       0.000813   0.008159  20.937263
 P Tensor eigenvectors:
                   0          1          2    
      0      -0.000134  -0.999763  -0.021778
      1      -0.001296   0.021778  -0.999762
      2       0.999999  -0.000105  -0.001299
 P Eigenvalues: 
                  0          1          2    
      0      20.937252  24.291938  27.217232
P(iso)  24.148807
 Nucleus: 44 H 
 Shielding tensor (ppm): 
                  0          1          2    
      0      27.152168  -1.502150  -0.000830
      1      -1.469420  24.563193   0.004688
      2      -0.000902   0.004747  20.774550
 P Tensor eigenvectors:
                   0          1          2    
      0      -0.000171   0.414474  -0.910061
      1      -0.001311   0.910060   0.414474
      2       0.999999   0.001264   0.000388
 P Eigenvalues: 
                  0          1          2    
      0      20.774544  23.887088  27.828279
P(iso)  24.163304
 Nucleus: 45 H 
 Shielding tensor (ppm): 
                  0          1          2    
      0      27.266807  -3.196731  -0.001429
      1      -2.500848  24.830377   0.006119
      2      -0.000959   0.006295  20.235932
 P Tensor eigenvectors:
                   0          1          2    
      0      -0.000511   0.556386  -0.830924
      1      -0.001657   0.830922   0.556386
      2       0.999998   0.001661   0.000498
 P Eigenvalues: 
                  0          1          2    
      0      20.235922  22.950546  29.146648
P(iso)  24.111039
 Nucleus: 46 H 
 Shielding tensor (ppm): 
                  0          1          2    
      0      28.188881   2.582892   0.003745
      1       1.922931  24.113389   0.007438
      2       0.000624   0.005511  19.952225
 P Tensor eigenvectors:
                   0          1          2    
      0       0.000170  -0.411465  -0.911425
      1      -0.001680   0.911424  -0.411465
      2       0.999999   0.001601  -0.000537
 P Eigenvalues: 
                  0          1          2    
      0      19.952214  23.113619  29.188661
P(iso)  24.084831
 Nucleus: 47 H 
 Shielding tensor (ppm): 
                  0          1          2    
      0      27.211288   1.197245   0.002941
      1       1.168014  24.436249   0.005324
      2       0.003006   0.005538  20.842322
 P Tensor eigenvectors:
                   0          1          2    
      0      -0.000197  -0.345910  -0.938268
      1      -0.001444   0.938267  -0.345909
      2       0.999999   0.001286  -0.000684
 P Eigenvalues: 
                  0          1          2    
      0      20.842313  24.000638  27.646906
P(iso)  24.163286
# -----------------------------------------------------------
$ EPRNMR_ATensor
   description: Hyperfine A tensor
   geom. index: 1
   prop. index: 1
 Number of stored nuclei 25
 Source density: 1 SCF 
 Spin multiplicity: 4 
 Nucleus: 8 H  
 Isotope: 1 
 Nuclear Spin:  0.5 
 Prefactor (MHz): 533.551395 
 Raw A tensor (MHz): 
                  0          1          2    
      0       6.707585   0.024767   0.002130
      1       0.025105   4.833306   0.002692
      2       0.002131   0.002692   3.729618
 A Tensor eigenvectors:
                   0          1          2    
      0      -0.000695  -0.013214  -0.999912
      1      -0.002424   0.999910  -0.013212
      2       0.999997   0.002414  -0.000727
 A Eigenvalues: 
                  0          1          2    
      0       3.729610   4.832980   6.707918
A(iso)  5.090169
 Nucleus: 9 H  
 Isotope: 1 
 Nuclear Spin:  0.5 
 Prefactor (MHz): 533.551395 
 Raw A tensor (MHz): 
                  0          1          2    
      0      -5.035290   1.650475   0.006710
      1       1.650459   0.269306   0.023433
      2       0.006710   0.023433  -8.301948
 A Tensor eigenvectors:
                   0          1          2    
      0       0.274740   0.961518   0.000745
      1       0.961515  -0.274741   0.002590
      2       0.002695   0.000005  -0.999996
 A Eigenvalues: 
                  0          1          2    
      0       0.740970  -5.506888  -8.302013
A(iso)  -4.355977
 Nucleus: 11 H  
 Isotope: 1 
 Nuclear Spin:  0.5 
 Prefactor (MHz): 533.551395 
 Raw A tensor (MHz): 
                  0          1          2    
      0       3.723022  -1.999215  -0.372440
      1      -1.998759   9.966107   2.555108
      2      -0.372042   2.555343   3.822083
 A Tensor eigenvectors:
                   0          1          2    
      0       0.519676   0.816093   0.252841
      1       0.406920   0.023791  -0.913154
      2      -0.751234   0.577430  -0.319721
 A Eigenvalues: 
                  0          1          2    
      0       2.695663   3.401340  11.414209
A(iso)  5.837071
 Nucleus: 12 H  
 Isotope: 1 
 Nuclear Spin:  0.5 
 Prefactor (MHz): 533.551395 
 Raw A tensor (MHz): 
                  0          1          2    
      0       3.721063  -1.998417   0.361001
      1      -1.997959   9.996898  -2.526732
      2       0.360606  -2.526968   3.794931
 A Tensor eigenvectors:
                   0          1          2    
      0      -0.518640  -0.816918  -0.252304
      1      -0.402832  -0.026812   0.914881
      2      -0.754148   0.576130  -0.315175
 A Eigenvalues: 
                  0          1          2    
      0       2.693490   3.401001  11.418402
A(iso)  5.837631
 Nucleus: 14 H  
 Isotope: 1 
 Nuclear Spin:  0.5 
 Prefactor (MHz): 533.551395 
 Raw A tensor (MHz): 
                  0          1          2    
      0       0.030251  -0.906879  -0.236087
      1      -0.906561   0.852516   0.363001
      2      -0.236062   0.363079  -0.499570
 A Tensor eigenvectors:
                   0          1          2    
      0       0.834591  -0.150122  -0.530020
      1       0.549173   0.151287   0.821901
      2      -0.043200  -0.977024   0.208705
 A Eigenvalues: 
                  0          1          2    
      0      -0.554116  -0.592072   1.529384
A(iso)  0.127732
 Nucleus: 15 H  
 Isotope: 1 
 Nuclear Spin:  0.5 
 Prefactor (MHz): 533.551395 
 Raw A tensor (MHz): 
                  0          1          2    
      0       0.027858  -0.907546   0.232539
      1      -0.907228   0.854967  -0.358228
      2       0.232515  -0.358307  -0.503662
 A Tensor eigenvectors:
                   0          1          2    
      0       0.835095  -0.148896   0.529571
      1       0.548352   0.148510  -0.822955
      2       0.043888   0.977637   0.205668
 A Eigenvalues: 
                  0          1          2    
      0      -0.555694  -0.593513   1.528371
A(iso)  0.126388
 Nucleus: 17 H  
 Isotope: 1 
 Nuclear Spin:  0.5 
 Prefactor (MHz): 533.551395 
 Raw A tensor (MHz): 
                  0          1          2    
      0      -0.445798  -0.121588   0.010685
      1      -0.121309   1.064689  -0.279039
      2       0.010611  -0.279061  -0.459028
 A Tensor eigenvectors:
                   0          1          2    
      0       0.978977   0.188777   0.077244
      1       0.041715   0.185397  -0.981778
      2      -0.199658   0.964361   0.173625
 A Eigenvalues: 
                  0          1          2    
      0      -0.453131  -0.510589   1.123584
A(iso)  0.053288
 Nucleus: 18 H  
 Isotope: 1 
 Nuclear Spin:  0.5 
 Prefactor (MHz): 533.551395 
 Raw A tensor (MHz): 
                  0          1          2    
      0      -0.445548  -0.122179  -0.011349
      1      -0.121900   1.061481   0.286601
      2      -0.011274   0.286623  -0.455938
 A Tensor eigenvectors:
                   0          1          2    
      0       0.978677   0.190154  -0.077677
      1       0.040858   0.190393   0.980857
      2       0.201303  -0.963116   0.178564
 A Eigenvalues: 
                  0          1          2    
      0      -0.452956  -0.510362   1.123313
A(iso)  0.053332
 Nucleus: 20 H  
 Isotope: 1 
 Nuclear Spin:  0.5 
 Prefactor (MHz): 533.551395 
 Raw A tensor (MHz): 
                  0          1          2    
      0      -0.121120  -0.202639   0.027129
      1      -0.202502   0.361271  -0.081840
      2       0.027110  -0.081847  -0.208269
 A Tensor eigenvectors:
                   0          1          2    
      0       0.939530   0.049318   0.338897
      1       0.327887   0.156123  -0.931727
      2      -0.098861   0.986506   0.130512
 A Eigenvalues: 
                  0          1          2    
      0      -0.194649  -0.219866   0.446397
A(iso)  0.010627
 Nucleus: 21 H  
 Isotope: 1 
 Nuclear Spin:  0.5 
 Prefactor (MHz): 533.551395 
 Raw A tensor (MHz): 
                  0          1          2    
      0      -0.120970  -0.202687  -0.027969
      1      -0.202550   0.360388   0.084162
      2      -0.027949   0.084169  -0.207581
 A Tensor eigenvectors:
                   0          1          2    
      0       0.939368   0.050015  -0.339243
      1       0.327699   0.160452   0.931058
      2       0.100999  -0.985776   0.134333
 A Eigenvalues: 
                  0          1          2    
      0      -0.194640  -0.219862   0.446340
A(iso)  0.010612
 Nucleus: 23 H  
 Isotope: 1 
 Nuclear Spin:  0.5 
 Prefactor (MHz): 533.551395 
 Raw A tensor (MHz): 
                  0          1          2    
      0      -2.201640   0.499721   0.188829
      1       0.499534  -2.677627   0.163520
      2       0.188888   0.163473  -3.123062
 A Tensor eigenvectors:
                   0          1          2    
      0      -0.827042   0.559780  -0.051451
      1      -0.529421  -0.806406  -0.263484
      2      -0.188983  -0.190673   0.963291
 A Eigenvalues: 
                  0          1          2    
      0      -1.838681  -2.985780  -3.177868
A(iso)  -2.667443
 Nucleus: 24 H  
 Isotope: 1 
 Nuclear Spin:  0.5 
 Prefactor (MHz): 533.551395 
 Raw A tensor (MHz): 
                  0          1          2    
      0      -2.200349   0.500627  -0.185051
      1       0.500441  -2.675041  -0.160160
      2      -0.185111  -0.160112  -3.125002
 A Tensor eigenvectors:
                   0          1          2    
      0       0.827379   0.559290  -0.051363
      1       0.530310  -0.808065  -0.256519
      2      -0.184973   0.185001  -0.965173
 A Eigenvalues: 
                  0          1          2    
      0      -1.838180  -2.984803  -3.177409
A(iso)  -2.666797
 Nucleus: 26 H  
 Isotope: 1 
 Nuclear Spin:  0.5 
 Prefactor (MHz): 533.551395 
 Raw A tensor (MHz): 
                  0          1          2    
      0       0.055906   0.887197  -0.186707
      1       0.886774   0.889872  -0.341573
      2      -0.186576  -0.341654  -0.491443
 A Tensor eigenvectors:
                   0          1          2    
      0       0.828615  -0.196050  -0.524368
      1      -0.446477   0.333635  -0.830269
      2       0.337722   0.922091   0.188923
 A Eigenvalues: 
                  0          1          2    
      0      -0.498011  -0.575390   1.527737
A(iso)  0.151445
 Nucleus: 27 H  
 Isotope: 1 
 Nuclear Spin:  0.5 
 Prefactor (MHz): 533.551395 
 Raw A tensor (MHz): 
                  0          1          2    
      0       0.055055   0.885858   0.191992
      1       0.885435   0.886468   0.349998
      2       0.191859   0.350079  -0.487643
 A Tensor eigenvectors:
                   0          1          2    
      0       0.829032  -0.195195   0.524028
      1      -0.444503   0.338565   0.829332
      2      -0.339298  -0.920474   0.193917
 A Eigenvalues: 
                  0          1          2    
      0      -0.498271  -0.575719   1.527871
A(iso)  0.151293
 Nucleus: 29 H  
 Isotope: 1 
 Nuclear Spin:  0.5 
 Prefactor (MHz): 533.551395 
 Raw A tensor (MHz): 
                  0          1          2    
      0       0.073052   0.289444   0.051839
      1       0.289290   0.134529   0.070988
      2       0.051821   0.070998  -0.223127
 A Tensor eigenvectors:
                   0          1          2    
      0       0.749446  -0.040252   0.660840
      1      -0.638898   0.217768   0.737826
      2      -0.173609  -0.975170   0.137489
 A Eigenvalues: 
                  0          1          2    
      0      -0.185628  -0.236843   0.406925
A(iso)  -0.005182
 Nucleus: 30 H  
 Isotope: 1 
 Nuclear Spin:  0.5 
 Prefactor (MHz): 533.551395 
 Raw A tensor (MHz): 
                  0          1          2    
      0       0.073244   0.289770  -0.049886
      1       0.289616   0.135254  -0.068579
      2      -0.049869  -0.068589  -0.224046
 A Tensor eigenvectors:
                   0          1          2    
      0       0.749208  -0.040635  -0.661087
      1      -0.640171   0.211617  -0.738511
      2       0.169907   0.976508   0.132532
 A Eigenvalues: 
                  0          1          2    
      0      -0.185591  -0.236834   0.406876
A(iso)  -0.005183
 Nucleus: 32 H  
 Isotope: 1 
 Nuclear Spin:  0.5 
 Prefactor (MHz): 533.551395 
 Raw A tensor (MHz): 
                  0          1          2    
      0      -0.119643   0.206058   0.028962
      1       0.205902   0.312496   0.076113
      2       0.028941   0.076121  -0.212377
 A Tensor eigenvectors:
                   0          1          2    
      0       0.929643  -0.012811   0.368239
      1      -0.362617   0.145487   0.920512
      2      -0.065366  -0.989277   0.130605
 A Eigenvalues: 
                  0          1          2    
      0      -0.202000  -0.223196   0.405673
A(iso)  -0.006508
 Nucleus: 33 H  
 Isotope: 1 
 Nuclear Spin:  0.5 
 Prefactor (MHz): 533.551395 
 Raw A tensor (MHz): 
                  0          1          2    
      0      -0.119497   0.206300  -0.027802
      1       0.206143   0.313126  -0.073136
      2      -0.027782  -0.073144  -0.213177
 A Tensor eigenvectors:
                   0          1          2    
      0       0.929523  -0.013505  -0.368516
      1      -0.363147   0.140212  -0.921121
      2       0.064110   0.990029   0.125426
 A Eigenvalues: 
                  0          1          2    
      0      -0.201958  -0.223157   0.405566
A(iso)  -0.006516
 Nucleus: 35 H  
 Isotope: 1 
 Nuclear Spin:  0.5 
 Prefactor (MHz): 533.551395 
 Raw A tensor (MHz): 
                  0          1          2    
      0      -0.175358  -0.083962  -0.000194
      1      -0.083831   0.350801   0.001302
      2      -0.000194   0.001302  -0.201381
 A Tensor eigenvectors:
                   0          1          2    
      0       0.988094   0.000289  -0.153852
      1       0.153851   0.002402   0.988091
      2       0.000655  -0.999997   0.002329
 A Eigenvalues: 
                  0          1          2    
      0      -0.188412  -0.201384   0.363858
A(iso)  -0.008646
 Nucleus: 36 H  
 Isotope: 1 
 Nuclear Spin:  0.5 
 Prefactor (MHz): 533.551395 
 Raw A tensor (MHz): 
                  0          1          2    
      0      -0.043856   0.153914   0.000470
      1       0.153802   0.172472   0.000940
      2       0.000469   0.000941  -0.140382
 A Tensor eigenvectors:
                   0          1          2    
      0       0.887405   0.000328   0.460990
      1      -0.460989   0.002844   0.887401
      2      -0.001020  -0.999996   0.002675
 A Eigenvalues: 
                  0          1          2    
      0      -0.123766  -0.140385   0.252384
A(iso)  -0.003922
 Nucleus: 43 H  
 Isotope: 1 
 Nuclear Spin:  0.5 
 Prefactor (MHz): 533.551395 
 Raw A tensor (MHz): 
                  0          1          2    
      0      -0.253109  -0.044373   0.000103
      1      -0.044381  -1.492473  -0.000662
      2       0.000103  -0.000661  -0.963023
 A Tensor eigenvectors:
                   0          1          2    
      0       0.999361   0.000223   0.035734
      1      -0.035734   0.001231   0.999361
      2       0.000179  -0.999999   0.001238
 A Eigenvalues: 
                  0          1          2    
      0      -0.251522  -0.963022  -1.494061
A(iso)  -0.902868
 Nucleus: 44 H  
 Isotope: 1 
 Nuclear Spin:  0.5 
 Prefactor (MHz): 533.551395 
 Raw A tensor (MHz): 
                  0          1          2    
      0       0.638244  -0.090136   0.000038
      1      -0.090136   0.305508   0.000097
      2       0.000038   0.000097   0.218185
 A Tensor eigenvectors:
                   0          1          2    
      0      -0.000422   0.245715  -0.969342
      1      -0.001548   0.969341   0.245715
      2       0.999999   0.001604  -0.000029
 A Eigenvalues: 
                  0          1          2    
      0       0.218185   0.282660   0.661092
A(iso)  0.387312
 Nucleus: 45 H  
 Isotope: 1 
 Nuclear Spin:  0.5 
 Prefactor (MHz): 533.551395 
