-------------------------------------------------------------
----------------------- !PROPERTIES! ------------------------
-------------------------------------------------------------
# -----------------------------------------------------------
$ PAL_Flags
   description: The PAL Flags
   geom. index: 1
   prop. index: 1
        Diskflag:     2
# -----------------------------------------------------------
$ SCF_Energy
   description: The SCF energy
   geom. index: 1
   prop. index: 1
        SCF Energy:     -890.7429153879
# -----------------------------------------------------------
$ DFT_Energy
   description: The DFT energy
   geom. index: 1
   prop. index: 1
   Number of Alpha Electrons                 82.0001885388 
   Number of Beta  Electrons                 81.0001861769 
   Total number of  Electrons               163.0003747157 
   Exchange energy                         -101.5236755619 
   Correlation energy                        -6.3272389076 
   Correlation energy NL                      0.0000000000 
   Exchange-Correlation energy             -107.8509144694 
   Embedding correction                       0.0000000000 
   Total DFT Energy (No VdW correction)    -890.7429153879 
# -----------------------------------------------------------
$ Mayer_Pop
   description: The Mayer population analysis
   geom. index: 1
   prop. index: 1
     Number of atoms                     : 48
     Threshold for printing              : 0.1000000
     Number of bond orders printed       : 51
  NA   - Mulliken gross atomic population
  ZA   - Total nuclear charge
  QA   - Mulliken gross atomic charge
  VA   - Mayer's total valence
  BVA  - Mayer's bonded valence
  FA   - Mayer's free valence
  ATOM       NA         ZA         QA         VA         BVA        FA
  0   0     6.2521     6.0000    -0.2521     2.7262     1.9179     0.8083
  1   0     5.7167     6.0000     0.2833     2.5015     2.5015     0.0000
  2   0     5.9971     6.0000     0.0029     4.2242     4.2220     0.0022
  3   0     6.0429     6.0000    -0.0429     4.0790     4.0774     0.0016
  4   0     5.9932     6.0000     0.0068     3.8609     3.8609     0.0000
  5   0     6.1653     6.0000    -0.1653     3.8143     3.8140     0.0003
  6   0     6.0715     6.0000    -0.0715     4.1087     4.1086     0.0001
  7   0     5.9469     6.0000     0.0531     3.8655     3.8634     0.0021
  8   0     1.0525     1.0000    -0.0525     1.0036     1.0036     0.0000
  9   0     1.0404     1.0000    -0.0404     1.0214     1.0214     0.0000
 10   0     5.9506     6.0000     0.0494     4.0230     4.0229     0.0001
 11   0     0.9568     1.0000     0.0432     0.9798     0.9798     0.0000
 12   0     0.9568     1.0000     0.0432     0.9800     0.9800     0.0000
 13   0     6.0405     6.0000    -0.0405     4.1047     4.1047     0.0000
 14   0     0.9876     1.0000     0.0124     0.9624     0.9624     0.0000
 15   0     0.9876     1.0000     0.0124     0.9625     0.9625     0.0000
 16   0     6.0250     6.0000    -0.0250     4.1181     4.1181     0.0000
 17   0     0.9908     1.0000     0.0092     0.9681     0.9681     0.0000
 18   0     0.9908     1.0000     0.0092     0.9681     0.9681     0.0000
 19   0     5.9981     6.0000     0.0019     4.0170     4.0170     0.0000
 20   0     0.9841     1.0000     0.0159     0.9771     0.9771     0.0000
 21   0     0.9841     1.0000     0.0159     0.9771     0.9771     0.0000
 22   0     5.9632     6.0000     0.0368     4.0287     4.0287     0.0000
 23   0     0.9699     1.0000     0.0301     0.9685     0.9685     0.0000
 24   0     0.9699     1.0000     0.0301     0.9685     0.9685     0.0000
 25   0     6.0359     6.0000    -0.0359     4.1148     4.1148     0.0000
 26   0     0.9794     1.0000     0.0206     0.9633     0.9633     0.0000
 27   0     0.9794     1.0000     0.0206     0.9633     0.9633     0.0000
 28   0     6.0271     6.0000    -0.0271     4.1201     4.1201     0.0000
 29   0     0.9949     1.0000     0.0051     0.9671     0.9671     0.0000
 30   0     0.9949     1.0000     0.0051     0.9671     0.9671     0.0000
 31   0     5.9968     6.0000     0.0032     4.0171     4.0171     0.0000
 32   0     0.9802     1.0000     0.0198     0.9776     0.9776     0.0000
 33   0     0.9802     1.0000     0.0198     0.9776     0.9776     0.0000
 34   0     5.8251     6.0000     0.1749     2.6339     2.6338     0.0001
 35   0     0.9858     1.0000     0.0142     0.9737     0.9737     0.0000
 36   0     0.9868     1.0000     0.0132     0.9736     0.9736     0.0000
 37   0     6.2634     6.0000    -0.2634     3.9225     3.9225     0.0000
 38   0     5.9644     6.0000     0.0356     3.9949     3.9949     0.0000
 39   0     5.9583     6.0000     0.0417     4.0004     4.0004     0.0000
 40   0     5.9615     6.0000     0.0385     3.9998     3.9998     0.0000
 41   0     5.9586     6.0000     0.0414     4.0001     4.0001     0.0000
 42   0     5.9670     6.0000     0.0330     3.9940     3.9940     0.0000
 43   0     1.0193     1.0000    -0.0193     0.9698     0.9698     0.0000
 44   0     1.0204     1.0000    -0.0204     0.9697     0.9697     0.0000
 45   0     1.0331     1.0000    -0.0331     0.9841     0.9841     0.0000
 46   0     1.0324     1.0000    -0.0324     0.9840     0.9840     0.0000
 47   0     1.0203     1.0000    -0.0203     0.9696     0.9696     0.0000
      Bond orders larger than 0.1000000
           Atom A     A.N. of A          Atom B    A.N. of B              Bond order
                0             6               2            6                1.575542
                1             6               5            6                0.902472
                1             6              34            6                1.716053
                1             6              37            6               -0.179848
                2             6               3            6                1.263886
                2             6               7            6                1.237261
                3             6               4            6                1.460374
                3             6              10            6                1.083058
                4             6               5            6                1.354337
                4             6               8            1                0.925552
                5             6               6            6                1.362435
                5             6              34            6               -0.103569
                6             6               7            6                1.462372
                6             6              22            6                1.089705
                7             6               9            1                0.919583
               10             6              11            1                0.898833
               10             6              12            1                0.898772
               10             6              13            6                1.095480
               13             6              14            1                0.929357
               13             6              15            1                0.929423
               13             6              16            6                1.076542
               16             6              17            1                0.941375
               16             6              18            1                0.941376
               16             6              19            6                1.105446
               19             6              20            1                0.966321
               19             6              21            1                0.966315
               19             6              35            1                0.962149
               22             6              23            1                0.898965
               22             6              24            1                0.898990
               22             6              25            6                1.104046
               25             6              26            1                0.929629
               25             6              27            1                0.929604
               25             6              28            6                1.074497
               28             6              29            1                0.941192
               28             6              30            1                0.941192
               28             6              31            6                1.106539
               31             6              32            1                0.966222
               31             6              33            1                0.966227
               31             6              36            1                0.961397
               34             6              37            6                0.941215
               37             6              38            6                1.433473
               37             6              42            6                1.431020
               38             6              39            6                1.473726
               38             6              45            1                0.941383
               39             6              40            6                1.442141
               39             6              47            1                0.938510
               40             6              41            6                1.441743
               40             6              43            1                0.944012
               41             6              42            6                1.473768
               41             6              44            1                0.938510
               42             6              46            1                0.941687
# -----------------------------------------------------------
$ Calculation_Info
   description: Details of the calculation
   geom. index: 1
   prop. index: 1
     Multiplicity:                          2
     Charge:                                0
     number of atoms:                       48
     number of electrons:                   0
     number of frozen core electrons:       1
     number of correlated electrons:        0
     number of basis functions:             447
     number of aux C basis functions:       3053
     number of aux J basis functions:       3053
     number of aux JK basis functions:      3053
     number of aux CABS basis functions:    0
     Total Energy                           -890.742915
# -----------------------------------------------------------
$ SCF_Electric_Properties
   description: The SCF Calculated Electric Properties
   geom. index: 1
   prop. index: 1
       Filename                          : cc-pVDZ.scfp 
       Do Dipole Moment Calculation      : true 
       Do Quadrupole Moment Calculation  : false 
       Do Polarizability Calculation     : false 
** Dipole moment part of electric properties **
        Magnitude of dipole moment (Debye) :        7.1280412990
        Electronic Contribution:
                  0    
      0      13.624463
      1      -0.230472
      2       0.000837
        Nuclear Contribution:
                  0    
      0     -10.821518
      1       0.142334
      2      -0.000262
        Total Dipole moment:
                  0    
      0       2.802945
      1      -0.088138
      2       0.000575
# -----------------------------------------------------------
$ EPRNMR_GTensor
   description: Electronic g tensor
   geom. index: 1
   prop. index: 1
 Source density: 1 SCF 
 Spin multiplicity: 2 
 raw g tensor: 
                  0          1          2    
      0       2.012565  -0.000591  -0.000000
      1      -0.001038   2.002434  -0.000001
      2      -0.000002  -0.000000   2.003716
 g tensor: 
                  0          1          2    
      0       0.079707   0.000067   0.996818
      1       0.996818  -0.000712  -0.079707
      2       0.000704   1.000000  -0.000124
 G eigenvalues: 
                  0          1          2    
      0       2.002369   2.003716   2.012630
# -----------------------------------------------------------
$ EPRNMR_OrbitalShielding
   description: Orbital contribution to the NMR Shielding tensor (ppm)
   geom. index: 1
   prop. index: 1
 Number of stored nuclei 25
 Source density: 1 SCF 
 Nucleus: 8 H 
 Shielding tensor (ppm): 
                  0          1          2    
      0      41.588978 174.720989   0.410188
      1     -185.041711 133.263866  -0.031088
      2      -0.488230   0.070493 124.912153
 P Tensor eigenvectors:
                   0          1          2    
      0      -0.000220   0.816628  -0.577164
      1      -0.002453   0.577162   0.816626
      2       0.999997   0.001595   0.001876
 P Eigenvalues: 
                  0          1          2    
      0     124.912114  67.263050 107.589833
P(iso)  99.921666
 Nucleus: 9 H 
 Shielding tensor (ppm): 
                  0          1          2    
      0      12.677927 -121.010630  -0.304060
      1       5.284709   1.706603  -0.073914
      2      -0.030467  -0.071248  17.176767
 P Tensor eigenvectors:
                   0          1          2    
      0       0.994594   0.003732  -0.103777
      1       0.103767   0.002866   0.994598
      2       0.004010  -0.999989   0.002464
 P Eigenvalues: 
                  0          1          2    
      0       0.614893  17.177004  13.769400
P(iso)  10.520432
 Nucleus: 11 H 
 Shielding tensor (ppm): 
                  0          1          2    
      0      56.880387 -130.904437 290.991078
      1     197.116709 -30.243069 216.368583
      2     -200.561316 -161.814718  10.202929
 P Tensor eigenvectors:
                   0          1          2    
      0      -0.501140   0.724960   0.472538
      1       0.723591   0.650545  -0.230667
      2       0.474631  -0.226328   0.850588
 P Eigenvalues: 
                  0          1          2    
      0     -26.034630  25.974977  36.899900
P(iso)  12.280083
 Nucleus: 12 H 
 Shielding tensor (ppm): 
                  0          1          2    
      0      56.981318 -129.957808 -291.013270
      1     196.780206 -30.151566 -215.889735
      2     201.197672 161.131874   9.659787
 P Tensor eigenvectors:
                   0          1          2    
      0      -0.499854   0.724258  -0.474970
      1       0.725456   0.649684   0.227210
      2      -0.473139   0.230998   0.850165
 P Eigenvalues: 
                  0          1          2    
      0     -26.146413  25.876742  36.759210
P(iso)  12.163180
 Nucleus: 14 H 
 Shielding tensor (ppm): 
                  0          1          2    
      0      57.255785 246.489362 228.708711
      1     -311.301911 111.459669 325.469711
      2     -173.162632 -236.832893 137.828193
 P Tensor eigenvectors:
                   0          1          2    
      0      -0.662241   0.488358  -0.568281
      1       0.433111   0.868377   0.241528
      2      -0.611434   0.086179   0.786589
 P Eigenvalues: 
                  0          1          2    
      0     115.154386  80.213491 111.175771
P(iso)  102.181216
 Nucleus: 15 H 
 Shielding tensor (ppm): 
                  0          1          2    
      0      57.309723 246.804754 -228.089975
      1     -311.080844 111.725332 -326.535634
      2     171.949563 237.420378 137.249496
 P Tensor eigenvectors:
                   0          1          2    
      0      -0.663829   0.488723   0.566110
      1       0.431013   0.868603  -0.244452
      2       0.611194  -0.081726   0.787250
 P Eigenvalues: 
                  0          1          2    
      0     114.973316  80.181445 111.129791
P(iso)  102.094850
 Nucleus: 17 H 
 Shielding tensor (ppm): 
                  0          1          2    
      0      39.544006 -214.166478 -277.447169
      1     333.711725 -28.054886 -400.041171
      2     190.804642 290.507891 -25.762517
 P Tensor eigenvectors:
                   0          1          2    
      0      -0.683535   0.456303  -0.569709
      1       0.470415   0.872186   0.134166
      2      -0.558113   0.176293   0.810821
 P Eigenvalues: 
                  0          1          2    
      0     -38.492321   9.856350  14.362573
P(iso)  -4.757799
 Nucleus: 18 H 
 Shielding tensor (ppm): 
                  0          1          2    
      0      39.383750 -214.442348 277.077892
      1     333.213639 -28.410512 401.270407
      2     -189.530309 -291.403362 -24.967403
 P Tensor eigenvectors:
                   0          1          2    
      0      -0.685310   0.457047   0.566973
      1       0.468430   0.872760  -0.137348
      2       0.557605  -0.171461   0.812205
 P Eigenvalues: 
                  0          1          2    
      0     -38.385940   9.927586  14.464188
P(iso)  -4.664722
 Nucleus: 20 H 
 Shielding tensor (ppm): 
                  0          1          2    
      0      -8.108910 380.520194 -204.605251
      1     -452.165421  88.026455 -460.074451
      2     149.427216 331.305757  53.139129
 P Tensor eigenvectors:
                   0          1          2    
      0      -0.671185  -0.420486   0.610493
      1       0.282158  -0.906478  -0.314142
      2       0.685491  -0.038592   0.727058
 P Eigenvalues: 
                  0          1          2    
      0      42.374125  38.268497  52.414052
P(iso)  44.352225
 Nucleus: 21 H 
 Shielding tensor (ppm): 
                  0          1          2    
      0      -8.128972 380.837984 205.801357
      1     -453.250789  87.603336 458.681661
      2     -151.238482 -329.960673  53.983529
 P Tensor eigenvectors:
                   0          1          2    
      0      -0.668893  -0.420388  -0.613071
      1       0.284614  -0.906719   0.311216
      2      -0.686715   0.033682   0.726146
 P Eigenvalues: 
                  0          1          2    
      0      42.606846  38.341163  52.509884
P(iso)  44.485964
 Nucleus: 23 H 
 Shielding tensor (ppm): 
                  0          1          2    
      0      71.601744 -130.803498 -35.479086
      1     190.084974 102.439719 226.138525
      2      34.514018 -166.289063 126.610350
 P Tensor eigenvectors:
                   0          1          2    
      0       0.798793   0.108522   0.591736
      1       0.012326  -0.986341   0.164252
      2      -0.601479   0.123909   0.789221
 P Eigenvalues: 
                  0          1          2    
      0      92.110935  88.774576 119.766302
P(iso)  100.217271
 Nucleus: 24 H 
 Shielding tensor (ppm): 
                  0          1          2    
      0      71.659257 -131.218883  34.615857
      1     190.620710 102.825273 -225.864458
      2     -33.416421 165.864884 126.333604
 P Tensor eigenvectors:
                   0          1          2    
      0       0.797832   0.108509  -0.593034
      1       0.008446  -0.985585  -0.168972
      2       0.602821  -0.129802   0.787248
 P Eigenvalues: 
                  0          1          2    
      0      92.201401  88.809008 119.807725
P(iso)  100.272711
 Nucleus: 26 H 
 Shielding tensor (ppm): 
                  0          1          2    
      0      55.673089 167.595940 110.114517
      1     -266.607059  36.752812 -332.401347
      2     -71.257330 242.612059  55.417160
 P Tensor eigenvectors:
                   0          1          2    
      0       0.752507   0.253599   0.607799
      1       0.286560  -0.957027   0.044527
      2      -0.592972  -0.140664   0.792841
 P Eigenvalues: 
                  0          1          2    
      0      30.597324  48.895575  68.350162
P(iso)  49.281020
 Nucleus: 27 H 
 Shielding tensor (ppm): 
                  0          1          2    
      0      55.672351 168.590383 -109.121788
      1     -267.592169  36.233163 331.719851
      2      69.741080 -242.301719  55.774057
 P Tensor eigenvectors:
                   0          1          2    
      0       0.751377   0.253196  -0.609364
      1       0.283240  -0.957810  -0.048728
      2       0.595992   0.135984   0.791392
 P Eigenvalues: 
                  0          1          2    
      0      30.538684  48.847670  68.293217
P(iso)  49.226524
 Nucleus: 29 H 
 Shielding tensor (ppm): 
                  0          1          2    
      0      38.994220 -276.692931 -34.883276
      1     381.714211  67.074997 408.081679
      2      33.886696 -295.765035  69.515846
 P Tensor eigenvectors:
                   0          1          2    
      0      -0.731485   0.102932  -0.674044
      1      -0.046453  -0.993766  -0.101344
      2       0.680273   0.042820  -0.731707
 P Eigenvalues: 
                  0          1          2    
      0      53.694570  51.255493  70.635000
P(iso)  58.528354
 Nucleus: 30 H 
 Shielding tensor (ppm): 
                  0          1          2    
      0      39.074290 -277.481964  33.306006
      1     382.758644  67.707085 -407.242037
      2     -31.805648 295.142369  68.982758
 P Tensor eigenvectors:
                   0          1          2    
      0       0.730023   0.102936  -0.675626
      1       0.042663  -0.993528  -0.105271
      2       0.682090  -0.048026   0.729690
 P Eigenvalues: 
                  0          1          2    
      0      53.805050  51.283806  70.675276
P(iso)  58.588044
 Nucleus: 32 H 
 Shielding tensor (ppm): 
                  0          1          2    
      0      -8.460343 230.650796 -84.896919
      1     -345.837943  25.182143 465.271635
      2      58.045055 -336.955448 -12.610185
 P Tensor eigenvectors:
                   0          1          2    
      0       0.799892   0.076128  -0.595296
      1       0.157485  -0.983787   0.085802
      2       0.579113   0.162382   0.798912
 P Eigenvalues: 
                  0          1          2    
      0     -24.263816  11.787013  16.588418
P(iso)  1.370538
 Nucleus: 33 H 
 Shielding tensor (ppm): 
                  0          1          2    
      0      -8.485409 229.289825  86.214078
      1     -344.247737  25.891477 -466.138423
      2     -59.938945 337.919502 -13.194492
 P Tensor eigenvectors:
                   0          1          2    
      0       0.801541   0.076673   0.593004
      1       0.160656  -0.982892  -0.090068
      2      -0.575954  -0.167462   0.800146
 P Eigenvalues: 
                  0          1          2    
      0     -24.229401  11.814803  16.626175
P(iso)  1.403859
 Nucleus: 35 H 
 Shielding tensor (ppm): 
                  0          1          2    
      0     -111.771757  56.494675   0.387803
      1     105.223666   9.129936   0.928163
      2       0.119688   0.049691 -152.707162
 P Tensor eigenvectors:
                   0          1          2    
      0      -0.240416   0.017880   0.970505
      1      -0.970669  -0.005913  -0.240348
      2       0.001441  -0.999823   0.018778
 P Eigenvalues: 
                  0          1          2    
      0      39.879241 -152.708805 -142.519419
P(iso)  -85.116328
 Nucleus: 36 H 
 Shielding tensor (ppm): 
                  0          1          2    
      0     -114.452347 -310.349516  -0.852012
      1     374.540174  62.201787   0.862076
      2       1.004348   0.084413 -98.884427
 P Tensor eigenvectors:
                   0          1          2    
      0      -0.001135  -0.542206  -0.840245
      1      -0.002687   0.840244  -0.542202
      2       0.999996   0.001642  -0.002411
 P Eigenvalues: 
                  0          1          2    
      0     -98.885805 -18.975938 -33.273244
P(iso)  -50.378329
 Nucleus: 43 H 
 Shielding tensor (ppm): 
                  0          1          2    
      0      41.778489 -23.141120   0.040883
      1       5.493794 -232.303712  -0.146979
      2       0.021192  -0.150681 -166.464873
 P Tensor eigenvectors:
                   0          1          2    
      0       0.999100  -0.000086  -0.042427
      1       0.042427   0.002168   0.999097
      2       0.000006  -0.999998   0.002170
 P Eigenvalues: 
                  0          1          2    
      0      40.537070 -166.464527 -231.062639
P(iso)  -118.996698
 Nucleus: 44 H 
 Shielding tensor (ppm): 
                  0          1          2    
      0      13.339510 529.754730   1.206091
      1     -292.697681 -91.605214  -0.077578
      2      -0.638151   0.081215 -80.664787
 P Tensor eigenvectors:
                   0          1          2    
      0      -0.000180  -0.987076  -0.160250
      1      -0.002242   0.160250  -0.987074
      2       0.999997   0.000181  -0.002242
 P Eigenvalues: 
                  0          1          2    
      0     -80.664854 -26.853116 -51.412521
P(iso)  -52.976831
 Nucleus: 45 H 
 Shielding tensor (ppm): 
                  0          1          2    
      0       9.218584 -503.079274  -1.161575
      1     346.288286 154.454783   0.171037
      2       0.766652   0.013069 104.964517
 P Tensor eigenvectors:
                   0          1          2    
      0      -0.000165  -0.961497  -0.274814
      1      -0.002272   0.274813  -0.961495
      2       0.999997   0.000465  -0.002230
 P Eigenvalues: 
                  0          1          2    
      0     104.964358  61.616632 102.056894
P(iso)  89.545961
 Nucleus: 46 H 
 Shielding tensor (ppm): 
                  0          1          2    
      0      17.516686 489.770742   1.010257
      1     -311.591248 139.661900   0.015237
      2      -0.657827   0.188556  99.338984
 P Tensor eigenvectors:
                   0          1          2    
      0      -0.000240   0.979339  -0.202225
      1      -0.002100   0.202225   0.979337
      2       0.999998   0.000659   0.002008
 P Eigenvalues: 
                  0          1          2    
      0      99.338735  57.799878  99.378958
P(iso)  85.505857
 Nucleus: 47 H 
 Shielding tensor (ppm): 
                  0          1          2    
      0       0.535302 -558.385728  -1.199062
      1     312.631243 -71.674281   0.058760
      2       0.688411  -0.102883 -74.885909
 P Tensor eigenvectors:
                   0          1          2    
      0      -0.000169  -0.994788   0.101969
      1      -0.002174  -0.101968  -0.994785
      2       0.999998  -0.000390  -0.002146
 P Eigenvalues: 
                  0          1          2    
      0     -74.885800 -25.144180 -45.994909
P(iso)  -48.674963
# -----------------------------------------------------------
$ EPRNMR_ATensor
   description: Hyperfine A tensor
   geom. index: 1
   prop. index: 1
 Number of stored nuclei 25
 Source density: 1 SCF 
 Spin multiplicity: 2 
 Nucleus: 8 H  
 Isotope: 1 
 Nuclear Spin:  0.5 
 Prefactor (MHz): 533.551395 
 Raw A tensor (MHz): 
                  0          1          2    
      0       6.414506  -1.212127  -0.002354
      1      -1.218765   4.610469   0.001501
      2      -0.002346   0.001507   3.925552
 A Tensor eigenvectors:
                   0          1          2    
      0      -0.000867   0.448888  -0.893587
      1      -0.003723   0.893580   0.448888
      2       0.999993   0.003716   0.000896
 A Eigenvalues: 
                  0          1          2    
      0       3.925548   3.998902   7.026076
A(iso)  4.983509
 Nucleus: 9 H  
 Isotope: 1 
 Nuclear Spin:  0.5 
 Prefactor (MHz): 533.551395 
 Raw A tensor (MHz): 
                  0          1          2    
      0      -0.684461   5.412691   0.014746
      1       5.339348   5.657067   0.049757
      2       0.014809   0.049753  -7.618103
 A Tensor eigenvectors:
                   0          1          2    
      0       0.867602   0.001151  -0.497258
      1      -0.497250  -0.004232  -0.867597
      2      -0.003103   0.999990  -0.003099
 A Eigenvalues: 
                  0          1          2    
      0      -3.755054  -7.618295   8.727852
A(iso)  -0.881832
 Nucleus: 11 H  
 Isotope: 1 
 Nuclear Spin:  0.5 
 Prefactor (MHz): 533.551395 
 Raw A tensor (MHz): 
                  0          1          2    
      0      -3.094518  -2.972897  -0.445310
      1      -2.945035   5.824606   3.649893
      2      -0.435571   3.651407  -1.873105
 A Tensor eigenvectors:
                   0          1          2    
      0       0.541949  -0.800858   0.254790
      1      -0.161267  -0.396640  -0.903698
      2       0.824793   0.448670  -0.344110
 A Eigenvalues: 
                  0          1          2    
      0      -2.879342  -4.308122   8.044448
A(iso)  0.285661
 Nucleus: 12 H  
 Isotope: 1 
 Nuclear Spin:  0.5 
 Prefactor (MHz): 533.551395 
 Raw A tensor (MHz): 
                  0          1          2    
      0      -3.133937  -2.979925   0.422234
      1      -2.951995   5.860457  -3.611844
      2       0.412681  -3.613350  -1.966278
 A Tensor eigenvectors:
                   0          1          2    
      0      -0.545724  -0.798430   0.254353
      1       0.154087  -0.393975  -0.906113
      2       0.823676  -0.455295   0.338029
 A Eigenvalues: 
                  0          1          2    
      0      -2.921686  -4.354274   8.036202
A(iso)  0.253414
 Nucleus: 14 H  
 Isotope: 1 
 Nuclear Spin:  0.5 
 Prefactor (MHz): 533.551395 
 Raw A tensor (MHz): 
                  0          1          2    
      0       0.360104  -1.028840  -0.282471
      1      -1.022930   1.136390   0.410146
      2      -0.281145   0.410424  -0.267298
 A Tensor eigenvectors:
                   0          1          2    
      0       0.828670  -0.072717  -0.554994
      1       0.556435   0.214571   0.802708
      2       0.060715  -0.973998   0.218271
 A Eigenvalues: 
                  0          1          2    
      0      -0.348563  -0.378751   1.956510
A(iso)  0.409732
 Nucleus: 15 H  
 Isotope: 1 
 Nuclear Spin:  0.5 
 Prefactor (MHz): 533.551395 
 Raw A tensor (MHz): 
                  0          1          2    
      0       0.351054  -1.030248   0.278472
      1      -1.024330   1.132980  -0.405424
      2       0.277133  -0.405702  -0.278357
 A Tensor eigenvectors:
                   0          1          2    
      0       0.829331  -0.068213   0.554578
      1       0.555099   0.213963  -0.803794
      2      -0.063830   0.974457   0.215311
 A Eigenvalues: 
                  0          1          2    
      0      -0.357091  -0.386880   1.949648
A(iso)  0.401892
 Nucleus: 17 H  
 Isotope: 1 
 Nuclear Spin:  0.5 
 Prefactor (MHz): 533.551395 
 Raw A tensor (MHz): 
                  0          1          2    
      0      -0.605387  -0.130032   0.012609
      1      -0.126412   1.136965  -0.343198
      2       0.011773  -0.343332  -0.584995
 A Tensor eigenvectors:
                   0          1          2    
      0       0.955182   0.287282   0.071387
      1       0.012965   0.200325  -0.979644
      2      -0.295734   0.936664   0.187623
 A Eigenvalues: 
                  0          1          2    
      0      -0.610741  -0.654592   1.211916
A(iso)  -0.017806
 Nucleus: 18 H  
 Isotope: 1 
 Nuclear Spin:  0.5 
 Prefactor (MHz): 533.551395 
 Raw A tensor (MHz): 
                  0          1          2    
      0      -0.604882  -0.130882  -0.013455
      1      -0.127261   1.131977   0.352581
      2      -0.012615   0.352719  -0.580759
 A Tensor eigenvectors:
                   0          1          2    
      0       0.954775   0.288492  -0.071952
      1       0.011570   0.205762   0.978534
      2       0.297104  -0.935112   0.193119
 A Eigenvalues: 
                  0          1          2    
      0      -0.610343  -0.654251   1.210929
A(iso)  -0.017888
 Nucleus: 20 H  
 Isotope: 1 
 Nuclear Spin:  0.5 
 Prefactor (MHz): 533.551395 
 Raw A tensor (MHz): 
                  0          1          2    
      0      -0.150990  -0.235537   0.033428
      1      -0.233613   0.383408  -0.090202
      2       0.033011  -0.090221  -0.230579
 A Tensor eigenvectors:
                   0          1          2    
      0       0.932743   0.085806   0.350183
      1       0.332144   0.173329  -0.927166
      2      -0.140253   0.981119   0.133172
 A Eigenvalues: 
                  0          1          2    
      0      -0.239232  -0.243614   0.484685
A(iso)  0.000613
 Nucleus: 21 H  
 Isotope: 1 
 Nuclear Spin:  0.5 
 Prefactor (MHz): 533.551395 
 Raw A tensor (MHz): 
                  0          1          2    
      0      -0.150729  -0.235593  -0.034453
      1      -0.233668   0.382361   0.092682
      2      -0.034039   0.092701  -0.229787
 A Tensor eigenvectors:
                   0          1          2    
      0       0.933007   0.081023  -0.350617
      1       0.332891   0.175727   0.926447
      2       0.136677  -0.981099   0.136983
 A Eigenvalues: 
                  0          1          2    
      0      -0.239178  -0.243563   0.484585
A(iso)  0.000615
 Nucleus: 23 H  
 Isotope: 1 
 Nuclear Spin:  0.5 
 Prefactor (MHz): 533.551395 
 Raw A tensor (MHz): 
                  0          1          2    
      0       0.993782   0.684859   0.352019
      1       0.683278   0.003183   0.114756
      2       0.352243   0.114839  -0.115725
 A Tensor eigenvectors:
                   0          1          2    
      0       0.048228   0.490751  -0.869964
      1       0.389880  -0.811135  -0.435951
      2      -0.919602  -0.318157  -0.230454
 A Eigenvalues: 
                  0          1          2    
      0      -0.182896  -0.365599   1.429734
A(iso)  0.293747
 Nucleus: 24 H  
 Isotope: 1 
 Nuclear Spin:  0.5 
 Prefactor (MHz): 533.551395 
 Raw A tensor (MHz): 
                  0          1          2    
      0       0.999310   0.686502  -0.346889
      1       0.684927   0.008659  -0.113043
      2      -0.347110  -0.113122  -0.113167
 A Tensor eigenvectors:
                   0          1          2    
      0       0.047041   0.490169   0.870357
      1       0.385100  -0.812865   0.436977
      2       0.921675   0.314619  -0.227002
 A Eigenvalues: 
                  0          1          2    
      0      -0.178157  -0.361001   1.433961
A(iso)  0.298268
 Nucleus: 26 H  
 Isotope: 1 
 Nuclear Spin:  0.5 
 Prefactor (MHz): 533.551395 
 Raw A tensor (MHz): 
                  0          1          2    
      0      -0.092947   1.021492  -0.248948
      1       1.014055   0.735035  -0.413374
      2      -0.247067  -0.413753  -0.777100
 A Tensor eigenvectors:
                   0          1          2    
      0       0.835118  -0.074144  -0.545051
      1      -0.504807   0.290316  -0.812949
      2       0.218513   0.954054   0.205019
 A Eigenvalues: 
                  0          1          2    
      0      -0.772029  -0.883715   1.520732
A(iso)  -0.045004
 Nucleus: 27 H  
 Isotope: 1 
 Nuclear Spin:  0.5 
 Prefactor (MHz): 533.551395 
 Raw A tensor (MHz): 
                  0          1          2    
      0      -0.094509   1.019784   0.254767
      1       1.012349   0.730526   0.422181
      2       0.252869   0.422563  -0.773298
 A Tensor eigenvectors:
                   0          1          2    
      0       0.835427  -0.073191   0.544706
      1      -0.503570   0.295111   0.811989
      2      -0.220179  -0.952655   0.209687
 A Eigenvalues: 
                  0          1          2    
      0      -0.772827  -0.884682   1.520227
A(iso)  -0.045761
 Nucleus: 29 H  
 Isotope: 1 
 Nuclear Spin:  0.5 
 Prefactor (MHz): 533.551395 
 Raw A tensor (MHz): 
                  0          1          2    
      0       0.104712   0.354461   0.068277
      1       0.352687   0.140959   0.073265
      2       0.068430   0.073314  -0.214853
 A Tensor eigenvectors:
                   0          1          2    
      0       0.416785   0.601055  -0.681926
      1      -0.223733  -0.659281  -0.717838
      2      -0.881042   0.451753  -0.140303
 A Eigenvalues: 
                  0          1          2    
      0      -0.228778  -0.231504   0.491099
A(iso)  0.010273
 Nucleus: 30 H  
 Isotope: 1 
 Nuclear Spin:  0.5 
 Prefactor (MHz): 533.551395 
 Raw A tensor (MHz): 
                  0          1          2    
      0       0.105267   0.354876  -0.066040
      1       0.353103   0.141901  -0.070936
      2      -0.066188  -0.070983  -0.215453
 A Tensor eigenvectors:
                   0          1          2    
      0       0.413333   0.603130   0.682195
      1      -0.225854  -0.657871   0.718467
      2       0.882125  -0.451043  -0.135701
 A Eigenvalues: 
                  0          1          2    
      0      -0.228460  -0.231179   0.491354
A(iso)  0.010572
 Nucleus: 32 H  
 Isotope: 1 
 Nuclear Spin:  0.5 
 Prefactor (MHz): 533.551395 
 Raw A tensor (MHz): 
                  0          1          2    
      0      -0.126331   0.249993   0.035448
      1       0.248336   0.351587   0.085795
      2       0.035494   0.085843  -0.222571
 A Tensor eigenvectors:
                   0          1          2    
      0       0.879995  -0.271945   0.389428
      1      -0.325652   0.251419   0.911449
      2      -0.345774  -0.928889   0.132688
 A Eigenvalues: 
                  0          1          2    
      0      -0.232221  -0.235396   0.470303
A(iso)  0.000895
 Nucleus: 33 H  
 Isotope: 1 
 Nuclear Spin:  0.5 
 Prefactor (MHz): 533.551395 
 Raw A tensor (MHz): 
                  0          1          2    
      0      -0.126139   0.250254  -0.034135
      1       0.248597   0.352171  -0.082694
      2      -0.034179  -0.082741  -0.223404
 A Tensor eigenvectors:
                   0          1          2    
      0       0.879744  -0.272317  -0.389737
      1      -0.327657   0.246734  -0.912011
      2       0.344517   0.930035   0.127836
 A Eigenvalues: 
                  0          1          2    
      0      -0.232159  -0.235331   0.470118
A(iso)  0.000876
 Nucleus: 35 H  
 Isotope: 1 
 Nuclear Spin:  0.5 
 Prefactor (MHz): 533.551395 
 Raw A tensor (MHz): 
                  0          1          2    
      0      -0.202848  -0.096015  -0.000238
      1      -0.094648   0.381654   0.001504
      2      -0.000239   0.001505  -0.222207
 A Tensor eigenvectors:
                   0          1          2    
      0       0.987431   0.000165  -0.158048
      1       0.158047   0.002518   0.987428
      2       0.000561  -0.999997   0.002460
 A Eigenvalues: 
                  0          1          2    
      0      -0.218003  -0.222211   0.396812
A(iso)  -0.014467
 Nucleus: 36 H  
 Isotope: 1 
 Nuclear Spin:  0.5 
 Prefactor (MHz): 533.551395 
 Raw A tensor (MHz): 
                  0          1          2    
      0      -0.044453   0.184954   0.000535
      1       0.183829   0.180163   0.000951
      2       0.000536   0.000952  -0.148214
 A Tensor eigenvectors:
                   0          1          2    
      0       0.871502  -0.000799   0.490392
      1      -0.490387   0.003346   0.871498
      2      -0.002337  -0.999994   0.002524
 A Eigenvalues: 
                  0          1          2    
      0      -0.148046  -0.148217   0.283759
A(iso)  -0.004168
 Nucleus: 43 H  
 Isotope: 1 
 Nuclear Spin:  0.5 
 Prefactor (MHz): 533.551395 
 Raw A tensor (MHz): 
                  0          1          2    
      0       0.185030   0.009690   0.000013
      1       0.009667   0.368983   0.000332
      2       0.000013   0.000332   0.218211
 A Tensor eigenvectors:
                   0          1          2    
      0       0.998623   0.000248   0.052456
      1      -0.052457   0.002187   0.998621
      2       0.000133  -0.999998   0.002197
 A Eigenvalues: 
                  0          1          2    
      0       0.184522   0.218211   0.369492
A(iso)  0.257408
 Nucleus: 44 H  
 Isotope: 1 
 Nuclear Spin:  0.5 
 Prefactor (MHz): 533.551395 
 Raw A tensor (MHz): 
                  0          1          2    
      0      -0.016521   0.062403   0.000161
      1       0.062395  -0.149127  -0.000034
      2       0.000161  -0.000034  -0.125435
 A Tensor eigenvectors:
                   0          1          2    
      0       0.929569   0.000265  -0.368647
      1       0.368646   0.002119   0.929568
      2       0.001027  -0.999998   0.001872
 A Eigenvalues: 
                  0          1          2    
