-------------------------------------------------------------
----------------------- !PROPERTIES! ------------------------
-------------------------------------------------------------
# -----------------------------------------------------------
$ PAL_Flags
   description: The PAL Flags
   geom. index: 1
   prop. index: 1
        Diskflag:     2
# -----------------------------------------------------------
$ SCF_Energy
   description: The SCF energy
   geom. index: 1
   prop. index: 1
        SCF Energy:     -890.7715966084
# -----------------------------------------------------------
$ DFT_Energy
   description: The DFT energy
   geom. index: 1
   prop. index: 1
   Number of Alpha Electrons                 83.0001762557 
   Number of Beta  Electrons                 80.0001797447 
   Total number of  Electrons               163.0003560004 
   Exchange energy                         -101.4612824644 
   Correlation energy                        -6.3022844247 
   Correlation energy NL                      0.0000000000 
   Exchange-Correlation energy             -107.7635668891 
   Embedding correction                       0.0000000000 
   Total DFT Energy (No VdW correction)    -890.7715966084 
# -----------------------------------------------------------
$ Mayer_Pop
   description: The Mayer population analysis
   geom. index: 1
   prop. index: 1
     Number of atoms                     : 48
     Threshold for printing              : 0.1000000
     Number of bond orders printed       : 59
  NA   - Mulliken gross atomic population
  ZA   - Total nuclear charge
  QA   - Mulliken gross atomic charge
  VA   - Mayer's total valence
  BVA  - Mayer's bonded valence
  FA   - Mayer's free valence
  ATOM       NA         ZA         QA         VA         BVA        FA
  0   0     6.4391     6.0000    -0.4391     3.4107     1.3319     2.0788
  1   0     6.3648     6.0000    -0.3648     3.7889     3.7852     0.0037
  2   0     5.5833     6.0000     0.4167     3.8510     3.8081     0.0429
  3   0     5.6810     6.0000     0.3190     3.8778     3.8431     0.0347
  4   0     6.4280     6.0000    -0.4280     4.3159     4.3064     0.0095
  5   0     5.4831     6.0000     0.5169     3.9225     3.8841     0.0384
  6   0     5.7429     6.0000     0.2571     3.9761     3.9668     0.0093
  7   0     6.3772     6.0000    -0.3772     4.2589     4.2241     0.0348
  8   0     0.8675     1.0000     0.1325     0.9666     0.9664     0.0002
  9   0     0.8687     1.0000     0.1313     0.9668     0.9667     0.0001
 10   0     6.3609     6.0000    -0.3609     4.0041     4.0034     0.0007
 11   0     0.8501     1.0000     0.1499     0.9645     0.9644     0.0001
 12   0     0.8502     1.0000     0.1498     0.9645     0.9644     0.0001
 13   0     6.2644     6.0000    -0.2644     4.0269     4.0269     0.0000
 14   0     0.8600     1.0000     0.1400     0.9664     0.9664     0.0000
 15   0     0.8600     1.0000     0.1400     0.9664     0.9664     0.0000
 16   0     6.2552     6.0000    -0.2552     3.8889     3.8889     0.0000
 17   0     0.8578     1.0000     0.1422     0.9674     0.9674     0.0000
 18   0     0.8578     1.0000     0.1422     0.9674     0.9674     0.0000
 19   0     6.5088     6.0000    -0.5088     3.9006     3.9006     0.0000
 20   0     0.8422     1.0000     0.1578     0.9657     0.9657     0.0000
 21   0     0.8422     1.0000     0.1578     0.9657     0.9657     0.0000
 22   0     6.3500     6.0000    -0.3500     4.0212     4.0211     0.0001
 23   0     0.8492     1.0000     0.1508     0.9635     0.9635     0.0000
 24   0     0.8494     1.0000     0.1506     0.9635     0.9635     0.0000
 25   0     6.2657     6.0000    -0.2657     4.0267     4.0267     0.0000
 26   0     0.8609     1.0000     0.1391     0.9669     0.9669     0.0000
 27   0     0.8609     1.0000     0.1391     0.9669     0.9669     0.0000
 28   0     6.2555     6.0000    -0.2555     3.8925     3.8925     0.0000
 29   0     0.8583     1.0000     0.1417     0.9676     0.9676     0.0000
 30   0     0.8584     1.0000     0.1416     0.9676     0.9676     0.0000
 31   0     6.5086     6.0000    -0.5086     3.9010     3.9010     0.0000
 32   0     0.8419     1.0000     0.1581     0.9657     0.9657     0.0000
 33   0     0.8419     1.0000     0.1581     0.9657     0.9657     0.0000
 34   0     6.3117     6.0000    -0.3117     3.9672     3.9549     0.0123
 35   0     0.8563     1.0000     0.1437     0.9670     0.9670     0.0000
 36   0     0.8572     1.0000     0.1428     0.9671     0.9671     0.0000
 37   0     5.4036     6.0000     0.5964     3.9368     3.9363     0.0005
 38   0     6.2819     6.0000    -0.2819     4.2000     4.1990     0.0010
 39   0     6.0974     6.0000    -0.0974     4.0982     4.0980     0.0002
 40   0     6.1222     6.0000    -0.1222     4.0784     4.0772     0.0012
 41   0     6.1006     6.0000    -0.1006     4.1019     4.1017     0.0002
 42   0     6.2758     6.0000    -0.2758     4.1878     4.1868     0.0010
 43   0     0.8942     1.0000     0.1058     0.9584     0.9584     0.0000
 44   0     0.8951     1.0000     0.1049     0.9617     0.9617     0.0000
 45   0     0.8814     1.0000     0.1186     0.9607     0.9607     0.0000
 46   0     0.8818     1.0000     0.1182     0.9607     0.9607     0.0000
 47   0     0.8951     1.0000     0.1049     0.9619     0.9619     0.0000
      Bond orders larger than 0.1000000
           Atom A     A.N. of A          Atom B    A.N. of B              Bond order
                0             6               2            6                0.924846
                0             6               7            6                0.128865
                1             6               5            6                0.827287
                1             6               6            6                0.114508
                1             6              34            6                2.478124
                2             6               3            6                1.302727
                2             6               4            6                0.108491
                2             6               6            6                0.108214
                2             6               7            6                1.306166
                3             6               4            6                1.485506
                3             6               5            6                0.111390
                3             6              10            6                0.932850
                4             6               5            6                1.401278
                4             6               8            1                0.971310
                5             6               6            6                1.335550
                5             6               7            6                0.139487
                5             6              34            6                0.115794
                6             6               7            6                1.499603
                6             6              22            6                0.966385
                7             6               9            1                0.973699
               10             6              11            1                0.960065
               10             6              12            1                0.960080
               10             6              13            6                1.024313
               13             6              14            1                0.961541
               13             6              15            1                0.961567
               13             6              16            6                0.986525
               16             6              17            1                0.971068
               16             6              18            1                0.971091
               16             6              19            6                0.954730
               19             6              20            1                0.972594
               19             6              21            1                0.972592
               19             6              35            1                0.967692
               22             6              23            1                0.954934
               22             6              24            1                0.955002
               22             6              25            6                1.023823
               25             6              26            1                0.960827
               25             6              27            1                0.960865
               25             6              28            6                0.988657
               28             6              29            1                0.971342
               28             6              30            1                0.971324
               28             6              31            6                0.954122
               31             6              32            1                0.972966
               31             6              33            1                0.972972
               31             6              36            1                0.967263
               34             6              37            6                1.014888
               37             6              38            6                1.384781
               37             6              39            6                0.100021
               37             6              42            6                1.380476
               38             6              39            6                1.478411
               38             6              40            6                0.100932
               38             6              45            1                0.982664
               39             6              40            6                1.450739
               39             6              47            1                0.976378
               40             6              41            6                1.453255
               40             6              42            6                0.102242
               40             6              43            1                0.965945
               41             6              42            6                1.478336
               41             6              44            1                0.977262
               42             6              46            1                0.980416
# -----------------------------------------------------------
$ Calculation_Info
   description: Details of the calculation
   geom. index: 1
   prop. index: 1
     Multiplicity:                          4
     Charge:                                0
     number of atoms:                       48
     number of electrons:                   0
     number of frozen core electrons:       1
     number of correlated electrons:        0
     number of basis functions:             566
     number of aux C basis functions:       3940
     number of aux J basis functions:       3940
     number of aux JK basis functions:      3940
     number of aux CABS basis functions:    0
     Total Energy                           -890.771597
# -----------------------------------------------------------
$ SCF_Electric_Properties
   description: The SCF Calculated Electric Properties
   geom. index: 1
   prop. index: 1
       Filename                          : EPRII_i.scfp 
       Do Dipole Moment Calculation      : true 
       Do Quadrupole Moment Calculation  : false 
       Do Polarizability Calculation     : false 
** Dipole moment part of electric properties **
        Magnitude of dipole moment (Debye) :        1.2687864564
        Electronic Contribution:
                  0    
      0      11.147627
      1      -0.257117
      2      -0.000819
        Nuclear Contribution:
                  0    
      0     -10.650616
      1       0.210747
      2       0.000901
        Total Dipole moment:
                  0    
      0       0.497010
      1      -0.046370
      2       0.000083
# -----------------------------------------------------------
$ EPRNMR_GTensor
   description: Electronic g tensor
   geom. index: 1
   prop. index: 1
 Source density: 1 SCF 
 Spin multiplicity: 4 
 raw g tensor: 
                  0          1          2    
      0       2.002215  -0.000010  -0.000000
      1      -0.000007   2.002152  -0.000000
      2      -0.000000  -0.000000   2.002266
 g tensor: 
                  0          1          2    
      0       0.134286   0.990942   0.001112
      1       0.990939  -0.134289   0.002637
      2       0.002762   0.000748  -0.999996
 G eigenvalues: 
                  0          1          2    
      0       2.002151   2.002216   2.002266
# -----------------------------------------------------------
$ EPRNMR_OrbitalShielding
   description: Orbital contribution to the NMR Shielding tensor (ppm)
   geom. index: 1
   prop. index: 1
 Number of stored nuclei 25
 Source density: 1 SCF 
 Nucleus: 8 H 
 Shielding tensor (ppm): 
                  0          1          2    
      0      28.304204   5.936111   0.020518
      1       5.883054  25.586087   0.018785
      2       0.022393   0.019298  19.122569
 P Tensor eigenvectors:
                   0          1          2    
      0      -0.001050  -0.623233  -0.782036
      1      -0.001964   0.782036  -0.623230
      2       0.999998   0.000882  -0.002046
 P Eigenvalues: 
                  0          1          2    
      0      19.122509  20.881306  33.009046
P(iso)  24.337620
 Nucleus: 9 H 
 Shielding tensor (ppm): 
                  0          1          2    
      0      27.812780   4.929952   0.017989
      1       4.865706  26.515118   0.020568
      2       0.018295   0.020737  19.745736
 P Tensor eigenvectors:
                   0          1          2    
      0      -0.000702  -0.659489  -0.751713
      1      -0.002538   0.751712  -0.659486
      2       0.999997   0.001445  -0.002202
 P Eigenvalues: 
                  0          1          2    
      0      19.745671  22.223339  32.104624
P(iso)  24.691211
 Nucleus: 11 H 
 Shielding tensor (ppm): 
                  0          1          2    
      0      28.725255  -1.076855   3.749697
      1      -0.358500  31.140465  -0.511249
      2       4.731720   0.752404  26.883102
 P Tensor eigenvectors:
                   0          1          2    
      0      -0.622632   0.263074  -0.736968
      1      -0.057352   0.923919   0.378264
      2       0.780410   0.277786  -0.560174
 P Eigenvalues: 
                  0          1          2    
      0      23.428013  30.977617  32.343191
P(iso)  28.916274
 Nucleus: 12 H 
 Shielding tensor (ppm): 
                  0          1          2    
      0      28.742105  -1.059662  -3.752152
      1      -0.337292  31.142753   0.530989
      2      -4.729729  -0.732774  26.862343
 P Tensor eigenvectors:
                   0          1          2    
      0       0.620980  -0.264616   0.737809
      1       0.053614  -0.924747  -0.376786
      2       0.781990   0.273534  -0.560063
 P Eigenvalues: 
                  0          1          2    
      0      23.425738  30.977525  32.343937
P(iso)  28.915733
 Nucleus: 14 H 
 Shielding tensor (ppm): 
                  0          1          2    
      0      30.364005   1.135362  -3.764156
      1       0.934490  31.444967   0.160319
      2      -3.513334   1.375908  28.184262
 P Tensor eigenvectors:
                   0          1          2    
      0       0.595264   0.080452   0.799492
      1      -0.185975  -0.954165   0.234485
      2       0.781712  -0.288266  -0.553018
 P Eigenvalues: 
                  0          1          2    
      0      25.230532  31.599444  33.163258
P(iso)  29.997745
 Nucleus: 15 H 
 Shielding tensor (ppm): 
                  0          1          2    
      0      30.345896   1.117691   3.772337
      1       0.915798  31.452022  -0.143609
      2       3.521642  -1.360243  28.196861
 P Tensor eigenvectors:
                   0          1          2    
      0      -0.597158   0.078349   0.798288
      1       0.182316  -0.955912   0.230201
      2       0.781129   0.283007   0.556546
 P Eigenvalues: 
                  0          1          2    
      0      25.233512  31.600788  33.160480
P(iso)  29.998260
 Nucleus: 17 H 
 Shielding tensor (ppm): 
                  0          1          2    
      0      30.935996  -0.008507  -4.750974
      1       0.187370  30.808101  -0.346775
      2      -4.423342  -1.034568  28.684834
 P Tensor eigenvectors:
                   0          1          2    
      0       0.613822  -0.153004  -0.774476
      1       0.078932   0.988017  -0.132632
      2       0.785489   0.020282   0.618543
 P Eigenvalues: 
                  0          1          2    
      0      25.045873  30.783972  34.599085
P(iso)  30.142977
 Nucleus: 18 H 
 Shielding tensor (ppm): 
                  0          1          2    
      0      30.912814  -0.032704   4.755803
      1       0.165810  30.800764   0.356913
      2       4.429833   1.044865  28.715439
 P Tensor eigenvectors:
                   0          1          2    
      0      -0.615824  -0.153025  -0.772880
      1      -0.082610   0.988091  -0.129812
      2       0.783541  -0.016094  -0.621132
 P Eigenvalues: 
                  0          1          2    
      0      25.046754  30.783052  34.599211
P(iso)  30.143006
 Nucleus: 20 H 
 Shielding tensor (ppm): 
                  0          1          2    
      0      30.266112  -1.521466   3.978577
      1      -2.395457  30.880740  -2.361211
      2       3.282968  -1.988836  30.972332
 P Tensor eigenvectors:
                   0          1          2    
      0      -0.743408   0.330052   0.581730
      1      -0.000267   0.869615  -0.493730
      2       0.668838   0.367198   0.646391
 P Eigenvalues: 
                  0          1          2    
      0      26.971452  29.192904  35.954828
P(iso)  30.706394
 Nucleus: 21 H 
 Shielding tensor (ppm): 
                  0          1          2    
      0      30.287252  -1.507168  -3.989409
      1      -2.385697  30.860612   2.352924
      2      -3.297147   1.982594  30.971694
 P Tensor eigenvectors:
                   0          1          2    
      0      -0.741441   0.331052  -0.583668
      1       0.002950   0.871425   0.490519
      2      -0.671011  -0.361970   0.647087
 P Eigenvalues: 
                  0          1          2    
      0      26.970190  29.194889  35.954478
P(iso)  30.706519
 Nucleus: 23 H 
 Shielding tensor (ppm): 
                  0          1          2    
      0      29.044565  -2.015517   3.347020
      1      -1.387746  31.428890  -0.215136
      2       4.444627   0.963392  25.898076
 P Tensor eigenvectors:
                   0          1          2    
      0      -0.562765   0.519183  -0.643230
      1      -0.140109   0.706978   0.693219
      2       0.814656   0.480241  -0.325120
 P Eigenvalues: 
                  0          1          2    
      0      23.077248  30.458205  32.836077
P(iso)  28.790510
 Nucleus: 24 H 
 Shielding tensor (ppm): 
                  0          1          2    
      0      29.058500  -1.999351  -3.355242
      1      -1.366235  31.432959   0.240854
      2      -4.453676  -0.936504  25.877713
 P Tensor eigenvectors:
                   0          1          2    
      0       0.561361   0.519509  -0.644193
      1       0.135852   0.710005   0.690968
      2       0.816344  -0.475397   0.327993
 P Eigenvalues: 
                  0          1          2    
      0      23.070229  30.458606  32.840338
P(iso)  28.789724
 Nucleus: 26 H 
 Shielding tensor (ppm): 
                  0          1          2    
      0      30.354726   0.631413   3.888665
      1       0.536980  31.498935  -0.152114
      2       3.828826  -1.399930  28.221776
 P Tensor eigenvectors:
                   0          1          2    
      0      -0.599464  -0.092584   0.795029
      1       0.141754  -0.989866  -0.008388
      2       0.787749   0.107670   0.606513
 P Eigenvalues: 
                  0          1          2    
      0      25.137111  31.646697  33.291628
P(iso)  30.025146
 Nucleus: 27 H 
 Shielding tensor (ppm): 
                  0          1          2    
      0      30.369302   0.650738  -3.883093
      1       0.557849  31.490861   0.169256
      2      -3.824570   1.416896  28.214980
 P Tensor eigenvectors:
                   0          1          2    
      0       0.598042  -0.091467   0.796228
      1      -0.145801  -0.989305  -0.004136
      2       0.788091  -0.113617  -0.604982
 P Eigenvalues: 
                  0          1          2    
      0      25.134770  31.646740  33.293632
P(iso)  30.025047
 Nucleus: 29 H 
 Shielding tensor (ppm): 
                  0          1          2    
      0      30.851873  -0.454020   4.651788
      1      -0.212968  31.012061   0.423631
      2       4.251566   1.181511  28.393184
 P Tensor eigenvectors:
                   0          1          2    
      0      -0.600598  -0.135428  -0.787999
      1      -0.129542   0.989012  -0.071240
      2       0.788988   0.059292  -0.611542
 P Eigenvalues: 
                  0          1          2    
      0      24.889094  31.111887  34.256137
P(iso)  30.085706
 Nucleus: 30 H 
 Shielding tensor (ppm): 
                  0          1          2    
      0      30.871073  -0.428978  -4.650110
      1      -0.190928  31.021280  -0.410555
      2      -4.250062  -1.166647  28.364734
 P Tensor eigenvectors:
                   0          1          2    
      0       0.598919  -0.134846  -0.789375
      1       0.125375   0.989355  -0.073883
      2       0.790935  -0.054718   0.609449
 P Eigenvalues: 
                  0          1          2    
      0      24.886515  31.113010  34.257563
P(iso)  30.085696
 Nucleus: 32 H 
 Shielding tensor (ppm): 
                  0          1          2    
      0      30.277294  -1.765785  -4.035091
      1      -2.632280  30.876121   2.357404
      2      -3.376060   1.966110  30.952965
 P Tensor eigenvectors:
                   0          1          2    
      0      -0.757064   0.283013  -0.588861
      1      -0.065368   0.863974   0.499276
      2      -0.650062  -0.416477   0.635584
 P Eigenvalues: 
                  0          1          2    
      0      26.884134  29.083921  36.138326
P(iso)  30.702127
 Nucleus: 33 H 
 Shielding tensor (ppm): 
                  0          1          2    
      0      30.259001  -1.782312   4.022937
      1      -2.644392  30.897760  -2.364775
      2       3.358867  -1.971430  30.949151
 P Tensor eigenvectors:
                   0          1          2    
      0      -0.758738   0.281895   0.587241
      1      -0.068863   0.861748  -0.502642
      2       0.647745   0.421813   0.634429
 P Eigenvalues: 
                  0          1          2    
      0      26.885798  29.082353  36.137761
P(iso)  30.701971
 Nucleus: 35 H 
 Shielding tensor (ppm): 
                  0          1          2    
      0      29.061248   2.082097   0.009409
      1       3.341329  36.475689   0.030486
      2       0.012729   0.028639  25.907098
 P Tensor eigenvectors:
                   0          1          2    
      0      -0.001415   0.947531   0.319662
      1      -0.002434  -0.319664   0.947528
      2       0.999996   0.000562   0.002759
 P Eigenvalues: 
                  0          1          2    
      0      25.907010  28.176184  37.360841
P(iso)  30.481345
 Nucleus: 36 H 
 Shielding tensor (ppm): 
                  0          1          2    
      0      29.029214   1.867766   0.008697
      1       3.143045  36.562636   0.032094
      2       0.011614   0.030838  25.806875
 P Tensor eigenvectors:
                   0          1          2    
      0      -0.001076  -0.954387  -0.298569
      1      -0.002675   0.298571  -0.954384
      2       0.999996  -0.000228  -0.002874
 P Eigenvalues: 
                  0          1          2    
      0      25.806780  28.272935  37.319010
P(iso)  30.466242
 Nucleus: 43 H 
 Shielding tensor (ppm): 
                  0          1          2    
      0      24.145315   0.070291   0.000872
      1       0.070001  27.365305   0.007670
      2       0.000453   0.007670  21.480716
 P Tensor eigenvectors:
                   0          1          2    
      0      -0.000219  -0.999763  -0.021767
      1      -0.001301   0.021767  -0.999762
      2       0.999999  -0.000191  -0.001305
 P Eigenvalues: 
                  0          1          2    
      0      21.480706  24.143788  27.366843
P(iso)  24.330445
 Nucleus: 44 H 
 Shielding tensor (ppm): 
                  0          1          2    
      0      27.142895  -1.677099  -0.000703
      1      -1.637057  24.615096   0.004418
      2      -0.001219   0.004308  21.169063
 P Tensor eigenvectors:
                   0          1          2    
      0      -0.000226   0.443936  -0.896058
      1      -0.001373   0.896057   0.443936
      2       0.999999   0.001330   0.000407
 P Eigenvalues: 
                  0          1          2    
      0      21.169058  23.794930  27.963066
P(iso)  24.309018
 Nucleus: 45 H 
 Shielding tensor (ppm): 
                  0          1          2    
      0      27.456287  -3.427700  -0.001937
      1      -2.501375  24.574885   0.006654
      2      -0.000935   0.005850  20.219528
 P Tensor eigenvectors:
                   0          1          2    
      0      -0.000547   0.538044  -0.842916
      1      -0.001806   0.842915   0.538044
      2       0.999998   0.001817   0.000510
 P Eigenvalues: 
                  0          1          2    
      0      20.219518  22.720043  29.311140
P(iso)  24.083567
 Nucleus: 46 H 
 Shielding tensor (ppm): 
                  0          1          2    
      0      28.423954   2.705874   0.003669
      1       1.912109  23.812512   0.006664
      2       0.000195   0.006138  19.913842
 P Tensor eigenvectors:
                   0          1          2    
      0       0.000240  -0.390018  -0.920807
      1      -0.001801   0.920806  -0.390018
      2       0.999998   0.001752  -0.000481
 P Eigenvalues: 
                  0          1          2    
      0      19.913831  22.855524  29.380953
P(iso)  24.050103
 Nucleus: 47 H 
 Shielding tensor (ppm): 
                  0          1          2    
      0      27.217520   1.347718   0.003520
      1       1.344208  24.456933   0.005039
      2       0.003076   0.005290  21.217092
 P Tensor eigenvectors:
                   0          1          2    
      0      -0.000216  -0.376892  -0.926257
      1      -0.001503   0.926256  -0.376891
      2       0.999999   0.001311  -0.000767
 P Eigenvalues: 
                  0          1          2    
      0      21.217084  23.909324  27.765138
P(iso)  24.297182
# -----------------------------------------------------------
$ EPRNMR_ATensor
   description: Hyperfine A tensor
   geom. index: 1
   prop. index: 1
 Number of stored nuclei 25
 Source density: 1 SCF 
 Spin multiplicity: 4 
 Nucleus: 8 H  
 Isotope: 1 
 Nuclear Spin:  0.5 
 Prefactor (MHz): 533.551395 
 Raw A tensor (MHz): 
                  0          1          2    
      0       7.422521   0.018518   0.002124
      1       0.018722   5.561782   0.002738
      2       0.002124   0.002738   4.436295
 A Tensor eigenvectors:
                   0          1          2    
      0      -0.000696  -0.009953  -0.999950
      1      -0.002422   0.999948  -0.009952
      2       0.999997   0.002415  -0.000720
 A Eigenvalues: 
                  0          1          2    
      0       4.436287   5.561602   7.422708
A(iso)  5.806866
 Nucleus: 9 H  
 Isotope: 1 
 Nuclear Spin:  0.5 
 Prefactor (MHz): 533.551395 
 Raw A tensor (MHz): 
                  0          1          2    
      0      -5.462940   1.642346   0.006710
      1       1.642498  -0.183792   0.023459
      2       0.006710   0.023459  -8.760290
 A Tensor eigenvectors:
                   0          1          2    
      0       0.274713   0.961526   0.000743
      1       0.961523  -0.274714   0.002593
      2       0.002697   0.000003  -0.999996
 A Eigenvalues: 
                  0          1          2    
      0       0.285542  -5.932209  -8.760356
A(iso)  -4.802341
 Nucleus: 11 H  
 Isotope: 1 
 Nuclear Spin:  0.5 
 Prefactor (MHz): 533.551395 
 Raw A tensor (MHz): 
                  0          1          2    
      0       4.812887  -1.999236  -0.351732
      1      -1.998971  11.014910   2.546322
      2      -0.351391   2.546579   4.918118
 A Tensor eigenvectors:
                   0          1          2    
      0       0.532061   0.807922   0.253323
      1       0.407713   0.017749  -0.912938
      2      -0.742079   0.589022  -0.319957
 A Eigenvalues: 
                  0          1          2    
      0       3.771205   4.512656  12.462054
A(iso)  6.915305
 Nucleus: 12 H  
 Isotope: 1 
 Nuclear Spin:  0.5 
 Prefactor (MHz): 533.551395 
 Raw A tensor (MHz): 
                  0          1          2    
      0       4.811207  -1.998345   0.340277
      1      -1.998078  11.045775  -2.518211
      2       0.339937  -2.518468   4.891190
 A Tensor eigenvectors:
                   0          1          2    
      0      -0.530994  -0.808792  -0.252786
      1      -0.403673  -0.020854   0.914666
      2      -0.745046   0.587725  -0.315414
 A Eigenvalues: 
                  0          1          2    
      0       3.769211   4.512534  12.466427
A(iso)  6.916057
 Nucleus: 14 H  
 Isotope: 1 
 Nuclear Spin:  0.5 
 Prefactor (MHz): 533.551395 
 Raw A tensor (MHz): 
                  0          1          2    
      0       0.051572  -0.907128  -0.237404
      1      -0.906894   0.872874   0.362965
      2      -0.237372   0.363051  -0.473543
 A Tensor eigenvectors:
                   0          1          2    
      0       0.828452  -0.180322  -0.530238
      1       0.554592   0.132144   0.821563
      2      -0.078078  -0.974691   0.209480
 A Eigenvalues: 
                  0          1          2    
      0      -0.533203  -0.566688   1.550795
A(iso)  0.150301
 Nucleus: 15 H  
 Isotope: 1 
 Nuclear Spin:  0.5 
 Prefactor (MHz): 533.551395 
 Raw A tensor (MHz): 
                  0          1          2    
      0       0.048923  -0.907804   0.233845
      1      -0.907570   0.875070  -0.358218
      2       0.233813  -0.358305  -0.477882
 A Tensor eigenvectors:
                   0          1          2    
      0       0.829064  -0.178818   0.529789
      1       0.553624   0.129599  -0.822621
      2       0.078439   0.975309   0.206443
 A Eigenvalues: 
                  0          1          2    
      0      -0.535046  -0.568371   1.549529
A(iso)  0.148704
 Nucleus: 17 H  
 Isotope: 1 
 Nuclear Spin:  0.5 
 Prefactor (MHz): 533.551395 
 Raw A tensor (MHz): 
                  0          1          2    
      0      -0.441806  -0.120649   0.011209
      1      -0.120424   1.068965  -0.279294
      2       0.011139  -0.279320  -0.454622
 A Tensor eigenvectors:
                   0          1          2    
      0       0.980876   0.178881   0.076705
      1       0.043027   0.185060  -0.981785
      2      -0.189818   0.966310   0.173824
 A Eigenvalues: 
                  0          1          2    
      0      -0.449244  -0.506045   1.127826
A(iso)  0.057512
 Nucleus: 18 H  
 Isotope: 1 
 Nuclear Spin:  0.5 
 Prefactor (MHz): 533.551395 
 Raw A tensor (MHz): 
                  0          1          2    
      0      -0.441551  -0.121238  -0.011868
      1      -0.121013   1.065750   0.286862
      2      -0.011797   0.286888  -0.451531
 A Tensor eigenvectors:
                   0          1          2    
      0       0.980592   0.180249  -0.077138
      1       0.042222   0.190067   0.980863
      2       0.191461  -0.965083   0.178767
 A Eigenvalues: 
                  0          1          2    
      0      -0.449065  -0.505820   1.127553
A(iso)  0.057556
 Nucleus: 20 H  
 Isotope: 1 
 Nuclear Spin:  0.5 
 Prefactor (MHz): 533.551395 
 Raw A tensor (MHz): 
                  0          1          2    
      0      -0.120593  -0.202567   0.027124
      1      -0.202472   0.361644  -0.081953
      2       0.027106  -0.081960  -0.207791
 A Tensor eigenvectors:
                   0          1          2    
      0       0.939478   0.050457   0.338872
      1       0.327655   0.156703  -0.931712
      2      -0.100114   0.986356   0.130687
 A Eigenvalues: 
                  0          1          2    
      0      -0.194100  -0.219425   0.446785
A(iso)  0.011087
 Nucleus: 21 H  
 Isotope: 1 
 Nuclear Spin:  0.5 
 Prefactor (MHz): 533.551395 
 Raw A tensor (MHz): 
                  0          1          2    
      0      -0.120440  -0.202616  -0.027964
      1      -0.202520   0.360763   0.084275
      2      -0.027945   0.084282  -0.207098
 A Tensor eigenvectors:
                   0          1          2    
      0       0.939315   0.051161  -0.339219
      1       0.327460   0.161034   0.931041
      2       0.102259  -0.985622   0.134509
 A Eigenvalues: 
                  0          1          2    
      0      -0.194088  -0.219417   0.446730
A(iso)  0.011075
 Nucleus: 23 H  
 Isotope: 1 
 Nuclear Spin:  0.5 
 Prefactor (MHz): 533.551395 
 Raw A tensor (MHz): 
                  0          1          2    
      0      -2.715707   0.502601   0.185670
      1       0.502507  -3.184967   0.164989
      2       0.185745   0.164945  -3.630555
 A Tensor eigenvectors:
                   0          1          2    
      0      -0.824987   0.563630  -0.041442
      1      -0.532934  -0.800267  -0.274871
      2      -0.188090  -0.204679   0.960588
 A Eigenvalues: 
                  0          1          2    
      0      -2.348736  -3.496724  -3.685769
A(iso)  -3.177076
 Nucleus: 24 H  
 Isotope: 1 
 Nuclear Spin:  0.5 
 Prefactor (MHz): 533.551395 
 Raw A tensor (MHz): 
                  0          1          2    
      0      -2.714205   0.503487  -0.181890
      1       0.503393  -3.182146  -0.161616
      2      -0.181965  -0.161572  -3.632274
 A Tensor eigenvectors:
                   0          1          2    
      0       0.825323   0.563139  -0.041432
      1       0.533819  -0.802058  -0.267844
      2      -0.184064   0.198941  -0.962571
 A Eigenvalues: 
                  0          1          2    
      0      -2.348021  -3.495537  -3.685067
A(iso)  -3.176208
 Nucleus: 26 H  
 Isotope: 1 
 Nuclear Spin:  0.5 
 Prefactor (MHz): 533.551395 
 Raw A tensor (MHz): 
                  0          1          2    
      0       0.086431   0.884492  -0.186392
      1       0.884136   0.916246  -0.340565
      2      -0.186245  -0.340652  -0.459997
 A Tensor eigenvectors:
                   0          1          2    
      0       0.828836  -0.194306  -0.524668
      1      -0.447388   0.332942  -0.830056
      2       0.335970   0.922710   0.189024
 A Eigenvalues: 
                  0          1          2    
      0      -0.466355  -0.543694   1.552728
A(iso)  0.180893
 Nucleus: 27 H  
 Isotope: 1 
 Nuclear Spin:  0.5 
 Prefactor (MHz): 533.551395 
 Raw A tensor (MHz): 
                  0          1          2    
      0       0.085563   0.883156   0.191661
      1       0.882801   0.912831   0.348955
      2       0.191512   0.349043  -0.456228
 A Tensor eigenvectors:
                   0          1          2    
      0       0.829252  -0.193446   0.524328
      1      -0.445426   0.337872   0.829119
      2      -0.337546  -0.921098   0.194015
 A Eigenvalues: 
                  0          1          2    
      0      -0.466635  -0.544039   1.552840
A(iso)  0.180722
 Nucleus: 29 H  
 Isotope: 1 
 Nuclear Spin:  0.5 
 Prefactor (MHz): 533.551395 
 Raw A tensor (MHz): 
                  0          1          2    
      0       0.074413   0.288902   0.052110
      1       0.288789   0.134667   0.070512
      2       0.052093   0.070526  -0.222327
 A Tensor eigenvectors:
                   0          1          2    
      0       0.749112  -0.032934   0.661624
      1      -0.641756   0.211571   0.737148
      2      -0.164258  -0.976808   0.137354
 A Eigenvalues: 
                  0          1          2    
      0      -0.184455  -0.235846   0.407055
A(iso)  -0.004415
 Nucleus: 30 H  
 Isotope: 1 
 Nuclear Spin:  0.5 
 Prefactor (MHz): 533.551395 
 Raw A tensor (MHz): 
                  0          1          2    
      0       0.074602   0.289228  -0.050159
      1       0.289115   0.135381  -0.068109
      2      -0.050142  -0.068122  -0.223246
 A Tensor eigenvectors:
                   0          1          2    
      0       0.748875  -0.033345  -0.661872
      1      -0.642965   0.205428  -0.737832
      2       0.160570   0.978104   0.132400
 A Eigenvalues: 
                  0          1          2    
      0      -0.184420  -0.235844   0.407001
A(iso)  -0.004421
 Nucleus: 32 H  
 Isotope: 1 
 Nuclear Spin:  0.5 
 Prefactor (MHz): 533.551395 
 Raw A tensor (MHz): 
                  0          1          2    
      0      -0.119948   0.206271   0.028963
      1       0.206150   0.311639   0.076012
      2       0.028944   0.076021  -0.212868
 A Tensor eigenvectors:
                   0          1          2    
      0       0.929424  -0.013280   0.368774
      1      -0.363079   0.145588   0.920314
      2      -0.065911  -0.989256   0.130491
 A Eigenvalues: 
                  0          1          2    
      0      -0.202540  -0.223668   0.405030
A(iso)  -0.007059
 Nucleus: 33 H  
 Isotope: 1 
 Nuclear Spin:  0.5 
 Prefactor (MHz): 533.551395 
 Raw A tensor (MHz): 
                  0          1          2    
      0      -0.119803   0.206512  -0.027802
      1       0.206390   0.312268  -0.073037
      2      -0.027784  -0.073046  -0.213668
 A Tensor eigenvectors:
                   0          1          2    
      0       0.929304  -0.013970  -0.369051
      1      -0.363613   0.140311  -0.920923
      2       0.064647   0.990009   0.125312
 A Eigenvalues: 
                  0          1          2    
      0      -0.202498  -0.223629   0.404923
A(iso)  -0.007068
 Nucleus: 35 H  
 Isotope: 1 
 Nuclear Spin:  0.5 
 Prefactor (MHz): 533.551395 
 Raw A tensor (MHz): 
                  0          1          2    
      0      -0.177625  -0.083961  -0.000194
      1      -0.083865   0.348282   0.001302
      2      -0.000194   0.001302  -0.203756
 A Tensor eigenvectors:
                   0          1          2    
      0       0.988083   0.000297  -0.153919
      1       0.153918   0.002403   0.988081
      2       0.000663  -0.999997   0.002329
 A Eigenvalues: 
                  0          1          2    
      0      -0.190690  -0.203759   0.361350
A(iso)  -0.011033
 Nucleus: 36 H  
 Isotope: 1 
 Nuclear Spin:  0.5 
 Prefactor (MHz): 533.551395 
 Raw A tensor (MHz): 
                  0          1          2    
      0      -0.044488   0.153981   0.000470
      1       0.153896   0.171552   0.000940
      2       0.000470   0.000940  -0.141121
 A Tensor eigenvectors:
                   0          1          2    
      0       0.887214   0.000329   0.461357
      1      -0.461356   0.002844   0.887210
      2      -0.001020  -0.999996   0.002675
 A Eigenvalues: 
                  0          1          2    
      0      -0.124525  -0.141124   0.251592
A(iso)  -0.004686
 Nucleus: 43 H  
 Isotope: 1 
 Nuclear Spin:  0.5 
 Prefactor (MHz): 533.551395 
 Raw A tensor (MHz): 
                  0          1          2    
      0      -0.326559  -0.043928   0.000101
      1      -0.043937  -1.554309  -0.000653
      2       0.000101  -0.000653  -1.031004
 A Tensor eigenvectors:
                   0          1          2    
      0       0.999362   0.000220   0.035711
      1      -0.035711   0.001229   0.999361
      2       0.000176  -0.999999   0.001236
 A Eigenvalues: 
                  0          1          2    
