-------------------------------------------------------------
----------------------- !PROPERTIES! ------------------------
-------------------------------------------------------------
# -----------------------------------------------------------
$ PAL_Flags
   description: The PAL Flags
   geom. index: 1
   prop. index: 1
        Diskflag:     2
# -----------------------------------------------------------
$ SCF_Energy
   description: The SCF energy
   geom. index: 1
   prop. index: 1
        SCF Energy:     -890.8192949111
# -----------------------------------------------------------
$ DFT_Energy
   description: The DFT energy
   geom. index: 1
   prop. index: 1
   Number of Alpha Electrons                 82.0001697516 
   Number of Beta  Electrons                 81.0001681501 
   Total number of  Electrons               163.0003379017 
   Exchange energy                         -101.4151102183 
   Correlation energy                        -6.3285887616 
   Correlation energy NL                      0.0000000000 
   Exchange-Correlation energy             -107.7436989799 
   Embedding correction                       0.0000000000 
   Total DFT Energy (No VdW correction)    -890.8192949111 
# -----------------------------------------------------------
$ Mayer_Pop
   description: The Mayer population analysis
   geom. index: 1
   prop. index: 1
     Number of atoms                     : 48
     Threshold for printing              : 0.1000000
     Number of bond orders printed       : 57
  NA   - Mulliken gross atomic population
  ZA   - Total nuclear charge
  QA   - Mulliken gross atomic charge
  VA   - Mayer's total valence
  BVA  - Mayer's bonded valence
  FA   - Mayer's free valence
  ATOM       NA         ZA         QA         VA         BVA        FA
  0   0     6.5889     6.0000    -0.5889     2.2004     1.3928     0.8076
  1   0     6.3624     6.0000    -0.3624     3.7894     3.7894     0.0000
  2   0     5.6471     6.0000     0.3529     3.8428     3.8386     0.0042
  3   0     5.6639     6.0000     0.3361     3.8604     3.8587     0.0017
  4   0     6.4280     6.0000    -0.4280     4.2905     4.2905     0.0000
  5   0     5.4408     6.0000     0.5592     3.9257     3.9254     0.0003
  6   0     5.7475     6.0000     0.2525     3.9510     3.9510     0.0000
  7   0     6.3545     6.0000    -0.3545     4.2850     4.2791     0.0059
  8   0     0.8677     1.0000     0.1323     0.9651     0.9651     0.0000
  9   0     0.8478     1.0000     0.1522     0.9639     0.9639     0.0000
 10   0     6.3591     6.0000    -0.3591     4.0313     4.0295     0.0018
 11   0     0.8366     1.0000     0.1634     0.9631     0.9631     0.0000
 12   0     0.8365     1.0000     0.1635     0.9631     0.9631     0.0000
 13   0     6.2667     6.0000    -0.2667     4.0087     4.0087     0.0000
 14   0     0.8633     1.0000     0.1367     0.9668     0.9668     0.0000
 15   0     0.8632     1.0000     0.1368     0.9667     0.9667     0.0000
 16   0     6.2526     6.0000    -0.2526     3.8894     3.8894    -0.0000
 17   0     0.8554     1.0000     0.1446     0.9672     0.9672     0.0000
 18   0     0.8554     1.0000     0.1446     0.9672     0.9672     0.0000
 19   0     6.5089     6.0000    -0.5089     3.8989     3.8989     0.0000
 20   0     0.8432     1.0000     0.1568     0.9659     0.9659     0.0000
 21   0     0.8432     1.0000     0.1568     0.9659     0.9659     0.0000
 22   0     6.3536     6.0000    -0.3536     4.0146     4.0146     0.0000
 23   0     0.8501     1.0000     0.1499     0.9639     0.9639     0.0000
 24   0     0.8503     1.0000     0.1497     0.9639     0.9639     0.0000
 25   0     6.2623     6.0000    -0.2623     4.0232     4.0232     0.0000
 26   0     0.8582     1.0000     0.1418     0.9665     0.9665     0.0000
 27   0     0.8582     1.0000     0.1418     0.9666     0.9666     0.0000
 28   0     6.2561     6.0000    -0.2561     3.8978     3.8978     0.0000
 29   0     0.8591     1.0000     0.1409     0.9674     0.9674     0.0000
 30   0     0.8591     1.0000     0.1409     0.9675     0.9675     0.0000
 31   0     6.5067     6.0000    -0.5067     3.9018     3.9018     0.0000
 32   0     0.8405     1.0000     0.1595     0.9654     0.9654     0.0000
 33   0     0.8405     1.0000     0.1595     0.9654     0.9654     0.0000
 34   0     6.2817     6.0000    -0.2817     3.9628     3.9627     0.0001
 35   0     0.8550     1.0000     0.1450     0.9668     0.9668     0.0000
 36   0     0.8572     1.0000     0.1428     0.9671     0.9671     0.0000
 37   0     5.4127     6.0000     0.5873     3.9354     3.9354     0.0000
 38   0     6.2715     6.0000    -0.2715     4.1971     4.1971     0.0000
 39   0     6.0955     6.0000    -0.0955     4.0997     4.0997     0.0000
 40   0     6.1129     6.0000    -0.1129     4.0794     4.0794     0.0000
 41   0     6.0980     6.0000    -0.0980     4.1031     4.1031     0.0000
 42   0     6.2667     6.0000    -0.2667     4.1871     4.1871     0.0000
 43   0     0.8883     1.0000     0.1117     0.9573     0.9573     0.0000
 44   0     0.8897     1.0000     0.1103     0.9609     0.9609     0.0000
 45   0     0.8767     1.0000     0.1233     0.9597     0.9597     0.0000
 46   0     0.8770     1.0000     0.1230     0.9596     0.9596     0.0000
 47   0     0.8896     1.0000     0.1104     0.9611     0.9611     0.0000
      Bond orders larger than 0.1000000
           Atom A     A.N. of A          Atom B    A.N. of B              Bond order
                0             6               2            6                0.934339
                0             6               7            6                0.196169
                1             6               5            6                0.847541
                1             6               6            6                0.111115
                1             6              34            6                2.467088
                2             6               3            6                1.298016
                2             6               4            6                0.120941
                2             6               7            6                1.325619
                3             6               4            6                1.477305
                3             6               5            6                0.118150
                3             6              10            6                0.960480
                4             6               5            6                1.403071
                4             6               8            1                0.971659
                5             6               6            6                1.353469
                5             6               7            6                0.141235
                5             6              34            6                0.126898
                6             6               7            6                1.490922
                6             6              22            6                0.967764
                7             6               9            1                0.961043
               10             6              11            1                0.954295
               10             6              12            1                0.954297
               10             6              13            6                1.011296
               13             6              14            1                0.962446
               13             6              15            1                0.962531
               13             6              16            6                0.989626
               16             6              17            1                0.970333
               16             6              18            1                0.970365
               16             6              19            6                0.953706
               19             6              20            1                0.972871
               19             6              21            1                0.972876
               19             6              35            1                0.967691
               22             6              23            1                0.955761
               22             6              24            1                0.955834
               22             6              25            6                1.023998
               25             6              26            1                0.959876
               25             6              27            1                0.959881
               25             6              28            6                0.988930
               28             6              29            1                0.971329
               28             6              30            1                0.971309
               28             6              31            6                0.956313
               31             6              32            1                0.972302
               31             6              33            1                0.972307
               31             6              36            1                0.966912
               34             6              37            6                1.017259
               37             6              38            6                1.382482
               37             6              42            6                1.379945
               38             6              39            6                1.481709
               38             6              40            6                0.100775
               38             6              45            1                0.979670
               39             6              40            6                1.451280
               39             6              47            1                0.973157
               40             6              41            6                1.453787
               40             6              42            6                0.102204
               40             6              43            1                0.962876
               41             6              42            6                1.481529
               41             6              44            1                0.974027
               42             6              46            1                0.977534
# -----------------------------------------------------------
$ Calculation_Info
   description: Details of the calculation
   geom. index: 1
   prop. index: 1
     Multiplicity:                          2
     Charge:                                0
     number of atoms:                       48
     number of electrons:                   0
     number of frozen core electrons:       1
     number of correlated electrons:        0
     number of basis functions:             566
     number of aux C basis functions:       3940
     number of aux J basis functions:       3940
     number of aux JK basis functions:      3940
     number of aux CABS basis functions:    0
     Total Energy                           -890.819295
# -----------------------------------------------------------
$ SCF_Electric_Properties
   description: The SCF Calculated Electric Properties
   geom. index: 1
   prop. index: 1
       Filename                          : EPRII_i.scfp 
       Do Dipole Moment Calculation      : true 
       Do Quadrupole Moment Calculation  : false 
       Do Polarizability Calculation     : false 
** Dipole moment part of electric properties **
        Magnitude of dipole moment (Debye) :        7.6071421897
        Electronic Contribution:
                  0    
      0      13.814847
      1      -0.242725
      2       0.000926
        Nuclear Contribution:
                  0    
      0     -10.823687
      1       0.143071
      2      -0.000288
        Total Dipole moment:
                  0    
      0       2.991160
      1      -0.099654
      2       0.000638
# -----------------------------------------------------------
$ EPRNMR_GTensor
   description: Electronic g tensor
   geom. index: 1
   prop. index: 1
 Source density: 1 SCF 
 Spin multiplicity: 2 
 raw g tensor: 
                  0          1          2    
      0       2.021756  -0.001281   0.000001
      1      -0.002186   2.002244  -0.000002
      2      -0.000003  -0.000001   2.003198
 g tensor: 
                  0          1          2    
      0       0.087907  -0.000058   0.996129
      1       0.996128  -0.001295  -0.087907
      2       0.001295   0.999999  -0.000056
 G eigenvalues: 
                  0          1          2    
      0       2.002092   2.003198   2.021909
# -----------------------------------------------------------
$ EPRNMR_OrbitalShielding
   description: Orbital contribution to the NMR Shielding tensor (ppm)
   geom. index: 1
   prop. index: 1
 Number of stored nuclei 25
 Source density: 1 SCF 
 Nucleus: 8 H 
 Shielding tensor (ppm): 
                  0          1          2    
      0      30.121158   9.799457   0.037196
      1       5.730615  25.881847   0.019788
      2       0.021821   0.021475  18.867493
 P Tensor eigenvectors:
                   0          1          2    
      0      -0.002479   0.635316   0.772249
      1      -0.000445  -0.772252   0.635317
      2       0.999997   0.001232   0.002197
 P Eigenvalues: 
                  0          1          2    
      0      18.867416  19.973520  36.029561
P(iso)  24.956832
 Nucleus: 9 H 
 Shielding tensor (ppm): 
                  0          1          2    
      0     -13.164369  61.848362   0.139204
      1       7.877443  17.332934  -0.006423
      2       0.011922  -0.002942  20.559884
 P Tensor eigenvectors:
                   0          1          2    
      0       0.985985   0.000301  -0.166832
      1       0.166831   0.002334   0.985983
      2       0.000687  -0.999997   0.002251
 P Eigenvalues: 
                  0          1          2    
      0      -0.846006  20.559888   5.014567
P(iso)  8.242816
 Nucleus: 11 H 
 Shielding tensor (ppm): 
                  0          1          2    
      0       5.758633 -20.829043  -3.662419
      1       1.958421  30.867870  -0.937940
      2       5.791155  -0.384811  25.462509
 P Tensor eigenvectors:
                   0          1          2    
      0       0.978616   0.201259  -0.042487
      1       0.050480  -0.034748   0.998120
      2      -0.199405   0.978921   0.044164
 P Eigenvalues: 
                  0          1          2    
      0       5.271782  25.267284  31.549946
P(iso)  20.696337
 Nucleus: 12 H 
 Shielding tensor (ppm): 
                  0          1          2    
      0       5.700635 -20.869982   3.503480
      1       1.987137  30.851629   0.969482
      2      -5.776597   0.414558  25.434903
 P Tensor eigenvectors:
                   0          1          2    
      0       0.978544  -0.201745  -0.041835
      1       0.048513   0.028269   0.998422
      2       0.200245   0.979030  -0.037450
 P Eigenvalues: 
                  0          1          2    
      0       5.222761  25.230994  31.533413
P(iso)  20.662389
 Nucleus: 14 H 
 Shielding tensor (ppm): 
                  0          1          2    
      0      33.298785  -3.418797  -4.799071
      1       0.930295  31.821692   0.223819
      2      -3.478183   1.353990  28.455119
 P Tensor eigenvectors:
                   0          1          2    
      0       0.501754  -0.316524   0.805019
      1      -0.026140  -0.935770  -0.351642
      2       0.864615   0.155395  -0.477800
 P Eigenvalues: 
                  0          1          2    
      0      26.082952  31.328997  36.163647
P(iso)  31.191865
 Nucleus: 15 H 
 Shielding tensor (ppm): 
                  0          1          2    
      0      33.271182  -3.445469   4.804037
      1       0.912404  31.827517  -0.208315
      2       3.484198  -1.339793  28.477949
 P Tensor eigenvectors:
                   0          1          2    
      0      -0.504774  -0.316126   0.803285
      1       0.021334  -0.934819  -0.354483
      2       0.862988  -0.161797   0.478617
 P Eigenvalues: 
                  0          1          2    
      0      26.089080  31.325308  36.162260
P(iso)  31.192216
 Nucleus: 17 H 
 Shielding tensor (ppm): 
                  0          1          2    
      0      28.925563  -2.508733  -4.164127
      1       0.488958  30.595067  -0.257150
      2      -4.491805  -0.938061  28.762363
 P Tensor eigenvectors:
                   0          1          2    
      0      -0.694463  -0.009828   0.719461
      1      -0.154601   0.978591  -0.135862
      2      -0.702723  -0.205581  -0.681115
 P Eigenvalues: 
                  0          1          2    
      0      24.313947  30.759838  33.209208
P(iso)  29.427664
 Nucleus: 18 H 
 Shielding tensor (ppm): 
                  0          1          2    
      0      28.899517  -2.531201   4.159816
      1       0.468054  30.590384   0.265184
      2       4.500109   0.947460  28.799727
 P Tensor eigenvectors:
                   0          1          2    
      0       0.696761   0.011754  -0.717207
      1       0.157992  -0.977825   0.137463
      2      -0.699688  -0.209092  -0.683167
 P Eigenvalues: 
                  0          1          2    
      0      24.309858  30.762225  33.217545
P(iso)  29.429876
 Nucleus: 20 H 
 Shielding tensor (ppm): 
                  0          1          2    
      0      30.192634  -2.905678   4.224782
      1      -2.287811  30.972979  -2.402723
      2       3.249565  -2.017091  31.024886
 P Tensor eigenvectors:
                   0          1          2    
      0       0.787730  -0.211948   0.578411
      1       0.162346  -0.834328  -0.526821
      2      -0.594243  -0.508896   0.622816
 P Eigenvalues: 
                  0          1          2    
      0      26.770548  28.962569  36.457383
P(iso)  30.730167
 Nucleus: 21 H 
 Shielding tensor (ppm): 
                  0          1          2    
      0      30.223384  -2.892698  -4.240142
      1      -2.280969  30.953898   2.391534
      2      -3.265643   2.008236  31.016141
 P Tensor eigenvectors:
                   0          1          2    
      0      -0.785229   0.214473  -0.580876
      1      -0.159026   0.836783   0.523932
      2      -0.598437  -0.503780   0.622959
 P Eigenvalues: 
                  0          1          2    
      0      26.771392  28.963822  36.458210
P(iso)  30.731141
 Nucleus: 23 H 
 Shielding tensor (ppm): 
                  0          1          2    
      0      31.932944  -1.186466   3.427074
      1      -2.003320  31.384384  -0.389864
      2       4.507843   1.045793  25.862825
 P Tensor eigenvectors:
                   0          1          2    
      0      -0.445130   0.296653  -0.844900
      1      -0.123882   0.914058   0.386201
      2       0.886856   0.276577  -0.370124
 P Eigenvalues: 
                  0          1          2    
      0      23.769905  30.962215  34.448033
P(iso)  29.726718
 Nucleus: 24 H 
 Shielding tensor (ppm): 
                  0          1          2    
      0      31.946478  -1.173891  -3.433139
      1      -1.983115  31.390549   0.416207
      2      -4.516508  -1.017139  25.839888
 P Tensor eigenvectors:
                   0          1          2    
      0       0.443948   0.297551  -0.845206
      1       0.119180   0.915267   0.384815
      2       0.888091  -0.271570   0.370869
 P Eigenvalues: 
                  0          1          2    
      0      23.757356  30.962377  34.457181
P(iso)  29.725638
 Nucleus: 26 H 
 Shielding tensor (ppm): 
                  0          1          2    
      0      31.231621   5.965682   2.556815
      1       0.054122  30.402130   0.169531
      2       3.902715  -1.500534  28.177030
 P Tensor eigenvectors:
                   0          1          2    
      0      -0.580536  -0.273420  -0.766954
      1       0.373687   0.747407  -0.549309
      2       0.723419  -0.605495  -0.331723
 P Eigenvalues: 
                  0          1          2    
      0      25.138653  30.089934  34.582194
P(iso)  29.936927
 Nucleus: 27 H 
 Shielding tensor (ppm): 
                  0          1          2    
      0      31.244111   5.981350  -2.528276
      1       0.075805  30.394718  -0.157867
      2      -3.901052   1.513407  28.167141
 P Tensor eigenvectors:
                   0          1          2    
      0       0.579338  -0.274614  -0.767434
      1      -0.376813   0.744648  -0.550918
      2       0.722758   0.608347   0.327925
 P Eigenvalues: 
                  0          1          2    
      0      25.132601  30.083899  34.589470
P(iso)  29.935323
 Nucleus: 29 H 
 Shielding tensor (ppm): 
                  0          1          2    
      0      31.430858   0.787771   4.868419
      1      -0.403777  30.813622   0.378320
      2       4.254862   1.205397  28.366138
 P Tensor eigenvectors:
                   0          1          2    
      0      -0.579672  -0.187906  -0.792888
      1      -0.092745   0.981939  -0.164904
      2       0.809554  -0.022054  -0.586630
 P Eigenvalues: 
                  0          1          2    
      0      25.037393  30.766885  34.806340
P(iso)  30.203539
 Nucleus: 30 H 
 Shielding tensor (ppm): 
                  0          1          2    
      0      31.451059   0.812046  -4.861162
      1      -0.383026  30.822454  -0.365969
      2      -4.252961  -1.191562  28.337478
 P Tensor eigenvectors:
                   0          1          2    
      0       0.577956  -0.187600  -0.794212
      1       0.088754   0.981895  -0.167345
      2       0.811227   0.026228   0.584142
 P Eigenvalues: 
                  0          1          2    
      0      25.033768  30.768574  34.808649
P(iso)  30.203664
 Nucleus: 32 H 
 Shielding tensor (ppm): 
                  0          1          2    
      0      29.794379  -0.610332  -3.878011
      1      -2.665398  30.553091   2.305629
      2      -3.405620   1.973771  30.902467
 P Tensor eigenvectors:
                   0          1          2    
      0      -0.747854   0.336980  -0.571978
      1       0.040301   0.883046   0.467553
      2      -0.662639  -0.326611   0.673970
 P Eigenvalues: 
                  0          1          2    
      0      26.657153  29.096864  35.495919
P(iso)  30.416645
 Nucleus: 33 H 
 Shielding tensor (ppm): 
                  0          1          2    
      0      29.774673  -0.625879   3.868709
      1      -2.677023  30.573793  -2.314924
      2       3.388269  -1.981114  30.901896
 P Tensor eigenvectors:
                   0          1          2    
      0      -0.749657   0.336336   0.569994
      1       0.037134   0.881262  -0.471167
      2       0.660784   0.332047   0.673134
 P Eigenvalues: 
                  0          1          2    
      0      26.659665  29.093936  35.496761
P(iso)  30.416787
 Nucleus: 35 H 
 Shielding tensor (ppm): 
                  0          1          2    
      0      28.580365   1.219420   0.009792
      1       3.526835  36.368798   0.031749
      2       0.014412   0.029143  25.912198
 P Tensor eigenvectors:
                   0          1          2    
      0      -0.002435   0.957838   0.287299
      1      -0.002336  -0.287305   0.957836
      2       0.999994   0.001661   0.002937
 P Eigenvalues: 
                  0          1          2    
      0      25.912097  27.917127  37.032137
P(iso)  30.287120
 Nucleus: 36 H 
 Shielding tensor (ppm): 
                  0          1          2    
      0      28.918562   2.654118   0.010315
      1       3.089679  36.395714   0.031773
      2       0.011984   0.030196  25.792044
 P Tensor eigenvectors:
                   0          1          2    
      0      -0.001169  -0.945766  -0.324848
      1      -0.002613   0.324850  -0.945762
      2       0.999996  -0.000257  -0.002851
 P Eigenvalues: 
                  0          1          2    
      0      25.791950  27.942930  37.371440
P(iso)  30.368773
 Nucleus: 43 H 
 Shielding tensor (ppm): 
                  0          1          2    
      0      24.104958   0.148751   0.001358
      1       0.053860  27.270648   0.013609
      2       0.000829   0.013650  21.285768
 P Tensor eigenvectors:
                   0          1          2    
      0      -0.000310  -0.999518  -0.031029
      1      -0.002272   0.031030  -0.999516
      2       0.999997  -0.000239  -0.002281
 P Eigenvalues: 
                  0          1          2    
      0      21.285737  24.101723  27.273915
P(iso)  24.220458
 Nucleus: 44 H 
 Shielding tensor (ppm): 
                  0          1          2    
      0      27.316937  -1.609548  -0.001999
      1      -1.675823  24.557562   0.007731
      2      -0.002371   0.007648  20.973596
 P Tensor eigenvectors:
                   0          1          2    
      0      -0.000242   0.421828  -0.906676
      1      -0.002257   0.906673   0.421828
      2       0.999997   0.002148   0.000733
 P Eigenvalues: 
                  0          1          2    
      0      20.973579  23.792047  28.082468
P(iso)  24.282698
 Nucleus: 45 H 
 Shielding tensor (ppm): 
                  0          1          2    
      0      27.997055  -3.172922  -0.003586
      1      -2.637426  24.487616   0.010026
      2      -0.004112   0.009342  20.015734
 P Tensor eigenvectors:
                   0          1          2    
      0      -0.000420   0.495859  -0.868403
      1      -0.002431   0.868400   0.495858
      2       0.999997   0.002319   0.000841
 P Eigenvalues: 
                  0          1          2    
      0      20.015712  22.848551  29.636142
P(iso)  24.166802
 Nucleus: 46 H 
 Shielding tensor (ppm): 
                  0          1          2    
      0      29.123871   2.833422   0.007325
      1       1.800933  23.771014   0.009991
      2       0.004806   0.010524  19.718518
 P Tensor eigenvectors:
                   0          1          2    
      0      -0.000025  -0.358397  -0.933569
      1      -0.002511   0.933566  -0.358396
      2       0.999997   0.002335  -0.000923
 P Eigenvalues: 
                  0          1          2    
      0      19.718492  22.907996  29.986915
P(iso)  24.204468
 Nucleus: 47 H 
 Shielding tensor (ppm): 
                  0          1          2    
      0      27.505580   1.306761   0.005398
      1       1.296707  24.393195   0.008175
      2       0.004391   0.008451  21.020543
 P Tensor eigenvectors:
                   0          1          2    
      0      -0.000292  -0.341393  -0.939921
      1      -0.002353   0.939918  -0.341391
      2       0.999997   0.002112  -0.001078
 P Eigenvalues: 
                  0          1          2    
      0      21.020522  23.920547  27.978250
P(iso)  24.306439
# -----------------------------------------------------------
$ EPRNMR_ATensor
   description: Hyperfine A tensor
   geom. index: 1
   prop. index: 1
 Number of stored nuclei 25
 Source density: 1 SCF 
 Spin multiplicity: 2 
 Nucleus: 8 H  
 Isotope: 1 
 Nuclear Spin:  0.5 
 Prefactor (MHz): 533.551395 
 Raw A tensor (MHz): 
                  0          1          2    
      0       7.025871  -1.219281  -0.002203
      1      -1.229213   5.210312   0.001379
      2      -0.002198   0.001384   4.521523
 A Tensor eigenvectors:
                   0          1          2    
      0      -0.000677   0.448786  -0.893639
      1      -0.003198   0.893634   0.448785
      2       0.999995   0.003162   0.000830
 A Eigenvalues: 
                  0          1          2    
      0       4.521520   4.594007   7.642179
A(iso)  5.585902
 Nucleus: 9 H  
 Isotope: 1 
 Nuclear Spin:  0.5 
 Prefactor (MHz): 533.551395 
 Raw A tensor (MHz): 
                  0          1          2    
      0      -0.934138   5.446364   0.015542
      1       5.316556   5.357672   0.046242
      2       0.015601   0.046244  -7.833151
 A Tensor eigenvectors:
                   0          1          2    
      0       0.866077   0.000732  -0.499910
      1      -0.499904  -0.003839  -0.866072
      2      -0.002553   0.999992  -0.002959
 A Eigenvalues: 
                  0          1          2    
      0      -4.021649  -7.833315   8.445348
A(iso)  -1.136539
 Nucleus: 11 H  
 Isotope: 1 
 Nuclear Spin:  0.5 
 Prefactor (MHz): 533.551395 
 Raw A tensor (MHz): 
                  0          1          2    
      0      -3.245729  -3.019560  -0.461476
      1      -2.968817   5.606097   3.656109
      2      -0.443341   3.657081  -2.044256
 A Tensor eigenvectors:
                   0          1          2    
      0       0.545536  -0.796950   0.259348
      1      -0.158209  -0.401817  -0.901949
      2       0.823019   0.451015  -0.345291
 A Eigenvalues: 
                  0          1          2    
      0      -3.051982  -4.489902   7.857995
A(iso)  0.105370
 Nucleus: 12 H  
 Isotope: 1 
 Nuclear Spin:  0.5 
 Prefactor (MHz): 533.551395 
 Raw A tensor (MHz): 
                  0          1          2    
      0      -3.278353  -3.025712   0.438289
      1      -2.974835   5.646094  -3.618768
      2       0.420521  -3.619756  -2.128322
 A Tensor eigenvectors:
                   0          1          2    
      0      -0.548998  -0.794725   0.258870
      1       0.151347  -0.399120  -0.904321
      2       0.822006  -0.457292   0.339396
 A Eigenvalues: 
                  0          1          2    
      0      -3.086376  -4.528569   7.854363
A(iso)  0.079806
 Nucleus: 14 H  
 Isotope: 1 
 Nuclear Spin:  0.5 
 Prefactor (MHz): 533.551395 
 Raw A tensor (MHz): 
                  0          1          2    
      0       0.407871  -1.036489  -0.287491
      1      -1.025559   1.169278   0.407386
      2      -0.284989   0.407581  -0.218704
 A Tensor eigenvectors:
                   0          1          2    
      0       0.821075  -0.116963  -0.558708
      1       0.570734   0.185208   0.799975
      2       0.009910  -0.975714   0.218825
 A Eigenvalues: 
                  0          1          2    
      0      -0.310528  -0.330459   1.999432
A(iso)  0.452815
 Nucleus: 15 H  
 Isotope: 1 
 Nuclear Spin:  0.5 
 Prefactor (MHz): 533.551395 
 Raw A tensor (MHz): 
                  0          1          2    
      0       0.398489  -1.037855   0.283532
      1      -1.026904   1.165589  -0.402798
      2       0.281036  -0.402995  -0.229903
 A Tensor eigenvectors:
                   0          1          2    
      0       0.821720  -0.114510   0.558268
      1       0.569791   0.183373  -0.801069
      2      -0.010641   0.976351   0.215928
 A Eigenvalues: 
                  0          1          2    
      0      -0.319324  -0.338769   1.992268
A(iso)  0.444725
 Nucleus: 17 H  
 Isotope: 1 
 Nuclear Spin:  0.5 
 Prefactor (MHz): 533.551395 
 Raw A tensor (MHz): 
                  0          1          2    
      0      -0.607846  -0.139042   0.014882
      1      -0.132656   1.139894  -0.341120
      2       0.013408  -0.341218  -0.584055
 A Tensor eigenvectors:
                   0          1          2    
      0       0.948246   0.308256   0.076211
      1       0.013417   0.200898  -0.979520
      2      -0.317254   0.929848   0.186365
 A Eigenvalues: 
                  0          1          2    
      0      -0.614200  -0.652918   1.215111
A(iso)  -0.017335
 Nucleus: 18 H  
 Isotope: 1 
 Nuclear Spin:  0.5 
 Prefactor (MHz): 533.551395 
 Raw A tensor (MHz): 
                  0          1          2    
      0      -0.607371  -0.139898  -0.015785
      1      -0.133514   1.134970   0.350419
      2      -0.014288   0.350516  -0.579906
 A Tensor eigenvectors:
                   0          1          2    
      0       0.947800   0.309483  -0.076787
      1       0.011919   0.206258   0.978425
      2       0.318644  -0.928266   0.191802
 A Eigenvalues: 
                  0          1          2    
      0      -0.613844  -0.652598   1.214134
A(iso)  -0.017436
 Nucleus: 20 H  
 Isotope: 1 
 Nuclear Spin:  0.5 
 Prefactor (MHz): 533.551395 
 Raw A tensor (MHz): 
                  0          1          2    
      0      -0.150168  -0.238469   0.033029
      1      -0.235025   0.380902  -0.089951
      2       0.033188  -0.090013  -0.231072
 A Tensor eigenvectors:
                   0          1          2    
      0       0.905858   0.231977   0.354412
      1       0.304671   0.224449  -0.925634
      2      -0.294273   0.946472   0.132642
 A Eigenvalues: 
                  0          1          2    
      0      -0.240074  -0.244234   0.483970
A(iso)  -0.000113
 Nucleus: 21 H  
 Isotope: 1 
 Nuclear Spin:  0.5 
 Prefactor (MHz): 533.551395 
 Raw A tensor (MHz): 
                  0          1          2    
      0      -0.149887  -0.238531  -0.034045
      1      -0.235088   0.379877   0.092400
      2      -0.034209   0.092462  -0.230276
 A Tensor eigenvectors:
                   0          1          2    
      0       0.906384   0.229233  -0.354852
      1       0.304565   0.227522   0.924918
      2       0.292758  -0.946407   0.136406
 A Eigenvalues: 
                  0          1          2    
      0      -0.240008  -0.244166   0.483889
A(iso)  -0.000095
 Nucleus: 23 H  
 Isotope: 1 
 Nuclear Spin:  0.5 
 Prefactor (MHz): 533.551395 
 Raw A tensor (MHz): 
                  0          1          2    
      0       1.060270   0.683267   0.351068
      1       0.680224   0.059642   0.112082
      2       0.351307   0.112143  -0.054733
 A Tensor eigenvectors:
                   0          1          2    
      0       0.048432   0.487885  -0.871563
      1       0.389034  -0.812893  -0.433424
      2      -0.919949  -0.318076  -0.229174
 A Eigenvalues: 
                  0          1          2    
      0      -0.120659  -0.305529   1.491366
A(iso)  0.355060
 Nucleus: 24 H  
 Isotope: 1 
 Nuclear Spin:  0.5 
 Prefactor (MHz): 533.551395 
 Raw A tensor (MHz): 
                  0          1          2    
      0       1.065131   0.684958  -0.345970
      1       0.681917   0.064450  -0.110431
      2      -0.346200  -0.110490  -0.052813
 A Tensor eigenvectors:
                   0          1          2    
      0       0.047285   0.487326   0.871939
      1       0.384193  -0.814638   0.434466
      2       0.922041   0.314449  -0.225748
 A Eigenvalues: 
                  0          1          2    
      0      -0.116611  -0.301614   1.494993
A(iso)  0.358923
 Nucleus: 26 H  
 Isotope: 1 
 Nuclear Spin:  0.5 
 Prefactor (MHz): 533.551395 
 Raw A tensor (MHz): 
                  0          1          2    
      0      -0.100435   1.027064  -0.250239
      1       1.013357   0.713076  -0.410196
      2      -0.246818  -0.410690  -0.787239
 A Tensor eigenvectors:
                   0          1          2    
      0       0.832635  -0.077149  -0.548423
      1      -0.506946   0.292541  -0.810817
      2       0.222990   0.953136   0.204469
 A Eigenvalues: 
                  0          1          2    
      0      -0.786275  -0.893143   1.504819
A(iso)  -0.058199
 Nucleus: 27 H  
 Isotope: 1 
 Nuclear Spin:  0.5 
 Prefactor (MHz): 533.551395 
 Raw A tensor (MHz): 
                  0          1          2    
      0      -0.101781   1.025420   0.256069
      1       1.011723   0.708867   0.418885
      2       0.252589   0.419386  -0.783285
 A Tensor eigenvectors:
                   0          1          2    
      0       0.832946  -0.076187   0.548085
      1      -0.505706   0.297285   0.809866
      2      -0.224638  -0.951744   0.209094
 A Eigenvalues: 
                  0          1          2    
      0      -0.786902  -0.893892   1.504595
A(iso)  -0.058733
 Nucleus: 29 H  
 Isotope: 1 
 Nuclear Spin:  0.5 
 Prefactor (MHz): 533.551395 
 Raw A tensor (MHz): 
                  0          1          2    
      0       0.112927   0.355291   0.068477
      1       0.351991   0.143243   0.072398
      2       0.068626   0.072451  -0.208321
 A Tensor eigenvectors:
                   0          1          2    
      0       0.330178   0.649341  -0.685083
      1      -0.133710  -0.686293  -0.714929
      2      -0.934400   0.327656  -0.139776
 A Eigenvalues: 
                  0          1          2    
      0      -0.222440  -0.225877   0.496166
A(iso)  0.015950
 Nucleus: 30 H  
 Isotope: 1 
 Nuclear Spin:  0.5 
 Prefactor (MHz): 533.551395 
 Raw A tensor (MHz): 
                  0          1          2    
      0       0.113473   0.355710  -0.066245
      1       0.352407   0.144161  -0.070101
      2      -0.066388  -0.070153  -0.208914
 A Tensor eigenvectors:
                   0          1          2    
      0       0.325266   0.651535   0.685350
      1      -0.134678  -0.685454   0.715552
      2       0.935983  -0.325046  -0.135207
 A Eigenvalues: 
                  0          1          2    
      0      -0.222121  -0.225574   0.496414
A(iso)  0.016240
 Nucleus: 32 H  
 Isotope: 1 
 Nuclear Spin:  0.5 
 Prefactor (MHz): 533.551395 
 Raw A tensor (MHz): 
                  0          1          2    
      0      -0.125263   0.253101   0.035607
      1       0.250146   0.351278   0.085608
      2       0.035655   0.085655  -0.221573
 A Tensor eigenvectors:
                   0          1          2    
      0      -0.782259   0.483423   0.392904
      1       0.255101  -0.326818   0.910008
      2       0.568327   0.812091   0.132335
 A Eigenvalues: 
                  0          1          2    
      0      -0.232636  -0.234866   0.471944
A(iso)  0.001481
 Nucleus: 33 H  
 Isotope: 1 
 Nuclear Spin:  0.5 
 Prefactor (MHz): 533.551395 
 Raw A tensor (MHz): 
                  0          1          2    
      0      -0.125069   0.253360  -0.034290
      1       0.250404   0.351851  -0.082522
      2      -0.034336  -0.082567  -0.222398
 A Tensor eigenvectors:
                   0          1          2    
      0       0.781910  -0.483735  -0.393214
      1      -0.258202   0.322812  -0.910563
      2       0.567405   0.813506   0.127509
 A Eigenvalues: 
                  0          1          2    
      0      -0.232573  -0.234795   0.471753
A(iso)  0.001462
 Nucleus: 35 H  
 Isotope: 1 
 Nuclear Spin:  0.5 
 Prefactor (MHz): 533.551395 
 Raw A tensor (MHz): 
                  0          1          2    
      0      -0.206038  -0.098844  -0.000240
      1      -0.096458   0.379010   0.001494
      2      -0.000241   0.001494  -0.225008
 A Tensor eigenvectors:
                   0          1          2    
      0       0.986756   0.001300  -0.162206
      1       0.162203   0.002686   0.986754
      2       0.001719  -0.999996   0.002439
 A Eigenvalues: 
                  0          1          2    
      0      -0.221905  -0.225012   0.394880
A(iso)  -0.017345
 Nucleus: 36 H  
 Isotope: 1 
 Nuclear Spin:  0.5 
 Prefactor (MHz): 533.551395 
 Raw A tensor (MHz): 
                  0          1          2    
      0      -0.044030   0.186692   0.000537
      1       0.184670   0.178946   0.000948
      2       0.000538   0.000949  -0.148655
 A Tensor eigenvectors:
                   0          1          2    
      0      -0.035730   0.868954   0.493602
      1       0.017391  -0.493302   0.869684
      2       0.999210   0.039658   0.002514
 A Eigenvalues: 
                  0          1          2    
      0      -0.148658  -0.149121   0.284041
A(iso)  -0.004579
 Nucleus: 43 H  
 Isotope: 1 
 Nuclear Spin:  0.5 
 Prefactor (MHz): 533.551395 
 Raw A tensor (MHz): 
                  0          1          2    
      0       0.222580   0.010858   0.000013
      1       0.010810   0.434346   0.000365
      2       0.000013   0.000365   0.270932
 A Tensor eigenvectors:
                   0          1          2    
      0       0.998695   0.000230   0.051073
      1      -0.051073   0.002221   0.998692
      2       0.000116  -0.999998   0.002230
 A Eigenvalues: 
                  0          1          2    
      0       0.222027   0.270931   0.434900
A(iso)  0.309286
 Nucleus: 44 H  
 Isotope: 1 
 Nuclear Spin:  0.5 
 Prefactor (MHz): 533.551395 
 Raw A tensor (MHz): 
