-------------------------------------------------------------
----------------------- !PROPERTIES! ------------------------
-------------------------------------------------------------
# -----------------------------------------------------------
$ PAL_Flags
   description: The PAL Flags
   geom. index: 1
   prop. index: 1
        Diskflag:     2
# -----------------------------------------------------------
$ SCF_Energy
   description: The SCF energy
   geom. index: 1
   prop. index: 1
        SCF Energy:     -890.8209286836
# -----------------------------------------------------------
$ DFT_Energy
   description: The DFT energy
   geom. index: 1
   prop. index: 1
   Number of Alpha Electrons                 82.0001709258 
   Number of Beta  Electrons                 81.0001689041 
   Total number of  Electrons               163.0003398300 
   Exchange energy                         -101.4204512914 
   Correlation energy                        -6.3278573658 
   Correlation energy NL                      0.0000000000 
   Exchange-Correlation energy             -107.7483086572 
   Embedding correction                       0.0000000000 
   Total DFT Energy (No VdW correction)    -890.8209286836 
# -----------------------------------------------------------
$ Mayer_Pop
   description: The Mayer population analysis
   geom. index: 1
   prop. index: 1
     Number of atoms                     : 48
     Threshold for printing              : 0.1000000
     Number of bond orders printed       : 55
  NA   - Mulliken gross atomic population
  ZA   - Total nuclear charge
  QA   - Mulliken gross atomic charge
  VA   - Mayer's total valence
  BVA  - Mayer's bonded valence
  FA   - Mayer's free valence
  ATOM       NA         ZA         QA         VA         BVA        FA
  0   0     6.5840     6.0000    -0.5840     2.1956     1.3862     0.8094
  1   0     6.3605     6.0000    -0.3605     3.7824     3.7824     0.0000
  2   0     5.6528     6.0000     0.3472     3.8301     3.8260     0.0041
  3   0     5.6726     6.0000     0.3274     3.8559     3.8542     0.0017
  4   0     6.4206     6.0000    -0.4206     4.2800     4.2800     0.0000
  5   0     5.4462     6.0000     0.5538     3.9101     3.9098     0.0003
  6   0     5.7543     6.0000     0.2457     3.9473     3.9473     0.0000
  7   0     6.3501     6.0000    -0.3501     4.2740     4.2683     0.0057
  8   0     0.8659     1.0000     0.1341     0.9646     0.9646     0.0000
  9   0     0.8461     1.0000     0.1539     0.9634     0.9634     0.0000
 10   0     6.3611     6.0000    -0.3611     4.0253     4.0236     0.0017
 11   0     0.8345     1.0000     0.1655     0.9623     0.9623     0.0000
 12   0     0.8344     1.0000     0.1656     0.9623     0.9623     0.0000
 13   0     6.2724     6.0000    -0.2724     4.0046     4.0046     0.0000
 14   0     0.8602     1.0000     0.1398     0.9661     0.9661     0.0000
 15   0     0.8600     1.0000     0.1400     0.9660     0.9660     0.0000
 16   0     6.2615     6.0000    -0.2615     3.8886     3.8886    -0.0000
 17   0     0.8525     1.0000     0.1475     0.9665     0.9665     0.0000
 18   0     0.8525     1.0000     0.1475     0.9665     0.9665     0.0000
 19   0     6.5118     6.0000    -0.5118     3.8984     3.8984     0.0000
 20   0     0.8410     1.0000     0.1590     0.9653     0.9653     0.0000
 21   0     0.8410     1.0000     0.1590     0.9653     0.9653     0.0000
 22   0     6.3566     6.0000    -0.3566     4.0105     4.0105     0.0000
 23   0     0.8474     1.0000     0.1526     0.9631     0.9631     0.0000
 24   0     0.8476     1.0000     0.1524     0.9632     0.9632     0.0000
 25   0     6.2677     6.0000    -0.2677     4.0185     4.0185     0.0000
 26   0     0.8554     1.0000     0.1446     0.9659     0.9659     0.0000
 27   0     0.8554     1.0000     0.1446     0.9659     0.9659     0.0000
 28   0     6.2651     6.0000    -0.2651     3.8970     3.8970     0.0000
 29   0     0.8560     1.0000     0.1440     0.9667     0.9667     0.0000
 30   0     0.8561     1.0000     0.1439     0.9667     0.9667     0.0000
 31   0     6.5094     6.0000    -0.5094     3.9012     3.9012     0.0000
 32   0     0.8384     1.0000     0.1616     0.9648     0.9648     0.0000
 33   0     0.8384     1.0000     0.1616     0.9648     0.9648     0.0000
 34   0     6.2811     6.0000    -0.2811     3.9561     3.9560     0.0001
 35   0     0.8533     1.0000     0.1467     0.9664     0.9664     0.0000
 36   0     0.8556     1.0000     0.1444     0.9667     0.9667     0.0000
 37   0     5.4199     6.0000     0.5801     3.9260     3.9260     0.0000
 38   0     6.2708     6.0000    -0.2708     4.1928     4.1928     0.0000
 39   0     6.0967     6.0000    -0.0967     4.0967     4.0967     0.0000
 40   0     6.1148     6.0000    -0.1148     4.0773     4.0773     0.0000
 41   0     6.0994     6.0000    -0.0994     4.1001     4.1001     0.0000
 42   0     6.2656     6.0000    -0.2656     4.1816     4.1816     0.0000
 43   0     0.8866     1.0000     0.1134     0.9569     0.9569     0.0000
 44   0     0.8882     1.0000     0.1118     0.9606     0.9606     0.0000
 45   0     0.8751     1.0000     0.1249     0.9593     0.9593     0.0000
 46   0     0.8755     1.0000     0.1245     0.9592     0.9592     0.0000
 47   0     0.8881     1.0000     0.1119     0.9607     0.9607     0.0000
      Bond orders larger than 0.1000000
           Atom A     A.N. of A          Atom B    A.N. of B              Bond order
                0             6               2            6                0.932449
                0             6               7            6                0.192920
                1             6               5            6                0.847558
                1             6               6            6                0.109056
                1             6              34            6                2.469084
                2             6               3            6                1.295603
                2             6               4            6                0.118901
                2             6               7            6                1.323755
                3             6               4            6                1.475412
                3             6               5            6                0.113060
                3             6              10            6                0.958953
                4             6               5            6                1.401577
                4             6               8            1                0.970286
                5             6               6            6                1.350755
                5             6               7            6                0.136472
                5             6              34            6                0.120532
                6             6               7            6                1.490253
                6             6              22            6                0.966860
                7             6               9            1                0.960406
               10             6              11            1                0.954644
               10             6              12            1                0.954642
               10             6              13            6                1.010511
               13             6              14            1                0.963146
               13             6              15            1                0.963281
               13             6              16            6                0.987662
               16             6              17            1                0.970910
               16             6              18            1                0.970964
               16             6              19            6                0.954094
               19             6              20            1                0.972894
               19             6              21            1                0.972900
               19             6              35            1                0.967823
               22             6              23            1                0.956033
               22             6              24            1                0.956034
               22             6              25            6                1.022519
               25             6              26            1                0.960676
               25             6              27            1                0.960677
               25             6              28            6                0.987059
               28             6              29            1                0.971937
               28             6              30            1                0.971916
               28             6              31            6                0.956581
               31             6              32            1                0.972315
               31             6              33            1                0.972321
               31             6              36            1                0.967093
               34             6              37            6                1.015577
               37             6              38            6                1.382231
               37             6              42            6                1.379042
               38             6              39            6                1.481856
               38             6              45            1                0.978909
               39             6              40            6                1.451337
               39             6              47            1                0.972678
               40             6              41            6                1.454006
               40             6              43            1                0.962543
               41             6              42            6                1.481474
               41             6              44            1                0.973580
               42             6              46            1                0.976835
# -----------------------------------------------------------
$ Calculation_Info
   description: Details of the calculation
   geom. index: 1
   prop. index: 1
     Multiplicity:                          2
     Charge:                                0
     number of atoms:                       48
     number of electrons:                   0
     number of frozen core electrons:       1
     number of correlated electrons:        0
     number of basis functions:             566
     number of aux C basis functions:       3940
     number of aux J basis functions:       3940
     number of aux JK basis functions:      3940
     number of aux CABS basis functions:    0
     Total Energy                           -890.820929
# -----------------------------------------------------------
$ SCF_Electric_Properties
   description: The SCF Calculated Electric Properties
   geom. index: 1
   prop. index: 1
       Filename                          : EPRII.scfp 
       Do Dipole Moment Calculation      : true 
       Do Quadrupole Moment Calculation  : false 
       Do Polarizability Calculation     : false 
** Dipole moment part of electric properties **
        Magnitude of dipole moment (Debye) :        7.5758419150
        Electronic Contribution:
                  0    
      0      13.781457
      1      -0.248323
      2      -0.001931
        Nuclear Contribution:
                  0    
      0     -10.802869
      1       0.141439
      2       0.002536
        Total Dipole moment:
                  0    
      0       2.978588
      1      -0.106885
      2       0.000605
# -----------------------------------------------------------
$ EPRNMR_GTensor
   description: Electronic g tensor
   geom. index: 1
   prop. index: 1
 Source density: 1 SCF 
 Spin multiplicity: 2 
 raw g tensor: 
                  0          1          2    
      0       2.026905  -0.001697  -0.000001
      1      -0.002311   2.002476   0.000000
      2       0.000000   0.000002   2.003626
 g tensor: 
                  0          1          2    
      0       0.081295   0.000092   0.996690
      1       0.996690   0.000878  -0.081295
      2      -0.000883   1.000000  -0.000020
 G eigenvalues: 
                  0          1          2    
      0       2.002313   2.003626   2.027069
# -----------------------------------------------------------
$ EPRNMR_OrbitalShielding
   description: Orbital contribution to the NMR Shielding tensor (ppm)
   geom. index: 1
   prop. index: 1
 Number of stored nuclei 25
 Source density: 1 SCF 
 Nucleus: 8 H 
 Shielding tensor (ppm): 
                  0          1          2    
      0      38.813043 179.540519   0.420986
      1     -185.088829 129.309147  -0.043278
      2      -0.487817   0.075701 122.613093
 P Tensor eigenvectors:
                   0          1          2    
      0      -0.000342   0.825334  -0.564645
      1      -0.002508   0.564642   0.825332
      2       0.999997   0.001698   0.001877
 P Eigenvalues: 
                  0          1          2    
      0     122.613062  65.079639 103.042582
P(iso)  96.911761
 Nucleus: 9 H 
 Shielding tensor (ppm): 
                  0          1          2    
      0     -18.838329 -82.791656  -0.210007
      1       8.239725  -1.807228  -0.092529
      2      -0.061351  -0.064052  14.872302
 P Tensor eigenvectors:
                   0          1          2    
      0       0.975008   0.010018   0.221943
      1      -0.221956   0.000170   0.975057
      2       0.009730  -0.999950   0.002389
 P Eigenvalues: 
                  0          1          2    
      0      -1.864636  14.871537 -18.780156
P(iso)  -1.924418
 Nucleus: 11 H 
 Shielding tensor (ppm): 
                  0          1          2    
      0      39.533277 -145.396161 287.978766
      1     199.693802 -25.881724 219.217694
      2     -201.865988 -162.857613   7.757857
 P Tensor eigenvectors:
                   0          1          2    
      0      -0.506031   0.740080   0.442961
      1       0.718889   0.645669  -0.257509
      2       0.476583  -0.188132   0.858763
 P Eigenvalues: 
                  0          1          2    
      0     -22.700782  18.247930  25.862262
P(iso)  7.136470
 Nucleus: 12 H 
 Shielding tensor (ppm): 
                  0          1          2    
      0      39.584466 -144.691189 -287.871923
      1     199.617058 -25.865065 -218.464374
      2     202.334578 162.029136   7.121953
 P Tensor eigenvectors:
                   0          1          2    
      0      -0.504323   0.739311  -0.446181
      1       0.720524   0.645063   0.254439
      2      -0.475925   0.193165   0.858011
 P Eigenvalues: 
                  0          1          2    
      0     -22.883758  18.085997  25.639115
P(iso)  6.947118
 Nucleus: 14 H 
 Shielding tensor (ppm): 
                  0          1          2    
      0      56.855348 245.979520 230.424679
      1     -311.902676 109.189737 327.243157
      2     -172.825648 -238.572644 136.244182
 P Tensor eigenvectors:
                   0          1          2    
      0      -0.663452   0.487424  -0.567670
      1       0.435132   0.868553   0.237223
      2      -0.608680   0.089625   0.788338
 P Eigenvalues: 
                  0          1          2    
      0     114.983803  78.483247 108.822218
P(iso)  100.763089
 Nucleus: 15 H 
 Shielding tensor (ppm): 
                  0          1          2    
      0      56.903651 245.945600 -230.127732
      1     -311.219233 109.351910 -328.725028
      2     171.854293 239.475141 135.592320
 P Tensor eigenvectors:
                   0          1          2    
      0      -0.665665   0.487967   0.564606
      1       0.433562   0.868685  -0.239605
      2       0.607384  -0.085295   0.789816
 P Eigenvalues: 
                  0          1          2    
      0     114.688322  78.423801 108.735758
P(iso)  100.615961
 Nucleus: 17 H 
 Shielding tensor (ppm): 
                  0          1          2    
      0      36.278143 -219.889048 -278.865745
      1     333.894964 -25.568401 -403.292962
      2     190.750373 293.121946 -28.260161
 P Tensor eigenvectors:
                   0          1          2    
      0      -0.688685   0.453332  -0.565865
      1       0.466802   0.874397   0.132385
      2      -0.554805   0.172976   0.813800
 P Eigenvalues: 
                  0          1          2    
      0     -38.849608   8.679250  12.619939
P(iso)  -5.850140
 Nucleus: 18 H 
 Shielding tensor (ppm): 
                  0          1          2    
      0      36.084018 -219.709330 278.825217
      1     332.784150 -25.822196 405.074212
      2     -189.714226 -294.404288 -27.342193
 P Tensor eigenvectors:
                   0          1          2    
      0      -0.691150   0.454409   0.561982
      1       0.465240   0.874802  -0.135178
      2       0.553049  -0.168028   0.816029
 P Eigenvalues: 
                  0          1          2    
      0     -38.660852   8.795579  12.784901
P(iso)  -5.693457
 Nucleus: 20 H 
 Shielding tensor (ppm): 
                  0          1          2    
      0      -3.994011 385.125977 -205.789834
      1     -456.020285  85.865960 -465.036995
      2     149.420032 335.458016  55.621187
 P Tensor eigenvectors:
                   0          1          2    
      0      -0.673718  -0.414403   0.611861
      1       0.281877  -0.909479  -0.305602
      2       0.683118  -0.033419   0.729543
 P Eigenvalues: 
                  0          1          2    
      0      45.420304  38.961928  53.110904
P(iso)  45.831045
 Nucleus: 21 H 
 Shielding tensor (ppm): 
                  0          1          2    
      0      -4.011411 385.967755 206.701623
      1     -457.818700  85.541724 463.034202
      2     -151.004891 -333.689298  56.548503
 P Tensor eigenvectors:
                   0          1          2    
      0      -0.670602  -0.414222  -0.615397
      1       0.283878  -0.909730   0.302992
      2      -0.685351   0.028489   0.727656
 P Eigenvalues: 
                  0          1          2    
      0      45.762197  39.067531  53.249087
P(iso)  46.026272
 Nucleus: 23 H 
 Shielding tensor (ppm): 
                  0          1          2    
      0      70.372003 -132.491175 -35.951068
      1     190.529591  99.181262 227.808779
      2      34.062553 -167.609673 123.141599
 P Tensor eigenvectors:
                   0          1          2    
      0       0.797738   0.111535   0.592599
      1       0.020546  -0.987202   0.158147
      2      -0.602654   0.113985   0.789820
 P Eigenvalues: 
                  0          1          2    
      0      90.663439  85.945706 116.085719
P(iso)  97.564955
 Nucleus: 24 H 
 Shielding tensor (ppm): 
                  0          1          2    
      0      70.422095 -132.935249  35.055679
      1     191.103574  99.576251 -227.505755
      2     -32.947435 167.131101 122.855947
 P Tensor eigenvectors:
                   0          1          2    
      0       0.796677   0.111573  -0.594018
      1       0.016623  -0.986487  -0.162996
      2       0.604177  -0.119981   0.787766
 P Eigenvalues: 
                  0          1          2    
      0      90.748789  85.971981 116.133523
P(iso)  97.618097
 Nucleus: 26 H 
 Shielding tensor (ppm): 
                  0          1          2    
      0      53.700264 174.499321 108.707706
      1     -266.203304  36.165911 -335.035674
      2     -71.671231 244.511458  52.823276
 P Tensor eigenvectors:
                   0          1          2    
      0       0.756592   0.248531   0.604814
      1       0.277735  -0.959514   0.046853
      2      -0.591972  -0.132530   0.794987
 P Eigenvalues: 
                  0          1          2    
      0      31.065694  46.678809  64.944949
P(iso)  47.563150
 Nucleus: 27 H 
 Shielding tensor (ppm): 
                  0          1          2    
      0      53.724104 175.634422 -107.631755
      1     -267.378203  35.622234 334.192741
      2      70.098492 -244.074650  53.195846
 P Tensor eigenvectors:
                   0          1          2    
      0       0.755131   0.248090  -0.606818
      1       0.274302  -0.960277  -0.051254
      2       0.595429   0.127748   0.793187
 P Eigenvalues: 
                  0          1          2    
      0      31.014332  46.635157  64.892694
P(iso)  47.514061
 Nucleus: 29 H 
 Shielding tensor (ppm): 
                  0          1          2    
      0      37.808088 -281.139904 -34.793079
      1     382.566785  65.294486 411.892547
      2      33.722726 -299.227176  66.067812
 P Tensor eigenvectors:
                   0          1          2    
      0      -0.733284   0.105054  -0.671757
      1      -0.049012  -0.993588  -0.101883
      2       0.678153   0.041785  -0.733732
 P Eigenvalues: 
                  0          1          2    
      0      51.303317  49.723213  68.143856
P(iso)  56.390129
 Nucleus: 30 H 
 Shielding tensor (ppm): 
                  0          1          2    
      0      37.879524 -282.118368  33.113093
      1     383.875447  65.957915 -410.793013
      2     -31.546595 298.397628  65.497672
 P Tensor eigenvectors:
                   0          1          2    
      0       0.731400   0.105117  -0.673799
      1       0.045070  -0.993339  -0.106045
      2       0.680458  -0.047193   0.731266
 P Eigenvalues: 
                  0          1          2    
      0      51.411389  49.744782  68.178940
P(iso)  56.445037
 Nucleus: 32 H 
 Shielding tensor (ppm): 
                  0          1          2    
      0      -4.893588 239.261556 -85.333192
      1     -348.528826  25.538651 470.012544
      2      60.462266 -341.445564  -9.622186
 P Tensor eigenvectors:
                   0          1          2    
      0       0.799831   0.079660  -0.594915
      1       0.158158  -0.984097   0.080863
      2       0.579013   0.158767   0.799711
 P Eigenvalues: 
                  0          1          2    
      0     -19.284384  12.622923  17.684339
P(iso)  3.674292
 Nucleus: 33 H 
 Shielding tensor (ppm): 
                  0          1          2    
      0      -4.943704 237.615546  86.770470
      1     -346.557908  26.286786 -471.127956
      2     -62.459855 342.584521 -10.245305
 P Tensor eigenvectors:
                   0          1          2    
      0       0.801886   0.080299   0.592056
      1       0.161491  -0.983174  -0.085381
      2      -0.575238  -0.164077   0.801361
 P Eigenvalues: 
                  0          1          2    
      0     -19.264038  12.646170  17.715646
P(iso)  3.699259
 Nucleus: 35 H 
 Shielding tensor (ppm): 
                  0          1          2    
      0     -107.476410  53.518721   0.487755
      1     101.481058  10.956999   1.140386
      2       0.043560  -0.137005 -149.118780
 P Tensor eigenvectors:
                   0          1          2    
      0      -0.226601   0.058041   0.972257
      1      -0.973982  -0.017050  -0.225985
      2       0.003461  -0.998169   0.060394
 P Eigenvalues: 
                  0          1          2    
      0      39.079176 -149.099056 -135.618312
P(iso)  -81.879397
 Nucleus: 36 H 
 Shielding tensor (ppm): 
                  0          1          2    
      0     -109.580683 -315.056436  -0.915814
      1     377.866360  61.699271   1.040317
      2       1.068452  -0.047857 -95.176295
 P Tensor eigenvectors:
                   0          1          2    
      0      -0.001561  -0.543971  -0.839102
      1      -0.002840   0.839102  -0.543966
      2       0.999995   0.001534  -0.002855
 P Eigenvalues: 
                  0          1          2    
      0     -95.177844 -17.651979 -30.227885
P(iso)  -47.685903
 Nucleus: 43 H 
 Shielding tensor (ppm): 
                  0          1          2    
      0      40.886818 -22.999025   0.022886
      1       5.027813 -237.029122  -0.114347
      2       0.022442  -0.117455 -165.774247
 P Tensor eigenvectors:
                   0          1          2    
      0       0.999252   0.000000  -0.038668
      1       0.038668   0.001575   0.999251
      2       0.000061  -0.999999   0.001574
 P Eigenvalues: 
                  0          1          2    
      0      39.776885 -165.774059 -235.919377
P(iso)  -120.638850
 Nucleus: 44 H 
 Shielding tensor (ppm): 
                  0          1          2    
      0      11.786858 531.854237   0.840061
      1     -292.103036 -93.831190  -0.069520
      2      -0.432253   0.058960 -80.208810
 P Tensor eigenvectors:
                   0          1          2    
      0      -0.000159  -0.987567  -0.157198
      1      -0.001554   0.157198  -0.987566
      2       0.999999   0.000087  -0.001560
 P Eigenvalues: 
                  0          1          2    
      0     -80.208830 -28.042990 -54.001322
P(iso)  -54.084381
 Nucleus: 45 H 
 Shielding tensor (ppm): 
                  0          1          2    
      0       7.577021 -504.092110  -0.822205
      1     347.193816 154.227315   0.119486
      2       0.534779   0.006232 102.476160
 P Tensor eigenvectors:
                   0          1          2    
      0      -0.000094  -0.960526  -0.278191
      1      -0.001604   0.278191  -0.960525
      2       0.999999   0.000356  -0.001567
 P Eigenvalues: 
                  0          1          2    
      0     102.476094  60.851067 100.953335
P(iso)  88.093499
 Nucleus: 46 H 
 Shielding tensor (ppm): 
                  0          1          2    
      0      15.951496 490.745619   0.674197
      1     -312.084821 139.602590  -0.018231
      2      -0.423770   0.151198  96.824114
 P Tensor eigenvectors:
                   0          1          2    
      0      -0.000292   0.978650  -0.205534
      1      -0.001408   0.205533   0.978649
      2       0.999999   0.000575   0.001318
 P Eigenvalues: 
                  0          1          2    
      0      96.824006  57.111941  98.442254
P(iso)  84.126067
 Nucleus: 47 H 
 Shielding tensor (ppm): 
                  0          1          2    
      0      -1.260132 -560.350906  -0.850973
      1     311.668349 -73.838536   0.036580
      2       0.483728  -0.083022 -74.647568
 P Tensor eigenvectors:
                   0          1          2    
      0      -0.000117  -0.995101   0.098866
      1      -0.001539  -0.098866  -0.995100
      2       0.999999  -0.000268  -0.001520
 P Eigenvalues: 
                  0          1          2    
      0     -74.647495 -26.435440 -48.663300
P(iso)  -49.915412
# -----------------------------------------------------------
$ EPRNMR_ATensor
   description: Hyperfine A tensor
   geom. index: 1
   prop. index: 1
 Number of stored nuclei 25
 Source density: 1 SCF 
 Spin multiplicity: 2 
 Nucleus: 8 H  
 Isotope: 1 
 Nuclear Spin:  0.5 
 Prefactor (MHz): 533.551395 
 Raw A tensor (MHz): 
                  0          1          2    
      0       6.811680  -1.216190  -0.002451
      1      -1.227982   5.020516   0.001583
      2      -0.002448   0.001593   4.317900
 A Tensor eigenvectors:
                   0          1          2    
      0      -0.000730   0.451133  -0.892457
      1      -0.003512   0.892450   0.451132
      2       0.999994   0.003464   0.000933
 A Eigenvalues: 
                  0          1          2    
      0       4.317896   4.400992   7.431207
A(iso)  5.383365
 Nucleus: 9 H  
 Isotope: 1 
 Nuclear Spin:  0.5 
 Prefactor (MHz): 533.551395 
 Raw A tensor (MHz): 
                  0          1          2    
      0      -0.805372   5.496533   0.013733
      1       5.334226   5.356955   0.057768
      2       0.013808   0.057748  -7.676634
 A Tensor eigenvectors:
                   0          1          2    
      0       0.862839   0.002229  -0.505474
      1      -0.505457  -0.005455  -0.862835
      2      -0.004681   0.999983  -0.003581
 A Eigenvalues: 
                  0          1          2    
      0      -3.954565  -7.676912   8.506427
A(iso)  -1.041683
 Nucleus: 11 H  
 Isotope: 1 
 Nuclear Spin:  0.5 
 Prefactor (MHz): 533.551395 
 Raw A tensor (MHz): 
                  0          1          2    
      0      -3.027728  -2.975060  -0.474650
      1      -2.912800   5.681349   3.559825
      2      -0.452446   3.560330  -1.864698
 A Tensor eigenvectors:
                   0          1          2    
      0       0.536510  -0.802567   0.260849
      1      -0.159644  -0.400045  -0.902484
      2       0.828656   0.442549  -0.342754
 A Eigenvalues: 
                  0          1          2    
      0      -2.856945  -4.227825   7.873692
A(iso)  0.262974
 Nucleus: 12 H  
 Isotope: 1 
 Nuclear Spin:  0.5 
 Prefactor (MHz): 533.551395 
 Raw A tensor (MHz): 
                  0          1          2    
      0      -3.098309  -2.985063   0.449865
      1      -2.922626   5.700465  -3.523060
      2       0.428142  -3.523558  -1.995409
 A Tensor eigenvectors:
                   0          1          2    
      0      -0.541688  -0.799260   0.260304
      1       0.151218  -0.397278  -0.905153
      2       0.826866  -0.450948   0.336064
 A Eigenvalues: 
                  0          1          2    
      0      -2.933482  -4.307138   7.847367
A(iso)  0.202249
 Nucleus: 14 H  
 Isotope: 1 
 Nuclear Spin:  0.5 
 Prefactor (MHz): 533.551395 
 Raw A tensor (MHz): 
                  0          1          2    
      0       0.378132  -1.030337  -0.283630
      1      -1.016830   1.136630   0.399266
      2      -0.280561   0.399405  -0.242445
 A Tensor eigenvectors:
                   0          1          2    
      0       0.816130  -0.147077  -0.558838
      1       0.577214   0.161472   0.800469
      2      -0.027494  -0.975856   0.216677
 A Eigenvalues: 
                  0          1          2    
      0      -0.334021  -0.351272   1.957610
A(iso)  0.424106
 Nucleus: 15 H  
 Isotope: 1 
 Nuclear Spin:  0.5 
 Prefactor (MHz): 533.551395 
 Raw A tensor (MHz): 
                  0          1          2    
      0       0.364102  -1.031758   0.280071
      1      -1.018220   1.128699  -0.395582
      2       0.276971  -0.395718  -0.257457
 A Tensor eigenvectors:
                   0          1          2    
      0       0.817225  -0.143126   0.558263
      1       0.575788   0.161229  -0.801544
      2       0.024713   0.976484   0.214171
 A Eigenvalues: 
                  0          1          2    
      0      -0.347413  -0.363819   1.946576
A(iso)  0.411781
 Nucleus: 17 H  
 Isotope: 1 
 Nuclear Spin:  0.5 
 Prefactor (MHz): 533.551395 
 Raw A tensor (MHz): 
                  0          1          2    
      0      -0.596818  -0.144406   0.016255
      1      -0.136628   1.123657  -0.331425
      2       0.014498  -0.331490  -0.573954
 A Tensor eigenvectors:
                   0          1          2    
      0       0.946158   0.313539   0.080493
      1       0.017005   0.200177  -0.979612
      2      -0.323259   0.928236   0.184068
 A Eigenvalues: 
                  0          1          2    
      0      -0.604215  -0.640043   1.197143
A(iso)  -0.015705
 Nucleus: 18 H  
 Isotope: 1 
 Nuclear Spin:  0.5 
 Prefactor (MHz): 533.551395 
 Raw A tensor (MHz): 
                  0          1          2    
      0      -0.596285  -0.145543  -0.017259
      1      -0.137762   1.118051   0.341016
      2      -0.015484   0.341086  -0.569777
 A Tensor eigenvectors:
                   0          1          2    
      0       0.945617   0.314968  -0.081270
      1       0.015513   0.205893   0.978451
      2       0.324913  -0.926501   0.189810
 A Eigenvalues: 
                  0          1          2    
      0      -0.603852  -0.639791   1.195633
A(iso)  -0.016004
 Nucleus: 20 H  
 Isotope: 1 
 Nuclear Spin:  0.5 
 Prefactor (MHz): 533.551395 
 Raw A tensor (MHz): 
                  0          1          2    
      0      -0.147521  -0.238140   0.032520
      1      -0.233910   0.377112  -0.088335
      2       0.032667  -0.088396  -0.228739
 A Tensor eigenvectors:
                   0          1          2    
      0       0.894588   0.268897   0.356940
      1       0.297940   0.236443  -0.924839
      2      -0.333082   0.933697   0.131404
 A Eigenvalues: 
                  0          1          2    
      0      -0.237663  -0.241659   0.480174
A(iso)  0.000284
 Nucleus: 21 H  
 Isotope: 1 
 Nuclear Spin:  0.5 
 Prefactor (MHz): 533.551395 
 Raw A tensor (MHz): 
                  0          1          2    
      0      -0.147172  -0.238268  -0.033483
      1      -0.234039   0.376031   0.090559
      2      -0.033635   0.090622  -0.228016
 A Tensor eigenvectors:
                   0          1          2    
      0       0.895810   0.264011  -0.357523
      1       0.298513   0.238549   0.924112
      2       0.329263  -0.934555   0.134884
 A Eigenvalues: 
                  0          1          2    
      0      -0.237603  -0.241585   0.480030
A(iso)  0.000281
 Nucleus: 23 H  
 Isotope: 1 
 Nuclear Spin:  0.5 
 Prefactor (MHz): 533.551395 
 Raw A tensor (MHz): 
                  0          1          2    
      0       1.036637   0.681232   0.351362
      1       0.677358   0.033335   0.110227
      2       0.351603   0.110288  -0.075053
 A Tensor eigenvectors:
                   0          1          2    
      0       0.049946   0.486692  -0.872144
      1       0.388345  -0.813983  -0.431996
      2      -0.920160  -0.317116  -0.229660
 A Eigenvalues: 
                  0          1          2    
      0      -0.140688  -0.329704   1.465311
A(iso)  0.331640
 Nucleus: 24 H  
 Isotope: 1 
 Nuclear Spin:  0.5 
 Prefactor (MHz): 533.551395 
 Raw A tensor (MHz): 
                  0          1          2    
      0       1.045759   0.682812  -0.345988
      1       0.678942   0.042165  -0.108360
      2      -0.346220  -0.108414  -0.069007
 A Tensor eigenvectors:
                   0          1          2    
      0       0.048617   0.486008   0.872601
      1       0.383493  -0.815758   0.432982
      2       0.922263   0.313586  -0.226041
 A Eigenvalues: 
                  0          1          2    
      0      -0.132339  -0.321645   1.472901
A(iso)  0.339639
 Nucleus: 26 H  
 Isotope: 1 
 Nuclear Spin:  0.5 
 Prefactor (MHz): 533.551395 
 Raw A tensor (MHz): 
                  0          1          2    
      0      -0.087042   1.028725  -0.249447
      1       1.011806   0.702631  -0.404621
      2      -0.245254  -0.405189  -0.781971
 A Tensor eigenvectors:
                   0          1          2    
      0       0.829425  -0.079853  -0.552882
      1      -0.510386   0.293984  -0.808133
      2       0.227070   0.952469   0.203082
 A Eigenvalues: 
                  0          1          2    
      0      -0.780299  -0.886263   1.500180
A(iso)  -0.055461
 Nucleus: 27 H  
 Isotope: 1 
 Nuclear Spin:  0.5 
 Prefactor (MHz): 533.551395 
 Raw A tensor (MHz): 
                  0          1          2    
      0      -0.089229   1.027060   0.255534
      1       1.010146   0.697762   0.413762
      2       0.251285   0.414337  -0.778679
 A Tensor eigenvectors:
                   0          1          2    
      0       0.829748  -0.079237   0.552485
      1      -0.508881   0.299188   0.807172
      2      -0.229255  -0.950898   0.207929
 A Eigenvalues: 
                  0          1          2    
      0      -0.781663  -0.887890   1.499406
A(iso)  -0.056716
 Nucleus: 29 H  
 Isotope: 1 
 Nuclear Spin:  0.5 
 Prefactor (MHz): 533.551395 
 Raw A tensor (MHz): 
                  0          1          2    
      0       0.112744   0.354607   0.067839
      1       0.350506   0.141676   0.071979
      2       0.067985   0.072031  -0.208517
 A Tensor eigenvectors:
                   0          1          2    
      0       0.409664   0.601541  -0.685801
      1      -0.220984  -0.663949  -0.714379
      2      -0.885066   0.444207  -0.139065
 A Eigenvalues: 
                  0          1          2    
      0      -0.222414  -0.225690   0.494006
A(iso)  0.015301
 Nucleus: 30 H  
 Isotope: 1 
 Nuclear Spin:  0.5 
 Prefactor (MHz): 533.551395 
 Raw A tensor (MHz): 
                  0          1          2    
      0       0.113682   0.355027  -0.065452
      1       0.350926   0.142939  -0.069498
      2      -0.065589  -0.069549  -0.208803
 A Tensor eigenvectors:
                   0          1          2    
      0       0.403770   0.605149   0.686123
      1      -0.220887  -0.663303   0.715010
      2       0.887794  -0.440255  -0.134153
 A Eigenvalues: 
                  0          1          2    
      0      -0.221734  -0.225012   0.494564
A(iso)  0.015939
 Nucleus: 32 H  
 Isotope: 1 
 Nuclear Spin:  0.5 
 Prefactor (MHz): 533.551395 
 Raw A tensor (MHz): 
                  0          1          2    
      0      -0.124336   0.254546   0.035563
      1       0.250908   0.349653   0.084982
      2       0.035614   0.085029  -0.221541
 A Tensor eigenvectors:
                   0          1          2    
      0      -0.749952   0.530270   0.395455
      1       0.236860  -0.342920   0.909012
      2       0.617632   0.775384   0.131574
 A Eigenvalues: 
                  0          1          2    
      0      -0.232708  -0.234891   0.471374
A(iso)  0.001259
 Nucleus: 33 H  
 Isotope: 1 
 Nuclear Spin:  0.5 
 Prefactor (MHz): 533.551395 
 Raw A tensor (MHz): 
                  0          1          2    
      0      -0.124105   0.254812  -0.034173
      1       0.251174   0.350164  -0.081733
      2      -0.034218  -0.081779  -0.222395
 A Tensor eigenvectors:
                   0          1          2    
      0       0.749815  -0.530185  -0.395829
      1      -0.240584   0.338826  -0.909569
      2       0.616357   0.777239   0.126503
 A Eigenvalues: 
                  0          1          2    
      0      -0.232631  -0.234808   0.471104
A(iso)  0.001221
 Nucleus: 35 H  
 Isotope: 1 
 Nuclear Spin:  0.5 
 Prefactor (MHz): 533.551395 
 Raw A tensor (MHz): 
                  0          1          2    
      0      -0.202721  -0.100635  -0.000246
      1      -0.097703   0.374932   0.001476
      2      -0.000248   0.001477  -0.221632
 A Tensor eigenvectors:
                   0          1          2    
      0       0.985981   0.000976  -0.166852
      1       0.166849   0.002638   0.985979
      2       0.001402  -0.999996   0.002439
 A Eigenvalues: 
                  0          1          2    
      0      -0.219269  -0.221635   0.391484
A(iso)  -0.016474
 Nucleus: 36 H  
 Isotope: 1 
 Nuclear Spin:  0.5 
 Prefactor (MHz): 533.551395 
 Raw A tensor (MHz): 
                  0          1          2    
      0      -0.043706   0.187167   0.000575
      1       0.184669   0.178656   0.001012
      2       0.000577   0.001012  -0.148588
 A Tensor eigenvectors:
                   0          1          2    
      0      -0.041112   0.868140   0.494613
      1       0.020314  -0.494203   0.869109
      2       0.998948   0.045778   0.002682
 A Eigenvalues: 
                  0          1          2    
      0      -0.148592  -0.149149   0.284103
A(iso)  -0.004546
 Nucleus: 43 H  
 Isotope: 1 
 Nuclear Spin:  0.5 
 Prefactor (MHz): 533.551395 
 Raw A tensor (MHz): 
                  0          1          2    
      0       0.214191   0.010328   0.000010
      1       0.010259   0.420528   0.000245
      2       0.000010   0.000244   0.258130
 A Tensor eigenvectors:
                   0          1          2    
      0       0.998756   0.000133   0.049865
      1      -0.049865   0.001497   0.998755
      2       0.000058  -0.999999   0.001502
 A Eigenvalues: 
                  0          1          2    
      0       0.213679   0.258129   0.421040
A(iso)  0.297616
 Nucleus: 44 H  
 Isotope: 1 
 Nuclear Spin:  0.5 
 Prefactor (MHz): 533.551395 
 Raw A tensor (MHz): 
                  0          1          2    
      0      -0.043517   0.066529   0.000121
