-------------------------------------------------------------
----------------------- !PROPERTIES! ------------------------
-------------------------------------------------------------
# -----------------------------------------------------------
$ PAL_Flags
   description: The PAL Flags
   geom. index: 1
   prop. index: 1
        Diskflag:     2
# -----------------------------------------------------------
$ SCF_Energy
   description: The SCF energy
   geom. index: 1
   prop. index: 1
        SCF Energy:     -890.8192959628
# -----------------------------------------------------------
$ DFT_Energy
   description: The DFT energy
   geom. index: 1
   prop. index: 1
   Number of Alpha Electrons                 82.0001697633 
   Number of Beta  Electrons                 81.0001681478 
   Total number of  Electrons               163.0003379111 
   Exchange energy                         -101.4151141289 
   Correlation energy                        -6.3285891419 
   Correlation energy NL                      0.0000000000 
   Exchange-Correlation energy             -107.7437032708 
   Embedding correction                       0.0000000000 
   Total DFT Energy (No VdW correction)    -890.8192959628 
# -----------------------------------------------------------
$ Mayer_Pop
   description: The Mayer population analysis
   geom. index: 1
   prop. index: 1
     Number of atoms                     : 48
     Threshold for printing              : 0.1000000
     Number of bond orders printed       : 57
  NA   - Mulliken gross atomic population
  ZA   - Total nuclear charge
  QA   - Mulliken gross atomic charge
  VA   - Mayer's total valence
  BVA  - Mayer's bonded valence
  FA   - Mayer's free valence
  ATOM       NA         ZA         QA         VA         BVA        FA
  0   0     6.5889     6.0000    -0.5889     2.2005     1.3929     0.8076
  1   0     6.3623     6.0000    -0.3623     3.7894     3.7894     0.0000
  2   0     5.6472     6.0000     0.3528     3.8428     3.8386     0.0042
  3   0     5.6639     6.0000     0.3361     3.8604     3.8587     0.0017
  4   0     6.4280     6.0000    -0.4280     4.2905     4.2905     0.0000
  5   0     5.4407     6.0000     0.5593     3.9258     3.9255     0.0003
  6   0     5.7474     6.0000     0.2526     3.9510     3.9510     0.0000
  7   0     6.3545     6.0000    -0.3545     4.2850     4.2791     0.0059
  8   0     0.8677     1.0000     0.1323     0.9651     0.9651     0.0000
  9   0     0.8478     1.0000     0.1522     0.9639     0.9639     0.0000
 10   0     6.3591     6.0000    -0.3591     4.0313     4.0295     0.0018
 11   0     0.8366     1.0000     0.1634     0.9631     0.9631     0.0000
 12   0     0.8365     1.0000     0.1635     0.9631     0.9631     0.0000
 13   0     6.2667     6.0000    -0.2667     4.0087     4.0087     0.0000
 14   0     0.8633     1.0000     0.1367     0.9668     0.9668     0.0000
 15   0     0.8632     1.0000     0.1368     0.9667     0.9667     0.0000
 16   0     6.2526     6.0000    -0.2526     3.8894     3.8894    -0.0000
 17   0     0.8554     1.0000     0.1446     0.9672     0.9672     0.0000
 18   0     0.8554     1.0000     0.1446     0.9672     0.9672    -0.0000
 19   0     6.5089     6.0000    -0.5089     3.8989     3.8989     0.0000
 20   0     0.8432     1.0000     0.1568     0.9659     0.9659     0.0000
 21   0     0.8432     1.0000     0.1568     0.9659     0.9659     0.0000
 22   0     6.3536     6.0000    -0.3536     4.0145     4.0145     0.0000
 23   0     0.8501     1.0000     0.1499     0.9639     0.9639     0.0000
 24   0     0.8503     1.0000     0.1497     0.9639     0.9639     0.0000
 25   0     6.2623     6.0000    -0.2623     4.0232     4.0232     0.0000
 26   0     0.8582     1.0000     0.1418     0.9665     0.9665    -0.0000
 27   0     0.8582     1.0000     0.1418     0.9666     0.9666    -0.0000
 28   0     6.2561     6.0000    -0.2561     3.8978     3.8978     0.0000
 29   0     0.8591     1.0000     0.1409     0.9674     0.9674    -0.0000
 30   0     0.8591     1.0000     0.1409     0.9675     0.9675    -0.0000
 31   0     6.5067     6.0000    -0.5067     3.9018     3.9018    -0.0000
 32   0     0.8405     1.0000     0.1595     0.9654     0.9654    -0.0000
 33   0     0.8405     1.0000     0.1595     0.9654     0.9654    -0.0000
 34   0     6.2818     6.0000    -0.2818     3.9628     3.9627     0.0001
 35   0     0.8550     1.0000     0.1450     0.9668     0.9668     0.0000
 36   0     0.8572     1.0000     0.1428     0.9671     0.9671    -0.0000
 37   0     5.4127     6.0000     0.5873     3.9354     3.9354     0.0000
 38   0     6.2715     6.0000    -0.2715     4.1971     4.1971     0.0000
 39   0     6.0955     6.0000    -0.0955     4.0997     4.0997     0.0000
 40   0     6.1129     6.0000    -0.1129     4.0794     4.0794     0.0000
 41   0     6.0980     6.0000    -0.0980     4.1031     4.1031     0.0000
 42   0     6.2667     6.0000    -0.2667     4.1871     4.1871     0.0000
 43   0     0.8883     1.0000     0.1117     0.9573     0.9573     0.0000
 44   0     0.8896     1.0000     0.1104     0.9609     0.9609     0.0000
 45   0     0.8767     1.0000     0.1233     0.9597     0.9597     0.0000
 46   0     0.8770     1.0000     0.1230     0.9596     0.9596     0.0000
 47   0     0.8896     1.0000     0.1104     0.9611     0.9611     0.0000
      Bond orders larger than 0.1000000
           Atom A     A.N. of A          Atom B    A.N. of B              Bond order
                0             6               2            6                0.934415
                0             6               7            6                0.196145
                1             6               5            6                0.847565
                1             6               6            6                0.111104
                1             6              34            6                2.467124
                2             6               3            6                1.298003
                2             6               4            6                0.120929
                2             6               7            6                1.325598
                3             6               4            6                1.477349
                3             6               5            6                0.118166
                3             6              10            6                0.960484
                4             6               5            6                1.403029
                4             6               8            1                0.971654
                5             6               6            6                1.353477
                5             6               7            6                0.141243
                5             6              34            6                0.126885
                6             6               7            6                1.490926
                6             6              22            6                0.967760
                7             6               9            1                0.961044
               10             6              11            1                0.954295
               10             6              12            1                0.954297
               10             6              13            6                1.011294
               13             6              14            1                0.962446
               13             6              15            1                0.962531
               13             6              16            6                0.989626
               16             6              17            1                0.970335
               16             6              18            1                0.970367
               16             6              19            6                0.953703
               19             6              20            1                0.972871
               19             6              21            1                0.972876
               19             6              35            1                0.967692
               22             6              23            1                0.955760
               22             6              24            1                0.955833
               22             6              25            6                1.023998
               25             6              26            1                0.959875
               25             6              27            1                0.959882
               25             6              28            6                0.988938
               28             6              29            1                0.971328
               28             6              30            1                0.971308
               28             6              31            6                0.956313
               31             6              32            1                0.972302
               31             6              33            1                0.972307
               31             6              36            1                0.966911
               34             6              37            6                1.017239
               37             6              38            6                1.382481
               37             6              42            6                1.379944
               38             6              39            6                1.481712
               38             6              40            6                0.100773
               38             6              45            1                0.979668
               39             6              40            6                1.451278
               39             6              47            1                0.973152
               40             6              41            6                1.453787
               40             6              42            6                0.102202
               40             6              43            1                0.962873
               41             6              42            6                1.481528
               41             6              44            1                0.974023
               42             6              46            1                0.977532
# -----------------------------------------------------------
$ Calculation_Info
   description: Details of the calculation
   geom. index: 1
   prop. index: 1
     Multiplicity:                          2
     Charge:                                0
     number of atoms:                       48
     number of electrons:                   0
     number of frozen core electrons:       1
     number of correlated electrons:        0
     number of basis functions:             566
     number of aux C basis functions:       3940
     number of aux J basis functions:       3940
     number of aux JK basis functions:      3940
     number of aux CABS basis functions:    0
     Total Energy                           -890.819296
# -----------------------------------------------------------
$ SCF_Electric_Properties
   description: The SCF Calculated Electric Properties
   geom. index: 1
   prop. index: 1
       Filename                          : EPRII.scfp 
       Do Dipole Moment Calculation      : true 
       Do Quadrupole Moment Calculation  : false 
       Do Polarizability Calculation     : false 
** Dipole moment part of electric properties **
        Magnitude of dipole moment (Debye) :        7.6084074658
        Electronic Contribution:
                  0    
      0      13.815349
      1      -0.242606
      2       0.000928
        Nuclear Contribution:
                  0    
      0     -10.823687
      1       0.143071
      2      -0.000288
        Total Dipole moment:
                  0    
      0       2.991662
      1      -0.099535
      2       0.000640
# -----------------------------------------------------------
$ EPRNMR_GTensor
   description: Electronic g tensor
   geom. index: 1
   prop. index: 1
 Source density: 1 SCF 
 Spin multiplicity: 2 
 raw g tensor: 
                  0          1          2    
      0       2.022200  -0.001269   0.000001
      1      -0.001809   2.002433  -0.000002
      2      -0.000000  -0.000001   2.003629
 g tensor: 
                  0          1          2    
      0       0.077213  -0.000123   0.997015
      1       0.997014  -0.001187  -0.077213
      2       0.001193   0.999999   0.000031
 G eigenvalues: 
                  0          1          2    
      0       2.002314   2.003629   2.022319
# -----------------------------------------------------------
$ EPRNMR_OrbitalShielding
   description: Orbital contribution to the NMR Shielding tensor (ppm)
   geom. index: 1
   prop. index: 1
 Number of stored nuclei 25
 Source density: 1 SCF 
 Nucleus: 8 H 
 Shielding tensor (ppm): 
                  0          1          2    
      0      38.816326 176.823405   0.413702
      1     -184.080803 129.493881  -0.033686
      2      -0.483008   0.068727 122.596389
 P Tensor eigenvectors:
                   0          1          2    
      0      -0.000237   0.821280  -0.570525
      1      -0.002461   0.570523   0.821278
      2       0.999997   0.001599   0.001886
 P Eigenvalues: 
                  0          1          2    
      0     122.596352  64.931217 103.379027
P(iso)  96.968865
 Nucleus: 9 H 
 Shielding tensor (ppm): 
                  0          1          2    
      0      -9.137594 -95.089895  -0.247622
      1       6.574312  -0.475089  -0.073176
      2      -0.035821  -0.059339  15.432468
 P Tensor eigenvectors:
                   0          1          2    
      0       0.995391   0.005087   0.095766
      1      -0.095777   0.002074   0.995401
      2       0.004865  -0.999985   0.002552
 P Eigenvalues: 
                  0          1          2    
      0      -0.620139  15.432546  -8.992623
P(iso)  1.939928
 Nucleus: 11 H 
 Shielding tensor (ppm): 
                  0          1          2    
      0      44.252222 -140.952612 286.225509
      1     198.479374 -26.477779 216.691052
      2     -199.950044 -161.280726   8.495422
 P Tensor eigenvectors:
                   0          1          2    
      0      -0.504001   0.734398   0.454579
      1       0.719551   0.648139  -0.249325
      2       0.477734  -0.201432   0.855100
 P Eigenvalues: 
                  0          1          2    
      0     -23.117324  20.474114  28.913074
P(iso)  8.756621
 Nucleus: 12 H 
 Shielding tensor (ppm): 
                  0          1          2    
      0      44.316480 -140.031868 -286.329290
      1     198.148878 -26.378709 -216.180463
      2     200.579779 160.613535   7.954267
 P Tensor eigenvectors:
                   0          1          2    
      0      -0.502712   0.733775  -0.457006
      1       0.721437   0.647373   0.245841
      2      -0.476245   0.206114   0.854814
 P Eigenvalues: 
                  0          1          2    
      0     -23.241132  20.367758  28.765412
P(iso)  8.630679
 Nucleus: 14 H 
 Shielding tensor (ppm): 
                  0          1          2    
      0      56.161611 245.913588 228.754171
      1     -311.076432 109.010563 324.460325
      2     -171.807110 -236.585546 135.357884
 P Tensor eigenvectors:
                   0          1          2    
      0      -0.661668   0.488414  -0.568900
      1       0.434141   0.868173   0.240413
      2      -0.611324   0.087909   0.786483
 P Eigenvalues: 
                  0          1          2    
      0     114.150677  78.128031 108.251349
P(iso)  100.176686
 Nucleus: 15 H 
 Shielding tensor (ppm): 
                  0          1          2    
      0      56.215771 246.228849 -228.134764
      1     -310.850307 109.272955 -325.526001
      2     170.597730 237.180696 134.774827
 P Tensor eigenvectors:
                   0          1          2    
      0      -0.663267   0.488778   0.566722
      1       0.432031   0.868409  -0.243343
      2       0.611087  -0.083440   0.787154
 P Eigenvalues: 
                  0          1          2    
      0     113.969010  78.093870 108.200674
P(iso)  100.087851
 Nucleus: 17 H 
 Shielding tensor (ppm): 
                  0          1          2    
      0      37.018248 -218.518306 -276.347811
      1     332.651498 -25.966228 -399.031805
      2     189.493968 290.183991 -27.152477
 P Tensor eigenvectors:
                   0          1          2    
      0      -0.685977   0.454378  -0.568310
      1       0.467366   0.873777   0.134474
      2      -0.557678   0.173363   0.811751
 P Eigenvalues: 
                  0          1          2    
      0     -38.144510   8.985691  13.058361
P(iso)  -5.366819
 Nucleus: 18 H 
 Shielding tensor (ppm): 
                  0          1          2    
      0      36.860374 -218.787359 275.962626
      1     332.145381 -26.318753 400.280338
      2     -188.227065 -291.080576 -26.357410
 P Tensor eigenvectors:
                   0          1          2    
      0      -0.687761   0.455123   0.565551
      1       0.465382   0.874338  -0.137670
      2       0.557140  -0.168513   0.813141
 P Eigenvalues: 
                  0          1          2    
      0     -38.033547   9.057535  13.160224
P(iso)  -5.271930
 Nucleus: 20 H 
 Shielding tensor (ppm): 
                  0          1          2    
      0      -5.282179 383.412920 -204.240155
      1     -453.021038  85.569349 -459.250408
      2     148.720208 331.213493  53.723962
 P Tensor eigenvectors:
                   0          1          2    
      0      -0.670832  -0.418575   0.612192
      1       0.282736  -0.907495  -0.310665
      2       0.685598  -0.035315   0.727123
 P Eigenvalues: 
                  0          1          2    
      0      43.634149  38.246882  52.130101
P(iso)  44.670377
 Nucleus: 21 H 
 Shielding tensor (ppm): 
                  0          1          2    
      0      -5.306278 383.738445 205.452880
      1     -454.115096  85.149615 457.834951
      2     -150.527560 -329.861597  54.568025
 P Tensor eigenvectors:
                   0          1          2    
      0      -0.668525  -0.418463  -0.614787
      1       0.285193  -0.907725   0.307734
      2      -0.686833   0.030395   0.726180
 P Eigenvalues: 
                  0          1          2    
      0      43.866304  38.319553  52.225506
P(iso)  44.803788
 Nucleus: 23 H 
 Shielding tensor (ppm): 
                  0          1          2    
      0      69.867822 -131.750465 -36.001725
      1     189.789732  99.180536 225.646684
      2      34.070215 -166.067805 123.136788
 P Tensor eigenvectors:
                   0          1          2    
      0       0.796887   0.111726   0.593708
      1       0.018860  -0.986872   0.160399
      2      -0.603834   0.116622   0.788532
 P Eigenvalues: 
                  0          1          2    
      0      90.424176  85.858891 115.902080
P(iso)  97.395049
 Nucleus: 24 H 
 Shielding tensor (ppm): 
                  0          1          2    
      0      69.924503 -132.168580  35.132391
      1     190.323541  99.563273 -225.367218
      2     -32.972851 165.641952 122.863234
 P Tensor eigenvectors:
                   0          1          2    
      0       0.795910   0.111698  -0.595021
      1       0.014972  -0.986164  -0.165096
      2       0.605230  -0.122493   0.786570
 P Eigenvalues: 
                  0          1          2    
      0      90.514811  85.892930 115.943269
P(iso)  97.450337
 Nucleus: 26 H 
 Shielding tensor (ppm): 
                  0          1          2    
      0      53.624734 172.076561 108.219612
      1     -265.289068  35.885954 -331.781661
      2     -71.259615 242.187004  52.918670
 P Tensor eigenvectors:
                   0          1          2    
      0       0.754342   0.249647   0.607162
      1       0.280269  -0.958817   0.046029
      2      -0.593648  -0.135447   0.793244
 P Eigenvalues: 
                  0          1          2    
      0      30.631326  46.730470  65.067562
P(iso)  47.476453
 Nucleus: 27 H 
 Shielding tensor (ppm): 
                  0          1          2    
      0      53.619792 173.063200 -107.206298
      1     -266.275805  35.367271 331.107920
      2      69.750211 -241.859193  53.276531
 P Tensor eigenvectors:
                   0          1          2    
      0       0.753205   0.249252  -0.608733
      1       0.276945  -0.959572  -0.050233
      2       0.596643   0.130750   0.791784
 P Eigenvalues: 
                  0          1          2    
      0      30.568486  46.683398  65.011711
P(iso)  47.421198
 Nucleus: 29 H 
 Shielding tensor (ppm): 
                  0          1          2    
      0      37.725793 -279.294122 -34.883761
      1     380.542924  65.320929 407.213749
      2      33.635790 -295.859968  66.349701
 P Tensor eigenvectors:
                   0          1          2    
      0      -0.731327   0.105753  -0.673778
      1      -0.048901  -0.993494  -0.102856
      2       0.680271   0.042273  -0.731740
 P Eigenvalues: 
                  0          1          2    
      0      51.575547  49.694316  68.126560
P(iso)  56.465474
 Nucleus: 30 H 
 Shielding tensor (ppm): 
                  0          1          2    
      0      37.806559 -280.086124  33.296212
      1     381.588303  65.947163 -406.364623
      2     -31.557724 295.233634  65.822716
 P Tensor eigenvectors:
                   0          1          2    
      0       0.729857   0.105755  -0.675370
      1       0.045116  -0.993259  -0.106776
      2       0.682110  -0.047461   0.729708
 P Eigenvalues: 
                  0          1          2    
      0      51.686840  49.722621  68.166977
P(iso)  56.525479
 Nucleus: 32 H 
 Shielding tensor (ppm): 
                  0          1          2    
      0      -5.839421 235.214555 -84.379154
      1     -344.460233  25.426638 464.476077
      2      59.427740 -337.127210 -10.616610
 P Tensor eigenvectors:
                   0          1          2    
      0       0.800039   0.077830  -0.594878
      1       0.157878  -0.983914   0.083598
      2       0.578802   0.160800   0.799457
 P Eigenvalues: 
                  0          1          2    
      0     -20.376133  12.210537  17.136203
P(iso)  2.990203
 Nucleus: 33 H 
 Shielding tensor (ppm): 
                  0          1          2    
      0      -5.858831 233.850018  85.720950
      1     -342.855650  26.130351 -465.357256
      2     -61.312280 338.100064 -11.198973
 P Tensor eigenvectors:
                   0          1          2    
      0       0.801699   0.078377   0.592567
      1       0.161045  -0.983029  -0.087860
      2      -0.575624  -0.165868   0.800715
 P Eigenvalues: 
                  0          1          2    
      0     -20.339394  12.238409  17.173532
P(iso)  3.024182
 Nucleus: 35 H 
 Shielding tensor (ppm): 
                  0          1          2    
      0     -106.738930  53.097414   0.383542
      1     102.074721  10.299754   0.923043
      2       0.111226   0.029943 -147.560132
 P Tensor eigenvectors:
                   0          1          2    
      0      -0.225382   0.026200   0.973918
      1      -0.974269  -0.007767  -0.225254
      2       0.001662  -0.999627   0.027277
 P Eigenvalues: 
                  0          1          2    
      0      38.425502 -147.559723 -134.865087
P(iso)  -81.333103
 Nucleus: 36 H 
 Shielding tensor (ppm): 
                  0          1          2    
      0     -109.122084 -311.983073  -0.855136
      1     374.320024  61.319037   0.849887
      2       1.004297   0.064330 -94.141248
 P Tensor eigenvectors:
                   0          1          2    
      0      -0.001145  -0.544100  -0.839020
      1      -0.002685   0.839019  -0.544096
      2       0.999996   0.001630  -0.002421
 P Eigenvalues: 
                  0          1          2    
      0     -94.142581 -17.595875 -30.205839
P(iso)  -47.314765
 Nucleus: 43 H 
 Shielding tensor (ppm): 
                  0          1          2    
      0      40.945222 -23.357821   0.039367
      1       5.461873 -234.846200  -0.160959
      2       0.020411  -0.164724 -163.807963
 P Tensor eigenvectors:
                   0          1          2    
      0       0.999144  -0.000093  -0.041364
      1       0.041364   0.002205   0.999142
      2      -0.000001  -0.999998   0.002207
 P Eigenvalues: 
                  0          1          2    
      0      39.733720 -163.807579 -233.635082
P(iso)  -119.236314
 Nucleus: 44 H 
 Shielding tensor (ppm): 
                  0          1          2    
      0      12.011575 528.673675   1.223850
      1     -290.638390 -92.788689  -0.083452
      2      -0.645846   0.074342 -79.144920
 P Tensor eigenvectors:
                   0          1          2    
      0      -0.000180  -0.987508  -0.157571
      1      -0.002281   0.157571  -0.987505
      2       0.999997   0.000182  -0.002281
 P Eigenvalues: 
                  0          1          2    
      0     -79.144974 -27.629361 -53.147699
P(iso)  -53.307345
 Nucleus: 45 H 
 Shielding tensor (ppm): 
                  0          1          2    
      0       7.922616 -501.382028  -1.178184
      1     345.388031 153.580126   0.180208
      2       0.779857   0.018440 102.108473
 P Tensor eigenvectors:
                   0          1          2    
      0      -0.000175  -0.960684  -0.277643
      1      -0.002312   0.277643  -0.960682
      2       0.999997   0.000474  -0.002270
 P Eigenvalues: 
                  0          1          2    
      0     102.108293  60.758774 100.744149
P(iso)  87.870405
 Nucleus: 46 H 
 Shielding tensor (ppm): 
                  0          1          2    
      0      16.025249 488.189473   1.026132
      1     -310.498272 138.854406   0.020937
      2      -0.667801   0.195459  96.253016
 P Tensor eigenvectors:
                   0          1          2    
      0      -0.000242   0.978725  -0.205177
      1      -0.002139   0.205176   0.978723
      2       0.999998   0.000676   0.002044
 P Eigenvalues: 
                  0          1          2    
      0      96.252749  56.878689  98.001234
P(iso)  83.710891
 Nucleus: 47 H 
 Shielding tensor (ppm): 
                  0          1          2    
      0      -0.841601 -557.550971  -1.220612
      1     310.710801 -72.681102   0.053452
      2       0.697404  -0.108474 -73.362635
 P Tensor eigenvectors:
                   0          1          2    
      0      -0.000170  -0.995067   0.099205
      1      -0.002215  -0.099204  -0.995065
      2       0.999998  -0.000388  -0.002187
 P Eigenvalues: 
                  0          1          2    
      0     -73.362511 -25.915626 -47.607200
P(iso)  -48.961779
# -----------------------------------------------------------
$ EPRNMR_ATensor
   description: Hyperfine A tensor
   geom. index: 1
   prop. index: 1
 Number of stored nuclei 25
 Source density: 1 SCF 
 Spin multiplicity: 2 
 Nucleus: 8 H  
 Isotope: 1 
 Nuclear Spin:  0.5 
 Prefactor (MHz): 533.551395 
 Raw A tensor (MHz): 
                  0          1          2    
      0       7.026189  -1.217996  -0.002226
      1      -1.228002   5.209598   0.001391
      2      -0.002219   0.001396   4.520889
 A Tensor eigenvectors:
                   0          1          2    
      0      -0.000656   0.448438  -0.893814
      1      -0.003178   0.893808   0.448438
      2       0.999995   0.003134   0.000838
 A Eigenvalues: 
                  0          1          2    
      0       4.520886   4.594504   7.641286
A(iso)  5.585559
 Nucleus: 9 H  
 Isotope: 1 
 Nuclear Spin:  0.5 
 Prefactor (MHz): 533.551395 
 Raw A tensor (MHz): 
                  0          1          2    
      0      -0.926680   5.448309   0.015433
      1       5.316904   5.366731   0.046701
      2       0.015488   0.046703  -7.823046
 A Tensor eigenvectors:
                   0          1          2    
      0       0.866066   0.000797  -0.499929
      1      -0.499923  -0.003903  -0.866061
      2      -0.002641   0.999992  -0.002982
 A Eigenvalues: 
                  0          1          2    
      0      -4.014780  -7.823214   8.455000
A(iso)  -1.127665
 Nucleus: 11 H  
 Isotope: 1 
 Nuclear Spin:  0.5 
 Prefactor (MHz): 533.551395 
 Raw A tensor (MHz): 
                  0          1          2    
      0      -3.239168  -3.019869  -0.461577
      1      -2.968462   5.612938   3.656060
      2      -0.443237   3.656958  -2.037154
 A Tensor eigenvectors:
                   0          1          2    
      0       0.545429  -0.797017   0.259366
      1      -0.158261  -0.401814  -0.901942
      2       0.823080   0.450898  -0.345298
 A Eigenvalues: 
                  0          1          2    
      0      -3.045027  -4.483140   7.864783
A(iso)  0.112205
 Nucleus: 12 H  
 Isotope: 1 
 Nuclear Spin:  0.5 
 Prefactor (MHz): 533.551395 
 Raw A tensor (MHz): 
                  0          1          2    
      0      -3.273183  -3.026064   0.438453
      1      -2.974526   5.651768  -3.618722
      2       0.420464  -3.619634  -2.122821
 A Tensor eigenvectors:
                   0          1          2    
      0      -0.548906  -0.794782   0.258889
      1       0.151381  -0.399117  -0.904317
      2       0.822062  -0.457194   0.339393
 A Eigenvalues: 
                  0          1          2    
      0      -3.080993  -4.523194   7.859950
A(iso)  0.085255
 Nucleus: 14 H  
 Isotope: 1 
 Nuclear Spin:  0.5 
 Prefactor (MHz): 533.551395 
 Raw A tensor (MHz): 
                  0          1          2    
      0       0.407827  -1.036712  -0.287519
      1      -1.025643   1.169199   0.407394
      2      -0.284989   0.407586  -0.218824
 A Tensor eigenvectors:
                   0          1          2    
      0       0.821177  -0.116073  -0.558744
      1       0.570568   0.185809   0.799954
      2       0.010966  -0.975706   0.218810
 A Eigenvalues: 
                  0          1          2    
      0      -0.310732  -0.330570   1.999504
A(iso)  0.452734
 Nucleus: 15 H  
 Isotope: 1 
 Nuclear Spin:  0.5 
 Prefactor (MHz): 533.551395 
 Raw A tensor (MHz): 
                  0          1          2    
      0       0.398385  -1.038081   0.283567
      1      -1.026992   1.165450  -0.402800
      2       0.281032  -0.402995  -0.230090
 A Tensor eigenvectors:
                   0          1          2    
      0       0.821789  -0.113835   0.558304
      1       0.569676   0.183822  -0.801048
      2      -0.011441   0.976346   0.215912
 A Eigenvalues: 
                  0          1          2    
      0      -0.319590  -0.338948   1.992282
A(iso)  0.444581
 Nucleus: 17 H  
 Isotope: 1 
 Nuclear Spin:  0.5 
 Prefactor (MHz): 533.551395 
 Raw A tensor (MHz): 
                  0          1          2    
      0      -0.607909  -0.139097   0.014897
      1      -0.132637   1.139906  -0.341116
      2       0.013403  -0.341212  -0.584050
 A Tensor eigenvectors:
                   0          1          2    
      0       0.948118   0.308642   0.076239
      1       0.013361   0.200910  -0.979519
      2      -0.317638   0.929718   0.186362
 A Eigenvalues: 
                  0          1          2    
      0      -0.614259  -0.652916   1.215123
A(iso)  -0.017351
 Nucleus: 18 H  
 Isotope: 1 
 Nuclear Spin:  0.5 
 Prefactor (MHz): 533.551395 
 Raw A tensor (MHz): 
                  0          1          2    
      0      -0.607439  -0.139951  -0.015793
      1      -0.133491   1.134970   0.350421
      2      -0.014282   0.350517  -0.579906
 A Tensor eigenvectors:
                   0          1          2    
      0       0.947626   0.310008  -0.076813
      1       0.011829   0.206273   0.978423
      2       0.319163  -0.928088   0.191803
 A Eigenvalues: 
                  0          1          2    
      0      -0.613906  -0.652607   1.214137
A(iso)  -0.017458
 Nucleus: 20 H  
 Isotope: 1 
 Nuclear Spin:  0.5 
 Prefactor (MHz): 533.551395 
 Raw A tensor (MHz): 
                  0          1          2    
      0      -0.150155  -0.238507   0.033027
      1      -0.235021   0.380908  -0.089950
      2       0.033187  -0.090012  -0.231064
 A Tensor eigenvectors:
                   0          1          2    
      0       0.905574   0.233023   0.354451
      1       0.304450   0.224807  -0.925620
      2      -0.295374   0.946130   0.132635
 A Eigenvalues: 
                  0          1          2    
      0      -0.240070  -0.244227   0.483987
A(iso)  -0.000104
 Nucleus: 21 H  
 Isotope: 1 
 Nuclear Spin:  0.5 
 Prefactor (MHz): 533.551395 
 Raw A tensor (MHz): 
                  0          1          2    
      0      -0.149877  -0.238568  -0.034045
      1      -0.235083   0.379880   0.092400
      2      -0.034207   0.092462  -0.230269
 A Tensor eigenvectors:
                   0          1          2    
      0       0.906157   0.230070  -0.354891
      1       0.304392   0.227813   0.924904
      2       0.293642  -0.946134   0.136402
 A Eigenvalues: 
                  0          1          2    
      0      -0.240008  -0.244162   0.483903
A(iso)  -0.000089
 Nucleus: 23 H  
 Isotope: 1 
 Nuclear Spin:  0.5 
 Prefactor (MHz): 533.551395 
 Raw A tensor (MHz): 
                  0          1          2    
      0       1.058366   0.683236   0.350820
      1       0.680152   0.057926   0.112066
      2       0.351057   0.112128  -0.056690
 A Tensor eigenvectors:
                   0          1          2    
      0       0.048378   0.487878  -0.871570
      1       0.388853  -0.812951  -0.433480
      2      -0.920029  -0.317941  -0.229042
 A Eigenvalues: 
                  0          1          2    
      0      -0.122549  -0.307203   1.489354
A(iso)  0.353201
 Nucleus: 24 H  
 Isotope: 1 
 Nuclear Spin:  0.5 
 Prefactor (MHz): 533.551395 
 Raw A tensor (MHz): 
                  0          1          2    
      0       1.063397   0.684920  -0.345714
      1       0.681841   0.062899  -0.110409
      2      -0.345946  -0.110467  -0.054602
 A Tensor eigenvectors:
                   0          1          2    
      0       0.047226   0.487315   0.871948
      1       0.384014  -0.814694   0.434518
      2       0.922119   0.314320  -0.225611
 A Eigenvalues: 
                  0          1          2    
      0      -0.118328  -0.303120   1.493142
A(iso)  0.357231
 Nucleus: 26 H  
 Isotope: 1 
 Nuclear Spin:  0.5 
 Prefactor (MHz): 533.551395 
 Raw A tensor (MHz): 
                  0          1          2    
      0      -0.100231   1.027256  -0.250291
      1       1.013379   0.713102  -0.410141
      2      -0.246820  -0.410639  -0.787054
 A Tensor eigenvectors:
                   0          1          2    
      0       0.832593  -0.077167  -0.548483
      1      -0.506998   0.292557  -0.810780
      2       0.223028   0.953129   0.204457
 A Eigenvalues: 
                  0          1          2    
      0      -0.786229  -0.892943   1.504988
A(iso)  -0.058061
 Nucleus: 27 H  
 Isotope: 1 
 Nuclear Spin:  0.5 
 Prefactor (MHz): 533.551395 
 Raw A tensor (MHz): 
                  0          1          2    
      0      -0.101612   1.025605   0.256113
      1       1.011736   0.708844   0.418841
      2       0.252595   0.419344  -0.783125
 A Tensor eigenvectors:
                   0          1          2    
      0       0.832895  -0.076307   0.548146
      1      -0.505721   0.297368   0.809827
      2      -0.224797  -0.951709   0.209086
 A Eigenvalues: 
                  0          1          2    
      0      -0.786885  -0.893725   1.504716
A(iso)  -0.058631
 Nucleus: 29 H  
 Isotope: 1 
 Nuclear Spin:  0.5 
 Prefactor (MHz): 533.551395 
 Raw A tensor (MHz): 
                  0          1          2    
      0       0.112884   0.355289   0.068462
      1       0.351946   0.143164   0.072391
      2       0.068610   0.072443  -0.208379
 A Tensor eigenvectors:
                   0          1          2    
      0       0.333935   0.647396  -0.685103
      1      -0.137722  -0.685514  -0.714914
      2      -0.932481   0.333088  -0.139757
 A Eigenvalues: 
                  0          1          2    
      0      -0.222495  -0.225913   0.496077
A(iso)  0.015890
 Nucleus: 30 H  
 Isotope: 1 
 Nuclear Spin:  0.5 
 Prefactor (MHz): 533.551395 
 Raw A tensor (MHz): 
                  0          1          2    
      0       0.113441   0.355707  -0.066227
      1       0.352363   0.144094  -0.070092
      2      -0.066371  -0.070144  -0.208961
 A Tensor eigenvectors:
                   0          1          2    
      0       0.329168   0.649552   0.685369
      1      -0.138830  -0.684640   0.715538
      2       0.934010  -0.330681  -0.135184
 A Eigenvalues: 
                  0          1          2    
      0      -0.222164  -0.225599   0.496336
A(iso)  0.016191
 Nucleus: 32 H  
 Isotope: 1 
 Nuclear Spin:  0.5 
 Prefactor (MHz): 533.551395 
 Raw A tensor (MHz): 
                  0          1          2    
      0      -0.125261   0.253128   0.035608
      1       0.250137   0.351266   0.085604
      2       0.035656   0.085651  -0.221557
 A Tensor eigenvectors:
                   0          1          2    
      0      -0.780853   0.485665   0.392936
      1       0.254186  -0.327566   0.909994
      2       0.570665   0.810450   0.132332
 A Eigenvalues: 
                  0          1          2    
      0      -0.232636  -0.234857   0.471941
A(iso)  0.001483
 Nucleus: 33 H  
 Isotope: 1 
 Nuclear Spin:  0.5 
 Prefactor (MHz): 533.551395 
 Raw A tensor (MHz): 
                  0          1          2    
      0      -0.125068   0.253387  -0.034290
      1       0.250395   0.351839  -0.082516
      2      -0.034336  -0.082562  -0.222384
 A Tensor eigenvectors:
                   0          1          2    
      0       0.780516  -0.485956  -0.393245
      1      -0.257309   0.323559  -0.910550
      2       0.569725   0.811884   0.127503
 A Eigenvalues: 
                  0          1          2    
      0      -0.232574  -0.234789   0.471749
A(iso)  0.001462
 Nucleus: 35 H  
 Isotope: 1 
 Nuclear Spin:  0.5 
 Prefactor (MHz): 533.551395 
 Raw A tensor (MHz): 
                  0          1          2    
      0      -0.206047  -0.098869  -0.000240
      1      -0.096455   0.379012   0.001494
      2      -0.000241   0.001495  -0.225002
 A Tensor eigenvectors:
                   0          1          2    
      0       0.986750   0.001259  -0.162242
      1       0.162238   0.002680   0.986748
      2       0.001678  -0.999996   0.002440
 A Eigenvalues: 
                  0          1          2    
      0      -0.221917  -0.225005   0.394886
A(iso)  -0.017346
 Nucleus: 36 H  
 Isotope: 1 
 Nuclear Spin:  0.5 
 Prefactor (MHz): 533.551395 
 Raw A tensor (MHz): 
                  0          1          2    
      0      -0.044023   0.186703   0.000538
      1       0.184656   0.178938   0.000949
      2       0.000538   0.000949  -0.148646
 A Tensor eigenvectors:
                   0          1          2    
      0      -0.033378   0.869034   0.493626
      1       0.016056  -0.493371   0.869671
      2       0.999314   0.036954   0.002515
 A Eigenvalues: 
                  0          1          2    
      0      -0.148649  -0.149116   0.284035
A(iso)  -0.004577
 Nucleus: 43 H  
 Isotope: 1 
 Nuclear Spin:  0.5 
 Prefactor (MHz): 533.551395 
 Raw A tensor (MHz): 
                  0          1          2    
      0       0.221391   0.010814   0.000013
      1       0.010765   0.432015   0.000364
      2       0.000013   0.000364   0.269100
 A Tensor eigenvectors:
                   0          1          2    
      0       0.998692   0.000235   0.051139
      1      -0.051139   0.002220   0.998689
      2       0.000121  -0.999998   0.002229
 A Eigenvalues: 
                  0          1          2    
      0       0.220840   0.269099   0.432568
A(iso)  0.307502
 Nucleus: 44 H  
 Isotope: 1 
 Nuclear Spin:  0.5 
