-------------------------------------------------------------
----------------------- !PROPERTIES! ------------------------
-------------------------------------------------------------
# -----------------------------------------------------------
$ PAL_Flags
   description: The PAL Flags
   geom. index: 1
   prop. index: 1
        Diskflag:     2
# -----------------------------------------------------------
$ SCF_Energy
   description: The SCF energy
   geom. index: 1
   prop. index: 1
        SCF Energy:     -890.8209285546
# -----------------------------------------------------------
$ DFT_Energy
   description: The DFT energy
   geom. index: 1
   prop. index: 1
   Number of Alpha Electrons                 82.0001709285 
   Number of Beta  Electrons                 81.0001689049 
   Total number of  Electrons               163.0003398334 
   Exchange energy                         -101.4204510883 
   Correlation energy                        -6.3278572976 
   Correlation energy NL                      0.0000000000 
   Exchange-Correlation energy             -107.7483083859 
   Embedding correction                       0.0000000000 
   Total DFT Energy (No VdW correction)    -890.8209285546 
# -----------------------------------------------------------
$ Mayer_Pop
   description: The Mayer population analysis
   geom. index: 1
   prop. index: 1
     Number of atoms                     : 48
     Threshold for printing              : 0.1000000
     Number of bond orders printed       : 55
  NA   - Mulliken gross atomic population
  ZA   - Total nuclear charge
  QA   - Mulliken gross atomic charge
  VA   - Mayer's total valence
  BVA  - Mayer's bonded valence
  FA   - Mayer's free valence
  ATOM       NA         ZA         QA         VA         BVA        FA
  0   0     6.5840     6.0000    -0.5840     2.1956     1.3862     0.8094
  1   0     6.3604     6.0000    -0.3604     3.7824     3.7824     0.0000
  2   0     5.6529     6.0000     0.3471     3.8301     3.8260     0.0041
  3   0     5.6726     6.0000     0.3274     3.8559     3.8542     0.0017
  4   0     6.4206     6.0000    -0.4206     4.2800     4.2800     0.0000
  5   0     5.4462     6.0000     0.5538     3.9101     3.9098     0.0003
  6   0     5.7542     6.0000     0.2458     3.9473     3.9473     0.0000
  7   0     6.3501     6.0000    -0.3501     4.2739     4.2682     0.0057
  8   0     0.8659     1.0000     0.1341     0.9646     0.9646     0.0000
  9   0     0.8461     1.0000     0.1539     0.9634     0.9634     0.0000
 10   0     6.3611     6.0000    -0.3611     4.0253     4.0236     0.0017
 11   0     0.8345     1.0000     0.1655     0.9623     0.9623     0.0000
 12   0     0.8344     1.0000     0.1656     0.9623     0.9623     0.0000
 13   0     6.2724     6.0000    -0.2724     4.0046     4.0046     0.0000
 14   0     0.8602     1.0000     0.1398     0.9661     0.9661     0.0000
 15   0     0.8600     1.0000     0.1400     0.9660     0.9660     0.0000
 16   0     6.2615     6.0000    -0.2615     3.8886     3.8886    -0.0000
 17   0     0.8525     1.0000     0.1475     0.9665     0.9665     0.0000
 18   0     0.8525     1.0000     0.1475     0.9665     0.9665     0.0000
 19   0     6.5118     6.0000    -0.5118     3.8984     3.8984     0.0000
 20   0     0.8410     1.0000     0.1590     0.9653     0.9653     0.0000
 21   0     0.8410     1.0000     0.1590     0.9653     0.9653     0.0000
 22   0     6.3566     6.0000    -0.3566     4.0105     4.0105     0.0000
 23   0     0.8474     1.0000     0.1526     0.9631     0.9631     0.0000
 24   0     0.8476     1.0000     0.1524     0.9632     0.9632     0.0000
 25   0     6.2677     6.0000    -0.2677     4.0185     4.0185     0.0000
 26   0     0.8554     1.0000     0.1446     0.9659     0.9659     0.0000
 27   0     0.8554     1.0000     0.1446     0.9659     0.9659     0.0000
 28   0     6.2651     6.0000    -0.2651     3.8970     3.8970     0.0000
 29   0     0.8560     1.0000     0.1440     0.9667     0.9667     0.0000
 30   0     0.8561     1.0000     0.1439     0.9667     0.9667     0.0000
 31   0     6.5094     6.0000    -0.5094     3.9012     3.9012     0.0000
 32   0     0.8384     1.0000     0.1616     0.9648     0.9648     0.0000
 33   0     0.8384     1.0000     0.1616     0.9648     0.9648     0.0000
 34   0     6.2811     6.0000    -0.2811     3.9561     3.9560     0.0001
 35   0     0.8533     1.0000     0.1467     0.9664     0.9664     0.0000
 36   0     0.8556     1.0000     0.1444     0.9667     0.9667     0.0000
 37   0     5.4199     6.0000     0.5801     3.9260     3.9260     0.0000
 38   0     6.2708     6.0000    -0.2708     4.1928     4.1928     0.0000
 39   0     6.0967     6.0000    -0.0967     4.0967     4.0967     0.0000
 40   0     6.1148     6.0000    -0.1148     4.0773     4.0773     0.0000
 41   0     6.0994     6.0000    -0.0994     4.1001     4.1001     0.0000
 42   0     6.2656     6.0000    -0.2656     4.1816     4.1816     0.0000
 43   0     0.8866     1.0000     0.1134     0.9569     0.9569     0.0000
 44   0     0.8882     1.0000     0.1118     0.9606     0.9606     0.0000
 45   0     0.8751     1.0000     0.1249     0.9593     0.9593     0.0000
 46   0     0.8755     1.0000     0.1245     0.9592     0.9592     0.0000
 47   0     0.8881     1.0000     0.1119     0.9607     0.9607     0.0000
      Bond orders larger than 0.1000000
           Atom A     A.N. of A          Atom B    A.N. of B              Bond order
                0             6               2            6                0.932490
                0             6               7            6                0.192914
                1             6               5            6                0.847576
                1             6               6            6                0.109036
                1             6              34            6                2.469088
                2             6               3            6                1.295607
                2             6               4            6                0.118901
                2             6               7            6                1.323753
                3             6               4            6                1.475419
                3             6               5            6                0.113060
                3             6              10            6                0.958941
                4             6               5            6                1.401563
                4             6               8            1                0.970290
                5             6               6            6                1.350753
                5             6               7            6                0.136476
                5             6              34            6                0.120544
                6             6               7            6                1.490246
                6             6              22            6                0.966874
                7             6               9            1                0.960402
               10             6              11            1                0.954644
               10             6              12            1                0.954642
               10             6              13            6                1.010510
               13             6              14            1                0.963145
               13             6              15            1                0.963281
               13             6              16            6                0.987664
               16             6              17            1                0.970910
               16             6              18            1                0.970964
               16             6              19            6                0.954093
               19             6              20            1                0.972894
               19             6              21            1                0.972900
               19             6              35            1                0.967823
               22             6              23            1                0.956032
               22             6              24            1                0.956031
               22             6              25            6                1.022521
               25             6              26            1                0.960676
               25             6              27            1                0.960677
               25             6              28            6                0.987061
               28             6              29            1                0.971937
               28             6              30            1                0.971916
               28             6              31            6                0.956580
               31             6              32            1                0.972315
               31             6              33            1                0.972321
               31             6              36            1                0.967093
               34             6              37            6                1.015568
               37             6              38            6                1.382229
               37             6              42            6                1.379042
               38             6              39            6                1.481858
               38             6              45            1                0.978907
               39             6              40            6                1.451337
               39             6              47            1                0.972678
               40             6              41            6                1.454006
               40             6              43            1                0.962545
               41             6              42            6                1.481475
               41             6              44            1                0.973581
               42             6              46            1                0.976837
# -----------------------------------------------------------
$ Calculation_Info
   description: Details of the calculation
   geom. index: 1
   prop. index: 1
     Multiplicity:                          2
     Charge:                                0
     number of atoms:                       48
     number of electrons:                   0
     number of frozen core electrons:       1
     number of correlated electrons:        0
     number of basis functions:             566
     number of aux C basis functions:       3940
     number of aux J basis functions:       3940
     number of aux JK basis functions:      3940
     number of aux CABS basis functions:    0
     Total Energy                           -890.820929
# -----------------------------------------------------------
$ SCF_Electric_Properties
   description: The SCF Calculated Electric Properties
   geom. index: 1
   prop. index: 1
       Filename                          : EPRII_i.scfp 
       Do Dipole Moment Calculation      : true 
       Do Quadrupole Moment Calculation  : false 
       Do Polarizability Calculation     : false 
** Dipole moment part of electric properties **
        Magnitude of dipole moment (Debye) :        7.5763854098
        Electronic Contribution:
                  0    
      0      13.781672
      1      -0.248281
      2      -0.001931
        Nuclear Contribution:
                  0    
      0     -10.802869
      1       0.141439
      2       0.002536
        Total Dipole moment:
                  0    
      0       2.978803
      1      -0.106842
      2       0.000605
# -----------------------------------------------------------
$ EPRNMR_GTensor
   description: Electronic g tensor
   geom. index: 1
   prop. index: 1
 Source density: 1 SCF 
 Spin multiplicity: 2 
 raw g tensor: 
                  0          1          2    
      0       2.026725  -0.001724  -0.000001
      1      -0.002803   2.002298   0.000000
      2      -0.000005   0.000002   2.003197
 g tensor: 
                  0          1          2    
      0       0.091626  -0.000201  -0.995793
      1       0.995793  -0.000601   0.091626
      2      -0.000616  -1.000000   0.000145
 G eigenvalues: 
                  0          1          2    
      0       2.002090   2.003197   2.026933
# -----------------------------------------------------------
$ EPRNMR_OrbitalShielding
   description: Orbital contribution to the NMR Shielding tensor (ppm)
   geom. index: 1
   prop. index: 1
 Number of stored nuclei 25
 Source density: 1 SCF 
 Nucleus: 8 H 
 Shielding tensor (ppm): 
                  0          1          2    
      0      30.800639  10.601423   0.046638
      1       5.783715  25.721206   0.017737
      2       0.023907   0.021175  18.984737
 P Tensor eigenvectors:
                   0          1          2    
      0      -0.005809   0.626908   0.779072
      1       0.003405  -0.779068   0.626930
      2       0.999977   0.006295   0.002391
 P Eigenvalues: 
                  0          1          2    
      0      18.984613  19.714748  36.807221
P(iso)  25.168861
 Nucleus: 9 H 
 Shielding tensor (ppm): 
                  0          1          2    
      0     -22.389483  76.238197   0.156533
      1       9.155223  15.456732  -0.011665
      2       0.009671  -0.016306  20.671181
 P Tensor eigenvectors:
                   0          1          2    
      0       0.966369   0.000841  -0.257159
      1       0.257157   0.002264   0.966367
      2       0.001395  -0.999997   0.001972
 P Eigenvalues: 
                  0          1          2    
      0       1.334541  20.671210  -8.267321
P(iso)  4.579477
 Nucleus: 11 H 
 Shielding tensor (ppm): 
                  0          1          2    
      0       1.325307 -25.122456  -5.314830
      1       2.567300  31.645144  -0.691229
      2       5.784007  -0.360892  25.707243
 P Tensor eigenvectors:
                   0          1          2    
      0       0.979658   0.197014   0.038142
      1      -0.015087  -0.117223   0.992991
      2      -0.200104   0.973368   0.111866
 P Eigenvalues: 
                  0          1          2    
      0       2.546710  25.573385  30.557599
P(iso)  19.559231
 Nucleus: 12 H 
 Shielding tensor (ppm): 
                  0          1          2    
      0       1.218239 -25.183661   5.113877
      1       2.597420  31.621729   0.726768
      2      -5.757880   0.404337  25.663079
 P Tensor eigenvectors:
                   0          1          2    
      0       0.979510  -0.197482   0.039505
      1      -0.017861   0.110203   0.993749
      2       0.200601   0.974092  -0.104418
 P Eigenvalues: 
                  0          1          2    
      0       2.476160  25.518975  30.507912
P(iso)  19.501016
 Nucleus: 14 H 
 Shielding tensor (ppm): 
                  0          1          2    
      0      34.074006  -4.521920  -5.084246
      1       0.860450  32.184637   0.238084
      2      -3.486672   1.343095  28.565580
 P Tensor eigenvectors:
                   0          1          2    
      0       0.492243  -0.346919   0.798338
      1       0.012032  -0.914348  -0.404750
      2       0.870375   0.208841  -0.445907
 P Eigenvalues: 
                  0          1          2    
      0      26.223598  31.411788  37.188837
P(iso)  31.608074
 Nucleus: 15 H 
 Shielding tensor (ppm): 
                  0          1          2    
      0      34.032824  -4.553423   5.101660
      1       0.842083  32.188078  -0.224386
      2       3.491158  -1.328490  28.603553
 P Tensor eigenvectors:
                   0          1          2    
      0      -0.496783  -0.345765   0.796023
      1      -0.017398  -0.913058  -0.407458
      2       0.867700  -0.216268   0.447577
 P Eigenvalues: 
                  0          1          2    
      0      26.231902  31.405200  37.187353
P(iso)  31.608151
 Nucleus: 17 H 
 Shielding tensor (ppm): 
                  0          1          2    
      0      28.705379  -3.029930  -4.103025
      1       0.554937  30.891592  -0.303038
      2      -4.492758  -0.939353  28.938976
 P Tensor eigenvectors:
                   0          1          2    
      0       0.710542  -0.031379   0.702955
      1       0.168769  -0.962245  -0.213544
      2       0.683116   0.270369  -0.678420
 P Eigenvalues: 
                  0          1          2    
      0      24.264386  31.068122  33.203440
P(iso)  29.511982
 Nucleus: 18 H 
 Shielding tensor (ppm): 
                  0          1          2    
      0      28.669659  -3.054580   4.102469
      1       0.534192  30.887824   0.310222
      2       4.503721   0.950962  28.990392
 P Tensor eigenvectors:
                   0          1          2    
      0       0.713660  -0.027660  -0.699946
      1       0.172068  -0.961683   0.213442
      2      -0.679030  -0.272764  -0.681556
 P Eigenvalues: 
                  0          1          2    
      0      24.255831  31.073670  33.218374
P(iso)  29.515959
 Nucleus: 20 H 
 Shielding tensor (ppm): 
                  0          1          2    
      0      30.424769  -3.252893   4.348844
      1      -2.288596  31.231317  -2.383341
      2       3.309486  -2.001041  31.279032
 P Tensor eigenvectors:
                   0          1          2    
      0       0.793581  -0.180806   0.580981
      1       0.200634  -0.823672  -0.530387
      2      -0.574435  -0.537469   0.617375
 P Eigenvalues: 
                  0          1          2    
      0      26.870985  29.196728  36.867406
P(iso)  30.978373
 Nucleus: 21 H 
 Shielding tensor (ppm): 
                  0          1          2    
      0      30.467999  -3.242804  -4.363134
      1      -2.285136  31.213597   2.367439
      2      -3.327389   1.989679  31.258177
 P Tensor eigenvectors:
                   0          1          2    
      0      -0.790355   0.184295  -0.584273
      1      -0.197484   0.826139   0.527726
      2      -0.579947  -0.532475   0.616548
 P Eigenvalues: 
                  0          1          2    
      0      26.873991  29.197266  36.868515
P(iso)  30.979924
 Nucleus: 23 H 
 Shielding tensor (ppm): 
                  0          1          2    
      0      32.835698  -0.912547   3.531575
      1      -2.093856  31.546807  -0.402215
      2       4.518700   1.033834  26.020186
 P Tensor eigenvectors:
                   0          1          2    
      0      -0.421853   0.243346  -0.873398
      1      -0.115614   0.941007   0.318025
      2       0.899263   0.235137  -0.368832
 P Eigenvalues: 
                  0          1          2    
      0      24.040725  31.229521  35.132446
P(iso)  30.134231
 Nucleus: 24 H 
 Shielding tensor (ppm): 
                  0          1          2    
      0      32.850083  -0.902230  -3.542979
      1      -2.073480  31.551532   0.428152
      2      -4.527413  -1.004553  25.995819
 P Tensor eigenvectors:
                   0          1          2    
      0       0.420918   0.244069  -0.873647
      1       0.110925   0.942044   0.316621
      2       0.900291  -0.230181   0.369450
 P Eigenvalues: 
                  0          1          2    
      0      24.023799  31.228722  35.144913
P(iso)  30.132478
 Nucleus: 26 H 
 Shielding tensor (ppm): 
                  0          1          2    
      0      31.650516   7.281348   2.285645
      1       0.029628  30.464856   0.212520
      2       3.901024  -1.491498  28.310487
 P Tensor eigenvectors:
                   0          1          2    
      0      -0.587088  -0.291302  -0.755295
      1       0.423422   0.684708  -0.593202
      2       0.689958  -0.668070  -0.278640
 P Eigenvalues: 
                  0          1          2    
      0      25.150892  29.934746  35.340221
P(iso)  30.141953
 Nucleus: 27 H 
 Shielding tensor (ppm): 
                  0          1          2    
      0      31.665992   7.302190  -2.256033
      1       0.053637  30.458258  -0.201185
      2      -3.899604   1.505960  28.295946
 P Tensor eigenvectors:
                   0          1          2    
      0       0.585844  -0.292713  -0.755715
      1      -0.426197   0.681854  -0.594500
      2       0.689306   0.670368   0.274707
 P Eigenvalues: 
                  0          1          2    
      0      25.139600  29.926174  35.354423
P(iso)  30.140066
 Nucleus: 29 H 
 Shielding tensor (ppm): 
                  0          1          2    
      0      31.798697   1.116367   4.980331
      1      -0.409650  30.990953   0.384222
      2       4.262578   1.188998  28.563338
 P Tensor eigenvectors:
                   0          1          2    
      0      -0.575815  -0.198165  -0.793201
      1      -0.079287   0.979143  -0.187062
      2       0.813727  -0.044823  -0.579517
 P Eigenvalues: 
                  0          1          2    
      0      25.251269  30.893723  35.207997
P(iso)  30.450996
 Nucleus: 30 H 
 Shielding tensor (ppm): 
                  0          1          2    
      0      31.824628   1.142299  -4.973292
      1      -0.387332  31.000311  -0.371750
      2      -4.260138  -1.173674  28.527991
 P Tensor eigenvectors:
                   0          1          2    
      0       0.573688  -0.197874  -0.794813
      1       0.075093   0.979000  -0.189527
      2       0.815625   0.049045   0.576499
 P Eigenvalues: 
                  0          1          2    
      0      25.244335  30.895793  35.212803
P(iso)  30.450977
 Nucleus: 32 H 
 Shielding tensor (ppm): 
                  0          1          2    
      0      29.934646  -0.341503  -3.894974
      1      -2.652372  30.746114   2.280467
      2      -3.460304   1.963989  31.152762
 P Tensor eigenvectors:
                   0          1          2    
      0      -0.746533   0.344632  -0.569137
      1       0.061933   0.887677   0.456282
      2      -0.662460  -0.305381   0.684024
 P Eigenvalues: 
                  0          1          2    
      0      26.799074  29.395278  35.639169
P(iso)  30.611174
 Nucleus: 33 H 
 Shielding tensor (ppm): 
                  0          1          2    
      0      29.910081  -0.358295   3.882318
      1      -2.664169  30.767908  -2.292417
      2       3.440930  -1.972781  31.156292
 P Tensor eigenvectors:
                   0          1          2    
      0      -0.748730   0.344070   0.566585
      1       0.058672   0.885783  -0.460375
      2       0.660273   0.311454   0.683400
 P Eigenvalues: 
                  0          1          2    
      0      26.803508  29.390956  35.639816
P(iso)  30.611427
 Nucleus: 35 H 
 Shielding tensor (ppm): 
                  0          1          2    
      0      28.647027   1.031218   0.012720
      1       3.542966  36.734597   0.033663
      2       0.016392   0.030725  26.106087
 P Tensor eigenvectors:
                   0          1          2    
      0      -0.003714   0.961992   0.273051
      1      -0.002180  -0.273060   0.961994
      2       0.999991   0.002978   0.003112
 P Eigenvalues: 
                  0          1          2    
      0      26.105961  28.048505  37.333245
P(iso)  30.495904
 Nucleus: 36 H 
 Shielding tensor (ppm): 
                  0          1          2    
      0      29.090592   2.893323   0.011132
      1       3.114368  36.691297   0.035097
      2       0.013619   0.033382  25.990216
 P Tensor eigenvectors:
                   0          1          2    
      0      -0.001207  -0.944043  -0.329819
      1      -0.002868   0.329822  -0.944039
      2       0.999995  -0.000194  -0.003106
 P Eigenvalues: 
                  0          1          2    
      0      25.990103  28.046824  37.735178
P(iso)  30.590702
 Nucleus: 43 H 
 Shielding tensor (ppm): 
                  0          1          2    
      0      23.994676   0.167869   0.001132
      1       0.053145  27.352360   0.009591
      2       0.000464   0.009463  21.395912
 P Tensor eigenvectors:
                   0          1          2    
      0      -0.000245  -0.999496  -0.031742
      1      -0.001597   0.031742  -0.999495
      2       0.999999  -0.000194  -0.001604
 P Eigenvalues: 
                  0          1          2    
      0      21.395897  23.991047  27.356004
P(iso)  24.247650
 Nucleus: 44 H 
 Shielding tensor (ppm): 
                  0          1          2    
      0      27.399590  -1.708232  -0.001993
      1      -1.803991  24.455393   0.005334
      2      -0.002203   0.005207  21.096254
 P Tensor eigenvectors:
                   0          1          2    
      0      -0.000123   0.422002  -0.906595
      1      -0.001634   0.906593   0.422002
      2       0.999999   0.001534   0.000579
 P Eigenvalues: 
                  0          1          2    
      0      21.096246  23.635995  28.218997
P(iso)  24.317079
 Nucleus: 45 H 
 Shielding tensor (ppm): 
                  0          1          2    
      0      28.232436  -3.222628  -0.000028
      1      -2.775421  24.394098   0.007191
      2      -0.002748   0.006460  20.165533
 P Tensor eigenvectors:
                   0          1          2    
      0      -0.000618   0.483820  -0.875167
      1      -0.002032   0.875165   0.483821
      2       0.999998   0.002077   0.000442
 P Eigenvalues: 
                  0          1          2    
      0      20.165520  22.752879  29.873668
P(iso)  24.264022
 Nucleus: 46 H 
 Shielding tensor (ppm): 
                  0          1          2    
      0      29.397849   2.944274   0.002968
      1       1.873344  23.670251   0.007784
      2       0.002141   0.007704  19.871873
 P Tensor eigenvectors:
                   0          1          2    
      0       0.000309  -0.352039  -0.935985
      1      -0.002221   0.935983  -0.352039
      2       0.999997   0.002188  -0.000492
 P Eigenvalues: 
                  0          1          2    
      0      19.871856  22.792673  30.275443
P(iso)  24.313324
 Nucleus: 47 H 
 Shielding tensor (ppm): 
                  0          1          2    
      0      27.619844   1.405076   0.004869
      1       1.395809  24.281418   0.005626
      2       0.003301   0.005919  21.143653
 P Tensor eigenvectors:
                   0          1          2    
      0      -0.000274  -0.342074  -0.939673
      1      -0.001721   0.939672  -0.342073
      2       0.999998   0.001523  -0.000846
 P Eigenvalues: 
                  0          1          2    
      0      21.143642  23.771759  28.129514
P(iso)  24.348305
# -----------------------------------------------------------
$ EPRNMR_ATensor
   description: Hyperfine A tensor
   geom. index: 1
   prop. index: 1
 Number of stored nuclei 25
 Source density: 1 SCF 
 Spin multiplicity: 2 
 Nucleus: 8 H  
 Isotope: 1 
 Nuclear Spin:  0.5 
 Prefactor (MHz): 533.551395 
 Raw A tensor (MHz): 
                  0          1          2    
      0       6.809894  -1.216622  -0.002432
      1      -1.228426   5.019161   0.001572
      2      -0.002429   0.001582   4.316278
 A Tensor eigenvectors:
                   0          1          2    
      0      -0.000730   0.451259  -0.892393
      1      -0.003496   0.892386   0.451259
      2       0.999994   0.003449   0.000926
 A Eigenvalues: 
                  0          1          2    
      0       4.316274   4.399196   7.429863
A(iso)  5.381778
 Nucleus: 9 H  
 Isotope: 1 
 Nuclear Spin:  0.5 
 Prefactor (MHz): 533.551395 
 Raw A tensor (MHz): 
                  0          1          2    
      0      -0.804661   5.497127   0.013841
      1       5.334527   5.357575   0.057074
      2       0.013916   0.057054  -7.675974
 A Tensor eigenvectors:
                   0          1          2    
      0       0.862826   0.002145  -0.505496
      1      -0.505480  -0.005364  -0.862821
      2      -0.004562   0.999983  -0.003544
 A Eigenvalues: 
                  0          1          2    
      0      -3.954269  -7.676245   8.507454
A(iso)  -1.041020
 Nucleus: 11 H  
 Isotope: 1 
 Nuclear Spin:  0.5 
 Prefactor (MHz): 533.551395 
 Raw A tensor (MHz): 
                  0          1          2    
      0      -3.030436  -2.975274  -0.474733
      1      -2.912903   5.679085   3.559836
      2      -0.452489   3.560338  -1.867425
 A Tensor eigenvectors:
                   0          1          2    
      0       0.536472  -0.802590   0.260858
      1      -0.159649  -0.400040  -0.902486
      2       0.828680   0.442513  -0.342743
 A Eigenvalues: 
                  0          1          2    
      0      -2.859685  -4.230526   7.871435
A(iso)  0.260408
 Nucleus: 12 H  
 Isotope: 1 
 Nuclear Spin:  0.5 
 Prefactor (MHz): 533.551395 
 Raw A tensor (MHz): 
                  0          1          2    
      0      -3.098777  -2.985155   0.449887
      1      -2.922605   5.700044  -3.523099
      2       0.428127  -3.523595  -1.995497
 A Tensor eigenvectors:
                   0          1          2    
      0      -0.541616  -0.799307   0.260308
      1       0.151263  -0.397274  -0.905148
      2       0.826905  -0.450867   0.336075
 A Eigenvalues: 
                  0          1          2    
      0      -2.933695  -4.307555   7.847020
A(iso)  0.201923
 Nucleus: 14 H  
 Isotope: 1 
 Nuclear Spin:  0.5 
 Prefactor (MHz): 533.551395 
 Raw A tensor (MHz): 
                  0          1          2    
      0       0.378132  -1.030345  -0.283631
      1      -1.016813   1.136630   0.399265
      2      -0.280555   0.399403  -0.242464
 A Tensor eigenvectors:
                   0          1          2    
      0       0.816160  -0.146908  -0.558840
      1       0.577182   0.161588   0.800469
      2      -0.027293  -0.975862   0.216674
 A Eigenvalues: 
                  0          1          2    
      0      -0.334019  -0.351287   1.957604
A(iso)  0.424099
 Nucleus: 15 H  
 Isotope: 1 
 Nuclear Spin:  0.5 
 Prefactor (MHz): 533.551395 
 Raw A tensor (MHz): 
                  0          1          2    
      0       0.364204  -1.031759   0.280079
      1      -1.018196   1.128809  -0.395588
      2       0.276974  -0.395724  -0.257360
 A Tensor eigenvectors:
                   0          1          2    
      0       0.817246  -0.143013   0.558262
      1       0.575765   0.161312  -0.801544
      2       0.024577   0.976486   0.214173
 A Eigenvalues: 
                  0          1          2    
      0      -0.347298  -0.363724   1.946676
A(iso)  0.411884
 Nucleus: 17 H  
 Isotope: 1 
 Nuclear Spin:  0.5 
 Prefactor (MHz): 533.551395 
 Raw A tensor (MHz): 
                  0          1          2    
      0      -0.596836  -0.144419   0.016258
      1      -0.136627   1.123649  -0.331433
      2       0.014498  -0.331498  -0.573961
 A Tensor eigenvectors:
                   0          1          2    
      0       0.946134   0.313608   0.080500
      1       0.016995   0.200184  -0.979611
      2      -0.323328   0.928211   0.184072
 A Eigenvalues: 
                  0          1          2    
      0      -0.604233  -0.640054   1.197138
A(iso)  -0.015716
 Nucleus: 18 H  
 Isotope: 1 
 Nuclear Spin:  0.5 
 Prefactor (MHz): 533.551395 
 Raw A tensor (MHz): 
                  0          1          2    
      0      -0.596294  -0.145560  -0.017263
      1      -0.137766   1.118062   0.341012
      2      -0.015484   0.341082  -0.569775
 A Tensor eigenvectors:
                   0          1          2    
      0       0.945586   0.315056  -0.081279
      1       0.015503   0.205895   0.978451
      2       0.325002  -0.926470   0.189807
 A Eigenvalues: 
                  0          1          2    
      0      -0.603862  -0.639789   1.195643
A(iso)  -0.016002
 Nucleus: 20 H  
 Isotope: 1 
 Nuclear Spin:  0.5 
 Prefactor (MHz): 533.551395 
 Raw A tensor (MHz): 
                  0          1          2    
      0      -0.147529  -0.238149   0.032521
      1      -0.233911   0.377110  -0.088337
      2       0.032669  -0.088397  -0.228745
 A Tensor eigenvectors:
                   0          1          2    
      0       0.894522   0.269109   0.356947
      1       0.297889   0.236517  -0.924836
      2      -0.333305   0.933617   0.131405
 A Eigenvalues: 
                  0          1          2    
      0      -0.237674  -0.241665   0.480175
A(iso)  0.000279
 Nucleus: 21 H  
 Isotope: 1 
 Nuclear Spin:  0.5 
 Prefactor (MHz): 533.551395 
 Raw A tensor (MHz): 
                  0          1          2    
      0      -0.147177  -0.238278  -0.033483
      1      -0.234041   0.376032   0.090558
      2      -0.033635   0.090621  -0.228020
 A Tensor eigenvectors:
                   0          1          2    
      0       0.895735   0.264257  -0.357530
      1       0.298456   0.238631   0.924110
      2       0.329520  -0.934464   0.134881
 A Eigenvalues: 
                  0          1          2    
      0      -0.237611  -0.241589   0.480035
A(iso)  0.000279
 Nucleus: 23 H  
 Isotope: 1 
 Nuclear Spin:  0.5 
 Prefactor (MHz): 533.551395 
 Raw A tensor (MHz): 
                  0          1          2    
      0       1.037873   0.681277   0.351380
      1       0.677395   0.034577   0.110243
      2       0.351621   0.110303  -0.073852
 A Tensor eigenvectors:
                   0          1          2    
      0       0.049935   0.486708  -0.872137
      1       0.388358  -0.813969  -0.432011
      2      -0.920155  -0.317129  -0.229662
 A Eigenvalues: 
                  0          1          2    
      0      -0.139491  -0.328498   1.466587
A(iso)  0.332866
 Nucleus: 24 H  
 Isotope: 1 
 Nuclear Spin:  0.5 
 Prefactor (MHz): 533.551395 
 Raw A tensor (MHz): 
                  0          1          2    
      0       1.046728   0.682865  -0.346012
      1       0.678988   0.043150  -0.108384
      2      -0.346243  -0.108439  -0.068074
 A Tensor eigenvectors:
                   0          1          2    
      0       0.048610   0.486029   0.872590
      1       0.383502  -0.815743   0.433001
      2       0.922260   0.313592  -0.226046
 A Eigenvalues: 
                  0          1          2    
      0      -0.131416  -0.320703   1.473923
A(iso)  0.340601
 Nucleus: 26 H  
 Isotope: 1 
 Nuclear Spin:  0.5 
 Prefactor (MHz): 533.551395 
 Raw A tensor (MHz): 
                  0          1          2    
      0      -0.087116   1.028736  -0.249454
      1       1.011786   0.702585  -0.404640
      2      -0.245253  -0.405208  -0.782040
 A Tensor eigenvectors:
                   0          1          2    
      0       0.829427  -0.079853  -0.552878
      1      -0.510381   0.293989  -0.808135
      2       0.227072   0.952467   0.203087
 A Eigenvalues: 
                  0          1          2    
      0      -0.780358  -0.886340   1.500127
A(iso)  -0.055524
 Nucleus: 27 H  
 Isotope: 1 
 Nuclear Spin:  0.5 
 Prefactor (MHz): 533.551395 
 Raw A tensor (MHz): 
                  0          1          2    
      0      -0.089259   1.027084   0.255537
      1       1.010139   0.697772   0.413766
      2       0.251279   0.414341  -0.778719
 A Tensor eigenvectors:
                   0          1          2    
      0       0.829753  -0.079212   0.552481
      1      -0.508888   0.299168   0.807175
      2      -0.229223  -0.950907   0.207926
 A Eigenvalues: 
                  0          1          2    
      0      -0.781689  -0.887928   1.499410
A(iso)  -0.056735
 Nucleus: 29 H  
 Isotope: 1 
 Nuclear Spin:  0.5 
 Prefactor (MHz): 533.551395 
 Raw A tensor (MHz): 
                  0          1          2    
      0       0.112763   0.354627   0.067841
      1       0.350518   0.141706   0.071980
      2       0.067987   0.072032  -0.208499
 A Tensor eigenvectors:
                   0          1          2    
      0       0.409036   0.601973  -0.685798
      1      -0.220290  -0.664176  -0.714383
      2      -0.885529   0.443283  -0.139063
 A Eigenvalues: 
                  0          1          2    
      0      -0.222398  -0.225680   0.494048
A(iso)  0.015324
 Nucleus: 30 H  
 Isotope: 1 
 Nuclear Spin:  0.5 
 Prefactor (MHz): 533.551395 
 Raw A tensor (MHz): 
                  0          1          2    
      0       0.113681   0.355047  -0.065455
      1       0.350937   0.142948  -0.069501
      2      -0.065592  -0.069551  -0.208804
 A Tensor eigenvectors:
                   0          1          2    
      0       0.403186   0.605543   0.686119
      1      -0.220242  -0.663513   0.715013
      2       0.888220  -0.439396  -0.134153
 A Eigenvalues: 
                  0          1          2    
      0      -0.221738  -0.225022   0.494584
A(iso)  0.015941
 Nucleus: 32 H  
 Isotope: 1 
 Nuclear Spin:  0.5 
 Prefactor (MHz): 533.551395 
 Raw A tensor (MHz): 
                  0          1          2    
      0      -0.124341   0.254555   0.035563
      1       0.250911   0.349660   0.084983
      2       0.035613   0.085029  -0.221543
 A Tensor eigenvectors:
                   0          1          2    
      0      -0.749538   0.530853   0.395458
      1       0.236597  -0.343103   0.909012
      2       0.618235   0.774903   0.131571
 A Eigenvalues: 
                  0          1          2    
      0      -0.232712  -0.234896   0.471384
A(iso)  0.001259
 Nucleus: 33 H  
 Isotope: 1 
 Nuclear Spin:  0.5 
 Prefactor (MHz): 533.551395 
 Raw A tensor (MHz): 
                  0          1          2    
      0      -0.124109   0.254821  -0.034174
      1       0.251176   0.350171  -0.081736
      2      -0.034219  -0.081781  -0.222395
 A Tensor eigenvectors:
                   0          1          2    
      0       0.749370  -0.530812  -0.395832
      1      -0.240301   0.339030  -0.909568
      2       0.617009   0.776722   0.126505
 A Eigenvalues: 
                  0          1          2    
      0      -0.232635  -0.234811   0.471113
A(iso)  0.001222
 Nucleus: 35 H  
 Isotope: 1 
 Nuclear Spin:  0.5 
 Prefactor (MHz): 533.551395 
 Raw A tensor (MHz): 
                  0          1          2    
      0      -0.202727  -0.100641  -0.000246
      1      -0.097704   0.374933   0.001475
      2      -0.000248   0.001476  -0.221634
 A Tensor eigenvectors:
                   0          1          2    
      0       0.985980   0.001019  -0.166859
      1       0.166856   0.002644   0.985978
      2       0.001446  -0.999996   0.002436
 A Eigenvalues: 
                  0          1          2    
      0      -0.219276  -0.221638   0.391485
A(iso)  -0.016476
 Nucleus: 36 H  
 Isotope: 1 
 Nuclear Spin:  0.5 
 Prefactor (MHz): 533.551395 
 Raw A tensor (MHz): 
                  0          1          2    
      0      -0.043709   0.187175   0.000574
      1       0.184673   0.178658   0.001011
      2       0.000576   0.001011  -0.148590
 A Tensor eigenvectors:
                   0          1          2    
      0      -0.039599   0.868208   0.494618
      1       0.019455  -0.494243   0.869106
      2       0.999026   0.044039   0.002681
 A Eigenvalues: 
                  0          1          2    
      0      -0.148594  -0.149156   0.284108
A(iso)  -0.004547
 Nucleus: 43 H  
 Isotope: 1 
 Nuclear Spin:  0.5 
 Prefactor (MHz): 533.551395 
 Raw A tensor (MHz): 
                  0          1          2    
      0       0.214599   0.010350   0.000010
      1       0.010281   0.421489   0.000245
      2       0.000010   0.000245   0.258826
 A Tensor eigenvectors:
                   0          1          2    
      0       0.998757   0.000127   0.049838
      1      -0.049838   0.001500   0.998756
      2       0.000052  -0.999999   0.001504
 A Eigenvalues: 
                  0          1          2    
      0       0.214086   0.258826   0.422002
A(iso)  0.298305
 Nucleus: 44 H  
 Isotope: 1 
 Nuclear Spin:  0.5 
 Prefactor (MHz): 533.551395 
 Raw A tensor (MHz): 
                  0          1          2    
      0      -0.043954   0.066649   0.000121
      1       0.066681  -0.169962  -0.000015
      2       0.000122  -0.000015  -0.146522
