-------------------------------------------------------------
----------------------- !PROPERTIES! ------------------------
-------------------------------------------------------------
# -----------------------------------------------------------
$ PAL_Flags
   description: The PAL Flags
   geom. index: 1
   prop. index: 1
        Diskflag:     2
# -----------------------------------------------------------
$ SCF_Energy
   description: The SCF energy
   geom. index: 1
   prop. index: 1
        SCF Energy:     -928.9012893227
# -----------------------------------------------------------
$ DFT_Energy
   description: The DFT energy
   geom. index: 1
   prop. index: 1
   Number of Alpha Electrons                 85.0001687085 
   Number of Beta  Electrons                 84.0001612557 
   Total number of  Electrons               169.0003299642 
   Exchange energy                         -105.6589001982 
   Correlation energy                        -6.5754607330 
   Correlation energy NL                      0.0000000000 
   Exchange-Correlation energy             -112.2343609311 
   Embedding correction                       0.0000000000 
   Total DFT Energy (No VdW correction)    -928.9012893227 
# -----------------------------------------------------------
$ Mayer_Pop
   description: The Mayer population analysis
   geom. index: 1
   prop. index: 1
     Number of atoms                     : 49
     Threshold for printing              : 0.1000000
     Number of bond orders printed       : 51
  NA   - Mulliken gross atomic population
  ZA   - Total nuclear charge
  QA   - Mulliken gross atomic charge
  VA   - Mayer's total valence
  BVA  - Mayer's bonded valence
  FA   - Mayer's free valence
  ATOM       NA         ZA         QA         VA         BVA        FA
  0   0     6.6057     6.0000    -0.6057     3.3855     3.3786     0.0069
  1   0     5.3663     6.0000     0.6337     2.8642     2.8626     0.0016
  2   0     5.7347     6.0000     0.2653     2.5284     2.5279     0.0005
  3   0     6.0498     6.0000    -0.0498     3.7446     3.7094     0.0352
  4   0     5.9184     6.0000     0.0816     4.1192     4.1045     0.0147
  5   0     6.0304     6.0000    -0.0304     3.8710     3.8365     0.0345
  6   0     6.1415     6.0000    -0.1415     3.8268     3.8200     0.0068
  7   0     6.0873     6.0000    -0.0873     4.1441     4.1059     0.0382
  8   0     5.9737     6.0000     0.0263     3.8910     3.8830     0.0080
  9   0     1.0531     1.0000    -0.0531     1.0033     1.0032     0.0001
 10   0     1.0511     1.0000    -0.0511     1.0028     1.0028     0.0000
 11   0     6.0987     6.0000    -0.0987     3.9293     3.5528     0.3765
 12   0     1.0218     1.0000    -0.0218     1.0093     1.0081     0.0012
 13   0     5.9669     6.0000     0.0331     4.0102     4.0087     0.0015
 14   0     0.9710     1.0000     0.0290     0.9628     0.9617     0.0011
 15   0     0.9710     1.0000     0.0290     0.9628     0.9617     0.0011
 16   0     6.0386     6.0000    -0.0386     4.1312     4.1312     0.0000
 17   0     0.9869     1.0000     0.0131     0.9642     0.9642     0.0000
 18   0     0.9869     1.0000     0.0131     0.9642     0.9642     0.0000
 19   0     5.9945     6.0000     0.0055     4.0161     4.0161     0.0000
 20   0     0.9826     1.0000     0.0174     0.9775     0.9775     0.0000
 21   0     0.9826     1.0000     0.0174     0.9775     0.9775     0.0000
 22   0     5.9608     6.0000     0.0392     4.0299     4.0297     0.0002
 23   0     0.9679     1.0000     0.0321     0.9689     0.9688     0.0001
 24   0     0.9679     1.0000     0.0321     0.9689     0.9688     0.0001
 25   0     6.0345     6.0000    -0.0345     4.1141     4.1141     0.0000
 26   0     0.9829     1.0000     0.0171     0.9630     0.9630     0.0000
 27   0     0.9829     1.0000     0.0171     0.9630     0.9630     0.0000
 28   0     6.0251     6.0000    -0.0251     4.1177     4.1177     0.0000
 29   0     0.9946     1.0000     0.0054     0.9674     0.9674     0.0000
 30   0     0.9946     1.0000     0.0054     0.9674     0.9674     0.0000
 31   0     5.9967     6.0000     0.0033     4.0168     4.0168     0.0000
 32   0     0.9824     1.0000     0.0176     0.9774     0.9774     0.0000
 33   0     0.9824     1.0000     0.0176     0.9774     0.9774     0.0000
 34   0     5.8673     6.0000     0.1327     2.6510     2.6498     0.0012
 35   0     1.0306     1.0000    -0.0306     1.0307     1.0307     0.0000
 36   0     0.9864     1.0000     0.0136     0.9733     0.9733     0.0000
 37   0     0.9875     1.0000     0.0125     0.9734     0.9734     0.0000
 38   0     6.2544     6.0000    -0.2544     3.9279     3.9278     0.0001
 39   0     5.9694     6.0000     0.0306     3.9950     3.9949     0.0001
 40   0     5.9598     6.0000     0.0402     3.9992     3.9992     0.0000
 41   0     5.9670     6.0000     0.0330     3.9994     3.9993     0.0001
 42   0     5.9601     6.0000     0.0399     3.9991     3.9991     0.0000
 43   0     5.9721     6.0000     0.0279     3.9943     3.9942     0.0001
 44   0     1.0268     1.0000    -0.0268     0.9689     0.9689     0.0000
 45   0     1.0268     1.0000    -0.0268     0.9686     0.9686     0.0000
 46   0     1.0401     1.0000    -0.0401     0.9837     0.9837     0.0000
 47   0     1.0391     1.0000    -0.0391     0.9833     0.9833     0.0000
 48   0     1.0268     1.0000    -0.0268     0.9686     0.9686     0.0000
      Bond orders larger than 0.1000000
           Atom A     A.N. of A          Atom B    A.N. of B              Bond order
                0             6               1            6                2.095765
                0             6              35            1                1.119559
                1             6               3            6                0.905528
                2             6               6            6                0.878013
                2             6              34            6                1.756720
                2             6              38            6               -0.175684
                3             6               4            6                1.277540
                3             6               8            6                1.392163
                4             6               5            6                1.289223
                4             6              11            6                1.366955
                5             6               6            6                1.446665
                5             6               9            1                0.919503
                6             6               7            6                1.349250
                7             6               8            6                1.416145
                7             6              22            6                1.095354
                8             6              10            1                0.919860
               11             6              12            1                0.901579
               11             6              13            6                1.083877
               13             6              14            1                0.911682
               13             6              15            1                0.911674
               13             6              16            6                1.071500
               16             6              17            1                0.943758
               16             6              18            1                0.943739
               16             6              19            6                1.106592
               19             6              20            1                0.965303
               19             6              21            1                0.965305
               19             6              36            1                0.960868
               22             6              23            1                0.896035
               22             6              24            1                0.896073
               22             6              25            6                1.104046
               25             6              26            1                0.929319
               25             6              27            1                0.929324
               25             6              28            6                1.074866
               28             6              29            1                0.940942
               28             6              30            1                0.940943
               28             6              31            6                1.106295
               31             6              32            1                0.966200
               31             6              33            1                0.966197
               31             6              37            1                0.961619
               34             6              38            6                0.929955
               38             6              39            6                1.442484
               38             6              43            6                1.439466
               39             6              40            6                1.470093
               39             6              46            1                0.940008
               40             6              41            6                1.444836
               40             6              48            1                0.937909
               41             6              42            6                1.444059
               41             6              44            1                0.943201
               42             6              43            6                1.470524
               42             6              45            1                0.937913
               43             6              47            1                0.940437
# -----------------------------------------------------------
$ Calculation_Info
   description: Details of the calculation
   geom. index: 1
   prop. index: 1
     Multiplicity:                          2
     Charge:                                0
     number of atoms:                       49
     number of electrons:                   0
     number of frozen core electrons:       1
     number of correlated electrons:        0
     number of basis functions:             461
     number of aux C basis functions:       3164
     number of aux J basis functions:       3164
     number of aux JK basis functions:      3164
     number of aux CABS basis functions:    0
     Total Energy                           -928.901289
# -----------------------------------------------------------
$ SCF_Electric_Properties
   description: The SCF Calculated Electric Properties
   geom. index: 1
   prop. index: 1
       Filename                          : cc-pVDZ.scfp 
       Do Dipole Moment Calculation      : true 
       Do Quadrupole Moment Calculation  : false 
       Do Polarizability Calculation     : false 
** Dipole moment part of electric properties **
        Magnitude of dipole moment (Debye) :        0.9511106118
        Electronic Contribution:
                  0    
      0       9.450428
      1      -2.449374
      2      -0.004776
        Nuclear Contribution:
                  0    
      0      -9.078436
      1       2.408915
      2       0.006145
        Total Dipole moment:
                  0    
      0       0.371992
      1      -0.040459
      2       0.001369
# -----------------------------------------------------------
$ EPRNMR_GTensor
   description: Electronic g tensor
   geom. index: 1
   prop. index: 1
 Source density: 1 SCF 
 Spin multiplicity: 2 
 raw g tensor: 
                  0          1          2    
      0       2.002736   0.000040   0.000000
      1       0.000067   2.002866  -0.000000
      2       0.000000  -0.000000   2.002321
 g tensor: 
                  0          1          2    
      0      -0.000551  -0.941949  -0.335757
      1       0.000426   0.335757  -0.941949
      2       1.000000  -0.000662   0.000216
 G eigenvalues: 
                  0          1          2    
      0       2.002321   2.002717   2.002885
# -----------------------------------------------------------
$ EPRNMR_OrbitalShielding
   description: Orbital contribution to the NMR Shielding tensor (ppm)
   geom. index: 1
   prop. index: 1
 Number of stored nuclei 25
 Source density: 1 SCF 
 Nucleus: 9 H 
 Shielding tensor (ppm): 
                  0          1          2    
      0      37.294619 146.656139  -0.049840
      1     -173.619925 139.248023  -0.028137
      2       0.046316   0.018000 121.501983
 P Tensor eigenvectors:
                   0          1          2    
      0      -0.000645  -0.788282   0.615314
      1      -0.000116  -0.615314  -0.788282
      2       1.000000  -0.000580   0.000306
 P Eigenvalues: 
                  0          1          2    
      0     121.501950  62.816836 113.725839
P(iso)  99.348208
 Nucleus: 10 H 
 Shielding tensor (ppm): 
                  0          1          2    
      0      40.089238 -162.044928   0.091076
      1      12.513485  33.354663  -0.010290
      2      -0.024791  -0.001861  41.018492
 P Tensor eigenvectors:
                   0          1          2    
      0       0.975540   0.000800  -0.219823
      1       0.219823  -0.000401   0.975540
      2       0.000692  -1.000000  -0.000568
 P Eigenvalues: 
                  0          1          2    
      0       7.697440  41.018480  65.746473
P(iso)  38.154131
 Nucleus: 12 H 
 Shielding tensor (ppm): 
                  0          1          2    
      0      68.904879 -120.037959   0.191613
      1     253.789437 -51.829780   0.130315
      2      -0.137964  -0.079162  -6.189692
 P Tensor eigenvectors:
                   0          1          2    
      0      -0.000246   0.337561  -0.941304
      1       0.001407   0.941303   0.337561
      2       0.999999  -0.001242  -0.000706
 P Eigenvalues: 
                  0          1          2    
      0      -6.189765   4.426800  12.648372
P(iso)  3.628469
 Nucleus: 14 H 
 Shielding tensor (ppm): 
                  0          1          2    
      0      42.567397 259.336420 210.629559
      1     -318.859297 117.619552 322.539682
      2     -160.096861 -235.247448 127.254423
 P Tensor eigenvectors:
                   0          1          2    
      0      -0.660772   0.483553  -0.574071
      1       0.381367   0.875039   0.298102
      2      -0.646483   0.021954   0.762613
 P Eigenvalues: 
                  0          1          2    
      0     103.941470  77.102793 106.397108
P(iso)  95.813790
 Nucleus: 15 H 
 Shielding tensor (ppm): 
                  0          1          2    
      0      42.662343 259.380969 -210.466953
      1     -319.076184 117.686876 -322.137220
      2     160.017496 234.995508 127.432489
 P Tensor eigenvectors:
                   0          1          2    
      0      -0.660313   0.483346   0.574773
      1       0.381207   0.875145  -0.297999
      2       0.647046  -0.022335   0.762124
 P Eigenvalues: 
                  0          1          2    
      0     104.142045  77.161281 106.478383
P(iso)  95.927236
 Nucleus: 17 H 
 Shielding tensor (ppm): 
                  0          1          2    
      0      45.647308 -224.229164 -273.480219
      1     346.881942 -25.039624 -397.230617
      2     187.268512 290.676824 -10.706333
 P Tensor eigenvectors:
                   0          1          2    
      0      -0.668246   0.462546  -0.582666
      1       0.469299   0.869812   0.152267
      2      -0.577240   0.171693   0.798321
 P Eigenvalues: 
                  0          1          2    
      0     -31.552976  17.093500  24.360828
P(iso)  3.300450
 Nucleus: 18 H 
 Shielding tensor (ppm): 
                  0          1          2    
      0      45.593488 -224.272547 273.293394
      1     347.179176 -25.068897 396.719977
      2     -187.251125 -290.275354 -10.957828
 P Tensor eigenvectors:
                   0          1          2    
      0      -0.667670   0.462156   0.583634
      1       0.469366   0.869849  -0.151850
      2       0.577852  -0.172552   0.797692
 P Eigenvalues: 
                  0          1          2    
      0     -31.699607  17.014829  24.251541
P(iso)  3.188921
 Nucleus: 20 H 
 Shielding tensor (ppm): 
                  0          1          2    
      0     -17.962253 382.109799 -206.151948
      1     -443.451483  87.949637 -458.997606
      2     150.913010 330.942295  44.532925
 P Tensor eigenvectors:
                   0          1          2    
      0      -0.673514  -0.438376   0.595152
      1       0.282430  -0.896686  -0.340863
      2       0.683091  -0.061488   0.727741
 P Eigenvalues: 
                  0          1          2    
      0      32.024196  34.770163  47.725950
P(iso)  38.173436
 Nucleus: 21 H 
 Shielding tensor (ppm): 
                  0          1          2    
      0     -18.035633 381.937991 206.039594
      1     -443.052906  87.965651 459.302010
      2     -150.703310 -331.194779  44.302820
 P Tensor eigenvectors:
                   0          1          2    
      0      -0.674049  -0.438495  -0.594458
      1       0.282195  -0.896568   0.341366
      2      -0.682659   0.062345   0.728072
 P Eigenvalues: 
                  0          1          2    
      0      31.865546  34.713947  47.653345
P(iso)  38.077613
 Nucleus: 23 H 
 Shielding tensor (ppm): 
                  0          1          2    
      0      70.703507 -124.150716 -11.341951
      1     183.629874 103.524915 220.655590
      2      16.898911 -162.147944 125.652951
 P Tensor eigenvectors:
                   0          1          2    
      0       0.805358   0.032620   0.591890
      1      -0.084118  -0.982092   0.168581
      2      -0.586790   0.185557   0.788192
 P Eigenvalues: 
                  0          1          2    
      0      86.088448  91.717981 122.074945
P(iso)  99.960458
 Nucleus: 24 H 
 Shielding tensor (ppm): 
                  0          1          2    
      0      70.716237 -124.211410  11.372729
      1     183.732997 103.515148 -220.499714
      2     -16.961807 162.054794 125.689144
 P Tensor eigenvectors:
                   0          1          2    
      0       0.805032   0.032679  -0.592330
      1      -0.084072  -0.982119  -0.168444
      2       0.587243  -0.185401   0.787891
 P Eigenvalues: 
                  0          1          2    
      0      86.120512  91.723865 122.076152
P(iso)  99.973510
 Nucleus: 26 H 
 Shielding tensor (ppm): 
                  0          1          2    
      0      56.889359 161.028154  89.907837
      1     -262.677997  49.274558 -326.808234
      2     -55.668389 238.534584  67.846007
 P Tensor eigenvectors:
                   0          1          2    
      0       0.761478   0.210136   0.613183
      1       0.258391  -0.965987   0.010159
      2      -0.594462  -0.150706   0.789875
 P Eigenvalues: 
                  0          1          2    
      0      38.312300  56.731218  78.966406
P(iso)  58.003308
 Nucleus: 27 H 
 Shielding tensor (ppm): 
                  0          1          2    
      0      56.891388 161.079317 -89.968708
      1     -262.790901  49.310331 326.705545
      2      55.788608 -238.440959  67.780221
 P Tensor eigenvectors:
                   0          1          2    
      0       0.761226   0.210040  -0.613530
      1       0.258670  -0.965917  -0.009740
      2       0.594664   0.151287   0.789612
 P Eigenvalues: 
                  0          1          2    
      0      38.311663  56.718622  78.951655
P(iso)  57.993980
 Nucleus: 29 H 
 Shielding tensor (ppm): 
                  0          1          2    
      0      38.940388 -268.265397 -14.079852
      1     372.552470  66.373563 402.959461
      2      18.318131 -292.005162  66.567580
 P Tensor eigenvectors:
                   0          1          2    
      0      -0.737054   0.070109  -0.672187
      1      -0.005702  -0.995214  -0.097549
      2       0.675809   0.068066  -0.733927
 P Eigenvalues: 
                  0          1          2    
      0      49.458729  51.467266  70.955536
P(iso)  57.293844
 Nucleus: 30 H 
 Shielding tensor (ppm): 
                  0          1          2    
      0      38.931765 -268.288777  14.211199
      1     372.586631  66.318276 -402.914867
      2     -18.501517 291.976810  66.614035
 P Tensor eigenvectors:
                   0          1          2    
      0       0.736978   0.070133  -0.672268
      1       0.006031  -0.995245  -0.097215
      2       0.675890  -0.067591   0.733897
 P Eigenvalues: 
                  0          1          2    
      0      49.453044  51.462534  70.948497
P(iso)  57.288025
 Nucleus: 32 H 
 Shielding tensor (ppm): 
                  0          1          2    
      0      -6.525489 234.022331 -68.361532
      1     -348.397098  32.695030 460.882179
      2      46.488254 -333.746621  -5.057542
 P Tensor eigenvectors:
                   0          1          2    
      0      -0.797035  -0.044655  -0.602280
      1      -0.133102   0.985730   0.103056
      2      -0.589084  -0.162304   0.791605
 P Eigenvalues: 
                  0          1          2    
      0     -17.756383  16.158173  22.710209
P(iso)  7.037333
 Nucleus: 33 H 
 Shielding tensor (ppm): 
                  0          1          2    
      0      -6.526621 234.062506  68.244214
      1     -348.429430  32.632730 -460.876458
      2     -46.311868 333.714485  -4.996704
 P Tensor eigenvectors:
                   0          1          2    
      0      -0.797013  -0.044641   0.602310
      1      -0.132806   0.985810  -0.102672
      2       0.589180   0.161821   0.791632
 P Eigenvalues: 
                  0          1          2    
      0     -17.759470  16.158443  22.710432
P(iso)  7.036468
 Nucleus: 35 H 
 Shielding tensor (ppm): 
                  0          1          2    
      0      51.230278 -51.905792  -1.702628
      1      32.649092 -173.317261   0.013041
      2       1.072729   0.007620 -151.762762
 P Tensor eigenvectors:
                   0          1          2    
      0      -0.966326  -0.006674   0.257234
      1      -0.257119  -0.014484  -0.966271
      2      -0.010174   0.999873  -0.012280
 P Eigenvalues: 
                  0          1          2    
      0      31.573699 -151.756199 -153.667245
P(iso)  -91.283248
 Nucleus: 36 H 
 Shielding tensor (ppm): 
                  0          1          2    
      0     -104.804621  16.124852  -0.177162
      1     159.549078   3.631363  -0.426382
      2       0.058457   0.212050 -149.465091
 P Tensor eigenvectors:
                   0          1          2    
      0      -0.030666  -0.003983   0.999522
      1      -0.999528   0.001836  -0.030659
      2      -0.001713  -0.999990  -0.004037
 P Eigenvalues: 
                  0          1          2    
      0       8.913277 -149.465231 -110.086396
P(iso)  -83.546117
 Nucleus: 37 H 
 Shielding tensor (ppm): 
                  0          1          2    
      0     -112.954864 -284.276010   0.070791
      1     351.380699  61.726568  -0.038180
      2      -0.086506  -0.038864 -99.127304
 P Tensor eigenvectors:
                   0          1          2    
      0      -0.000006  -0.532713  -0.846296
      1       0.000254   0.846296  -0.532713
      2       1.000000  -0.000218   0.000130
 P Eigenvalues: 
                  0          1          2    
      0     -99.127313 -18.098111 -33.130176
P(iso)  -50.118533
 Nucleus: 44 H 
 Shielding tensor (ppm): 
                  0          1          2    
      0      42.078122 -13.573853   0.209201
      1       2.075531 -244.382481  -0.001535
      2      -0.128924   0.003398 -175.798009
 P Tensor eigenvectors:
                   0          1          2    
      0      -0.999828   0.001075   0.018541
      1      -0.018541   0.000146  -0.999828
      2       0.001077   0.999999   0.000126
 P Eigenvalues: 
                  0          1          2    
      0      41.766154 -175.797675 -244.070847
P(iso)  -126.034123
 Nucleus: 45 H 
 Shielding tensor (ppm): 
                  0          1          2    
      0      11.929931 562.380625   0.094538
      1     -313.309667 -93.165950   0.022846
      2      -0.070419   0.010777 -83.334658
 P Tensor eigenvectors:
                   0          1          2    
      0       0.000067  -0.988259  -0.152790
      1      -0.000165   0.152790  -0.988259
      2       1.000000   0.000091  -0.000153
 P Eigenvalues: 
                  0          1          2    
      0     -83.334664 -28.132360 -53.103652
P(iso)  -54.856892
 Nucleus: 46 H 
 Shielding tensor (ppm): 
                  0          1          2    
      0       8.161355 -541.973242  -0.091593
      1     369.235675 157.536118  -0.004374
      2       0.064373   0.004820 105.729910
 P Tensor eigenvectors:
                   0          1          2    
      0       0.000036  -0.964683  -0.263413
      1      -0.000167   0.263413  -0.964683
      2       1.000000   0.000079  -0.000152
 P Eigenvalues: 
                  0          1          2    
      0     105.729911  62.420289 103.277182
P(iso)  90.475794
 Nucleus: 47 H 
 Shielding tensor (ppm): 
                  0          1          2    
      0      17.606808 514.725010  -0.094214
      1     -329.161354 147.897123   0.014996
      2       0.058627  -0.007856 105.016997
 P Tensor eigenvectors:
                   0          1          2    
      0       0.000078   0.978188  -0.207723
      1       0.000182   0.207723   0.978188
      2       1.000000  -0.000114  -0.000162
 P Eigenvalues: 
                  0          1          2    
      0     105.016999  60.933703 104.570226
P(iso)  90.173643
 Nucleus: 48 H 
 Shielding tensor (ppm): 
                  0          1          2    
      0       1.737933 -584.497207   0.102782
      1     328.754583 -81.707353  -0.021080
      2      -0.072495  -0.008634 -81.972642
 P Tensor eigenvectors:
                   0          1          2    
      0       0.000056   0.993506  -0.113779
      1       0.000173   0.113779   0.993506
      2       1.000000  -0.000075  -0.000166
 P Eigenvalues: 
                  0          1          2    
      0     -81.972647 -28.251514 -51.717901
P(iso)  -53.980687
# -----------------------------------------------------------
$ EPRNMR_ATensor
   description: Hyperfine A tensor
   geom. index: 1
   prop. index: 1
 Number of stored nuclei 25
 Source density: 1 SCF 
 Spin multiplicity: 2 
 Nucleus: 9 H  
 Isotope: 1 
 Nuclear Spin:  0.5 
 Prefactor (MHz): 533.551395 
 Raw A tensor (MHz): 
                  0          1          2    
      0     -14.711216  -6.125662   0.002729
      1      -6.128257 -11.875386  -0.004285
      2       0.002729  -0.004285 -16.117525
 A Tensor eigenvectors:
                   0          1          2    
      0      -0.622290  -0.000465   0.782786
      1       0.782786   0.000339   0.622291
      2      -0.000555   1.000000   0.000153
 A Eigenvalues: 
                  0          1          2    
      0      -7.004410 -16.117528 -19.582189
A(iso)  -14.234709
 Nucleus: 10 H  
 Isotope: 1 
 Nuclear Spin:  0.5 
 Prefactor (MHz): 533.551395 
 Raw A tensor (MHz): 
                  0          1          2    
      0       7.801631   2.263669  -0.000001
      1       2.264563   6.304833  -0.000464
      2      -0.000000  -0.000465   3.956614
 A Tensor eigenvectors:
                   0          1          2    
      0      -0.000268  -0.585704  -0.810525
      1       0.000456   0.810525  -0.585704
      2       1.000000  -0.000527   0.000050
 A Eigenvalues: 
                  0          1          2    
      0       3.956614   4.668632   9.437833
A(iso)  6.021026
 Nucleus: 12 H  
 Isotope: 1 
 Nuclear Spin:  0.5 
 Prefactor (MHz): 533.551395 
 Raw A tensor (MHz): 
                  0          1          2    
      0     -17.443652  -1.767641   0.012866
      1      -1.765468 -71.484262   0.005868
      2       0.012867   0.005874 -46.512917
 A Tensor eigenvectors:
                   0          1          2    
      0       0.999467  -0.000426  -0.032657
      1      -0.032657   0.000265  -0.999467
      2       0.000435   1.000000   0.000251
 A Eigenvalues: 
                  0          1          2    
      0     -17.385960 -46.512921 -71.541950
A(iso)  -45.146944
 Nucleus: 14 H  
 Isotope: 1 
 Nuclear Spin:  0.5 
 Prefactor (MHz): 533.551395 
 Raw A tensor (MHz): 
                  0          1          2    
      0      61.528357  -3.645215  -1.910321
      1      -3.643962  63.473486   1.994953
      2      -1.908829   1.994989  58.408442
 A Tensor eigenvectors:
                   0          1          2    
      0       0.354020  -0.726052   0.589507
      1      -0.094380  -0.654845  -0.749847
      2       0.930463   0.209824  -0.300353
 A Eigenvalues: 
                  0          1          2    
      0      57.479704  58.793057  67.137524
A(iso)  61.136762
 Nucleus: 15 H  
 Isotope: 1 
 Nuclear Spin:  0.5 
 Prefactor (MHz): 533.551395 
 Raw A tensor (MHz): 
                  0          1          2    
      0      61.399069  -3.644002   1.911171
      1      -3.642745  63.330754  -1.997104
      2       1.909676  -1.997142  58.270747
 A Tensor eigenvectors:
                   0          1          2    
      0      -0.352132  -0.726564   0.590006
      1       0.096191  -0.655138  -0.749361
      2       0.930994  -0.207121   0.300584
 A Eigenvalues: 
                  0          1          2    
      0      57.341987  58.658464  67.000118
A(iso)  61.000190
 Nucleus: 17 H  
 Isotope: 1 
 Nuclear Spin:  0.5 
 Prefactor (MHz): 533.551395 
 Raw A tensor (MHz): 
                  0          1          2    
      0      -2.183644   2.136102  -0.669411
      1       2.136135   1.906501  -1.368476
      2      -0.668978  -1.367446  -2.765134
 A Tensor eigenvectors:
                   0          1          2    
      0      -0.699311   0.606050   0.379034
      1       0.454308  -0.032558   0.890249
      2       0.551876   0.794760  -0.252565
 A Eigenvalues: 
                  0          1          2    
      0      -3.043286  -3.204762   3.205771
A(iso)  -1.014092
 Nucleus: 18 H  
 Isotope: 1 
 Nuclear Spin:  0.5 
 Prefactor (MHz): 533.551395 
 Raw A tensor (MHz): 
                  0          1          2    
      0      -2.181382   2.138397   0.665181
      1       2.138430   1.907915   1.360359
      2       0.664750   1.359333  -2.767791
 A Tensor eigenvectors:
                   0          1          2    
      0      -0.698217  -0.605658   0.381671
      1       0.453649   0.038109   0.890365
      2      -0.553802   0.794812   0.248147
 A Eigenvalues: 
                  0          1          2    
      0      -3.043352  -3.202436   3.204531
A(iso)  -1.013752
 Nucleus: 20 H  
 Isotope: 1 
 Nuclear Spin:  0.5 
 Prefactor (MHz): 533.551395 
 Raw A tensor (MHz): 
                  0          1          2    
      0      -0.004028  -0.253250   0.108102
      1      -0.253481   2.165414  -0.383974
      2       0.108217  -0.383841   0.021551
 A Tensor eigenvectors:
                   0          1          2    
      0       0.723936  -0.679796   0.117450
      1       0.203641   0.047914  -0.977873
      2       0.659126   0.731834   0.173121
 A Eigenvalues: 
                  0          1          2    
      0       0.022507  -0.103385   2.263815
A(iso)  0.727646
 Nucleus: 21 H  
 Isotope: 1 
 Nuclear Spin:  0.5 
 Prefactor (MHz): 533.551395 
 Raw A tensor (MHz): 
                  0          1          2    
      0      -0.004553  -0.252317  -0.107969
      1      -0.252547   2.166884   0.381291
      2      -0.108082   0.381158   0.020834
 A Tensor eigenvectors:
                   0          1          2    
      0      -0.722483   0.681422  -0.116969
      1      -0.202565  -0.046867   0.978147
      2       0.661049   0.730388   0.171893
 A Eigenvalues: 
                  0          1          2    
      0       0.022843  -0.103746   2.264068
A(iso)  0.727722
 Nucleus: 23 H  
 Isotope: 1 
 Nuclear Spin:  0.5 
 Prefactor (MHz): 533.551395 
 Raw A tensor (MHz): 
                  0          1          2    
      0      22.057846   1.546191   0.892509
      1       1.545630  22.104948   0.487178
      2       0.891904   0.487332  20.773282
 A Tensor eigenvectors:
                   0          1          2    
      0       0.619592   0.377539  -0.688164
      1      -0.323475  -0.676000  -0.662108
      2      -0.715171   0.632841  -0.296720
 A Eigenvalues: 
                  0          1          2    
      0      20.220833  20.785274  23.929969
A(iso)  21.645359
 Nucleus: 24 H  
 Isotope: 1 
 Nuclear Spin:  0.5 
 Prefactor (MHz): 533.551395 
 Raw A tensor (MHz): 
                  0          1          2    
      0      22.053020   1.546135  -0.892479
      1       1.545575  22.098271  -0.487273
      2      -0.891874  -0.487429  20.767127
 A Tensor eigenvectors:
                   0          1          2    
      0      -0.619309  -0.377683   0.688340
      1       0.323288   0.676269   0.661926
      2      -0.715501   0.632469  -0.296719
 A Eigenvalues: 
                  0          1          2    
      0      20.215226  20.779002  23.924190
A(iso)  21.639473
 Nucleus: 26 H  
 Isotope: 1 
 Nuclear Spin:  0.5 
 Prefactor (MHz): 533.551395 
 Raw A tensor (MHz): 
                  0          1          2    
      0      -0.792339  -0.338839   0.089599
      1      -0.338575   0.837665  -0.405117
      2       0.089434  -0.404840  -0.893877
 A Tensor eigenvectors:
                   0          1          2    
      0      -0.975505   0.107070   0.192162
      1      -0.210221  -0.196481  -0.957707
      2      -0.064786  -0.974644   0.214177
 A Eigenvalues: 
                  0          1          2    
      0      -0.859365  -0.985405   0.996220
A(iso)  -0.282850
 Nucleus: 27 H  
 Isotope: 1 
 Nuclear Spin:  0.5 
 Prefactor (MHz): 533.551395 
 Raw A tensor (MHz): 
                  0          1          2    
      0      -0.792247  -0.339006  -0.089357
      1      -0.338742   0.838046   0.403903
      2      -0.089192   0.403625  -0.894486
 A Tensor eigenvectors:
                   0          1          2    
      0       0.975525   0.106748   0.192239
      1       0.210187  -0.195870  -0.957840
      2      -0.064593   0.974803  -0.213513
 A Eigenvalues: 
                  0          1          2    
      0      -0.859329  -0.985446   0.996089
A(iso)  -0.282896
 Nucleus: 29 H  
 Isotope: 1 
 Nuclear Spin:  0.5 
 Prefactor (MHz): 533.551395 
 Raw A tensor (MHz): 
                  0          1          2    
      0      -0.037685   0.286310   0.065875
      1       0.286392   0.695149   0.123371
      2       0.065879   0.123300  -0.098310
 A Tensor eigenvectors:
                   0          1          2    
      0      -0.491274   0.808012  -0.325216
      1       0.302044  -0.192170  -0.933724
      2      -0.816957  -0.556944  -0.149647
 A Eigenvalues: 
                  0          1          2    
      0      -0.104260  -0.151244   0.814659
A(iso)  0.186385
 Nucleus: 30 H  
 Isotope: 1 
 Nuclear Spin:  0.5 
 Prefactor (MHz): 533.551395 
 Raw A tensor (MHz): 
                  0          1          2    
      0      -0.037355   0.286264  -0.066019
      1       0.286346   0.695205  -0.123807
      2      -0.066022  -0.123736  -0.097894
 A Tensor eigenvectors:
                   0          1          2    
      0       0.491475  -0.807877   0.325248
      1      -0.302567   0.191808   0.933629
      2      -0.816642  -0.557265  -0.150169
 A Eigenvalues: 
                  0          1          2    
      0      -0.103984  -0.150920   0.814860
A(iso)  0.186652
 Nucleus: 32 H  
 Isotope: 1 
 Nuclear Spin:  0.5 
 Prefactor (MHz): 533.551395 
 Raw A tensor (MHz): 
                  0          1          2    
      0      -0.106654   0.009260   0.000273
      1       0.009304   0.378132   0.065519
      2       0.000274   0.065491  -0.119642
 A Tensor eigenvectors:
                   0          1          2    
      0       0.998901  -0.042996   0.018680
      1      -0.012990   0.128994   0.991560
      2      -0.045042  -0.990713   0.128294
 A Eigenvalues: 
                  0          1          2    
      0      -0.106787  -0.128157   0.386781
A(iso)  0.050612
 Nucleus: 33 H  
 Isotope: 1 
 Nuclear Spin:  0.5 
 Prefactor (MHz): 533.551395 
 Raw A tensor (MHz): 
                  0          1          2    
      0      -0.106663   0.009260  -0.000271
      1       0.009304   0.378048  -0.065770
      2      -0.000273  -0.065743  -0.119581
 A Tensor eigenvectors:
                   0          1          2    
      0       0.998888  -0.043297  -0.018679
      1      -0.012927   0.129501  -0.991495
      2       0.045348   0.990634   0.128797
 A Eigenvalues: 
                  0          1          2    
      0      -0.106796  -0.128163   0.386763
A(iso)  0.050601
 Nucleus: 35 H  
 Isotope: 1 
 Nuclear Spin:  0.5 
 Prefactor (MHz): 533.551395 
 Raw A tensor (MHz): 
                  0          1          2    
      0      -2.478412  -1.122492  -0.015728
      1      -1.119951 -10.672904   0.002531
      2      -0.015721   0.002538  -7.872268
 A Tensor eigenvectors:
                   0          1          2    
      0      -0.991071   0.002865   0.133302
      1       0.133302  -0.000244   0.991075
      2       0.002872   0.999996  -0.000140
 A Eigenvalues: 
                  0          1          2    
      0      -2.327723  -7.872313 -10.823547
A(iso)  -7.007861
 Nucleus: 36 H  
 Isotope: 1 
 Nuclear Spin:  0.5 
 Prefactor (MHz): 533.551395 
 Raw A tensor (MHz): 
                  0          1          2    
      0      -0.774082   0.257099  -0.000357
      1       0.257054   0.723862  -0.001015
      2      -0.000357  -0.001014  -0.796050
 A Tensor eigenvectors:
                   0          1          2    
      0       0.164581   0.008608  -0.986326
      1       0.986363  -0.002124   0.164569
      2      -0.000678  -0.999961  -0.008840
 A Eigenvalues: 
                  0          1          2    
      0       0.766754  -0.796049  -0.816975
A(iso)  -0.282090
 Nucleus: 37 H  
 Isotope: 1 
 Nuclear Spin:  0.5 
 Prefactor (MHz): 533.551395 
 Raw A tensor (MHz): 
                  0          1          2    
      0      -0.119662   0.068592  -0.000016
      1       0.068627   0.231536  -0.000092
      2      -0.000016  -0.000092  -0.131292
 A Tensor eigenvectors:
                   0          1          2    
      0       0.000717   0.982715   0.185121
      1       0.000118  -0.185122   0.982716
      2       1.000000  -0.000683  -0.000249
 A Eigenvalues: 
                  0          1          2    
      0      -0.131292  -0.132589   0.244464
A(iso)  -0.006472
 Nucleus: 44 H  
 Isotope: 1 
 Nuclear Spin:  0.5 
 Prefactor (MHz): 533.551395 
 Raw A tensor (MHz): 
                  0          1          2    
      0       0.372895   0.038546  -0.000104
      1       0.038561   1.038198   0.000002
      2      -0.000104   0.000002   0.614450
 A Tensor eigenvectors:
                   0          1          2    
      0       0.998337  -0.000426  -0.057649
      1      -0.057649   0.000035  -0.998337
      2       0.000428   1.000000   0.000010
 A Eigenvalues: 
                  0          1          2    
      0       0.370668   0.614450   1.040424
A(iso)  0.675181
 Nucleus: 45 H  
 Isotope: 1 
 Nuclear Spin:  0.5 
 Prefactor (MHz): 533.551395 
 Raw A tensor (MHz): 
                  0          1          2    
      0      -0.211714   0.154911  -0.000060
      1       0.154893  -0.300871   0.000017
      2      -0.000060   0.000017  -0.258305
 A Tensor eigenvectors:
                   0          1          2    
      0       0.798919   0.000006  -0.601438
      1       0.601438  -0.000387   0.798919
      2      -0.000228  -1.000000  -0.000312
