-------------------------------------------------------------
----------------------- !PROPERTIES! ------------------------
-------------------------------------------------------------
# -----------------------------------------------------------
$ PAL_Flags
   description: The PAL Flags
   geom. index: 1
   prop. index: 1
        Diskflag:     2
# -----------------------------------------------------------
$ SCF_Energy
   description: The SCF energy
   geom. index: 1
   prop. index: 1
        SCF Energy:     -928.9012876015
# -----------------------------------------------------------
$ DFT_Energy
   description: The DFT energy
   geom. index: 1
   prop. index: 1
   Number of Alpha Electrons                 85.0001685646 
   Number of Beta  Electrons                 84.0001609946 
   Total number of  Electrons               169.0003295592 
   Exchange energy                         -105.6588874864 
   Correlation energy                        -6.5754495821 
   Correlation energy NL                      0.0000000000 
   Exchange-Correlation energy             -112.2343370684 
   Embedding correction                       0.0000000000 
   Total DFT Energy (No VdW correction)    -928.9012876015 
# -----------------------------------------------------------
$ Mayer_Pop
   description: The Mayer population analysis
   geom. index: 1
   prop. index: 1
     Number of atoms                     : 49
     Threshold for printing              : 0.1000000
     Number of bond orders printed       : 51
  NA   - Mulliken gross atomic population
  ZA   - Total nuclear charge
  QA   - Mulliken gross atomic charge
  VA   - Mayer's total valence
  BVA  - Mayer's bonded valence
  FA   - Mayer's free valence
  ATOM       NA         ZA         QA         VA         BVA        FA
  0   0     6.6058     6.0000    -0.6058     3.3854     3.3785     0.0069
  1   0     5.3662     6.0000     0.6338     2.8643     2.8627     0.0016
  2   0     5.7351     6.0000     0.2649     2.5283     2.5278     0.0005
  3   0     6.0497     6.0000    -0.0497     3.7447     3.7094     0.0353
  4   0     5.9183     6.0000     0.0817     4.1190     4.1042     0.0148
  5   0     6.0305     6.0000    -0.0305     3.8711     3.8364     0.0347
  6   0     6.1417     6.0000    -0.1417     3.8268     3.8199     0.0069
  7   0     6.0872     6.0000    -0.0872     4.1439     4.1056     0.0383
  8   0     5.9737     6.0000     0.0263     3.8909     3.8828     0.0081
  9   0     1.0531     1.0000    -0.0531     1.0034     1.0033     0.0001
 10   0     1.0511     1.0000    -0.0511     1.0028     1.0028     0.0000
 11   0     6.0987     6.0000    -0.0987     3.9293     3.5531     0.3762
 12   0     1.0218     1.0000    -0.0218     1.0092     1.0080     0.0012
 13   0     5.9668     6.0000     0.0332     4.0102     4.0087     0.0015
 14   0     0.9710     1.0000     0.0290     0.9628     0.9617     0.0011
 15   0     0.9710     1.0000     0.0290     0.9628     0.9617     0.0011
 16   0     6.0386     6.0000    -0.0386     4.1312     4.1312     0.0000
 17   0     0.9869     1.0000     0.0131     0.9642     0.9642     0.0000
 18   0     0.9869     1.0000     0.0131     0.9642     0.9642     0.0000
 19   0     5.9945     6.0000     0.0055     4.0161     4.0161     0.0000
 20   0     0.9826     1.0000     0.0174     0.9775     0.9775     0.0000
 21   0     0.9826     1.0000     0.0174     0.9775     0.9775     0.0000
 22   0     5.9608     6.0000     0.0392     4.0299     4.0297     0.0002
 23   0     0.9679     1.0000     0.0321     0.9690     0.9689     0.0001
 24   0     0.9679     1.0000     0.0321     0.9690     0.9689     0.0001
 25   0     6.0345     6.0000    -0.0345     4.1141     4.1141     0.0000
 26   0     0.9829     1.0000     0.0171     0.9630     0.9630     0.0000
 27   0     0.9829     1.0000     0.0171     0.9630     0.9630     0.0000
 28   0     6.0251     6.0000    -0.0251     4.1177     4.1177     0.0000
 29   0     0.9946     1.0000     0.0054     0.9674     0.9674     0.0000
 30   0     0.9946     1.0000     0.0054     0.9674     0.9674     0.0000
 31   0     5.9967     6.0000     0.0033     4.0168     4.0168     0.0000
 32   0     0.9824     1.0000     0.0176     0.9774     0.9774     0.0000
 33   0     0.9824     1.0000     0.0176     0.9774     0.9774     0.0000
 34   0     5.8669     6.0000     0.1331     2.6511     2.6499     0.0012
 35   0     1.0306     1.0000    -0.0306     1.0307     1.0307     0.0000
 36   0     0.9864     1.0000     0.0136     0.9733     0.9733     0.0000
 37   0     0.9874     1.0000     0.0126     0.9734     0.9734     0.0000
 38   0     6.2542     6.0000    -0.2542     3.9279     3.9278     0.0001
 39   0     5.9694     6.0000     0.0306     3.9951     3.9950     0.0001
 40   0     5.9598     6.0000     0.0402     3.9993     3.9993     0.0000
 41   0     5.9670     6.0000     0.0330     3.9994     3.9993     0.0001
 42   0     5.9601     6.0000     0.0399     3.9991     3.9991     0.0000
 43   0     5.9720     6.0000     0.0280     3.9942     3.9941     0.0001
 44   0     1.0268     1.0000    -0.0268     0.9689     0.9689     0.0000
 45   0     1.0269     1.0000    -0.0269     0.9686     0.9686     0.0000
 46   0     1.0401     1.0000    -0.0401     0.9837     0.9837     0.0000
 47   0     1.0391     1.0000    -0.0391     0.9833     0.9833     0.0000
 48   0     1.0268     1.0000    -0.0268     0.9686     0.9686     0.0000
      Bond orders larger than 0.1000000
           Atom A     A.N. of A          Atom B    A.N. of B              Bond order
                0             6               1            6                2.095661
                0             6              35            1                1.119571
                1             6               3            6                0.905629
                2             6               6            6                0.877947
                2             6              34            6                1.756799
                2             6              38            6               -0.175667
                3             6               4            6                1.277405
                3             6               8            6                1.392183
                4             6               5            6                1.288997
                4             6              11            6                1.367228
                5             6               6            6                1.446865
                5             6               9            1                0.919519
                6             6               7            6                1.349105
                7             6               8            6                1.416025
                7             6              22            6                1.095370
                8             6              10            1                0.919846
               11             6              12            1                0.901570
               11             6              13            6                1.083852
               13             6              14            1                0.911694
               13             6              15            1                0.911685
               13             6              16            6                1.071487
               16             6              17            1                0.943768
               16             6              18            1                0.943748
               16             6              19            6                1.106571
               19             6              20            1                0.965310
               19             6              21            1                0.965311
               19             6              36            1                0.960874
               22             6              23            1                0.896028
               22             6              24            1                0.896065
               22             6              25            6                1.104048
               25             6              26            1                0.929333
               25             6              27            1                0.929338
               25             6              28            6                1.074826
               28             6              29            1                0.940960
               28             6              30            1                0.940960
               28             6              31            6                1.106266
               31             6              32            1                0.966204
               31             6              33            1                0.966202
               31             6              37            1                0.961623
               34             6              38            6                0.929978
               38             6              39            6                1.442550
               38             6              43            6                1.439356
               39             6              40            6                1.470153
               39             6              46            1                0.940015
               40             6              41            6                1.444782
               40             6              48            1                0.937908
               41             6              42            6                1.444121
               41             6              44            1                0.943199
               42             6              43            6                1.470452
               42             6              45            1                0.937918
               43             6              47            1                0.940432
# -----------------------------------------------------------
$ Calculation_Info
   description: Details of the calculation
   geom. index: 1
   prop. index: 1
     Multiplicity:                          2
     Charge:                                0
     number of atoms:                       49
     number of electrons:                   0
     number of frozen core electrons:       1
     number of correlated electrons:        0
     number of basis functions:             461
     number of aux C basis functions:       3164
     number of aux J basis functions:       3164
     number of aux JK basis functions:      3164
     number of aux CABS basis functions:    0
     Total Energy                           -928.901288
# -----------------------------------------------------------
$ SCF_Electric_Properties
   description: The SCF Calculated Electric Properties
   geom. index: 1
   prop. index: 1
       Filename                          : cc-pVDZ.scfp 
       Do Dipole Moment Calculation      : true 
       Do Quadrupole Moment Calculation  : false 
       Do Polarizability Calculation     : false 
** Dipole moment part of electric properties **
        Magnitude of dipole moment (Debye) :        0.9524443744
        Electronic Contribution:
                  0    
      0       9.448414
      1      -2.450571
      2      -0.005865
        Nuclear Contribution:
                  0    
      0      -9.075990
      1       2.409235
      2       0.007180
        Total Dipole moment:
                  0    
      0       0.372424
      1      -0.041336
      2       0.001315
# -----------------------------------------------------------
$ EPRNMR_GTensor
   description: Electronic g tensor
   geom. index: 1
   prop. index: 1
 Source density: 1 SCF 
 Spin multiplicity: 2 
 raw g tensor: 
                  0          1          2    
      0       2.002736   0.000040   0.000000
      1       0.000067   2.002867  -0.000000
      2       0.000000  -0.000000   2.002321
 g tensor: 
                  0          1          2    
      0      -0.000539  -0.942405  -0.334473
      1       0.000414   0.334473  -0.942405
      2       1.000000  -0.000647   0.000210
 G eigenvalues: 
                  0          1          2    
      0       2.002321   2.002717   2.002886
# -----------------------------------------------------------
$ EPRNMR_OrbitalShielding
   description: Orbital contribution to the NMR Shielding tensor (ppm)
   geom. index: 1
   prop. index: 1
 Number of stored nuclei 25
 Source density: 1 SCF 
 Nucleus: 9 H 
 Shielding tensor (ppm): 
                  0          1          2    
      0      37.378355 146.504793  -0.046457
      1     -173.449940 139.284994  -0.030241
      2       0.042242   0.021610 121.589029
 P Tensor eigenvectors:
                   0          1          2    
      0      -0.000795  -0.788519   0.615010
      1      -0.000248  -0.615010  -0.788519
      2       1.000000  -0.000779   0.000294
 P Eigenvalues: 
                  0          1          2    
      0     121.588977  62.856338 113.807063
P(iso)  99.417459
 Nucleus: 10 H 
 Shielding tensor (ppm): 
                  0          1          2    
      0      40.080798 -161.937217   0.084760
      1      12.385073  33.274906  -0.008252
      2      -0.021448  -0.008452  40.959614
 P Tensor eigenvectors:
                   0          1          2    
      0       0.975482   0.000724  -0.220078
      1       0.220078  -0.000388   0.975482
      2       0.000621  -1.000000  -0.000538
 P Eigenvalues: 
                  0          1          2    
      0       7.644955  40.959602  65.710760
P(iso)  38.105106
 Nucleus: 12 H 
 Shielding tensor (ppm): 
                  0          1          2    
      0      68.857286 -119.816825   0.181634
      1     253.630155 -51.764558   0.127536
      2      -0.131789  -0.073418  -6.188696
 P Tensor eigenvectors:
                   0          1          2    
      0      -0.000251   0.337190  -0.941437
      1       0.001327   0.941436   0.337189
      2       0.999999  -0.001165  -0.000683
 P Eigenvalues: 
                  0          1          2    
      0      -6.188757   4.427866  12.664924
P(iso)  3.634678
 Nucleus: 14 H 
 Shielding tensor (ppm): 
                  0          1          2    
      0      42.620463 259.167584 210.491765
      1     -318.688865 117.608369 322.508654
      2     -159.992147 -235.223156 127.282998
 P Tensor eigenvectors:
                   0          1          2    
      0      -0.660987   0.483327  -0.574014
      1       0.381222   0.875166   0.297917
      2      -0.646349   0.021908   0.762728
 P Eigenvalues: 
                  0          1          2    
      0     103.953471  77.126766 106.431593
P(iso)  95.837277
 Nucleus: 15 H 
 Shielding tensor (ppm): 
                  0          1          2    
      0      42.724205 259.214179 -210.316033
      1     -318.920933 117.681529 -322.079913
      2     159.904931 234.956448 127.474455
 P Tensor eigenvectors:
                   0          1          2    
      0      -0.660500   0.483099   0.574765
      1       0.381045   0.875281  -0.297805
      2       0.646950  -0.022311   0.762206
 P Eigenvalues: 
                  0          1          2    
      0     104.170184  77.190362 106.519644
P(iso)  95.960063
 Nucleus: 17 H 
 Shielding tensor (ppm): 
                  0          1          2    
      0      45.600633 -224.087167 -273.296299
      1     346.774099 -24.975731 -397.211602
      2     187.127212 290.656144 -10.697952
 P Tensor eigenvectors:
                   0          1          2    
      0      -0.668424   0.462263  -0.582685
      1       0.469128   0.869950   0.152003
      2      -0.577173   0.171752   0.798356
 P Eigenvalues: 
                  0          1          2    
      0     -31.550167  17.102407  24.374711
P(iso)  3.308984
 Nucleus: 18 H 
 Shielding tensor (ppm): 
                  0          1          2    
      0      45.540361 -224.127315 273.094623
      1     347.086839 -25.007409 396.666408
      2     -187.106241 -290.225456 -10.968208
 P Tensor eigenvectors:
                   0          1          2    
      0      -0.667813   0.461845   0.583716
      1       0.469200   0.869991  -0.151551
      2       0.577821  -0.172672   0.797689
 P Eigenvalues: 
                  0          1          2    
      0     -31.708729  17.017145  24.256327
P(iso)  3.188248
 Nucleus: 20 H 
 Shielding tensor (ppm): 
                  0          1          2    
      0     -17.894071 381.932223 -205.947095
      1     -443.343171  87.931147 -458.977008
      2     150.767796 330.921337  44.579127
 P Tensor eigenvectors:
                   0          1          2    
      0      -0.673661  -0.438020   0.595247
      1       0.282204  -0.896862  -0.340588
      2       0.683038  -0.061459   0.727792
 P Eigenvalues: 
                  0          1          2    
      0      32.061410  34.794718  47.760075
P(iso)  38.205401
 Nucleus: 21 H 
 Shielding tensor (ppm): 
                  0          1          2    
      0     -17.976257 381.748584 205.826355
      1     -442.913817  87.947315 459.301960
      2     -150.543195 -331.189388  44.328793
 P Tensor eigenvectors:
                   0          1          2    
      0      -0.674234  -0.438153  -0.594500
      1       0.281953  -0.896733   0.341133
      2      -0.682577   0.062382   0.728147
 P Eigenvalues: 
                  0          1          2    
      0      31.887028  34.732752  47.680071
P(iso)  38.099950
 Nucleus: 23 H 
 Shielding tensor (ppm): 
                  0          1          2    
      0      70.676492 -124.311509 -11.477261
      1     183.857798 103.492899 220.801730
      2      17.000913 -162.257882 125.625333
 P Tensor eigenvectors:
                   0          1          2    
      0       0.805137   0.033116   0.592164
      1      -0.083538  -0.982154   0.168508
      2      -0.587176   0.185140   0.788002
 P Eigenvalues: 
                  0          1          2    
      0      86.105800  91.667293 122.021631
P(iso)  99.931575
 Nucleus: 24 H 
 Shielding tensor (ppm): 
                  0          1          2    
      0      70.684385 -124.372019  11.507049
      1     183.959985 103.482715 -220.652694
      2     -17.063270 162.163394 125.656191
 P Tensor eigenvectors:
                   0          1          2    
      0       0.804818   0.033193  -0.592592
      1      -0.083482  -0.982178  -0.168394
      2       0.587621  -0.184998   0.787704
 P Eigenvalues: 
                  0          1          2    
      0      86.132573  91.669391 122.021327
P(iso)  99.941097
 Nucleus: 26 H 
 Shielding tensor (ppm): 
                  0          1          2    
      0      56.887397 161.110765  90.048702
      1     -262.784222  49.209109 -326.928110
      2     -55.771470 238.621124  67.794253
 P Tensor eigenvectors:
                   0          1          2    
      0       0.761411   0.210412   0.613172
      1       0.258575  -0.965935   0.010376
      2      -0.594468  -0.150650   0.789881
 P Eigenvalues: 
                  0          1          2    
      0      38.269760  56.698593  78.922407
P(iso)  57.963586
 Nucleus: 27 H 
 Shielding tensor (ppm): 
                  0          1          2    
      0      56.895367 161.173899 -90.104660
      1     -262.908006  49.241589 326.820071
      2      55.881775 -238.529589  67.736172
 P Tensor eigenvectors:
                   0          1          2    
      0       0.761143   0.210324  -0.613535
      1       0.258830  -0.965871  -0.010006
      2       0.594700   0.151185   0.789604
 P Eigenvalues: 
                  0          1          2    
      0      38.273529  56.688933  78.910667
P(iso)  57.957709
 Nucleus: 29 H 
 Shielding tensor (ppm): 
                  0          1          2    
      0      38.930466 -268.428843 -14.246006
      1     372.732843  66.378343 403.098746
      2      18.439110 -292.107361  66.585359
 P Tensor eigenvectors:
                   0          1          2    
      0      -0.736997   0.070375  -0.672222
      1      -0.006025  -0.995209  -0.097583
      2       0.675869   0.067868  -0.733890
 P Eigenvalues: 
                  0          1          2    
      0      49.486723  51.461476  70.945968
P(iso)  57.298056
 Nucleus: 30 H 
 Shielding tensor (ppm): 
                  0          1          2    
      0      38.921104 -268.476006  14.361154
      1     372.801050  66.329731 -403.018445
      2     -18.602733 292.049578  66.624289
 P Tensor eigenvectors:
                   0          1          2    
      0       0.736861   0.070410  -0.672367
      1       0.006316  -0.995235  -0.097299
      2       0.676014  -0.067449   0.733795
 P Eigenvalues: 
                  0          1          2    
      0      49.481296  51.455665  70.938163
P(iso)  57.291708
 Nucleus: 32 H 
 Shielding tensor (ppm): 
                  0          1          2    
      0      -6.516015 234.047335 -68.506142
      1     -348.463416  32.643726 461.012398
      2      46.590335 -333.841918  -5.084819
 P Tensor eigenvectors:
                   0          1          2    
      0      -0.797044  -0.044951  -0.602246
      1      -0.133306   0.985724   0.102851
      2      -0.589025  -0.162260   0.791658
 P Eigenvalues: 
                  0          1          2    
      0     -17.783885  16.140972  22.685805
P(iso)  7.014297
 Nucleus: 33 H 
 Shielding tensor (ppm): 
                  0          1          2    
      0      -6.520595 234.051626  68.403123
      1     -348.449066  32.589120 -461.035712
      2     -46.434043 333.831611  -5.030773
 P Tensor eigenvectors:
                   0          1          2    
      0      -0.797078  -0.044951   0.602201
      1      -0.133045   0.985794  -0.102515
      2       0.589038   0.161833   0.791735
 P Eigenvalues: 
                  0          1          2    
      0     -17.788809  16.140899  22.685661
P(iso)  7.012584
 Nucleus: 35 H 
 Shielding tensor (ppm): 
                  0          1          2    
      0      51.234152 -51.433750  -1.590205
      1      32.413757 -173.334472   0.013359
      2       1.009831   0.006386 -151.773575
 P Tensor eigenvectors:
                   0          1          2    
      0      -0.966705  -0.006327   0.255814
      1      -0.255712  -0.013543  -0.966658
      2      -0.009581   0.999888  -0.011474
 P Eigenvalues: 
                  0          1          2    
      0      31.824189 -151.767628 -153.930457
P(iso)  -91.291298
 Nucleus: 36 H 
 Shielding tensor (ppm): 
                  0          1          2    
      0     -104.847776  16.210000  -0.193783
      1     159.315141   3.736222  -0.465341
      2       0.065643   0.233834 -149.416467
 P Tensor eigenvectors:
                   0          1          2    
      0      -0.030553  -0.004370   0.999524
      1      -0.999531   0.002025  -0.030545
      2      -0.001890  -0.999988  -0.004429
 P Eigenvalues: 
                  0          1          2    
      0       8.994219 -149.416632 -110.105608
P(iso)  -83.509340
 Nucleus: 37 H 
 Shielding tensor (ppm): 
                  0          1          2    
      0     -112.999935 -284.504460   0.061483
      1     351.558969  61.734506  -0.012762
      2      -0.075940  -0.051121 -99.164132
 P Tensor eigenvectors:
                   0          1          2    
      0      -0.000064  -0.532859  -0.846204
      1       0.000222   0.846204  -0.532859
      2       1.000000  -0.000222   0.000064
 P Eigenvalues: 
                  0          1          2    
      0     -99.164138 -18.114779 -33.150644
P(iso)  -50.143187
 Nucleus: 44 H 
 Shielding tensor (ppm): 
                  0          1          2    
      0      42.066149 -14.373160   0.204489
      1       2.243252 -244.361418   0.001252
      2      -0.127146   0.006311 -175.789422
 P Tensor eigenvectors:
                   0          1          2    
      0      -0.999803   0.001055   0.019815
      1      -0.019814   0.000192  -0.999804
      2       0.001059   0.999999   0.000171
 P Eigenvalues: 
                  0          1          2    
      0      41.713067 -175.789101 -244.008656
P(iso)  -126.028230
 Nucleus: 45 H 
 Shielding tensor (ppm): 
                  0          1          2    
      0      12.097846 562.033736   0.066427
      1     -313.170163 -93.548802   0.023964
      2      -0.054775   0.008522 -83.495849
 P Tensor eigenvectors:
                   0          1          2    
      0       0.000069  -0.988115  -0.153720
      1      -0.000116   0.153720  -0.988115
      2       1.000000   0.000086  -0.000104
 P Eigenvalues: 
                  0          1          2    
      0     -83.495854 -28.199082 -53.251869
P(iso)  -54.982268
 Nucleus: 46 H 
 Shielding tensor (ppm): 
                  0          1          2    
      0       8.135244 -541.531356  -0.067022
      1     369.111332 157.789276  -0.008872
      2       0.047586   0.005222 105.904902
 P Tensor eigenvectors:
                   0          1          2    
      0       0.000043  -0.964487  -0.264129
      1      -0.000123   0.264129  -0.964487
      2       1.000000   0.000074  -0.000107
 P Eigenvalues: 
                  0          1          2    
      0     105.904904  62.499529 103.424990
P(iso)  90.609807
 Nucleus: 47 H 
 Shielding tensor (ppm): 
                  0          1          2    
      0      17.637616 515.167175  -0.118927
      1     -329.320644 147.624840   0.012581
      2       0.075839  -0.011877 104.835292
 P Tensor eigenvectors:
                   0          1          2    
      0       0.000076   0.978333  -0.207038
      1       0.000230   0.207038   0.978333
      2       1.000000  -0.000122  -0.000210
 P Eigenvalues: 
                  0          1          2    
      0     104.835294  60.853025 104.409428
P(iso)  90.032583
 Nucleus: 48 H 
 Shielding tensor (ppm): 
                  0          1          2    
      0       1.561843 -584.796308   0.126274
      1     328.905511 -81.312690  -0.022820
      2      -0.086492  -0.005855 -81.803727
 P Tensor eigenvectors:
                   0          1          2    
      0       0.000061   0.993614  -0.112831
      1       0.000214   0.112831   0.993614
      2       1.000000  -0.000084  -0.000206
 P Eigenvalues: 
                  0          1          2    
      0     -81.803734 -28.181318 -51.569523
P(iso)  -53.851525
# -----------------------------------------------------------
$ EPRNMR_ATensor
   description: Hyperfine A tensor
   geom. index: 1
   prop. index: 1
 Number of stored nuclei 25
 Source density: 1 SCF 
 Spin multiplicity: 2 
 Nucleus: 9 H  
 Isotope: 1 
 Nuclear Spin:  0.5 
 Prefactor (MHz): 533.551395 
 Raw A tensor (MHz): 
                  0          1          2    
      0     -14.780938  -6.148683   0.002684
      1      -6.151279 -11.939342  -0.004427
      2       0.002684  -0.004427 -16.188458
 A Tensor eigenvectors:
                   0          1          2    
      0      -0.622438  -0.000497   0.782669
      1       0.782669   0.000323   0.622438
      2      -0.000562   1.000000   0.000188
 A Eigenvalues: 
                  0          1          2    
      0      -7.048170 -16.188461 -19.672108
A(iso)  -14.302913
 Nucleus: 10 H  
 Isotope: 1 
 Nuclear Spin:  0.5 
 Prefactor (MHz): 533.551395 
 Raw A tensor (MHz): 
                  0          1          2    
      0       7.854681   2.278735   0.000130
      1       2.279627   6.347561  -0.000381
      2       0.000131  -0.000382   4.004086
 A Tensor eigenvectors:
                   0          1          2    
      0      -0.000306  -0.585675  -0.810546
      1       0.000461   0.810546  -0.585675
      2       1.000000  -0.000553   0.000021
 A Eigenvalues: 
                  0          1          2    
      0       4.004086   4.700597   9.501646
A(iso)  6.068776
 Nucleus: 12 H  
 Isotope: 1 
 Nuclear Spin:  0.5 
 Prefactor (MHz): 533.551395 
 Raw A tensor (MHz): 
                  0          1          2    
      0     -17.437871  -1.735641   0.012539
      1      -1.733469 -71.467194   0.006624
      2       0.012540   0.006630 -46.501987
 A Tensor eigenvectors:
                   0          1          2    
      0       0.999485  -0.000414  -0.032075
      1      -0.032074   0.000294  -0.999485
      2       0.000423   1.000000   0.000281
 A Eigenvalues: 
                  0          1          2    
      0     -17.382237 -46.501991 -71.522825
A(iso)  -45.135684
 Nucleus: 14 H  
 Isotope: 1 
 Nuclear Spin:  0.5 
 Prefactor (MHz): 533.551395 
 Raw A tensor (MHz): 
                  0          1          2    
      0      61.493050  -3.644400  -1.910352
      1      -3.643148  63.433452   1.993984
      2      -1.908861   1.994020  58.370763
 A Tensor eigenvectors:
                   0          1          2    
      0       0.353834  -0.725974   0.589714
      1      -0.094455  -0.655015  -0.749689
      2       0.930527   0.209564  -0.300338
 A Eigenvalues: 
                  0          1          2    
      0      57.442396  58.756669  67.098200
A(iso)  61.099088
 Nucleus: 15 H  
 Isotope: 1 
 Nuclear Spin:  0.5 
 Prefactor (MHz): 533.551395 
 Raw A tensor (MHz): 
                  0          1          2    
      0      61.360036  -3.643101   1.911239
      1      -3.641845  63.286213  -1.996258
      2       1.909745  -1.996296  58.228843
 A Tensor eigenvectors:
                   0          1          2    
      0      -0.351832  -0.726517   0.590243
      1       0.096374  -0.655323  -0.749176
      2       0.931089  -0.206700   0.300581
 A Eigenvalues: 
                  0          1          2    
      0      57.300460  58.618051  66.956580
A(iso)  60.958364
 Nucleus: 17 H  
 Isotope: 1 
 Nuclear Spin:  0.5 
 Prefactor (MHz): 533.551395 
 Raw A tensor (MHz): 
                  0          1          2    
      0      -2.184879   2.133309  -0.668660
      1       2.133342   1.908155  -1.368597
      2      -0.668228  -1.367567  -2.764009
 A Tensor eigenvectors:
                   0          1          2    
      0      -0.699692   0.605226   0.379648
      1       0.453990  -0.033664   0.890371
      2       0.551656   0.795342  -0.251212
 A Eigenvalues: 
                  0          1          2    
      0      -3.042073  -3.203777   3.205117
A(iso)  -1.013578
 Nucleus: 18 H  
 Isotope: 1 
 Nuclear Spin:  0.5 
 Prefactor (MHz): 533.551395 
 Raw A tensor (MHz): 
                  0          1          2    
      0      -2.182484   2.135756   0.664150
      1       2.135789   1.909759   1.359849
      2       0.663720   1.358823  -2.766954
 A Tensor eigenvectors:
                   0          1          2    
      0      -0.698593  -0.605309   0.381534
      1       0.453278   0.038193   0.890550
      2      -0.553630   0.795074   0.247692
 A Eigenvalues: 
                  0          1          2    
      0      -3.042123  -3.201237   3.203680
A(iso)  -1.013227
 Nucleus: 20 H  
 Isotope: 1 
 Nuclear Spin:  0.5 
 Prefactor (MHz): 533.551395 
 Raw A tensor (MHz): 
                  0          1          2    
      0      -0.004076  -0.254317   0.108261
      1      -0.254547   2.164498  -0.383954
      2       0.108375  -0.383820   0.021304
 A Tensor eigenvectors:
                   0          1          2    
      0       0.723779  -0.679877   0.117947
      1       0.204041   0.047584  -0.977805
      2       0.659174   0.731781   0.173163
 A Eigenvalues: 
                  0          1          2    
      0       0.022178  -0.103628   2.263176
A(iso)  0.727242
 Nucleus: 21 H  
 Isotope: 1 
 Nuclear Spin:  0.5 
 Prefactor (MHz): 533.551395 
 Raw A tensor (MHz): 
                  0          1          2    
      0      -0.004614  -0.253336  -0.108101
      1      -0.253566   2.166056   0.381075
      2      -0.108215   0.380942   0.020551
 A Tensor eigenvectors:
                   0          1          2    
      0      -0.722240   0.681599  -0.117441
      1      -0.202892  -0.046461   0.978098
      2       0.661214   0.730249   0.171847
 A Eigenvalues: 
                  0          1          2    
      0       0.022539  -0.103979   2.263433
A(iso)  0.727331
 Nucleus: 23 H  
 Isotope: 1 
 Nuclear Spin:  0.5 
 Prefactor (MHz): 533.551395 
 Raw A tensor (MHz): 
                  0          1          2    
      0      22.097521   1.547571   0.892972
      1       1.547010  22.151904   0.489164
      2       0.892366   0.489319  20.814676
 A Tensor eigenvectors:
                   0          1          2    
      0       0.619684   0.378836  -0.687368
      1      -0.322143  -0.675850  -0.662911
      2      -0.715692   0.632226  -0.296774
 A Eigenvalues: 
                  0          1          2    
      0      20.262101  20.826781  23.975219
A(iso)  21.688034
 Nucleus: 24 H  
 Isotope: 1 
 Nuclear Spin:  0.5 
 Prefactor (MHz): 533.551395 
 Raw A tensor (MHz): 
                  0          1          2    
      0      22.093726   1.547574  -0.892865
      1       1.547013  22.146405  -0.489181
      2      -0.892259  -0.489337  20.809572
 A Tensor eigenvectors:
                   0          1          2    
      0      -0.619419  -0.378968   0.687535
      1       0.322009   0.676068   0.662753
      2      -0.715983   0.631914  -0.296738
 A Eigenvalues: 
                  0          1          2    
      0      20.257561  20.821616  23.970526
A(iso)  21.683234
 Nucleus: 26 H  
 Isotope: 1 
 Nuclear Spin:  0.5 
 Prefactor (MHz): 533.551395 
 Raw A tensor (MHz): 
                  0          1          2    
      0      -0.793033  -0.340775   0.089985
      1      -0.340511   0.836486  -0.405115
      2       0.089820  -0.404838  -0.895030
 A Tensor eigenvectors:
                   0          1          2    
      0       0.975317  -0.106953   0.193179
      1       0.211187   0.196367  -0.957518
      2       0.064476   0.974680   0.214107
 A Eigenvalues: 
                  0          1          2    
      0      -0.860830  -0.986552   0.995805
A(iso)  -0.283859
 Nucleus: 27 H  
 Isotope: 1 
 Nuclear Spin:  0.5 
 Prefactor (MHz): 533.551395 
 Raw A tensor (MHz): 
                  0          1          2    
      0      -0.792986  -0.340953  -0.089779
      1      -0.340688   0.836807   0.404010
      2      -0.089614   0.403732  -0.895638
 A Tensor eigenvectors:
                   0          1          2    
      0       0.975324   0.106734   0.193261
      1       0.211183  -0.195789  -0.957637
      2      -0.064374   0.974820  -0.213498
 A Eigenvalues: 
                  0          1          2    
      0      -0.860842  -0.986644   0.995669
A(iso)  -0.283939
 Nucleus: 29 H  
 Isotope: 1 
 Nuclear Spin:  0.5 
 Prefactor (MHz): 533.551395 
 Raw A tensor (MHz): 
                  0          1          2    
      0      -0.038071   0.286418   0.065961
      1       0.286499   0.696311   0.123540
      2       0.065964   0.123469  -0.098234
 A Tensor eigenvectors:
                   0          1          2    
      0      -0.489247   0.809397  -0.324830
      1       0.301352  -0.192623  -0.933854
      2      -0.818428  -0.554773  -0.149673
 A Eigenvalues: 
                  0          1          2    
      0      -0.104243  -0.151504   0.815753
A(iso)  0.186668
 Nucleus: 30 H  
 Isotope: 1 
 Nuclear Spin:  0.5 
 Prefactor (MHz): 533.551395 
 Raw A tensor (MHz): 
                  0          1          2    
      0      -0.037773   0.286389  -0.066081
      1       0.286471   0.696358  -0.123899
      2      -0.066084  -0.123828  -0.097876
 A Tensor eigenvectors:
                   0          1          2    
      0       0.489436  -0.809265   0.324872
      1      -0.301800   0.192328   0.933770
      2      -0.818150  -0.555067  -0.150104
 A Eigenvalues: 
                  0          1          2    
      0      -0.104001  -0.151219   0.815929
A(iso)  0.186903
 Nucleus: 32 H  
 Isotope: 1 
 Nuclear Spin:  0.5 
 Prefactor (MHz): 533.551395 
 Raw A tensor (MHz): 
                  0          1          2    
      0      -0.106597   0.009083   0.000255
      1       0.009127   0.378385   0.065561
      2       0.000256   0.065533  -0.119559
 A Tensor eigenvectors:
                   0          1          2    
      0       0.998915  -0.042818   0.018312
      1      -0.012647   0.129013   0.991562
      2      -0.044819  -0.990718   0.128332
 A Eigenvalues: 
                  0          1          2    
      0      -0.106724  -0.128082   0.387035
A(iso)  0.050743
 Nucleus: 33 H  
 Isotope: 1 
 Nuclear Spin:  0.5 
 Prefactor (MHz): 533.551395 
 Raw A tensor (MHz): 
                  0          1          2    
      0      -0.106606   0.009088  -0.000253
      1       0.009132   0.378307  -0.065786
      2      -0.000255  -0.065759  -0.119504
 A Tensor eigenvectors:
                   0          1          2    
      0       0.998903  -0.043098  -0.018322
      1      -0.012600   0.129468  -0.991504
      2       0.045104   0.990647   0.128783
 A Eigenvalues: 
                  0          1          2    
      0      -0.106733  -0.128088   0.387017
A(iso)  0.050732
 Nucleus: 35 H  
 Isotope: 1 
 Nuclear Spin:  0.5 
 Prefactor (MHz): 533.551395 
 Raw A tensor (MHz): 
                  0          1          2    
      0      -2.519310  -1.117357  -0.014779
      1      -1.114814 -10.760225   0.002349
      2      -0.014773   0.002356  -7.948574
 A Tensor eigenvectors:
                   0          1          2    
      0      -0.991244   0.002675   0.132016
      1       0.132016  -0.000227   0.991248
      2       0.002682   0.999996  -0.000128
 A Eigenvalues: 
                  0          1          2    
      0      -2.370791  -7.948614 -10.908703
A(iso)  -7.076036
 Nucleus: 36 H  
 Isotope: 1 
 Nuclear Spin:  0.5 
 Prefactor (MHz): 533.551395 
 Raw A tensor (MHz): 
                  0          1          2    
      0      -0.774229   0.256165  -0.000375
      1       0.256120   0.724020  -0.001100
      2      -0.000375  -0.001100  -0.795893
 A Tensor eigenvectors:
                   0          1          2    
      0       0.163999   0.008820  -0.986421
      1       0.986460  -0.002211   0.163986
      2      -0.000734  -0.999959  -0.009064
 A Eigenvalues: 
                  0          1          2    
      0       0.766601  -0.795892  -0.816811
A(iso)  -0.282034
 Nucleus: 37 H  
 Isotope: 1 
 Nuclear Spin:  0.5 
 Prefactor (MHz): 533.551395 
 Raw A tensor (MHz): 
                  0          1          2    
      0      -0.119785   0.068549  -0.000014
      1       0.068584   0.231706  -0.000079
      2      -0.000014  -0.000080  -0.131311
 A Tensor eigenvectors:
                   0          1          2    
      0       0.000505   0.982761   0.184879
      1       0.000123  -0.184879   0.982761
      2       1.000000  -0.000474  -0.000215
 A Eigenvalues: 
                  0          1          2    
      0      -0.131311  -0.132687   0.244608
A(iso)  -0.006463
 Nucleus: 44 H  
 Isotope: 1 
 Nuclear Spin:  0.5 
 Prefactor (MHz): 533.551395 
 Raw A tensor (MHz): 
                  0          1          2    
      0       0.396010   0.040538  -0.000107
      1       0.040552   1.096120  -0.000018
      2      -0.000107  -0.000018   0.654946
 A Tensor eigenvectors:
                   0          1          2    
      0       0.998339  -0.000400  -0.057614
      1      -0.057614   0.000077  -0.998339
      2       0.000404   1.000000   0.000053
 A Eigenvalues: 
                  0          1          2    
      0       0.393669   0.654946   1.098460
A(iso)  0.715692
 Nucleus: 45 H  
 Isotope: 1 
 Nuclear Spin:  0.5 
 Prefactor (MHz): 533.551395 
 Raw A tensor (MHz): 
                  0          1          2    
      0      -0.251082   0.165588  -0.000068
      1       0.165569  -0.329134   0.000023
      2      -0.000068   0.000023  -0.289413
 A Tensor eigenvectors:
                   0          1          2    
      0       0.784027   0.000040  -0.620726
      1       0.620726  -0.000421   0.784027
      2      -0.000230  -1.000000  -0.000355
