-------------------------------------------------------------
----------------------- !PROPERTIES! ------------------------
-------------------------------------------------------------
# -----------------------------------------------------------
$ PAL_Flags
   description: The PAL Flags
   geom. index: 1
   prop. index: 1
        Diskflag:     2
# -----------------------------------------------------------
$ SCF_Energy
   description: The SCF energy
   geom. index: 1
   prop. index: 1
        SCF Energy:     -928.9012875716
# -----------------------------------------------------------
$ DFT_Energy
   description: The DFT energy
   geom. index: 1
   prop. index: 1
   Number of Alpha Electrons                 85.0001685643 
   Number of Beta  Electrons                 84.0001609955 
   Total number of  Electrons               169.0003295597 
   Exchange energy                         -105.6588850964 
   Correlation energy                        -6.5754502933 
   Correlation energy NL                      0.0000000000 
   Exchange-Correlation energy             -112.2343353897 
   Embedding correction                       0.0000000000 
   Total DFT Energy (No VdW correction)    -928.9012875716 
# -----------------------------------------------------------
$ Mayer_Pop
   description: The Mayer population analysis
   geom. index: 1
   prop. index: 1
     Number of atoms                     : 49
     Threshold for printing              : 0.1000000
     Number of bond orders printed       : 51
  NA   - Mulliken gross atomic population
  ZA   - Total nuclear charge
  QA   - Mulliken gross atomic charge
  VA   - Mayer's total valence
  BVA  - Mayer's bonded valence
  FA   - Mayer's free valence
  ATOM       NA         ZA         QA         VA         BVA        FA
  0   0     6.6057     6.0000    -0.6057     3.3854     3.3785     0.0069
  1   0     5.3663     6.0000     0.6337     2.8642     2.8626     0.0016
  2   0     5.7347     6.0000     0.2653     2.5284     2.5279     0.0005
  3   0     6.0498     6.0000    -0.0498     3.7447     3.7094     0.0353
  4   0     5.9184     6.0000     0.0816     4.1190     4.1042     0.0148
  5   0     6.0305     6.0000    -0.0305     3.8711     3.8364     0.0347
  6   0     6.1415     6.0000    -0.1415     3.8269     3.8200     0.0069
  7   0     6.0872     6.0000    -0.0872     4.1439     4.1056     0.0383
  8   0     5.9737     6.0000     0.0263     3.8909     3.8828     0.0081
  9   0     1.0531     1.0000    -0.0531     1.0033     1.0032     0.0001
 10   0     1.0511     1.0000    -0.0511     1.0028     1.0028     0.0000
 11   0     6.0987     6.0000    -0.0987     3.9293     3.5530     0.3763
 12   0     1.0218     1.0000    -0.0218     1.0092     1.0080     0.0012
 13   0     5.9668     6.0000     0.0332     4.0102     4.0087     0.0015
 14   0     0.9710     1.0000     0.0290     0.9628     0.9617     0.0011
 15   0     0.9710     1.0000     0.0290     0.9628     0.9617     0.0011
 16   0     6.0386     6.0000    -0.0386     4.1312     4.1312     0.0000
 17   0     0.9869     1.0000     0.0131     0.9642     0.9642     0.0000
 18   0     0.9869     1.0000     0.0131     0.9642     0.9642     0.0000
 19   0     5.9945     6.0000     0.0055     4.0161     4.0161     0.0000
 20   0     0.9826     1.0000     0.0174     0.9775     0.9775     0.0000
 21   0     0.9826     1.0000     0.0174     0.9775     0.9775     0.0000
 22   0     5.9608     6.0000     0.0392     4.0299     4.0297     0.0002
 23   0     0.9679     1.0000     0.0321     0.9690     0.9689     0.0001
 24   0     0.9679     1.0000     0.0321     0.9690     0.9689     0.0001
 25   0     6.0345     6.0000    -0.0345     4.1141     4.1141     0.0000
 26   0     0.9829     1.0000     0.0171     0.9630     0.9630     0.0000
 27   0     0.9829     1.0000     0.0171     0.9630     0.9630     0.0000
 28   0     6.0251     6.0000    -0.0251     4.1177     4.1177     0.0000
 29   0     0.9946     1.0000     0.0054     0.9674     0.9674     0.0000
 30   0     0.9946     1.0000     0.0054     0.9674     0.9674     0.0000
 31   0     5.9967     6.0000     0.0033     4.0168     4.0168     0.0000
 32   0     0.9824     1.0000     0.0176     0.9774     0.9774     0.0000
 33   0     0.9824     1.0000     0.0176     0.9774     0.9774     0.0000
 34   0     5.8674     6.0000     0.1326     2.6510     2.6498     0.0012
 35   0     1.0306     1.0000    -0.0306     1.0307     1.0307     0.0000
 36   0     0.9864     1.0000     0.0136     0.9733     0.9733     0.0000
 37   0     0.9874     1.0000     0.0126     0.9734     0.9734     0.0000
 38   0     6.2544     6.0000    -0.2544     3.9279     3.9278     0.0001
 39   0     5.9695     6.0000     0.0305     3.9951     3.9950     0.0001
 40   0     5.9597     6.0000     0.0403     3.9993     3.9993     0.0000
 41   0     5.9669     6.0000     0.0331     3.9994     3.9993     0.0001
 42   0     5.9601     6.0000     0.0399     3.9991     3.9991     0.0000
 43   0     5.9720     6.0000     0.0280     3.9942     3.9941     0.0001
 44   0     1.0268     1.0000    -0.0268     0.9689     0.9689     0.0000
 45   0     1.0269     1.0000    -0.0269     0.9686     0.9686     0.0000
 46   0     1.0401     1.0000    -0.0401     0.9837     0.9837     0.0000
 47   0     1.0391     1.0000    -0.0391     0.9833     0.9833     0.0000
 48   0     1.0268     1.0000    -0.0268     0.9686     0.9686     0.0000
      Bond orders larger than 0.1000000
           Atom A     A.N. of A          Atom B    A.N. of B              Bond order
                0             6               1            6                2.095690
                0             6              35            1                1.119563
                1             6               3            6                0.905580
                2             6               6            6                0.878025
                2             6              34            6                1.756747
                2             6              38            6               -0.175707
                3             6               4            6                1.277423
                3             6               8            6                1.392194
                4             6               5            6                1.289008
                4             6              11            6                1.367201
                5             6               6            6                1.446841
                5             6               9            1                0.919515
                6             6               7            6                1.349085
                7             6               8            6                1.416027
                7             6              22            6                1.095366
                8             6              10            1                0.919848
               11             6              12            1                0.901574
               11             6              13            6                1.083856
               13             6              14            1                0.911694
               13             6              15            1                0.911685
               13             6              16            6                1.071487
               16             6              17            1                0.943768
               16             6              18            1                0.943748
               16             6              19            6                1.106571
               19             6              20            1                0.965310
               19             6              21            1                0.965311
               19             6              36            1                0.960874
               22             6              23            1                0.896027
               22             6              24            1                0.896063
               22             6              25            6                1.104046
               25             6              26            1                0.929333
               25             6              27            1                0.929338
               25             6              28            6                1.074824
               28             6              29            1                0.940960
               28             6              30            1                0.940961
               28             6              31            6                1.106266
               31             6              32            1                0.966204
               31             6              33            1                0.966202
               31             6              37            1                0.961623
               34             6              38            6                0.929973
               38             6              39            6                1.442562
               38             6              43            6                1.439367
               39             6              40            6                1.470155
               39             6              46            1                0.940019
               40             6              41            6                1.444783
               40             6              48            1                0.937906
               41             6              42            6                1.444123
               41             6              44            1                0.943196
               42             6              43            6                1.470455
               42             6              45            1                0.937916
               43             6              47            1                0.940436
# -----------------------------------------------------------
$ Calculation_Info
   description: Details of the calculation
   geom. index: 1
   prop. index: 1
     Multiplicity:                          2
     Charge:                                0
     number of atoms:                       49
     number of electrons:                   0
     number of frozen core electrons:       1
     number of correlated electrons:        0
     number of basis functions:             461
     number of aux C basis functions:       3164
     number of aux J basis functions:       3164
     number of aux JK basis functions:      3164
     number of aux CABS basis functions:    0
     Total Energy                           -928.901288
# -----------------------------------------------------------
$ SCF_Electric_Properties
   description: The SCF Calculated Electric Properties
   geom. index: 1
   prop. index: 1
       Filename                          : cc-pVDZ_i.scfp 
       Do Dipole Moment Calculation      : true 
       Do Quadrupole Moment Calculation  : false 
       Do Polarizability Calculation     : false 
** Dipole moment part of electric properties **
        Magnitude of dipole moment (Debye) :        0.9512371254
        Electronic Contribution:
                  0    
      0       9.447947
      1      -2.450472
      2      -0.005863
        Nuclear Contribution:
                  0    
      0      -9.075990
      1       2.409235
      2       0.007180
        Total Dipole moment:
                  0    
      0       0.371957
      1      -0.041237
      2       0.001317
# -----------------------------------------------------------
$ EPRNMR_GTensor
   description: Electronic g tensor
   geom. index: 1
   prop. index: 1
 Source density: 1 SCF 
 Spin multiplicity: 2 
 raw g tensor: 
                  0          1          2    
      0       2.002778   0.000082   0.000000
      1       0.000062   2.002759  -0.000000
      2       0.000000  -0.000000   2.002184
 g tensor: 
                  0          1          2    
      0      -0.000344  -0.659722  -0.751509
      1       0.000340   0.751509  -0.659722
      2       1.000000  -0.000483  -0.000034
 G eigenvalues: 
                  0          1          2    
      0       2.002184   2.002696   2.002841
# -----------------------------------------------------------
$ EPRNMR_OrbitalShielding
   description: Orbital contribution to the NMR Shielding tensor (ppm)
   geom. index: 1
   prop. index: 1
 Number of stored nuclei 25
 Source density: 1 SCF 
 Nucleus: 9 H 
 Shielding tensor (ppm): 
                  0          1          2    
      0      27.613275   5.307766   0.000035
      1       4.923363  26.495523  -0.001105
      2      -0.002755  -0.001767  19.192603
 P Tensor eigenvectors:
                   0          1          2    
      0       0.000044  -0.670247  -0.742138
      1       0.000140   0.742138  -0.670247
      2       1.000000  -0.000075   0.000127
 P Eigenvalues: 
                  0          1          2    
      0      19.192603  21.908527  32.200272
P(iso)  24.433801
 Nucleus: 10 H 
 Shielding tensor (ppm): 
                  0          1          2    
      0      27.767123   5.629786   0.000220
      1       5.340234  26.355394  -0.000328
      2       0.001882  -0.001852  19.244093
 P Tensor eigenvectors:
                   0          1          2    
      0      -0.000422  -0.662446  -0.749109
      1       0.000473   0.749109  -0.662447
      2       1.000000  -0.000634  -0.000003
 P Eigenvalues: 
                  0          1          2    
      0      19.244092  21.531096  32.591421
P(iso)  24.455537
 Nucleus: 12 H 
 Shielding tensor (ppm): 
                  0          1          2    
      0      22.859109  -1.969758   0.000562
      1      -1.347446  32.737292  -0.004637
      2       0.002642  -0.003948  20.401083
 P Tensor eigenvectors:
                   0          1          2    
      0      -0.000431  -0.987795   0.155756
      1       0.000296  -0.155756  -0.987795
      2       1.000000  -0.000380   0.000359
 P Eigenvalues: 
                  0          1          2    
      0      20.401081  22.588385  33.008018
P(iso)  25.332495
 Nucleus: 14 H 
 Shielding tensor (ppm): 
                  0          1          2    
      0      28.864507   1.253589  -3.114451
      1       0.763631  30.455429   0.510443
      2      -3.902636   1.477067  27.598870
 P Tensor eigenvectors:
                   0          1          2    
      0       0.623794  -0.041724   0.780474
      1      -0.215315  -0.969109   0.120283
      2       0.751346  -0.243079  -0.613508
 P Eigenvalues: 
                  0          1          2    
      0      24.342513  30.762468  31.813825
P(iso)  28.972935
 Nucleus: 15 H 
 Shielding tensor (ppm): 
                  0          1          2    
      0      28.873926   1.263281   3.111599
      1       0.769773  30.458297  -0.512114
      2       3.901600  -1.476215  27.585316
 P Tensor eigenvectors:
                   0          1          2    
      0      -0.622677  -0.035297   0.781682
      1       0.215855  -0.967968   0.128239
      2       0.752117   0.248582   0.610350
 P Eigenvalues: 
                  0          1          2    
      0      24.338283  30.765150  31.814106
P(iso)  28.972513
 Nucleus: 17 H 
 Shielding tensor (ppm): 
                  0          1          2    
      0      30.676366  -0.480185  -4.446046
      1      -0.167485  29.972314   0.498446
      2      -4.414448  -0.711316  28.419179
 P Tensor eigenvectors:
                   0          1          2    
      0       0.614149   0.004996  -0.789174
      1       0.045963   0.998056   0.042088
      2       0.787850  -0.062121   0.612726
 P Eigenvalues: 
                  0          1          2    
      0      24.960616  29.979056  34.128188
P(iso)  29.689286
 Nucleus: 18 H 
 Shielding tensor (ppm): 
                  0          1          2    
      0      30.688273  -0.475350   4.446334
      1      -0.163209  29.972189  -0.499036
      2       4.412498   0.707760  28.406409
 P Tensor eigenvectors:
                   0          1          2    
      0      -0.613120   0.005281  -0.789972
      1      -0.045028   0.998118   0.041620
      2       0.788706   0.061089  -0.611728
 P Eigenvalues: 
                  0          1          2    
      0      24.958456  29.978584  34.129830
P(iso)  29.688957
 Nucleus: 20 H 
 Shielding tensor (ppm): 
                  0          1          2    
      0      29.689460  -1.528643   3.695351
      1      -2.216702  30.756776  -2.609517
      2       3.098137  -2.236431  30.518084
 P Tensor eigenvectors:
                   0          1          2    
      0      -0.728207   0.412098   0.547622
      1       0.071599   0.840402  -0.537213
      2       0.681607   0.351993   0.641493
 P Eigenvalues: 
                  0          1          2    
      0      26.666730  28.800753  35.496837
P(iso)  30.321440
 Nucleus: 21 H 
 Shielding tensor (ppm): 
                  0          1          2    
      0      29.679725  -1.531341  -3.690537
      1      -2.217369  30.762670   2.613658
      2      -3.092342   2.238468  30.521251
 P Tensor eigenvectors:
                   0          1          2    
      0      -0.729155   0.411730  -0.546637
      1       0.070775   0.839855   0.538177
      2      -0.680679  -0.353726   0.641524
 P Eigenvalues: 
                  0          1          2    
      0      26.668271  28.798995  35.496380
P(iso)  30.321215
 Nucleus: 23 H 
 Shielding tensor (ppm): 
                  0          1          2    
      0      29.045124  -1.803581   3.240434
      1      -1.346163  31.056665  -0.097155
      2       4.454692   0.957716  25.895357
 P Tensor eigenvectors:
                   0          1          2    
      0      -0.558126   0.466329  -0.686318
      1      -0.145757   0.759171   0.634361
      2       0.816854   0.454089  -0.355742
 P Eigenvalues: 
                  0          1          2    
      0      23.119218  30.366044  32.511885
P(iso)  28.665716
 Nucleus: 24 H 
 Shielding tensor (ppm): 
                  0          1          2    
      0      29.049859  -1.806015  -3.238867
      1      -1.349252  31.056930   0.094390
      2      -4.453686  -0.959669  25.888758
 P Tensor eigenvectors:
                   0          1          2    
      0       0.557586   0.466758  -0.686465
      1       0.146056   0.758886   0.634634
      2       0.817169  -0.454125   0.354972
 P Eigenvalues: 
                  0          1          2    
      0      23.116515  30.364952  32.514080
P(iso)  28.665182
 Nucleus: 26 H 
 Shielding tensor (ppm): 
                  0          1          2    
      0      30.228146   0.640999   3.758873
      1       0.580783  31.277693  -0.271915
      2       3.780557  -1.477800  27.967105
 P Tensor eigenvectors:
                   0          1          2    
      0      -0.588289  -0.115012   0.800430
      1       0.158186  -0.987078  -0.025569
      2       0.793028   0.111575   0.598881
 P Eigenvalues: 
                  0          1          2    
      0      24.981896  31.457253  33.033797
P(iso)  29.824315
 Nucleus: 27 H 
 Shielding tensor (ppm): 
                  0          1          2    
      0      30.231554   0.637945  -3.758505
      1       0.578298  31.279055   0.270741
      2      -3.779887   1.476297  27.962807
 P Tensor eigenvectors:
                   0          1          2    
      0       0.587936  -0.115145   0.800670
      1      -0.157738  -0.987135  -0.026133
      2       0.793379  -0.110932  -0.598535
 P Eigenvalues: 
                  0          1          2    
      0      24.981797  31.457619  33.033999
P(iso)  29.824472
 Nucleus: 29 H 
 Shielding tensor (ppm): 
                  0          1          2    
      0      30.704564  -0.224164   4.492541
      1      -0.108547  30.718588   0.526288
      2       4.204232   1.262495  28.170466
 P Tensor eigenvectors:
                   0          1          2    
      0      -0.591867  -0.180067  -0.785665
      1      -0.130923   0.983260  -0.126725
      2       0.795332   0.027857  -0.605534
 P Eigenvalues: 
                  0          1          2    
      0      24.795974  30.780435  34.017209
P(iso)  29.864539
 Nucleus: 30 H 
 Shielding tensor (ppm): 
                  0          1          2    
      0      30.706190  -0.225172  -4.491838
      1      -0.109582  30.717216  -0.527253
      2      -4.203943  -1.263642  28.169667
 P Tensor eigenvectors:
                   0          1          2    
      0       0.591721  -0.180122  -0.785763
      1       0.131204   0.983240  -0.126586
      2       0.795394  -0.028191   0.605436
 P Eigenvalues: 
                  0          1          2    
      0      24.796078  30.779604  34.017390
P(iso)  29.864357
 Nucleus: 32 H 
 Shielding tensor (ppm): 
                  0          1          2    
      0      29.895215  -1.721108  -3.904865
      1      -2.537071  30.530213   2.294039
      2      -3.332928   1.969657  30.484039
 P Tensor eigenvectors:
                   0          1          2    
      0      -0.749656   0.302780  -0.588507
      1      -0.048176   0.861891   0.504801
      2      -0.660072  -0.406778   0.631535
 P Eigenvalues: 
                  0          1          2    
      0      26.553580  28.749723  35.606164
P(iso)  30.303156
 Nucleus: 33 H 
 Shielding tensor (ppm): 
                  0          1          2    
      0      29.894492  -1.719171   3.905754
      1      -2.535364  30.528764  -2.294181
      2       3.334131  -1.969601  30.486006
 P Tensor eigenvectors:
                   0          1          2    
      0      -0.749685   0.302794   0.588462
      1      -0.047860   0.862057  -0.504546
      2       0.660062   0.406415   0.631780
 P Eigenvalues: 
                  0          1          2    
      0      26.553125  28.750117  35.606019
P(iso)  30.303087
 Nucleus: 35 H 
 Shielding tensor (ppm): 
                  0          1          2    
      0      34.780473  -0.716360  -0.025654
      1      -0.801148  25.535190   0.001934
      2       0.012166  -0.000723  23.897080
 P Tensor eigenvectors:
                   0          1          2    
      0       0.000936  -0.080554   0.996750
      1      -0.000098  -0.996750  -0.080554
      2       1.000000  -0.000022  -0.000941
 P Eigenvalues: 
                  0          1          2    
      0      23.897076  25.473338  34.842328
P(iso)  28.070914
 Nucleus: 36 H 
 Shielding tensor (ppm): 
                  0          1          2    
      0      29.247245   2.599461  -0.003509
      1       3.962781  35.404809  -0.008942
      2      -0.004675  -0.008472  25.643195
 P Tensor eigenvectors:
                   0          1          2    
      0       0.000464  -0.913438  -0.406978
      1       0.000734   0.406978  -0.913438
      2       1.000000   0.000125   0.000860
 P Eigenvalues: 
                  0          1          2    
      0      25.643187  27.827621  36.824441
P(iso)  30.098417
 Nucleus: 37 H 
 Shielding tensor (ppm): 
                  0          1          2    
      0      28.576561   1.900936  -0.000269
      1       3.158254  36.160483  -0.002026
      2      -0.000754  -0.002132  25.553637
 P Tensor eigenvectors:
                   0          1          2    
      0       0.000004  -0.954189  -0.299205
      1       0.000194   0.299205  -0.954189
      2       1.000000  -0.000054   0.000186
 P Eigenvalues: 
                  0          1          2    
      0      25.553636  27.811112  36.925933
P(iso)  30.096894
 Nucleus: 44 H 
 Shielding tensor (ppm): 
                  0          1          2    
      0      24.281848   0.012575   0.000638
      1       0.005750  27.198611  -0.000397
      2       0.001037  -0.000379  21.247108
 P Tensor eigenvectors:
                   0          1          2    
      0      -0.000272  -0.999995  -0.003075
      1       0.000066   0.003075  -0.999995
      2       1.000000  -0.000272   0.000065
 P Eigenvalues: 
                  0          1          2    
      0      21.247108  24.281819  27.198640
P(iso)  24.242522
 Nucleus: 45 H 
 Shielding tensor (ppm): 
                  0          1          2    
      0      27.212373  -1.463041   0.001675
      1      -1.434272  24.524750  -0.000436
      2       0.001563  -0.000890  20.867510
 P Tensor eigenvectors:
                   0          1          2    
      0      -0.000236  -0.400206   0.916425
      1       0.000083  -0.916425  -0.400206
      2       1.000000  -0.000018   0.000250
 P Eigenvalues: 
                  0          1          2    
      0      20.867510  23.892597  27.844526
P(iso)  24.201544
 Nucleus: 46 H 
 Shielding tensor (ppm): 
                  0          1          2    
      0      27.264949  -3.277754   0.001767
      1      -2.509232  24.758521  -0.001428
      2       0.001309  -0.000667  20.049856
 P Tensor eigenvectors:
                   0          1          2    
      0      -0.000167  -0.555049   0.831818
      1       0.000132  -0.831818  -0.555049
      2       1.000000   0.000017   0.000212
 P Eigenvalues: 
                  0          1          2    
      0      20.049856  22.858851  29.164620
P(iso)  24.024442
 Nucleus: 47 H 
 Shielding tensor (ppm): 
                  0          1          2    
      0      28.104444   2.689147   0.001643
      1       1.945562  24.177855   0.000561
      2       0.001206  -0.000060  19.747389
 P Tensor eigenvectors:
                   0          1          2    
      0      -0.000185   0.426909   0.904295
      1       0.000029  -0.904295   0.426909
      2       1.000000   0.000105   0.000155
 P Eigenvalues: 
                  0          1          2    
      0      19.747389  23.104245  29.178055
P(iso)  24.009896
 Nucleus: 48 H 
 Shielding tensor (ppm): 
                  0          1          2    
      0      27.166265   1.212419   0.001472
      1       1.186337  24.489540  -0.000146
      2       0.001326   0.000380  20.920369
 P Tensor eigenvectors:
                   0          1          2    
      0      -0.000234   0.357505   0.933911
      1       0.000051  -0.933911   0.357505
      2       1.000000   0.000132   0.000201
 P Eigenvalues: 
                  0          1          2    
      0      20.920369  24.030760  27.625046
P(iso)  24.192058
# -----------------------------------------------------------
$ EPRNMR_ATensor
   description: Hyperfine A tensor
   geom. index: 1
   prop. index: 1
 Number of stored nuclei 25
 Source density: 1 SCF 
 Spin multiplicity: 2 
 Nucleus: 9 H  
 Isotope: 1 
 Nuclear Spin:  0.5 
 Prefactor (MHz): 533.551395 
 Raw A tensor (MHz): 
                  0          1          2    
      0     -14.769549  -6.146223   0.002683
      1      -6.148819 -11.930956  -0.004426
      2       0.002683  -0.004427 -16.177774
 A Tensor eigenvectors:
                   0          1          2    
      0      -0.622495  -0.000497   0.782624
      1       0.782624   0.000323   0.622495
      2      -0.000562   1.000000   0.000188
 A Eigenvalues: 
                  0          1          2    
      0      -7.041017 -16.177777 -19.659485
A(iso)  -14.292760
 Nucleus: 10 H  
 Isotope: 1 
 Nuclear Spin:  0.5 
 Prefactor (MHz): 533.551395 
 Raw A tensor (MHz): 
                  0          1          2    
      0       7.845613   2.276669   0.000131
      1       2.277562   6.340643  -0.000382
      2       0.000131  -0.000383   3.995877
 A Tensor eigenvectors:
                   0          1          2    
      0      -0.000306  -0.585738  -0.810501
      1       0.000459   0.810501  -0.585738
      2       1.000000  -0.000551   0.000021
 A Eigenvalues: 
                  0          1          2    
      0       3.995876   4.694902   9.491354
A(iso)  6.060711
 Nucleus: 12 H  
 Isotope: 1 
 Nuclear Spin:  0.5 
 Prefactor (MHz): 533.551395 
 Raw A tensor (MHz): 
                  0          1          2    
      0     -17.439045  -1.735695   0.012540
      1      -1.733523 -71.469578   0.006624
      2       0.012541   0.006630 -46.503838
 A Tensor eigenvectors:
                   0          1          2    
      0       0.999485  -0.000414  -0.032075
      1      -0.032075   0.000294  -0.999485
      2       0.000423   1.000000   0.000281
 A Eigenvalues: 
                  0          1          2    
      0     -17.383409 -46.503841 -71.525211
A(iso)  -45.137487
 Nucleus: 14 H  
 Isotope: 1 
 Nuclear Spin:  0.5 
 Prefactor (MHz): 533.551395 
 Raw A tensor (MHz): 
                  0          1          2    
      0      61.495192  -3.644605  -1.910390
      1      -3.643353  63.435385   1.993968
      2      -1.908900   1.994004  58.372791
 A Tensor eigenvectors:
                   0          1          2    
      0       0.353847  -0.725956   0.589729
      1      -0.094433  -0.655030  -0.749679
      2       0.930524   0.209581  -0.300334
 A Eigenvalues: 
                  0          1          2    
      0      57.444429  58.758537  67.100403
A(iso)  61.101123
 Nucleus: 15 H  
 Isotope: 1 
 Nuclear Spin:  0.5 
 Prefactor (MHz): 533.551395 
 Raw A tensor (MHz): 
                  0          1          2    
      0      61.362179  -3.643306   1.911278
      1      -3.642051  63.288146  -1.996243
      2       1.909783  -1.996281  58.230872
 A Tensor eigenvectors:
                   0          1          2    
      0      -0.351845  -0.726499   0.590258
      1       0.096353  -0.655338  -0.749165
      2       0.931086  -0.206717   0.300577
 A Eigenvalues: 
                  0          1          2    
      0      57.302493  58.619920  66.958784
A(iso)  60.960399
 Nucleus: 17 H  
 Isotope: 1 
 Nuclear Spin:  0.5 
 Prefactor (MHz): 533.551395 
 Raw A tensor (MHz): 
                  0          1          2    
      0      -2.184948   2.133357  -0.668674
      1       2.133390   1.908186  -1.368624
      2      -0.668242  -1.367593  -2.764058
 A Tensor eigenvectors:
                   0          1          2    
      0      -0.699634   0.605312   0.379617
      1       0.453986  -0.033663   0.890373
      2       0.551733   0.795276  -0.251251
 A Eigenvalues: 
                  0          1          2    
      0      -3.042147  -3.203844   3.205171
A(iso)  -1.013607
 Nucleus: 18 H  
 Isotope: 1 
 Nuclear Spin:  0.5 
 Prefactor (MHz): 533.551395 
 Raw A tensor (MHz): 
                  0          1          2    
      0      -2.182552   2.135804   0.664164
      1       2.135836   1.909789   1.359875
      2       0.663734   1.358849  -2.767003
 A Tensor eigenvectors:
                   0          1          2    
      0      -0.698534  -0.605384   0.381524
      1       0.453274   0.038223   0.890551
      2      -0.553708   0.795016   0.247705
 A Eigenvalues: 
                  0          1          2    
      0      -3.042198  -3.201306   3.203737
A(iso)  -1.013256
 Nucleus: 20 H  
 Isotope: 1 
 Nuclear Spin:  0.5 
 Prefactor (MHz): 533.551395 
 Raw A tensor (MHz): 
                  0          1          2    
      0      -0.004056  -0.254322   0.108262
      1      -0.254552   2.164518  -0.383954
      2       0.108377  -0.383821   0.021321
 A Tensor eigenvectors:
                   0          1          2    
      0       0.723781  -0.679874   0.117950
      1       0.204043   0.047583  -0.977805
      2       0.659171   0.731784   0.173163
 A Eigenvalues: 
                  0          1          2    
      0       0.022196  -0.103611   2.263197
A(iso)  0.727261
 Nucleus: 21 H  
 Isotope: 1 
 Nuclear Spin:  0.5 
 Prefactor (MHz): 533.551395 
 Raw A tensor (MHz): 
                  0          1          2    
      0      -0.004597  -0.253341  -0.108103
      1      -0.253571   2.166074   0.381075
      2      -0.108216   0.380942   0.020566
 A Tensor eigenvectors:
                   0          1          2    
      0      -0.722242   0.681596  -0.117443
      1      -0.202893  -0.046460   0.978098
      2       0.661211   0.730252   0.171847
 A Eigenvalues: 
                  0          1          2    
      0       0.022555  -0.103964   2.263451
A(iso)  0.727348
 Nucleus: 23 H  
 Isotope: 1 
 Nuclear Spin:  0.5 
 Prefactor (MHz): 533.551395 
 Raw A tensor (MHz): 
                  0          1          2    
      0      22.092779   1.547413   0.892980
      1       1.546852  22.146393   0.488960
      2       0.892374   0.489114  20.809828
 A Tensor eigenvectors:
                   0          1          2    
      0       0.619694   0.378667  -0.687452
      1      -0.322300  -0.675865  -0.662819
      2      -0.715612   0.632311  -0.296785
 A Eigenvalues: 
                  0          1          2    
      0      20.257187  20.821904  23.969908
A(iso)  21.683000
 Nucleus: 24 H  
 Isotope: 1 
 Nuclear Spin:  0.5 
 Prefactor (MHz): 533.551395 
 Raw A tensor (MHz): 
                  0          1          2    
      0      22.088947   1.547414  -0.892870
      1       1.546853  22.140855  -0.488976
      2      -0.892265  -0.489132  20.804686
 A Tensor eigenvectors:
                   0          1          2    
      0      -0.619428  -0.378800   0.687619
      1       0.322165   0.676084   0.662662
      2      -0.715904   0.631998  -0.296749
 A Eigenvalues: 
                  0          1          2    
      0      20.252611  20.816703  23.965175
A(iso)  21.678163
 Nucleus: 26 H  
 Isotope: 1 
 Nuclear Spin:  0.5 
 Prefactor (MHz): 533.551395 
 Raw A tensor (MHz): 
                  0          1          2    
      0      -0.792899  -0.340604   0.089952
      1      -0.340339   0.836638  -0.405109
      2       0.089786  -0.404832  -0.894888
 A Tensor eigenvectors:
                   0          1          2    
      0       0.975334  -0.106954   0.193091
      1       0.211102   0.196378  -0.957534
      2       0.064493   0.974678   0.214112
 A Eigenvalues: 
                  0          1          2    
      0      -0.860628  -0.986408   0.995887
A(iso)  -0.283716
 Nucleus: 27 H  
 Isotope: 1 
 Nuclear Spin:  0.5 
 Prefactor (MHz): 533.551395 
 Raw A tensor (MHz): 
                  0          1          2    
      0      -0.792852  -0.340781  -0.089746
      1      -0.340516   0.836959   0.404004
      2      -0.089581   0.403725  -0.895496
 A Tensor eigenvectors:
                   0          1          2    
      0       0.975342   0.106734   0.193174
      1       0.211097  -0.195800  -0.957654
      2      -0.064391   0.974818  -0.213503
 A Eigenvalues: 
                  0          1          2    
      0      -0.860641  -0.986500   0.995751
A(iso)  -0.283797
 Nucleus: 29 H  
 Isotope: 1 
 Nuclear Spin:  0.5 
 Prefactor (MHz): 533.551395 
 Raw A tensor (MHz): 
                  0          1          2    
      0      -0.038025   0.286383   0.065955
      1       0.286464   0.696243   0.123534
      2       0.065958   0.123462  -0.098226
 A Tensor eigenvectors:
                   0          1          2    
      0      -0.489590   0.809186  -0.324837
      1       0.301443  -0.192498  -0.933851
      2      -0.818190  -0.555123  -0.149678
 A Eigenvalues: 
                  0          1          2    
      0      -0.104224  -0.151460   0.815676
A(iso)  0.186664
 Nucleus: 30 H  
 Isotope: 1 
 Nuclear Spin:  0.5 
 Prefactor (MHz): 533.551395 
 Raw A tensor (MHz): 
                  0          1          2    
      0      -0.037728   0.286354  -0.066075
      1       0.286436   0.696289  -0.123892
      2      -0.066078  -0.123822  -0.097870
 A Tensor eigenvectors:
                   0          1          2    
      0       0.489780  -0.809055   0.324879
      1      -0.301890   0.192202   0.933767
      2      -0.817911  -0.555418  -0.150109
 A Eigenvalues: 
                  0          1          2    
      0      -0.103983  -0.151176   0.815850
A(iso)  0.186897
 Nucleus: 32 H  
 Isotope: 1 
 Nuclear Spin:  0.5 
 Prefactor (MHz): 533.551395 
 Raw A tensor (MHz): 
                  0          1          2    
      0      -0.106604   0.009084   0.000253
      1       0.009127   0.378361   0.065559
      2       0.000255   0.065531  -0.119567
 A Tensor eigenvectors:
                   0          1          2    
      0       0.998913  -0.042873   0.018314
      1      -0.012642   0.129014   0.991562
      2      -0.044874  -0.990716   0.128332
 A Eigenvalues: 
                  0          1          2    
      0      -0.106731  -0.128090   0.387011
A(iso)  0.050730
 Nucleus: 33 H  
 Isotope: 1 
 Nuclear Spin:  0.5 
 Prefactor (MHz): 533.551395 
 Raw A tensor (MHz): 
                  0          1          2    
      0      -0.106613   0.009089  -0.000252
      1       0.009133   0.378283  -0.065784
      2      -0.000254  -0.065757  -0.119513
 A Tensor eigenvectors:
                   0          1          2    
      0       0.998901  -0.043151  -0.018324
      1      -0.012595   0.129469  -0.991503
      2       0.045156   0.990644   0.128783
 A Eigenvalues: 
                  0          1          2    
      0      -0.106739  -0.128096   0.386992
A(iso)  0.050719
 Nucleus: 35 H  
 Isotope: 1 
 Nuclear Spin:  0.5 
 Prefactor (MHz): 533.551395 
 Raw A tensor (MHz): 
                  0          1          2    
      0      -2.511356  -1.117017  -0.014761
      1      -1.114475 -10.746290   0.002348
      2      -0.014755   0.002355  -7.935666
 A Tensor eigenvectors:
                   0          1          2    
      0      -0.991237   0.002674   0.132069
      1       0.132068  -0.000227   0.991241
      2       0.002681   0.999996  -0.000128
 A Eigenvalues: 
                  0          1          2    
      0      -2.362822  -7.935706 -10.894784
A(iso)  -7.064437
 Nucleus: 36 H  
 Isotope: 1 
 Nuclear Spin:  0.5 
 Prefactor (MHz): 533.551395 
 Raw A tensor (MHz): 
                  0          1          2    
      0      -0.774248   0.256170  -0.000375
      1       0.256125   0.724008  -0.001100
      2      -0.000375  -0.001100  -0.795910
 A Tensor eigenvectors:
                   0          1          2    
      0       0.164002   0.008819  -0.986421
      1       0.986460  -0.002211   0.163989
      2      -0.000734  -0.999959  -0.009063
 A Eigenvalues: 
                  0          1          2    
      0       0.766590  -0.795909  -0.816831
A(iso)  -0.282050
 Nucleus: 37 H  
 Isotope: 1 
 Nuclear Spin:  0.5 
 Prefactor (MHz): 533.551395 
 Raw A tensor (MHz): 
                  0          1          2    
      0      -0.119780   0.068542  -0.000014
      1       0.068577   0.231692  -0.000079
      2      -0.000014  -0.000080  -0.131314
 A Tensor eigenvectors:
                   0          1          2    
      0       0.000504   0.982763   0.184870
      1       0.000124  -0.184870   0.982763
      2       1.000000  -0.000472  -0.000215
 A Eigenvalues: 
                  0          1          2    
      0      -0.131314  -0.132679   0.244592
A(iso)  -0.006467
 Nucleus: 44 H  
 Isotope: 1 
 Nuclear Spin:  0.5 
 Prefactor (MHz): 533.551395 
 Raw A tensor (MHz): 
                  0          1          2    
      0       0.391389   0.040423  -0.000106
      1       0.040437   1.086476  -0.000017
      2      -0.000106  -0.000017   0.647665
 A Tensor eigenvectors:
                   0          1          2    
      0       0.998324  -0.000401  -0.057863
      1      -0.057863   0.000076  -0.998325
      2       0.000405   1.000000   0.000053
 A Eigenvalues: 
                  0          1          2    
      0       0.389045   0.647665   1.088820
A(iso)  0.708510
 Nucleus: 45 H  
 Isotope: 1 
 Nuclear Spin:  0.5 
 Prefactor (MHz): 533.551395 
 Raw A tensor (MHz): 
                  0          1          2    
      0      -0.244084   0.163938  -0.000068
      1       0.163920  -0.323983   0.000023
      2      -0.000068   0.000023  -0.283525
 A Tensor eigenvectors:
                   0          1          2    
      0       0.786371   0.000036  -0.617754
      1       0.617754  -0.000422   0.786371
      2      -0.000233  -1.000000  -0.000354
 A Eigenvalues: 
