-------------------------------------------------------------
----------------------- !PROPERTIES! ------------------------
-------------------------------------------------------------
# -----------------------------------------------------------
$ PAL_Flags
   description: The PAL Flags
   geom. index: 1
   prop. index: 1
        Diskflag:     2
# -----------------------------------------------------------
$ SCF_Energy
   description: The SCF energy
   geom. index: 1
   prop. index: 1
        SCF Energy:     -928.9012868787
# -----------------------------------------------------------
$ DFT_Energy
   description: The DFT energy
   geom. index: 1
   prop. index: 1
   Number of Alpha Electrons                 85.0001687038 
   Number of Beta  Electrons                 84.0001612556 
   Total number of  Electrons               169.0003299594 
   Exchange energy                         -105.6589187721 
   Correlation energy                        -6.5754645020 
   Correlation energy NL                      0.0000000000 
   Exchange-Correlation energy             -112.2343832741 
   Embedding correction                       0.0000000000 
   Total DFT Energy (No VdW correction)    -928.9012868787 
# -----------------------------------------------------------
$ Mayer_Pop
   description: The Mayer population analysis
   geom. index: 1
   prop. index: 1
     Number of atoms                     : 49
     Threshold for printing              : 0.1000000
     Number of bond orders printed       : 51
  NA   - Mulliken gross atomic population
  ZA   - Total nuclear charge
  QA   - Mulliken gross atomic charge
  VA   - Mayer's total valence
  BVA  - Mayer's bonded valence
  FA   - Mayer's free valence
  ATOM       NA         ZA         QA         VA         BVA        FA
  0   0     6.6058     6.0000    -0.6058     3.3854     3.3786     0.0068
  1   0     5.3662     6.0000     0.6338     2.8642     2.8626     0.0016
  2   0     5.7347     6.0000     0.2653     2.5283     2.5278     0.0005
  3   0     6.0498     6.0000    -0.0498     3.7446     3.7095     0.0351
  4   0     5.9185     6.0000     0.0815     4.1192     4.1045     0.0147
  5   0     6.0304     6.0000    -0.0304     3.8710     3.8366     0.0344
  6   0     6.1415     6.0000    -0.1415     3.8268     3.8200     0.0068
  7   0     6.0872     6.0000    -0.0872     4.1441     4.1060     0.0381
  8   0     5.9738     6.0000     0.0262     3.8910     3.8830     0.0080
  9   0     1.0531     1.0000    -0.0531     1.0033     1.0032     0.0001
 10   0     1.0511     1.0000    -0.0511     1.0028     1.0028     0.0000
 11   0     6.0987     6.0000    -0.0987     3.9293     3.5527     0.3766
 12   0     1.0218     1.0000    -0.0218     1.0093     1.0081     0.0012
 13   0     5.9669     6.0000     0.0331     4.0102     4.0087     0.0015
 14   0     0.9710     1.0000     0.0290     0.9628     0.9617     0.0011
 15   0     0.9710     1.0000     0.0290     0.9628     0.9617     0.0011
 16   0     6.0386     6.0000    -0.0386     4.1312     4.1312     0.0000
 17   0     0.9869     1.0000     0.0131     0.9642     0.9642     0.0000
 18   0     0.9869     1.0000     0.0131     0.9642     0.9642     0.0000
 19   0     5.9945     6.0000     0.0055     4.0161     4.0161     0.0000
 20   0     0.9826     1.0000     0.0174     0.9775     0.9775     0.0000
 21   0     0.9826     1.0000     0.0174     0.9775     0.9775     0.0000
 22   0     5.9608     6.0000     0.0392     4.0299     4.0297     0.0002
 23   0     0.9679     1.0000     0.0321     0.9689     0.9688     0.0001
 24   0     0.9679     1.0000     0.0321     0.9689     0.9688     0.0001
 25   0     6.0345     6.0000    -0.0345     4.1141     4.1141     0.0000
 26   0     0.9829     1.0000     0.0171     0.9630     0.9630     0.0000
 27   0     0.9829     1.0000     0.0171     0.9630     0.9630     0.0000
 28   0     6.0251     6.0000    -0.0251     4.1177     4.1177     0.0000
 29   0     0.9946     1.0000     0.0054     0.9674     0.9674     0.0000
 30   0     0.9946     1.0000     0.0054     0.9674     0.9674     0.0000
 31   0     5.9967     6.0000     0.0033     4.0168     4.0168     0.0000
 32   0     0.9824     1.0000     0.0176     0.9774     0.9774     0.0000
 33   0     0.9824     1.0000     0.0176     0.9774     0.9774     0.0000
 34   0     5.8673     6.0000     0.1327     2.6509     2.6498     0.0011
 35   0     1.0306     1.0000    -0.0306     1.0307     1.0307     0.0000
 36   0     0.9864     1.0000     0.0136     0.9733     0.9733     0.0000
 37   0     0.9875     1.0000     0.0125     0.9734     0.9734     0.0000
 38   0     6.2543     6.0000    -0.2543     3.9279     3.9279     0.0000
 39   0     5.9694     6.0000     0.0306     3.9950     3.9949     0.0001
 40   0     5.9598     6.0000     0.0402     3.9992     3.9992     0.0000
 41   0     5.9670     6.0000     0.0330     3.9994     3.9993     0.0001
 42   0     5.9601     6.0000     0.0399     3.9991     3.9991     0.0000
 43   0     5.9720     6.0000     0.0280     3.9943     3.9942     0.0001
 44   0     1.0268     1.0000    -0.0268     0.9689     0.9689     0.0000
 45   0     1.0268     1.0000    -0.0268     0.9686     0.9686     0.0000
 46   0     1.0401     1.0000    -0.0401     0.9837     0.9837     0.0000
 47   0     1.0391     1.0000    -0.0391     0.9833     0.9833     0.0000
 48   0     1.0268     1.0000    -0.0268     0.9686     0.9686     0.0000
      Bond orders larger than 0.1000000
           Atom A     A.N. of A          Atom B    A.N. of B              Bond order
                0             6               1            6                2.095768
                0             6              35            1                1.119566
                1             6               3            6                0.905535
                2             6               6            6                0.877992
                2             6              34            6                1.756696
                2             6              38            6               -0.175685
                3             6               4            6                1.277600
                3             6               8            6                1.392158
                4             6               5            6                1.289301
                4             6              11            6                1.366817
                5             6               6            6                1.446676
                5             6               9            1                0.919502
                6             6               7            6                1.349303
                7             6               8            6                1.416180
                7             6              22            6                1.095353
                8             6              10            1                0.919861
               11             6              12            1                0.901583
               11             6              13            6                1.083880
               13             6              14            1                0.911681
               13             6              15            1                0.911673
               13             6              16            6                1.071500
               16             6              17            1                0.943759
               16             6              18            1                0.943739
               16             6              19            6                1.106592
               19             6              20            1                0.965304
               19             6              21            1                0.965305
               19             6              36            1                0.960868
               22             6              23            1                0.896032
               22             6              24            1                0.896071
               22             6              25            6                1.104046
               25             6              26            1                0.929319
               25             6              27            1                0.929323
               25             6              28            6                1.074867
               28             6              29            1                0.940943
               28             6              30            1                0.940943
               28             6              31            6                1.106294
               31             6              32            1                0.966200
               31             6              33            1                0.966198
               31             6              37            1                0.961618
               34             6              38            6                0.929960
               38             6              39            6                1.442476
               38             6              43            6                1.439460
               39             6              40            6                1.470094
               39             6              46            1                0.940009
               40             6              41            6                1.444836
               40             6              48            1                0.937912
               41             6              42            6                1.444059
               41             6              44            1                0.943205
               42             6              43            6                1.470524
               42             6              45            1                0.937916
               43             6              47            1                0.940437
# -----------------------------------------------------------
$ Calculation_Info
   description: Details of the calculation
   geom. index: 1
   prop. index: 1
     Multiplicity:                          2
     Charge:                                0
     number of atoms:                       49
     number of electrons:                   0
     number of frozen core electrons:       1
     number of correlated electrons:        0
     number of basis functions:             461
     number of aux C basis functions:       3164
     number of aux J basis functions:       3164
     number of aux JK basis functions:      3164
     number of aux CABS basis functions:    0
     Total Energy                           -928.901287
# -----------------------------------------------------------
$ SCF_Electric_Properties
   description: The SCF Calculated Electric Properties
   geom. index: 1
   prop. index: 1
       Filename                          : cc-pVDZ_i.scfp 
       Do Dipole Moment Calculation      : true 
       Do Quadrupole Moment Calculation  : false 
       Do Polarizability Calculation     : false 
** Dipole moment part of electric properties **
        Magnitude of dipole moment (Debye) :        0.9508152754
        Electronic Contribution:
                  0    
      0       9.450331
      1      -2.449192
      2      -0.004776
        Nuclear Contribution:
                  0    
      0      -9.078436
      1       2.408915
      2       0.006145
        Total Dipole moment:
                  0    
      0       0.371895
      1      -0.040278
      2       0.001369
# -----------------------------------------------------------
$ EPRNMR_GTensor
   description: Electronic g tensor
   geom. index: 1
   prop. index: 1
 Source density: 1 SCF 
 Spin multiplicity: 2 
 raw g tensor: 
                  0          1          2    
      0       2.002778   0.000082   0.000000
      1       0.000062   2.002758  -0.000000
      2       0.000000  -0.000000   2.002184
 g tensor: 
                  0          1          2    
      0      -0.000337  -0.656954  -0.753931
      1       0.000347   0.753931  -0.656954
      2       1.000000  -0.000483  -0.000026
 G eigenvalues: 
                  0          1          2    
      0       2.002184   2.002696   2.002841
# -----------------------------------------------------------
$ EPRNMR_OrbitalShielding
   description: Orbital contribution to the NMR Shielding tensor (ppm)
   geom. index: 1
   prop. index: 1
 Number of stored nuclei 25
 Source density: 1 SCF 
 Nucleus: 9 H 
 Shielding tensor (ppm): 
                  0          1          2    
      0      27.618728   5.304509   0.000080
      1       4.917312  26.491361  -0.001016
      2      -0.002707  -0.001627  19.199739
 P Tensor eigenvectors:
                   0          1          2    
      0       0.000051  -0.669884  -0.742466
      1       0.000121   0.742466  -0.669884
      2       1.000000  -0.000055   0.000119
 P Eigenvalues: 
                  0          1          2    
      0      19.199739  21.913275  32.196815
P(iso)  24.436609
 Nucleus: 10 H 
 Shielding tensor (ppm): 
                  0          1          2    
      0      27.772927   5.629660  -0.000090
      1       5.340972  26.349071  -0.000529
      2       0.001702  -0.002213  19.240170
 P Tensor eigenvectors:
                   0          1          2    
      0      -0.000413  -0.662036  -0.749472
      1       0.000505   0.749472  -0.662036
      2       1.000000  -0.000652   0.000025
 P Eigenvalues: 
                  0          1          2    
      0      19.240169  21.529756  32.592243
P(iso)  24.454056
 Nucleus: 12 H 
 Shielding tensor (ppm): 
                  0          1          2    
      0      22.856717  -1.965801   0.000375
      1      -1.343030  32.741109  -0.004224
      2       0.002827  -0.003500  20.396322
 P Tensor eigenvectors:
                   0          1          2    
      0      -0.000453  -0.987870   0.155283
      1       0.000258  -0.155283  -0.987870
      2       1.000000  -0.000407   0.000325
 P Eigenvalues: 
                  0          1          2    
      0      20.396321  22.587486  33.010343
P(iso)  25.331383
 Nucleus: 14 H 
 Shielding tensor (ppm): 
                  0          1          2    
      0      28.865174   1.254259  -3.115026
      1       0.763532  30.454437   0.512370
      2      -3.900340   1.481427  27.599226
 P Tensor eigenvectors:
                   0          1          2    
      0       0.623688  -0.043153   0.780481
      1      -0.215722  -0.969201   0.118798
      2       0.751317  -0.242460  -0.613789
 P Eigenvalues: 
                  0          1          2    
      0      24.342595  30.763147  31.813095
P(iso)  28.972945
 Nucleus: 15 H 
 Shielding tensor (ppm): 
                  0          1          2    
      0      28.873963   1.263442   3.112286
      1       0.769229  30.457148  -0.513939
      2       3.899337  -1.480300  27.586444
 P Tensor eigenvectors:
                   0          1          2    
      0      -0.622644  -0.037014   0.781630
      1       0.216213  -0.968131   0.126389
      2       0.752042   0.247694   0.610804
 P Eigenvalues: 
                  0          1          2    
      0      24.338664  30.765630  31.813261
P(iso)  28.972518
 Nucleus: 17 H 
 Shielding tensor (ppm): 
                  0          1          2    
      0      30.675134  -0.480074  -4.446886
      1      -0.167725  29.973017   0.501216
      2      -4.414777  -0.710905  28.414439
 P Tensor eigenvectors:
                   0          1          2    
      0       0.614029   0.005417  -0.789265
      1       0.045649   0.998059   0.042364
      2       0.787962  -0.062042   0.612590
 P Eigenvalues: 
                  0          1          2    
      0      24.956787  29.979498  34.126304
P(iso)  29.687530
 Nucleus: 18 H 
 Shielding tensor (ppm): 
                  0          1          2    
      0      30.686278  -0.475675   4.447187
      1      -0.163797  29.972933  -0.501782
      2       4.412990   0.707536  28.402456
 P Tensor eigenvectors:
                   0          1          2    
      0      -0.613065   0.005697  -0.790012
      1      -0.044780   0.998116   0.041949
      2       0.788762   0.061094  -0.611655
 P Eigenvalues: 
                  0          1          2    
      0      24.954703  29.979089  34.127875
P(iso)  29.687222
 Nucleus: 20 H 
 Shielding tensor (ppm): 
                  0          1          2    
      0      29.686420  -1.528799   3.693210
      1      -2.216503  30.758515  -2.611271
      2       3.097176  -2.238465  30.516562
 P Tensor eigenvectors:
                   0          1          2    
      0      -0.728173   0.412548   0.547329
      1       0.071887   0.840127  -0.537606
      2       0.681613   0.352124   0.641414
 P Eigenvalues: 
                  0          1          2    
      0      26.665773  28.799690  35.496034
P(iso)  30.320499
 Nucleus: 21 H 
 Shielding tensor (ppm): 
                  0          1          2    
      0      29.677402  -1.531245  -3.688772
      1      -2.217065  30.763955   2.615092
      2      -3.091821   2.240300  30.519518
 P Tensor eigenvectors:
                   0          1          2    
      0      -0.729051   0.412205  -0.546417
      1       0.071127   0.839623   0.538492
      2      -0.680753  -0.353723   0.641447
 P Eigenvalues: 
                  0          1          2    
      0      26.667192  28.798105  35.495578
P(iso)  30.320292
 Nucleus: 23 H 
 Shielding tensor (ppm): 
                  0          1          2    
      0      29.046264  -1.803511   3.238473
      1      -1.345823  31.054709  -0.097040
      2       4.454948   0.957317  25.895325
 P Tensor eigenvectors:
                   0          1          2    
      0      -0.558028   0.466062  -0.686579
      1      -0.145778   0.759456   0.634015
      2       0.816917   0.453886  -0.355856
 P Eigenvalues: 
                  0          1          2    
      0      23.120371  30.364833  32.511094
P(iso)  28.665433
 Nucleus: 24 H 
 Shielding tensor (ppm): 
                  0          1          2    
      0      29.051019  -1.806370  -3.236788
      1      -1.349308  31.055249   0.094134
      2      -4.453873  -0.959489  25.888464
 P Tensor eigenvectors:
                   0          1          2    
      0       0.557476   0.466580  -0.686676
      1       0.146112   0.759075   0.634394
      2       0.817234  -0.453992   0.354993
 P Eigenvalues: 
                  0          1          2    
      0      23.117476  30.363648  32.513608
P(iso)  28.664911
 Nucleus: 26 H 
 Shielding tensor (ppm): 
                  0          1          2    
      0      30.228300   0.642235   3.759189
      1       0.582480  31.277944  -0.272794
      2       3.779946  -1.478913  27.966595
 P Tensor eigenvectors:
                   0          1          2    
      0      -0.588246  -0.114840   0.800487
      1       0.158419  -0.987051  -0.025190
      2       0.793014   0.111994   0.598821
 P Eigenvalues: 
                  0          1          2    
      0      24.981222  31.458070  33.033547
P(iso)  29.824280
 Nucleus: 27 H 
 Shielding tensor (ppm): 
                  0          1          2    
      0      30.231541   0.638748  -3.758967
      1       0.579543  31.279476   0.271483
      2      -3.779353   1.477089  27.962246
 P Tensor eigenvectors:
                   0          1          2    
      0       0.587905  -0.115047   0.800707
      1      -0.157898  -0.987116  -0.025897
      2       0.793370  -0.111206  -0.598496
 P Eigenvalues: 
                  0          1          2    
      0      24.981083  31.458439  33.033741
P(iso)  29.824421
 Nucleus: 29 H 
 Shielding tensor (ppm): 
                  0          1          2    
      0      30.705837  -0.224104   4.493021
      1      -0.108485  30.717289   0.526129
      2       4.204603   1.262046  28.171437
 P Tensor eigenvectors:
                   0          1          2    
      0      -0.591868  -0.179947  -0.785692
      1      -0.130924   0.983279  -0.126575
      2       0.795331   0.027951  -0.605531
 P Eigenvalues: 
                  0          1          2    
      0      24.796684  30.779176  34.018703
P(iso)  29.864854
 Nucleus: 30 H 
 Shielding tensor (ppm): 
                  0          1          2    
      0      30.706729  -0.225414  -4.492437
      1      -0.109745  30.715645  -0.527216
      2      -4.204379  -1.263483  28.171579
 P Tensor eigenvectors:
                   0          1          2    
      0       0.591788  -0.180031  -0.785733
      1       0.131261   0.983253  -0.126427
      2       0.795335  -0.028319   0.605508
 P Eigenvalues: 
                  0          1          2    
      0      24.796950  30.778167  34.018837
P(iso)  29.864651
 Nucleus: 32 H 
 Shielding tensor (ppm): 
                  0          1          2    
      0      29.894968  -1.721141  -3.903892
      1      -2.537097  30.530478   2.295125
      2      -3.332448   1.970276  30.484745
 P Tensor eigenvectors:
                   0          1          2    
      0      -0.749683   0.302882  -0.588420
      1      -0.048074   0.861852   0.504877
      2      -0.660048  -0.406785   0.631555
 P Eigenvalues: 
                  0          1          2    
      0      26.554520  28.749216  35.606454
P(iso)  30.303397
 Nucleus: 33 H 
 Shielding tensor (ppm): 
                  0          1          2    
      0      29.894900  -1.719107   3.905015
      1      -2.535352  30.528785  -2.294991
      2       3.333926  -1.970056  30.486281
 P Tensor eigenvectors:
                   0          1          2    
      0      -0.749648   0.302939   0.588435
      1      -0.047709   0.862046  -0.504579
      2       0.660115   0.406330   0.631779
 P Eigenvalues: 
                  0          1          2    
      0      26.553981  28.749677  35.606308
P(iso)  30.303322
 Nucleus: 35 H 
 Shielding tensor (ppm): 
                  0          1          2    
      0      34.779667  -0.724382  -0.027633
      1      -0.803477  25.535909   0.002132
      2       0.012874  -0.000746  23.896303
 P Tensor eigenvectors:
                   0          1          2    
      0       0.001016  -0.081157   0.996701
      1      -0.000125  -0.996701  -0.081157
      2       0.999999  -0.000042  -0.001023
 P Eigenvalues: 
                  0          1          2    
      0      23.896299  25.473205  34.842374
P(iso)  28.070626
 Nucleus: 36 H 
 Shielding tensor (ppm): 
                  0          1          2    
      0      29.250536   2.602360  -0.003227
      1       3.966577  35.401356  -0.008240
      2      -0.004303  -0.007803  25.640925
 P Tensor eigenvectors:
                   0          1          2    
      0       0.000424  -0.913220  -0.407466
      1       0.000678   0.407466  -0.913220
      2       1.000000   0.000111   0.000792
 P Eigenvalues: 
                  0          1          2    
      0      25.640918  27.827405  36.824494
P(iso)  30.097606
 Nucleus: 37 H 
 Shielding tensor (ppm): 
                  0          1          2    
      0      28.577275   1.901036  -0.000459
      1       3.159280  36.160158  -0.002536
      2      -0.001013  -0.002649  25.554123
 P Tensor eigenvectors:
                   0          1          2    
      0       0.000046  -0.954162  -0.299291
      1       0.000232   0.299291  -0.954162
      2       1.000000  -0.000026   0.000235
 P Eigenvalues: 
                  0          1          2    
      0      25.554122  27.811427  36.926006
P(iso)  30.097185
 Nucleus: 44 H 
 Shielding tensor (ppm): 
                  0          1          2    
      0      24.280298   0.007516   0.000649
      1       0.000567  27.199365  -0.000141
      2       0.001080  -0.000133  21.223187
 P Tensor eigenvectors:
                   0          1          2    
      0      -0.000278  -0.999999  -0.001317
      1       0.000023   0.001317  -0.999999
      2       1.000000  -0.000278   0.000023
 P Eigenvalues: 
                  0          1          2    
      0      21.223187  24.280292  27.199370
P(iso)  24.234283
 Nucleus: 45 H 
 Shielding tensor (ppm): 
                  0          1          2    
      0      27.218529  -1.460132   0.001678
      1      -1.431396  24.519343  -0.000308
      2       0.001564  -0.000747  20.861007
 P Tensor eigenvectors:
                   0          1          2    
      0      -0.000246  -0.398767   0.917052
      1       0.000043  -0.917052  -0.398767
      2       1.000000  -0.000059   0.000242
 P Eigenvalues: 
                  0          1          2    
      0      20.861007  23.891151  27.846722
P(iso)  24.199627
 Nucleus: 46 H 
 Shielding tensor (ppm): 
                  0          1          2    
      0      27.270220  -3.275668   0.001646
      1      -2.504731  24.753348  -0.001301
      2       0.001264  -0.000455  20.057186
 P Tensor eigenvectors:
                   0          1          2    
      0      -0.000170  -0.554263   0.832341
      1       0.000095  -0.832341  -0.554263
      2       1.000000  -0.000015   0.000194
 P Eigenvalues: 
                  0          1          2    
      0      20.057186  22.859843  29.163725
P(iso)  24.026918
 Nucleus: 47 H 
 Shielding tensor (ppm): 
                  0          1          2    
      0      28.100540   2.692253   0.001890
      1       1.948044  24.183560   0.000728
      2       0.001509   0.000077  19.750675
 P Tensor eigenvectors:
                   0          1          2    
      0      -0.000212   0.427729   0.903907
      1       0.000009  -0.903907   0.427729
      2       1.000000   0.000099   0.000188
 P Eigenvalues: 
                  0          1          2    
      0      19.750675  23.106115  29.177986
P(iso)  24.011592
 Nucleus: 48 H 
 Shielding tensor (ppm): 
                  0          1          2    
      0      27.161778   1.215858   0.001578
      1       1.190598  24.494318   0.000008
      2       0.001430   0.000510  20.914042
 P Tensor eigenvectors:
                   0          1          2    
      0      -0.000244   0.359046   0.933320
      1       0.000015  -0.933320   0.359046
      2       1.000000   0.000101   0.000223
 P Eigenvalues: 
                  0          1          2    
      0      20.914042  24.031776  27.624321
P(iso)  24.190046
# -----------------------------------------------------------
$ EPRNMR_ATensor
   description: Hyperfine A tensor
   geom. index: 1
   prop. index: 1
 Number of stored nuclei 25
 Source density: 1 SCF 
 Spin multiplicity: 2 
 Nucleus: 9 H  
 Isotope: 1 
 Nuclear Spin:  0.5 
 Prefactor (MHz): 533.551395 
 Raw A tensor (MHz): 
                  0          1          2    
      0     -14.620122  -6.110861   0.002725
      1      -6.113457 -11.801423  -0.004280
      2       0.002725  -0.004280 -16.027655
 A Tensor eigenvectors:
                   0          1          2    
      0      -0.622603  -0.000466   0.782538
      1       0.782538   0.000339   0.622603
      2      -0.000555   1.000000   0.000154
 A Eigenvalues: 
                  0          1          2    
      0      -6.938230 -16.027658 -19.483313
A(iso)  -14.149734
 Nucleus: 10 H  
 Isotope: 1 
 Nuclear Spin:  0.5 
 Prefactor (MHz): 533.551395 
 Raw A tensor (MHz): 
                  0          1          2    
      0       7.744883   2.253867   0.000002
      1       2.254760   6.260296  -0.000468
      2       0.000003  -0.000469   3.903239
 A Tensor eigenvectors:
                   0          1          2    
      0      -0.000266  -0.586168  -0.810189
      1       0.000453   0.810189  -0.586168
      2       1.000000  -0.000523   0.000050
 A Eigenvalues: 
                  0          1          2    
      0       3.903239   4.629210   9.375969
A(iso)  5.969473
 Nucleus: 12 H  
 Isotope: 1 
 Nuclear Spin:  0.5 
 Prefactor (MHz): 533.551395 
 Raw A tensor (MHz): 
                  0          1          2    
      0     -17.444003  -1.767473   0.012869
      1      -1.765298 -71.490839   0.005866
      2       0.012870   0.005873 -46.516070
 A Tensor eigenvectors:
                   0          1          2    
      0       0.999467  -0.000427  -0.032650
      1      -0.032650   0.000265  -0.999467
      2       0.000435   1.000000   0.000251
 A Eigenvalues: 
                  0          1          2    
      0     -17.386330 -46.516074 -71.548509
A(iso)  -45.150304
 Nucleus: 14 H  
 Isotope: 1 
 Nuclear Spin:  0.5 
 Prefactor (MHz): 533.551395 
 Raw A tensor (MHz): 
                  0          1          2    
      0      61.542118  -3.646351  -1.910868
      1      -3.645097  63.486246   1.994978
      2      -1.909376   1.995013  58.421705
 A Tensor eigenvectors:
                   0          1          2    
      0       0.354198  -0.725902   0.589585
      1      -0.094196  -0.654944  -0.749784
      2       0.930414   0.210035  -0.300357
 A Eigenvalues: 
                  0          1          2    
      0      57.492737  58.805446  67.151886
A(iso)  61.150023
 Nucleus: 15 H  
 Isotope: 1 
 Nuclear Spin:  0.5 
 Prefactor (MHz): 533.551395 
 Raw A tensor (MHz): 
                  0          1          2    
      0      61.412789  -3.645137   1.911718
      1      -3.643880  63.343467  -1.997130
      2       1.910222  -1.997168  58.283967
 A Tensor eigenvectors:
                   0          1          2    
      0      -0.352307  -0.726415   0.590085
      1       0.096009  -0.655237  -0.749298
      2       0.930947  -0.207329   0.300588
 A Eigenvalues: 
                  0          1          2    
      0      57.354978  58.670808  67.014437
A(iso)  61.013408
 Nucleus: 17 H  
 Isotope: 1 
 Nuclear Spin:  0.5 
 Prefactor (MHz): 533.551395 
 Raw A tensor (MHz): 
                  0          1          2    
      0      -2.183884   2.136399  -0.669434
      1       2.136432   1.906928  -1.368662
      2      -0.669001  -1.367631  -2.765334
 A Tensor eigenvectors:
                   0          1          2    
      0      -0.699174   0.605529   0.380119
      1       0.454292  -0.034268   0.890194
      2       0.552064   0.795085  -0.251127
 A Eigenvalues: 
                  0          1          2    
      0      -3.043641  -3.205145   3.206496
A(iso)  -1.014097
 Nucleus: 18 H  
 Isotope: 1 
 Nuclear Spin:  0.5 
 Prefactor (MHz): 533.551395 
 Raw A tensor (MHz): 
                  0          1          2    
      0      -2.181625   2.138695   0.665203
      1       2.138728   1.908340   1.360543
      2       0.664772   1.359517  -2.767994
 A Tensor eigenvectors:
                   0          1          2    
      0      -0.698075  -0.605648   0.381945
      1       0.453631   0.038632   0.890352
      2      -0.553995   0.794794   0.247773
 A Eigenvalues: 
                  0          1          2    
      0      -3.043710  -3.202696   3.205127
A(iso)  -1.013759
 Nucleus: 20 H  
 Isotope: 1 
 Nuclear Spin:  0.5 
 Prefactor (MHz): 533.551395 
 Raw A tensor (MHz): 
                  0          1          2    
      0      -0.003972  -0.253289   0.108121
      1      -0.253519   2.165578  -0.383999
      2       0.108235  -0.383865   0.021611
 A Tensor eigenvectors:
                   0          1          2    
      0       0.723908  -0.679823   0.117462
      1       0.203653   0.047900  -0.977871
      2       0.659153   0.731810   0.173124
 A Eigenvalues: 
                  0          1          2    
      0       0.022569  -0.103344   2.263992
A(iso)  0.727739
 Nucleus: 21 H  
 Isotope: 1 
 Nuclear Spin:  0.5 
 Prefactor (MHz): 533.551395 
 Raw A tensor (MHz): 
                  0          1          2    
      0      -0.004490  -0.252355  -0.107988
      1      -0.252585   2.167054   0.381316
      2      -0.108102   0.381183   0.020901
 A Tensor eigenvectors:
                   0          1          2    
      0      -0.722454   0.681451  -0.116981
      1      -0.202577  -0.046853   0.978145
      2       0.661077   0.730362   0.171896
 A Eigenvalues: 
                  0          1          2    
      0       0.022913  -0.103699   2.264251
A(iso)  0.727822
 Nucleus: 23 H  
 Isotope: 1 
 Nuclear Spin:  0.5 
 Prefactor (MHz): 533.551395 
 Raw A tensor (MHz): 
                  0          1          2    
      0      22.035212   1.545448   0.892662
      1       1.544887  22.079011   0.486268
      2       0.892057   0.486422  20.750511
 A Tensor eigenvectors:
                   0          1          2    
      0       0.619723   0.376670  -0.688523
      1      -0.324257  -0.676033  -0.661693
      2      -0.714704   0.633324  -0.296815
 A Eigenvalues: 
                  0          1          2    
      0      20.197523  20.762306  23.904904
A(iso)  21.621578
 Nucleus: 24 H  
 Isotope: 1 
 Nuclear Spin:  0.5 
 Prefactor (MHz): 533.551395 
 Raw A tensor (MHz): 
                  0          1          2    
      0      22.030375   1.545389  -0.892632
      1       1.544828  22.072322  -0.486360
      2      -0.892027  -0.486516  20.744340
 A Tensor eigenvectors:
                   0          1          2    
      0      -0.619439  -0.376816   0.688698
      1       0.324067   0.676302   0.661510
      2      -0.715036   0.632950  -0.296814
 A Eigenvalues: 
                  0          1          2    
      0      20.191904  20.756024  23.899109
A(iso)  21.615679
 Nucleus: 26 H  
 Isotope: 1 
 Nuclear Spin:  0.5 
 Prefactor (MHz): 533.551395 
 Raw A tensor (MHz): 
                  0          1          2    
      0      -0.791746  -0.338075   0.089489
      1      -0.337812   0.838080  -0.405027
      2       0.089325  -0.404750  -0.893262
 A Tensor eigenvectors:
                   0          1          2    
      0       0.975541  -0.107381   0.191805
      1       0.209935   0.196450  -0.957776
      2       0.065167   0.974616   0.214188
 A Eigenvalues: 
                  0          1          2    
      0      -0.858479  -0.984773   0.996324
A(iso)  -0.282309
 Nucleus: 27 H  
 Isotope: 1 
 Nuclear Spin:  0.5 
 Prefactor (MHz): 533.551395 
 Raw A tensor (MHz): 
                  0          1          2    
      0      -0.791651  -0.338242  -0.089248
      1      -0.337979   0.838464   0.403815
      2      -0.089084   0.403537  -0.893867
 A Tensor eigenvectors:
                   0          1          2    
      0      -0.975561  -0.107061   0.191881
      1      -0.209901   0.195839  -0.957908
      2       0.064977  -0.974774  -0.213525
 A Eigenvalues: 
                  0          1          2    
      0      -0.858440  -0.984811   0.996197
A(iso)  -0.282351
 Nucleus: 29 H  
 Isotope: 1 
 Nuclear Spin:  0.5 
 Prefactor (MHz): 533.551395 
 Raw A tensor (MHz): 
                  0          1          2    
      0      -0.037549   0.286162   0.065840
      1       0.286242   0.694795   0.123343
      2       0.065843   0.123272  -0.098323
 A Tensor eigenvectors:
                   0          1          2    
      0      -0.492559   0.807217  -0.325247
      1       0.302387  -0.191699  -0.933710
      2      -0.816056  -0.558258  -0.149669
 A Eigenvalues: 
                  0          1          2    
      0      -0.104238  -0.151101   0.814262
A(iso)  0.186308
 Nucleus: 30 H  
 Isotope: 1 
 Nuclear Spin:  0.5 
 Prefactor (MHz): 533.551395 
 Raw A tensor (MHz): 
                  0          1          2    
      0      -0.037223   0.286115  -0.065983
      1       0.286196   0.694848  -0.123778
      2      -0.065986  -0.123708  -0.097910
 A Tensor eigenvectors:
                   0          1          2    
      0       0.492763  -0.807080   0.325279
      1      -0.302910   0.191334   0.933615
      2      -0.815739  -0.558581  -0.150190
 A Eigenvalues: 
                  0          1          2    
      0      -0.103966  -0.150780   0.814460
A(iso)  0.186571
 Nucleus: 32 H  
 Isotope: 1 
 Nuclear Spin:  0.5 
 Prefactor (MHz): 533.551395 
 Raw A tensor (MHz): 
                  0          1          2    
      0      -0.106681   0.009273   0.000269
      1       0.009316   0.378012   0.065507
      2       0.000271   0.065479  -0.119676
 A Tensor eigenvectors:
                   0          1          2    
      0       0.998890  -0.043240   0.018707
      1      -0.012986   0.128997   0.991560
      2      -0.045288  -0.990702   0.128292
 A Eigenvalues: 
                  0          1          2    
      0      -0.106814  -0.128190   0.386660
A(iso)  0.050552
 Nucleus: 33 H  
 Isotope: 1 
 Nuclear Spin:  0.5 
 Prefactor (MHz): 533.551395 
 Raw A tensor (MHz): 
                  0          1          2    
      0      -0.106690   0.009273  -0.000267
      1       0.009316   0.377927  -0.065758
      2      -0.000269  -0.065731  -0.119616
 A Tensor eigenvectors:
                   0          1          2    
      0       0.998877  -0.043538  -0.018706
      1      -0.012923   0.129503  -0.991495
      2       0.045590   0.990623   0.128795
 A Eigenvalues: 
                  0          1          2    
      0      -0.106823  -0.128197   0.386642
A(iso)  0.050540
 Nucleus: 35 H  
 Isotope: 1 
 Nuclear Spin:  0.5 
 Prefactor (MHz): 533.551395 
 Raw A tensor (MHz): 
                  0          1          2    
      0      -2.425732  -1.120824  -0.015630
      1      -1.118283 -10.590605   0.002524
      2      -0.015624   0.002532  -7.794099
 A Tensor eigenvectors:
                   0          1          2    
      0      -0.991035   0.002861   0.133572
      1       0.133572  -0.000243   0.991039
      2       0.002867   0.999996  -0.000141
 A Eigenvalues: 
                  0          1          2    
      0      -2.274958  -7.794144 -10.741334
A(iso)  -6.936812
 Nucleus: 36 H  
 Isotope: 1 
 Nuclear Spin:  0.5 
 Prefactor (MHz): 533.551395 
 Raw A tensor (MHz): 
                  0          1          2    
      0      -0.774254   0.257137  -0.000357
      1       0.257092   0.723772  -0.001015
      2      -0.000357  -0.001014  -0.796220
 A Tensor eigenvectors:
                   0          1          2    
      0       0.164595   0.008604  -0.986324
      1       0.986361  -0.002123   0.164582
      2      -0.000678  -0.999961  -0.008836
 A Eigenvalues: 
                  0          1          2    
      0       0.766674  -0.796219  -0.817157
A(iso)  -0.282234
 Nucleus: 37 H  
 Isotope: 1 
 Nuclear Spin:  0.5 
 Prefactor (MHz): 533.551395 
 Raw A tensor (MHz): 
                  0          1          2    
      0      -0.119617   0.068564  -0.000016
      1       0.068599   0.231491  -0.000092
      2      -0.000016  -0.000092  -0.131278
 A Tensor eigenvectors:
                   0          1          2    
      0       0.000718   0.982720   0.185098
      1       0.000118  -0.185098   0.982720
      2       1.000000  -0.000684  -0.000249
 A Eigenvalues: 
                  0          1          2    
      0      -0.131278  -0.132537   0.244412
A(iso)  -0.006468
 Nucleus: 44 H  
 Isotope: 1 
 Nuclear Spin:  0.5 
 Prefactor (MHz): 533.551395 
 Raw A tensor (MHz): 
                  0          1          2    
      0       0.344648   0.038084  -0.000100
      1       0.038098   0.988132   0.000002
      2      -0.000100   0.000002   0.573632
 A Tensor eigenvectors:
                   0          1          2    
      0       0.998265  -0.000432  -0.058876
      1      -0.058876   0.000036  -0.998265
      2       0.000434   1.000000   0.000010
 A Eigenvalues: 
                  0          1          2    
      0       0.342401   0.573632   0.990379
A(iso)  0.635471
 Nucleus: 45 H  
 Isotope: 1 
 Nuclear Spin:  0.5 
 Prefactor (MHz): 533.551395 
 Raw A tensor (MHz): 
                  0          1          2    
      0      -0.176975   0.147502  -0.000058
      1       0.147484  -0.274478   0.000015
      2      -0.000058   0.000015  -0.227681
 A Tensor eigenvectors:
                   0          1          2    
      0       0.810500  -0.000019  -0.585739
      1       0.585739  -0.000386   0.810500
      2      -0.000241  -1.000000  -0.000302
 A Eigenvalues: 
