-------------------------------------------------------------
----------------------- !PROPERTIES! ------------------------
-------------------------------------------------------------
# -----------------------------------------------------------
$ PAL_Flags
   description: The PAL Flags
   geom. index: 1
   prop. index: 1
        Diskflag:     2
# -----------------------------------------------------------
$ SCF_Energy
   description: The SCF energy
   geom. index: 1
   prop. index: 1
        SCF Energy:     -928.9012861492
# -----------------------------------------------------------
$ DFT_Energy
   description: The DFT energy
   geom. index: 1
   prop. index: 1
   Number of Alpha Electrons                 85.0001687084 
   Number of Beta  Electrons                 84.0001612575 
   Total number of  Electrons               169.0003299659 
   Exchange energy                         -105.6589105814 
   Correlation energy                        -6.5754633538 
   Correlation energy NL                      0.0000000000 
   Exchange-Correlation energy             -112.2343739353 
   Embedding correction                       0.0000000000 
   Total DFT Energy (No VdW correction)    -928.9012861492 
# -----------------------------------------------------------
$ Mayer_Pop
   description: The Mayer population analysis
   geom. index: 1
   prop. index: 1
     Number of atoms                     : 49
     Threshold for printing              : 0.1000000
     Number of bond orders printed       : 51
  NA   - Mulliken gross atomic population
  ZA   - Total nuclear charge
  QA   - Mulliken gross atomic charge
  VA   - Mayer's total valence
  BVA  - Mayer's bonded valence
  FA   - Mayer's free valence
  ATOM       NA         ZA         QA         VA         BVA        FA
  0   0     6.6058     6.0000    -0.6058     3.3854     3.3786     0.0068
  1   0     5.3662     6.0000     0.6338     2.8642     2.8626     0.0016
  2   0     5.7351     6.0000     0.2649     2.5283     2.5278     0.0005
  3   0     6.0497     6.0000    -0.0497     3.7446     3.7094     0.0352
  4   0     5.9184     6.0000     0.0816     4.1192     4.1045     0.0147
  5   0     6.0304     6.0000    -0.0304     3.8710     3.8365     0.0345
  6   0     6.1417     6.0000    -0.1417     3.8267     3.8199     0.0068
  7   0     6.0874     6.0000    -0.0874     4.1441     4.1060     0.0381
  8   0     5.9737     6.0000     0.0263     3.8910     3.8830     0.0080
  9   0     1.0531     1.0000    -0.0531     1.0033     1.0032     0.0001
 10   0     1.0511     1.0000    -0.0511     1.0028     1.0028     0.0000
 11   0     6.0987     6.0000    -0.0987     3.9293     3.5528     0.3765
 12   0     1.0218     1.0000    -0.0218     1.0093     1.0081     0.0012
 13   0     5.9669     6.0000     0.0331     4.0102     4.0087     0.0015
 14   0     0.9710     1.0000     0.0290     0.9628     0.9617     0.0011
 15   0     0.9710     1.0000     0.0290     0.9628     0.9617     0.0011
 16   0     6.0386     6.0000    -0.0386     4.1312     4.1312     0.0000
 17   0     0.9869     1.0000     0.0131     0.9642     0.9642     0.0000
 18   0     0.9869     1.0000     0.0131     0.9642     0.9642     0.0000
 19   0     5.9945     6.0000     0.0055     4.0161     4.0161     0.0000
 20   0     0.9826     1.0000     0.0174     0.9775     0.9775     0.0000
 21   0     0.9826     1.0000     0.0174     0.9775     0.9775     0.0000
 22   0     5.9608     6.0000     0.0392     4.0299     4.0297     0.0002
 23   0     0.9679     1.0000     0.0321     0.9689     0.9688     0.0001
 24   0     0.9679     1.0000     0.0321     0.9689     0.9688     0.0001
 25   0     6.0345     6.0000    -0.0345     4.1141     4.1141     0.0000
 26   0     0.9829     1.0000     0.0171     0.9630     0.9630     0.0000
 27   0     0.9829     1.0000     0.0171     0.9630     0.9630     0.0000
 28   0     6.0251     6.0000    -0.0251     4.1177     4.1177     0.0000
 29   0     0.9946     1.0000     0.0054     0.9674     0.9674     0.0000
 30   0     0.9946     1.0000     0.0054     0.9674     0.9674     0.0000
 31   0     5.9967     6.0000     0.0033     4.0168     4.0168     0.0000
 32   0     0.9824     1.0000     0.0176     0.9774     0.9774     0.0000
 33   0     0.9824     1.0000     0.0176     0.9774     0.9774     0.0000
 34   0     5.8669     6.0000     0.1331     2.6509     2.6497     0.0012
 35   0     1.0306     1.0000    -0.0306     1.0307     1.0307     0.0000
 36   0     0.9864     1.0000     0.0136     0.9733     0.9733     0.0000
 37   0     0.9875     1.0000     0.0125     0.9734     0.9734     0.0000
 38   0     6.2543     6.0000    -0.2543     3.9279     3.9278     0.0001
 39   0     5.9694     6.0000     0.0306     3.9950     3.9949     0.0001
 40   0     5.9598     6.0000     0.0402     3.9992     3.9992     0.0000
 41   0     5.9669     6.0000     0.0331     3.9994     3.9993     0.0001
 42   0     5.9601     6.0000     0.0399     3.9991     3.9991     0.0000
 43   0     5.9721     6.0000     0.0279     3.9943     3.9942     0.0001
 44   0     1.0268     1.0000    -0.0268     0.9689     0.9689     0.0000
 45   0     1.0269     1.0000    -0.0269     0.9686     0.9686     0.0000
 46   0     1.0401     1.0000    -0.0401     0.9837     0.9837     0.0000
 47   0     1.0391     1.0000    -0.0391     0.9833     0.9833     0.0000
 48   0     1.0268     1.0000    -0.0268     0.9686     0.9686     0.0000
      Bond orders larger than 0.1000000
           Atom A     A.N. of A          Atom B    A.N. of B              Bond order
                0             6               1            6                2.095748
                0             6              35            1                1.119565
                1             6               3            6                0.905545
                2             6               6            6                0.877957
                2             6              34            6                1.756719
                2             6              38            6               -0.175676
                3             6               4            6                1.277569
                3             6               8            6                1.392161
                4             6               5            6                1.289254
                4             6              11            6                1.366890
                5             6               6            6                1.446676
                5             6               9            1                0.919506
                6             6               7            6                1.349279
                7             6               8            6                1.416167
                7             6              22            6                1.095361
                8             6              10            1                0.919860
               11             6              12            1                0.901578
               11             6              13            6                1.083878
               13             6              14            1                0.911681
               13             6              15            1                0.911673
               13             6              16            6                1.071501
               16             6              17            1                0.943759
               16             6              18            1                0.943739
               16             6              19            6                1.106592
               19             6              20            1                0.965304
               19             6              21            1                0.965305
               19             6              36            1                0.960868
               22             6              23            1                0.896033
               22             6              24            1                0.896072
               22             6              25            6                1.104045
               25             6              26            1                0.929319
               25             6              27            1                0.929324
               25             6              28            6                1.074865
               28             6              29            1                0.940942
               28             6              30            1                0.940943
               28             6              31            6                1.106295
               31             6              32            1                0.966200
               31             6              33            1                0.966197
               31             6              37            1                0.961618
               34             6              38            6                0.929939
               38             6              39            6                1.442480
               38             6              43            6                1.439461
               39             6              40            6                1.470093
               39             6              46            1                0.940009
               40             6              41            6                1.444836
               40             6              48            1                0.937909
               41             6              42            6                1.444060
               41             6              44            1                0.943199
               42             6              43            6                1.470523
               42             6              45            1                0.937913
               43             6              47            1                0.940437
# -----------------------------------------------------------
$ Calculation_Info
   description: Details of the calculation
   geom. index: 1
   prop. index: 1
     Multiplicity:                          2
     Charge:                                0
     number of atoms:                       49
     number of electrons:                   0
     number of frozen core electrons:       1
     number of correlated electrons:        0
     number of basis functions:             461
     number of aux C basis functions:       3164
     number of aux J basis functions:       3164
     number of aux JK basis functions:      3164
     number of aux CABS basis functions:    0
     Total Energy                           -928.901286
# -----------------------------------------------------------
$ SCF_Electric_Properties
   description: The SCF Calculated Electric Properties
   geom. index: 1
   prop. index: 1
       Filename                          : cc-pVDZ_i.scfp 
       Do Dipole Moment Calculation      : true 
       Do Quadrupole Moment Calculation  : false 
       Do Polarizability Calculation     : false 
** Dipole moment part of electric properties **
        Magnitude of dipole moment (Debye) :        0.9517748629
        Electronic Contribution:
                  0    
      0       9.450671
      1      -2.449560
      2      -0.004777
        Nuclear Contribution:
                  0    
      0      -9.078436
      1       2.408915
      2       0.006145
        Total Dipole moment:
                  0    
      0       0.372234
      1      -0.040645
      2       0.001367
# -----------------------------------------------------------
$ EPRNMR_GTensor
   description: Electronic g tensor
   geom. index: 1
   prop. index: 1
 Source density: 1 SCF 
 Spin multiplicity: 2 
 raw g tensor: 
                  0          1          2    
      0       2.002778   0.000082   0.000000
      1       0.000063   2.002760  -0.000000
      2       0.000000  -0.000000   2.002184
 g tensor: 
                  0          1          2    
      0      -0.000338  -0.664397  -0.747380
      1       0.000348   0.747380  -0.664397
      2       1.000000  -0.000484  -0.000022
 G eigenvalues: 
                  0          1          2    
      0       2.002184   2.002695   2.002842
# -----------------------------------------------------------
$ EPRNMR_OrbitalShielding
   description: Orbital contribution to the NMR Shielding tensor (ppm)
   geom. index: 1
   prop. index: 1
 Number of stored nuclei 25
 Source density: 1 SCF 
 Nucleus: 9 H 
 Shielding tensor (ppm): 
                  0          1          2    
      0      27.616264   5.308499   0.000069
      1       4.932926  26.488503  -0.001075
      2      -0.002646  -0.001663  19.176242
 P Tensor eigenvectors:
                   0          1          2    
      0       0.000040  -0.669868  -0.742480
      1       0.000135   0.742480  -0.669868
      2       1.000000  -0.000074   0.000120
 P Eigenvalues: 
                  0          1          2    
      0      19.176242  21.900842  32.203925
P(iso)  24.427003
 Nucleus: 10 H 
 Shielding tensor (ppm): 
                  0          1          2    
      0      27.774542   5.628432  -0.000076
      1       5.336974  26.344257  -0.000472
      2       0.001699  -0.002204  19.239636
 P Tensor eigenvectors:
                   0          1          2    
      0      -0.000408  -0.661816  -0.749666
      1       0.000496   0.749666  -0.661816
      2       1.000000  -0.000642   0.000022
 P Eigenvalues: 
                  0          1          2    
      0      19.239634  21.530334  32.588466
P(iso)  24.452812
 Nucleus: 12 H 
 Shielding tensor (ppm): 
                  0          1          2    
      0      22.857889  -1.964856   0.000346
      1      -1.341134  32.735198  -0.004229
      2       0.002815  -0.003492  20.403336
 P Tensor eigenvectors:
                   0          1          2    
      0      -0.000444  -0.987875   0.155253
      1       0.000259  -0.155253  -0.987875
      2       1.000000  -0.000399   0.000325
 P Eigenvalues: 
                  0          1          2    
      0      20.403334  22.588926  33.004163
P(iso)  25.332141
 Nucleus: 14 H 
 Shielding tensor (ppm): 
                  0          1          2    
      0      28.865632   1.254475  -3.113311
      1       0.767359  30.452579   0.512410
      2      -3.904218   1.476992  27.595337
 P Tensor eigenvectors:
                   0          1          2    
      0       0.623527  -0.040875   0.780733
      1      -0.215674  -0.968874   0.121521
      2       0.751464  -0.244155  -0.612935
 P Eigenvalues: 
                  0          1          2    
      0      24.339675  30.760243  31.813630
P(iso)  28.971183
 Nucleus: 15 H 
 Shielding tensor (ppm): 
                  0          1          2    
      0      28.874403   1.263655   3.110590
      1       0.773057  30.455279  -0.514027
      2       3.903199  -1.475871  27.582547
 P Tensor eigenvectors:
                   0          1          2    
      0      -0.622483  -0.034763   0.781861
      1       0.216167  -0.967787   0.129073
      2       0.752188   0.249358   0.609945
 P Eigenvalues: 
                  0          1          2    
      0      24.335719  30.762679  31.813831
P(iso)  28.970743
 Nucleus: 17 H 
 Shielding tensor (ppm): 
                  0          1          2    
      0      30.675776  -0.480620  -4.445530
      1      -0.166541  29.971832   0.500838
      2      -4.415674  -0.706376  28.422172
 P Tensor eigenvectors:
                   0          1          2    
      0       0.614312   0.005706  -0.789042
      1       0.045400   0.998062   0.042563
      2       0.787756  -0.061969   0.612862
 P Eigenvalues: 
                  0          1          2    
      0      24.962244  29.978064  34.129471
P(iso)  29.689927
 Nucleus: 18 H 
 Shielding tensor (ppm): 
                  0          1          2    
      0      30.686925  -0.476227   4.445815
      1      -0.162614  29.971759  -0.501431
      2       4.413887   0.703018  28.410200
 P Tensor eigenvectors:
                   0          1          2    
      0      -0.613348   0.005989  -0.789790
      1      -0.044529   0.998119   0.042150
      2       0.788556   0.061021  -0.611927
 P Eigenvalues: 
                  0          1          2    
      0      24.960185  29.977667  34.131032
P(iso)  29.689628
 Nucleus: 20 H 
 Shielding tensor (ppm): 
                  0          1          2    
      0      29.688249  -1.528152   3.692929
      1      -2.215512  30.757815  -2.611360
      2       3.097035  -2.237041  30.520294
 P Tensor eigenvectors:
                   0          1          2    
      0      -0.728283   0.412319   0.547355
      1       0.071874   0.840289  -0.537353
      2       0.681497   0.352004   0.641603
 P Eigenvalues: 
                  0          1          2    
      0      26.668671  28.800890  35.496796
P(iso)  30.322119
 Nucleus: 21 H 
 Shielding tensor (ppm): 
                  0          1          2    
      0      29.679236  -1.530600  -3.688489
      1      -2.216075  30.763259   2.615155
      2      -3.091676   2.238879  30.523253
 P Tensor eigenvectors:
                   0          1          2    
      0      -0.729163   0.411973  -0.546443
      1       0.071111   0.839786   0.538240
      2      -0.680636  -0.353606   0.641637
 P Eigenvalues: 
                  0          1          2    
      0      26.670097  28.799319  35.496333
P(iso)  30.321916
 Nucleus: 23 H 
 Shielding tensor (ppm): 
                  0          1          2    
      0      29.045057  -1.804559   3.241689
      1      -1.353117  31.056119  -0.100896
      2       4.449392   0.956273  25.885946
 P Tensor eigenvectors:
                   0          1          2    
      0      -0.557750   0.467521  -0.685813
      1      -0.145642   0.758325   0.635399
      2       0.817131   0.454277  -0.354865
 P Eigenvalues: 
                  0          1          2    
      0      23.114817  30.358224  32.514080
P(iso)  28.662374
 Nucleus: 24 H 
 Shielding tensor (ppm): 
                  0          1          2    
      0      29.049784  -1.807388  -3.240047
      1      -1.356589  31.056639   0.098041
      2      -4.448254  -0.958474  25.879068
 P Tensor eigenvectors:
                   0          1          2    
      0       0.557199   0.468036  -0.685909
      1       0.145973   0.757947   0.635773
      2       0.817448  -0.454376   0.354007
 P Eigenvalues: 
                  0          1          2    
      0      23.111914  30.357017  32.516560
P(iso)  28.661830
 Nucleus: 26 H 
 Shielding tensor (ppm): 
                  0          1          2    
      0      30.227902   0.640382   3.760476
      1       0.578143  31.276995  -0.272814
      2       3.778325  -1.484103  27.959068
 P Tensor eigenvectors:
                   0          1          2    
      0      -0.587870  -0.116544   0.800516
      1       0.158307  -0.987009  -0.027440
      2       0.793314   0.110596   0.598683
 P Eigenvalues: 
                  0          1          2    
      0      24.976422  31.456943  33.030600
P(iso)  29.821322
 Nucleus: 27 H 
 Shielding tensor (ppm): 
                  0          1          2    
      0      30.231151   0.636888  -3.760226
      1       0.575207  31.278535   0.271527
      2      -3.777716   1.482279  27.954716
 P Tensor eigenvectors:
                   0          1          2    
      0       0.587528  -0.116759   0.800736
      1      -0.157789  -0.987071  -0.028154
      2       0.793671  -0.109806  -0.598356
 P Eigenvalues: 
                  0          1          2    
      0      24.976298  31.457319  33.030784
P(iso)  29.821467
 Nucleus: 29 H 
 Shielding tensor (ppm): 
                  0          1          2    
      0      30.702656  -0.222645   4.494802
      1      -0.109975  30.716591   0.524998
      2       4.205367   1.264047  28.159601
 P Tensor eigenvectors:
                   0          1          2    
      0      -0.591558  -0.179990  -0.785915
      1      -0.130793   0.983275  -0.126742
      2       0.795583   0.027817  -0.605206
 P Eigenvalues: 
                  0          1          2    
      0      24.786773  30.778402  34.013673
P(iso)  29.859616
 Nucleus: 30 H 
 Shielding tensor (ppm): 
                  0          1          2    
      0      30.703548  -0.223951  -4.494218
      1      -0.111239  30.714947  -0.526070
      2      -4.205136  -1.265491  28.159745
 P Tensor eigenvectors:
                   0          1          2    
      0       0.591478  -0.180073  -0.785956
      1       0.131128   0.983249  -0.126593
      2       0.795587  -0.028184   0.605183
 P Eigenvalues: 
                  0          1          2    
      0      24.787045  30.777392  34.013803
P(iso)  29.859413
 Nucleus: 32 H 
 Shielding tensor (ppm): 
                  0          1          2    
      0      29.892619  -1.722098  -3.904175
      1      -2.538136  30.530174   2.294999
      2      -3.332482   1.971547  30.478783
 P Tensor eigenvectors:
                   0          1          2    
      0      -0.749479   0.303325  -0.588452
      1      -0.047886   0.861695   0.505161
      2      -0.660294  -0.406786   0.631298
 P Eigenvalues: 
                  0          1          2    
      0      26.550396  28.746883  35.604298
P(iso)  30.300526
 Nucleus: 33 H 
 Shielding tensor (ppm): 
                  0          1          2    
      0      29.892551  -1.720063   3.905302
      1      -2.536392  30.528480  -2.294853
      2       3.333966  -1.971330  30.480320
 P Tensor eigenvectors:
                   0          1          2    
      0      -0.749444   0.303380   0.588467
      1      -0.047522   0.861890  -0.504863
      2       0.660359   0.406332   0.631521
 P Eigenvalues: 
                  0          1          2    
      0      26.549850  28.747350  35.604151
P(iso)  30.300451
 Nucleus: 35 H 
 Shielding tensor (ppm): 
                  0          1          2    
      0      34.780715  -0.725131  -0.027636
      1      -0.803646  25.535860   0.002135
      2       0.012883  -0.000735  23.898097
 P Tensor eigenvectors:
                   0          1          2    
      0       0.001015  -0.081201   0.996697
      1      -0.000129  -0.996698  -0.081201
      2       0.999999  -0.000046  -0.001023
 P Eigenvalues: 
                  0          1          2    
      0      23.898093  25.473088  34.843490
P(iso)  28.071557
 Nucleus: 36 H 
 Shielding tensor (ppm): 
                  0          1          2    
      0      29.251915   2.601572  -0.003227
      1       3.967125  35.401004  -0.008250
      2      -0.004302  -0.007799  25.644703
 P Tensor eigenvectors:
                   0          1          2    
      0       0.000423  -0.913191  -0.407531
      1       0.000679   0.407531  -0.913191
      2       1.000000   0.000110   0.000792
 P Eigenvalues: 
                  0          1          2    
      0      25.644696  27.828600  36.824326
P(iso)  30.099207
 Nucleus: 37 H 
 Shielding tensor (ppm): 
                  0          1          2    
      0      28.574829   1.901108  -0.000458
      1       3.158397  36.159626  -0.002530
      2      -0.001011  -0.002648  25.548257
 P Tensor eigenvectors:
                   0          1          2    
      0       0.000045  -0.954193  -0.299193
      1       0.000231   0.299193  -0.954193
      2       1.000000  -0.000026   0.000234
 P Eigenvalues: 
                  0          1          2    
      0      25.548256  27.809367  36.925089
P(iso)  30.094237
 Nucleus: 44 H 
 Shielding tensor (ppm): 
                  0          1          2    
      0      24.283456   0.008094   0.000664
      1       0.000503  27.198785  -0.000140
      2       0.001064  -0.000132  21.277480
 P Tensor eigenvectors:
                   0          1          2    
      0      -0.000283  -0.999999  -0.001401
      1       0.000023   0.001401  -0.999999
      2       1.000000  -0.000283   0.000023
 P Eigenvalues: 
                  0          1          2    
      0      21.277480  24.283450  27.198792
P(iso)  24.253240
 Nucleus: 45 H 
 Shielding tensor (ppm): 
                  0          1          2    
      0      27.218218  -1.457970   0.001682
      1      -1.431229  24.521435  -0.000259
      2       0.001561  -0.000746  20.881148
 P Tensor eigenvectors:
                   0          1          2    
      0      -0.000248  -0.398769   0.917051
      1       0.000035  -0.917052  -0.398769
      2       1.000000  -0.000067   0.000241
 P Eigenvalues: 
                  0          1          2    
      0      20.881148  23.893712  27.845941
P(iso)  24.206934
 Nucleus: 46 H 
 Shielding tensor (ppm): 
                  0          1          2    
      0      27.271215  -3.272776   0.001634
      1      -2.499722  24.752613  -0.001379
      2       0.001263  -0.000440  20.031786
 P Tensor eigenvectors:
                   0          1          2    
      0      -0.000164  -0.553967   0.832539
      1       0.000106  -0.832539  -0.553967
      2       1.000000  -0.000003   0.000195
 P Eigenvalues: 
                  0          1          2    
      0      20.031786  22.863250  29.160578
P(iso)  24.018538
 Nucleus: 47 H 
 Shielding tensor (ppm): 
                  0          1          2    
      0      28.101122   2.693366   0.001879
      1       1.942951  24.181667   0.000807
      2       0.001503   0.000058  19.727671
 P Tensor eigenvectors:
                   0          1          2    
      0      -0.000207   0.427451   0.904039
      1      -0.000001  -0.904039   0.427451
      2       1.000000   0.000088   0.000188
 P Eigenvalues: 
                  0          1          2    
      0      19.727671  23.106186  29.176603
P(iso)  24.003487
 Nucleus: 48 H 
 Shielding tensor (ppm): 
                  0          1          2    
      0      27.161566   1.215314   0.001580
      1       1.190331  24.496817  -0.000042
      2       0.001426   0.000513  20.935325
 P Tensor eigenvectors:
                   0          1          2    
      0      -0.000246   0.359202   0.933260
      1       0.000023  -0.933260   0.359202
      2       1.000000   0.000110   0.000222
 P Eigenvalues: 
                  0          1          2    
      0      20.935325  24.034197  27.624186
P(iso)  24.197903
# -----------------------------------------------------------
$ EPRNMR_ATensor
   description: Hyperfine A tensor
   geom. index: 1
   prop. index: 1
 Number of stored nuclei 25
 Source density: 1 SCF 
 Spin multiplicity: 2 
 Nucleus: 9 H  
 Isotope: 1 
 Nuclear Spin:  0.5 
 Prefactor (MHz): 533.551395 
 Raw A tensor (MHz): 
                  0          1          2    
      0     -14.666040  -6.117996   0.002727
      1      -6.120594 -11.838713  -0.004282
      2       0.002727  -0.004283 -16.073025
 A Tensor eigenvectors:
                   0          1          2    
      0      -0.622441  -0.000466   0.782667
      1       0.782667   0.000339   0.622441
      2      -0.000555   1.000000   0.000153
 A Eigenvalues: 
                  0          1          2    
      0      -6.971911 -16.073027 -19.532840
A(iso)  -14.192593
 Nucleus: 10 H  
 Isotope: 1 
 Nuclear Spin:  0.5 
 Prefactor (MHz): 533.551395 
 Raw A tensor (MHz): 
                  0          1          2    
      0       7.772667   2.258711   0.000001
      1       2.259602   6.282591  -0.000466
      2       0.000001  -0.000467   3.929671
 A Tensor eigenvectors:
                   0          1          2    
      0      -0.000267  -0.585982  -0.810324
      1       0.000455   0.810324  -0.585982
      2       1.000000  -0.000525   0.000050
 A Eigenvalues: 
                  0          1          2    
      0       3.929671   4.648791   9.406467
A(iso)  5.994976
 Nucleus: 12 H  
 Isotope: 1 
 Nuclear Spin:  0.5 
 Prefactor (MHz): 533.551395 
 Raw A tensor (MHz): 
                  0          1          2    
      0     -17.444565  -1.767485   0.012867
      1      -1.765312 -71.487981   0.005867
      2       0.012869   0.005873 -46.514934
 A Tensor eigenvectors:
                   0          1          2    
      0       0.999467  -0.000427  -0.032653
      1      -0.032653   0.000265  -0.999467
      2       0.000435   1.000000   0.000251
 A Eigenvalues: 
                  0          1          2    
      0     -17.386887 -46.514938 -71.545655
A(iso)  -45.149160
 Nucleus: 14 H  
 Isotope: 1 
 Nuclear Spin:  0.5 
 Prefactor (MHz): 533.551395 
 Raw A tensor (MHz): 
                  0          1          2    
      0      61.535179  -3.645849  -1.910535
      1      -3.644595  63.479863   1.994958
      2      -1.909043   1.994993  58.415001
 A Tensor eigenvectors:
                   0          1          2    
      0       0.354095  -0.725985   0.589545
      1      -0.094293  -0.654890  -0.749819
      2       0.930444   0.209917  -0.300348
 A Eigenvalues: 
                  0          1          2    
      0      57.486195  58.799138  67.144710
A(iso)  61.143348
 Nucleus: 15 H  
 Isotope: 1 
 Nuclear Spin:  0.5 
 Prefactor (MHz): 533.551395 
 Raw A tensor (MHz): 
                  0          1          2    
      0      61.405871  -3.644635   1.911385
      1      -3.643378  63.337107  -1.997110
      2       1.909890  -1.997148  58.277285
 A Tensor eigenvectors:
                   0          1          2    
      0      -0.352205  -0.726498   0.590045
      1       0.096105  -0.655182  -0.749333
      2       0.930975  -0.207213   0.300579
 A Eigenvalues: 
                  0          1          2    
      0      57.348458  58.664522  67.007283
A(iso)  61.006754
 Nucleus: 17 H  
 Isotope: 1 
 Nuclear Spin:  0.5 
 Prefactor (MHz): 533.551395 
 Raw A tensor (MHz): 
                  0          1          2    
      0      -2.183781   2.136257  -0.669426
      1       2.136290   1.906715  -1.368565
      2      -0.668993  -1.367534  -2.765243
 A Tensor eigenvectors:
                   0          1          2    
      0      -0.699215   0.605804   0.379604
      1       0.454298  -0.033476   0.890221
      2       0.552007   0.794909  -0.251808
 A Eigenvalues: 
                  0          1          2    
      0      -3.043475  -3.204978   3.206142
A(iso)  -1.014103
 Nucleus: 18 H  
 Isotope: 1 
 Nuclear Spin:  0.5 
 Prefactor (MHz): 533.551395 
 Raw A tensor (MHz): 
                  0          1          2    
      0      -2.181520   2.138553   0.665195
      1       2.138585   1.908128   1.360447
      2       0.664764   1.359421  -2.767901
 A Tensor eigenvectors:
                   0          1          2    
      0      -0.698118  -0.605687   0.381805
      1       0.453638   0.038388   0.890359
      2      -0.553935   0.794777   0.247963
 A Eigenvalues: 
                  0          1          2    
      0      -3.043542  -3.202582   3.204830
A(iso)  -1.013765
 Nucleus: 20 H  
 Isotope: 1 
 Nuclear Spin:  0.5 
 Prefactor (MHz): 533.551395 
 Raw A tensor (MHz): 
                  0          1          2    
      0      -0.003999  -0.253271   0.108112
      1      -0.253501   2.165495  -0.383985
      2       0.108226  -0.383851   0.021581
 A Tensor eigenvectors:
                   0          1          2    
      0       0.723921  -0.679810   0.117457
      1       0.203647   0.047906  -0.977872
      2       0.659140   0.731822   0.173122
 A Eigenvalues: 
                  0          1          2    
      0       0.022539  -0.103364   2.263902
A(iso)  0.727692
 Nucleus: 21 H  
 Isotope: 1 
 Nuclear Spin:  0.5 
 Prefactor (MHz): 533.551395 
 Raw A tensor (MHz): 
                  0          1          2    
      0      -0.004521  -0.252337  -0.107979
      1      -0.252567   2.166967   0.381302
      2      -0.108092   0.381169   0.020867
 A Tensor eigenvectors:
                   0          1          2    
      0      -0.722468   0.681437  -0.116976
      1      -0.202571  -0.046859   0.978146
      2       0.661063   0.730375   0.171894
 A Eigenvalues: 
                  0          1          2    
      0       0.022878  -0.103722   2.264158
A(iso)  0.727771
 Nucleus: 23 H  
 Isotope: 1 
 Nuclear Spin:  0.5 
 Prefactor (MHz): 533.551395 
 Raw A tensor (MHz): 
                  0          1          2    
      0      22.046347   1.545798   0.892620
      1       1.545238  22.091718   0.486701
      2       0.892016   0.486856  20.761721
 A Tensor eigenvectors:
                   0          1          2    
      0       0.619662   0.377081  -0.688352
      1      -0.323881  -0.676022  -0.661888
      2      -0.714926   0.633091  -0.296776
 A Eigenvalues: 
                  0          1          2    
      0      20.208959  20.773620  23.917206
A(iso)  21.633262
 Nucleus: 24 H  
 Isotope: 1 
 Nuclear Spin:  0.5 
 Prefactor (MHz): 533.551395 
 Raw A tensor (MHz): 
                  0          1          2    
      0      22.041517   1.545741  -0.892590
      1       1.545181  22.085036  -0.486795
      2      -0.891986  -0.486951  20.755559
 A Tensor eigenvectors:
                   0          1          2    
      0      -0.619379  -0.377225   0.688528
      1       0.323693   0.676291   0.661705
      2      -0.715257   0.632718  -0.296775
 A Eigenvalues: 
                  0          1          2    
      0      20.203347  20.767345  23.911421
A(iso)  21.627371
 Nucleus: 26 H  
 Isotope: 1 
 Nuclear Spin:  0.5 
 Prefactor (MHz): 533.551395 
 Raw A tensor (MHz): 
                  0          1          2    
      0      -0.791975  -0.338443   0.089537
      1      -0.338180   0.837890  -0.405065
      2       0.089372  -0.404788  -0.893512
 A Tensor eigenvectors:
                   0          1          2    
      0       0.975528  -0.107181   0.191981
      1       0.210067   0.196477  -0.957741
      2       0.064932   0.974633   0.214184
 A Eigenvalues: 
                  0          1          2    
      0      -0.858852  -0.985030   0.996284
A(iso)  -0.282533
 Nucleus: 27 H  
 Isotope: 1 
 Nuclear Spin:  0.5 
 Prefactor (MHz): 533.551395 
 Raw A tensor (MHz): 
                  0          1          2    
      0      -0.791882  -0.338610  -0.089295
      1      -0.338347   0.838271   0.403852
      2      -0.089131   0.403574  -0.894120
 A Tensor eigenvectors:
                   0          1          2    
      0      -0.975549  -0.106860   0.192058
      1      -0.210033   0.195866  -0.957874
      2       0.064740  -0.974791  -0.213521
 A Eigenvalues: 
                  0          1          2    
      0      -0.858815  -0.985070   0.996154
A(iso)  -0.282577
 Nucleus: 29 H  
 Isotope: 1 
 Nuclear Spin:  0.5 
 Prefactor (MHz): 533.551395 
 Raw A tensor (MHz): 
                  0          1          2    
      0      -0.037628   0.286227   0.065855
      1       0.286308   0.694948   0.123357
      2       0.065858   0.123286  -0.098331
 A Tensor eigenvectors:
                   0          1          2    
      0      -0.491959   0.807591  -0.325228
      1       0.302224  -0.191915  -0.933718
      2      -0.816478  -0.557642  -0.149659
 A Eigenvalues: 
                  0          1          2    
      0      -0.104263  -0.151180   0.814433
A(iso)  0.186330
 Nucleus: 30 H  
 Isotope: 1 
 Nuclear Spin:  0.5 
 Prefactor (MHz): 533.551395 
 Raw A tensor (MHz): 
                  0          1          2    
      0      -0.037301   0.286181  -0.065998
      1       0.286262   0.695003  -0.123793
      2      -0.066002  -0.123722  -0.097916
 A Tensor eigenvectors:
                   0          1          2    
      0       0.492162  -0.807454   0.325260
      1      -0.302748   0.191552   0.933623
      2      -0.816162  -0.557965  -0.150180
 A Eigenvalues: 
                  0          1          2    
      0      -0.103989  -0.150857   0.814633
A(iso)  0.186595
 Nucleus: 32 H  
 Isotope: 1 
 Nuclear Spin:  0.5 
 Prefactor (MHz): 533.551395 
 Raw A tensor (MHz): 
                  0          1          2    
      0      -0.106665   0.009266   0.000270
      1       0.009309   0.378067   0.065512
      2       0.000272   0.065484  -0.119658
 A Tensor eigenvectors:
                   0          1          2    
      0       0.998895  -0.043129   0.018692
      1      -0.012986   0.128995   0.991560
      2      -0.045176  -0.990707   0.128293
 A Eigenvalues: 
                  0          1          2    
      0      -0.106799  -0.128172   0.386715
A(iso)  0.050581
 Nucleus: 33 H  
 Isotope: 1 
 Nuclear Spin:  0.5 
 Prefactor (MHz): 533.551395 
 Raw A tensor (MHz): 
                  0          1          2    
      0      -0.106675   0.009266  -0.000269
      1       0.009309   0.377982  -0.065763
      2      -0.000271  -0.065736  -0.119597
 A Tensor eigenvectors:
                   0          1          2    
      0       0.998882  -0.043429  -0.018692
      1      -0.012923   0.129502  -0.991495
      2       0.045481   0.990628   0.128796
 A Eigenvalues: 
                  0          1          2    
      0      -0.106807  -0.128179   0.386697
A(iso)  0.050570
 Nucleus: 35 H  
 Isotope: 1 
 Nuclear Spin:  0.5 
 Prefactor (MHz): 533.551395 
 Raw A tensor (MHz): 
                  0          1          2    
      0      -2.451938  -1.121619  -0.015677
      1      -1.119077 -10.630958   0.002527
      2      -0.015671   0.002535  -7.832490
 A Tensor eigenvectors:
                   0          1          2    
      0      -0.991052   0.002863   0.133443
      1       0.133443  -0.000243   0.991056
      2       0.002870   0.999996  -0.000141
 A Eigenvalues: 
                  0          1          2    
      0      -2.301206  -7.832536 -10.781645
A(iso)  -6.971795
 Nucleus: 36 H  
 Isotope: 1 
 Nuclear Spin:  0.5 
 Prefactor (MHz): 533.551395 
 Raw A tensor (MHz): 
                  0          1          2    
      0      -0.774172   0.257118  -0.000357
      1       0.257073   0.723814  -0.001015
      2      -0.000357  -0.001014  -0.796138
 A Tensor eigenvectors:
                   0          1          2    
      0       0.164588   0.008605  -0.986325
      1       0.986362  -0.002123   0.164576
      2      -0.000678  -0.999961  -0.008837
 A Eigenvalues: 
                  0          1          2    
      0       0.766711  -0.796137  -0.817070
A(iso)  -0.282165
 Nucleus: 37 H  
 Isotope: 1 
 Nuclear Spin:  0.5 
 Prefactor (MHz): 533.551395 
 Raw A tensor (MHz): 
                  0          1          2    
      0      -0.119639   0.068576  -0.000016
      1       0.068611   0.231509  -0.000092
      2      -0.000016  -0.000092  -0.131286
 A Tensor eigenvectors:
                   0          1          2    
      0       0.000718   0.982718   0.185106
      1       0.000118  -0.185107   0.982718
      2       1.000000  -0.000684  -0.000249
 A Eigenvalues: 
                  0          1          2    
      0      -0.131286  -0.132563   0.244432
A(iso)  -0.006472
 Nucleus: 44 H  
 Isotope: 1 
 Nuclear Spin:  0.5 
 Prefactor (MHz): 533.551395 
 Raw A tensor (MHz): 
                  0          1          2    
      0       0.358687   0.038303  -0.000102
      1       0.038317   1.012486   0.000002
      2      -0.000102   0.000002   0.593657
 A Tensor eigenvectors:
                   0          1          2    
      0       0.998300  -0.000429  -0.058286
      1      -0.058286   0.000036  -0.998300
      2       0.000431   1.000000   0.000010
 A Eigenvalues: 
                  0          1          2    
      0       0.356450   0.593657   1.014723
A(iso)  0.654944
 Nucleus: 45 H  
 Isotope: 1 
 Nuclear Spin:  0.5 
 Prefactor (MHz): 533.551395 
 Raw A tensor (MHz): 
                  0          1          2    
      0      -0.193682   0.151020  -0.000059
      1       0.151002  -0.287236   0.000016
      2      -0.000059   0.000016  -0.242490
 A Tensor eigenvectors:
                   0          1          2    
      0       0.804945  -0.000007  -0.593350
      1       0.593350  -0.000386   0.804945
      2      -0.000235  -1.000000  -0.000307
 A Eigenvalues: 
