-------------------------------------------------------------
----------------------- !PROPERTIES! ------------------------
-------------------------------------------------------------
# -----------------------------------------------------------
$ PAL_Flags
   description: The PAL Flags
   geom. index: 1
   prop. index: 1
        Diskflag:     2
# -----------------------------------------------------------
$ SCF_Energy
   description: The SCF energy
   geom. index: 1
   prop. index: 1
        SCF Energy:     -928.9717337642
# -----------------------------------------------------------
$ DFT_Energy
   description: The DFT energy
   geom. index: 1
   prop. index: 1
   Number of Alpha Electrons                 85.0001605890 
   Number of Beta  Electrons                 84.0001501912 
   Total number of  Electrons               169.0003107801 
   Exchange energy                         -105.5495976618 
   Correlation energy                        -6.5768605813 
   Correlation energy NL                      0.0000000000 
   Exchange-Correlation energy             -112.1264582432 
   Embedding correction                       0.0000000000 
   Total DFT Energy (No VdW correction)    -928.9717337642 
# -----------------------------------------------------------
$ Mayer_Pop
   description: The Mayer population analysis
   geom. index: 1
   prop. index: 1
     Number of atoms                     : 49
     Threshold for printing              : 0.1000000
     Number of bond orders printed       : 56
  NA   - Mulliken gross atomic population
  ZA   - Total nuclear charge
  QA   - Mulliken gross atomic charge
  VA   - Mayer's total valence
  BVA  - Mayer's bonded valence
  FA   - Mayer's free valence
  ATOM       NA         ZA         QA         VA         BVA        FA
  0   0     6.5466     6.0000    -0.5466     3.8845     3.8777     0.0068
  1   0     6.0100     6.0000    -0.0100     3.8084     3.8070     0.0014
  2   0     6.3892     6.0000    -0.3892     3.7741     3.7736     0.0005
  3   0     5.6522     6.0000     0.3478     3.9222     3.8876     0.0346
  4   0     5.5485     6.0000     0.4515     3.8329     3.8187     0.0142
  5   0     6.4646     6.0000    -0.4646     4.2358     4.2007     0.0351
  6   0     5.4496     6.0000     0.5504     3.9161     3.9094     0.0067
  7   0     5.7538     6.0000     0.2462     3.9246     3.8865     0.0381
  8   0     6.3854     6.0000    -0.3854     4.3239     4.3159     0.0080
  9   0     0.8709     1.0000     0.1291     0.9665     0.9663     0.0002
 10   0     0.8674     1.0000     0.1326     0.9662     0.9662     0.0000
 11   0     6.2956     6.0000    -0.2956     4.0424     3.6570     0.3854
 12   0     0.8666     1.0000     0.1334     0.9801     0.9785     0.0016
 13   0     6.2682     6.0000    -0.2682     3.9661     3.9647     0.0014
 14   0     0.8499     1.0000     0.1501     0.9645     0.9635     0.0010
 15   0     0.8499     1.0000     0.1501     0.9645     0.9635     0.0010
 16   0     6.2832     6.0000    -0.2832     3.9004     3.9004     0.0000
 17   0     0.8464     1.0000     0.1536     0.9639     0.9639     0.0000
 18   0     0.8464     1.0000     0.1536     0.9639     0.9639     0.0000
 19   0     6.5073     6.0000    -0.5073     3.9055     3.9055     0.0000
 20   0     0.8429     1.0000     0.1571     0.9659     0.9659     0.0000
 21   0     0.8429     1.0000     0.1571     0.9659     0.9659     0.0000
 22   0     6.3535     6.0000    -0.3535     4.0264     4.0262     0.0002
 23   0     0.8497     1.0000     0.1503     0.9634     0.9633     0.0001
 24   0     0.8498     1.0000     0.1502     0.9634     0.9633     0.0001
 25   0     6.2674     6.0000    -0.2674     4.0289     4.0289     0.0000
 26   0     0.8604     1.0000     0.1396     0.9668     0.9668     0.0000
 27   0     0.8604     1.0000     0.1396     0.9668     0.9668     0.0000
 28   0     6.2545     6.0000    -0.2545     3.8915     3.8915     0.0000
 29   0     0.8586     1.0000     0.1414     0.9677     0.9677     0.0000
 30   0     0.8586     1.0000     0.1414     0.9677     0.9677     0.0000
 31   0     6.5088     6.0000    -0.5088     3.9017     3.9017     0.0000
 32   0     0.8418     1.0000     0.1582     0.9657     0.9657     0.0000
 33   0     0.8418     1.0000     0.1582     0.9657     0.9657     0.0000
 34   0     6.3001     6.0000    -0.3001     3.9617     3.9606     0.0011
 35   0     0.8166     1.0000     0.1834     0.9778     0.9778     0.0000
 36   0     0.8550     1.0000     0.1450     0.9674     0.9674     0.0000
 37   0     0.8575     1.0000     0.1425     0.9672     0.9672     0.0000
 38   0     5.4061     6.0000     0.5939     3.9372     3.9372     0.0000
 39   0     6.2823     6.0000    -0.2823     4.2006     4.2005     0.0001
 40   0     6.0973     6.0000    -0.0973     4.0978     4.0978     0.0000
 41   0     6.1209     6.0000    -0.1209     4.0790     4.0789     0.0001
 42   0     6.1014     6.0000    -0.1014     4.1024     4.1024     0.0000
 43   0     6.2741     6.0000    -0.2741     4.1869     4.1868     0.0001
 44   0     0.8940     1.0000     0.1060     0.9584     0.9584     0.0000
 45   0     0.8947     1.0000     0.1053     0.9617     0.9617     0.0000
 46   0     0.8812     1.0000     0.1188     0.9606     0.9606     0.0000
 47   0     0.8814     1.0000     0.1186     0.9606     0.9606     0.0000
 48   0     0.8948     1.0000     0.1052     0.9618     0.9618     0.0000
      Bond orders larger than 0.1000000
           Atom A     A.N. of A          Atom B    A.N. of B              Bond order
                0             6               1            6                2.688764
                0             6              35            1                0.987332
                1             6               3            6                0.925910
                2             6               6            6                0.785140
                2             6              34            6                2.519160
                3             6               4            6                1.247673
                3             6               8            6                1.426880
                4             6               5            6                1.229398
                4             6               6            6                0.118068
                4             6              11            6                1.267806
                5             6               6            6                1.498348
                5             6               9            1                0.970424
                6             6               7            6                1.329726
                6             6               8            6                0.125172
                6             6              34            6                0.101601
                7             6               8            6                1.417047
                7             6              22            6                0.967343
                8             6              10            1                0.971811
               11             6              12            1                0.990623
               11             6              13            6                1.005358
               13             6              14            1                0.954167
               13             6              15            1                0.954115
               13             6              16            6                0.981095
               16             6              17            1                0.971973
               16             6              18            1                0.971928
               16             6              19            6                0.961021
               19             6              20            1                0.972813
               19             6              21            1                0.972822
               19             6              36            1                0.967178
               22             6              23            1                0.954530
               22             6              24            1                0.954647
               22             6              25            6                1.024654
               25             6              26            1                0.960759
               25             6              27            1                0.960794
               25             6              28            6                0.988263
               28             6              29            1                0.971286
               28             6              30            1                0.971283
               28             6              31            6                0.954289
               31             6              32            1                0.973019
               31             6              33            1                0.973011
               31             6              37            1                0.967121
               34             6              38            6                1.007718
               38             6              39            6                1.390671
               38             6              40            6                0.100235
               38             6              43            6                1.385179
               39             6              40            6                1.476346
               39             6              41            6                0.100661
               39             6              46            1                0.982599
               40             6              41            6                1.452655
               40             6              48            1                0.976177
               41             6              42            6                1.455257
               41             6              43            6                0.101688
               41             6              44            1                0.965889
               42             6              43            6                1.476557
               42             6              45            1                0.977115
               43             6              47            1                0.980318
# -----------------------------------------------------------
$ Calculation_Info
   description: Details of the calculation
   geom. index: 1
   prop. index: 1
     Multiplicity:                          2
     Charge:                                0
     number of atoms:                       49
     number of electrons:                   0
     number of frozen core electrons:       1
     number of correlated electrons:        0
     number of basis functions:             583
     number of aux C basis functions:       4070
     number of aux J basis functions:       4070
     number of aux JK basis functions:      4070
     number of aux CABS basis functions:    0
     Total Energy                           -928.971734
# -----------------------------------------------------------
$ SCF_Electric_Properties
   description: The SCF Calculated Electric Properties
   geom. index: 1
   prop. index: 1
       Filename                          : EPRII.scfp 
       Do Dipole Moment Calculation      : true 
       Do Quadrupole Moment Calculation  : false 
       Do Polarizability Calculation     : false 
** Dipole moment part of electric properties **
        Magnitude of dipole moment (Debye) :        1.1010844890
        Electronic Contribution:
                  0    
      0       9.507906
      1      -2.465549
      2      -0.004491
        Nuclear Contribution:
                  0    
      0      -9.078436
      1       2.408915
      2       0.006145
        Total Dipole moment:
                  0    
      0       0.429470
      1      -0.056634
      2       0.001654
# -----------------------------------------------------------
$ EPRNMR_GTensor
   description: Electronic g tensor
   geom. index: 1
   prop. index: 1
 Source density: 1 SCF 
 Spin multiplicity: 2 
 raw g tensor: 
                  0          1          2    
      0       2.002784   0.000117   0.000000
      1       0.000065   2.002775  -0.000000
      2       0.000000  -0.000000   2.002186
 g tensor: 
                  0          1          2    
      0      -0.000377  -0.689084  -0.724681
      1       0.000429   0.724681  -0.689084
      2       1.000000  -0.000571   0.000022
 G eigenvalues: 
                  0          1          2    
      0       2.002186   2.002688   2.002871
# -----------------------------------------------------------
$ EPRNMR_OrbitalShielding
   description: Orbital contribution to the NMR Shielding tensor (ppm)
   geom. index: 1
   prop. index: 1
 Number of stored nuclei 25
 Source density: 1 SCF 
 Nucleus: 9 H 
 Shielding tensor (ppm): 
                  0          1          2    
      0      27.702571   5.778657   0.000519
      1       5.238630  26.238833  -0.001672
      2      -0.002012  -0.001014  19.298137
 P Tensor eigenvectors:
                   0          1          2    
      0      -0.000108  -0.662657  -0.748923
      1       0.000265   0.748923  -0.662657
      2       1.000000  -0.000270   0.000095
 P Eigenvalues: 
                  0          1          2    
      0      19.298137  21.413932  32.527472
P(iso)  24.413180
 Nucleus: 10 H 
 Shielding tensor (ppm): 
                  0          1          2    
      0      27.965986   6.030038   0.000106
      1       5.667160  26.029618  -0.000435
      2       0.001544  -0.002469  19.372741
 P Tensor eigenvectors:
                   0          1          2    
      0      -0.000592  -0.649351  -0.760488
      1       0.000725   0.760488  -0.649352
      2       1.000000  -0.000936   0.000021
 P Eigenvalues: 
                  0          1          2    
      0      19.372739  21.069743  32.925863
P(iso)  24.456115
 Nucleus: 12 H 
 Shielding tensor (ppm): 
                  0          1          2    
      0      22.648723  -2.300408   0.000920
      1      -1.615586  32.963579  -0.004269
      2       0.002939  -0.004577  20.572065
 P Tensor eigenvectors:
                   0          1          2    
      0      -0.000671  -0.984681   0.174366
      1       0.000249  -0.174366  -0.984681
      2       1.000000  -0.000618   0.000362
 P Eigenvalues: 
                  0          1          2    
      0      20.572063  22.289976  33.322329
P(iso)  25.394789
 Nucleus: 14 H 
 Shielding tensor (ppm): 
                  0          1          2    
      0      29.071847   1.447729  -3.196489
      1       0.729401  30.555772   0.390149
      2      -3.921558   1.365203  27.861795
 P Tensor eigenvectors:
                   0          1          2    
      0       0.631469   0.018130   0.775189
      1      -0.212280  -0.957491   0.195318
      2       0.745777  -0.287894  -0.600777
 P Eigenvalues: 
                  0          1          2    
      0      24.543828  30.815232  32.130354
P(iso)  29.163138
 Nucleus: 15 H 
 Shielding tensor (ppm): 
                  0          1          2    
      0      29.080904   1.457069   3.193918
      1       0.735317  30.558391  -0.392215
      2       3.921376  -1.364906  27.848618
 P Tensor eigenvectors:
                   0          1          2    
      0      -0.630403   0.022862   0.775931
      1       0.212840  -0.956170   0.201094
      2       0.746519   0.291919   0.597906
 P Eigenvalues: 
                  0          1          2    
      0      24.539227  30.816717  32.131969
P(iso)  29.162638
 Nucleus: 17 H 
 Shielding tensor (ppm): 
                  0          1          2    
      0      30.909399  -0.723685  -4.542850
      1      -0.305864  30.243392   0.588130
      2      -4.499595  -0.615451  28.557246
 P Tensor eigenvectors:
                   0          1          2    
      0       0.613198  -0.040945   0.788868
      1       0.051818  -0.994420  -0.091892
      2       0.788228   0.097225  -0.607654
 P Eigenvalues: 
                  0          1          2    
      0      25.041808  30.225289  34.442940
P(iso)  29.903346
 Nucleus: 18 H 
 Shielding tensor (ppm): 
                  0          1          2    
      0      30.920642  -0.719337   4.543695
      1      -0.301764  30.243345  -0.588865
      2       4.497994   0.611959  28.545162
 P Tensor eigenvectors:
                   0          1          2    
      0      -0.612244  -0.041296   0.789590
      1      -0.050895  -0.994506  -0.091477
      2       0.789029  -0.096192   0.606778
 P Eigenvalues: 
                  0          1          2    
      0      25.039403  30.224977  34.444769
P(iso)  29.903050
 Nucleus: 20 H 
 Shielding tensor (ppm): 
                  0          1          2    
      0      30.072943  -1.540739   3.854557
      1      -2.285757  31.109734  -2.663498
      2       3.118056  -2.221254  31.029016
 P Tensor eigenvectors:
                   0          1          2    
      0      -0.739377   0.390975   0.548142
      1       0.056629   0.847351  -0.528006
      2       0.670906   0.359354   0.648652
 P Eigenvalues: 
                  0          1          2    
      0      27.022460  29.165373  36.023860
P(iso)  30.737231
 Nucleus: 21 H 
 Shielding tensor (ppm): 
                  0          1          2    
      0      30.064041  -1.543182  -3.850065
      1      -2.286267  31.115112   2.667473
      2      -3.112169   2.223403  31.031995
 P Tensor eigenvectors:
                   0          1          2    
      0      -0.740210   0.390662  -0.547240
      1       0.055930   0.846844   0.528892
      2      -0.670045  -0.360884   0.648693
 P Eigenvalues: 
                  0          1          2    
      0      27.024063  29.163826  36.023259
P(iso)  30.737049
 Nucleus: 23 H 
 Shielding tensor (ppm): 
                  0          1          2    
      0      29.127413  -1.999355   3.322511
      1      -1.334612  31.275686  -0.207800
      2       4.475627   0.937182  25.929000
 P Tensor eigenvectors:
                   0          1          2    
      0      -0.559852   0.488943  -0.668955
      1      -0.140145   0.739831   0.658034
      2       0.816655   0.462152  -0.345673
 P Eigenvalues: 
                  0          1          2    
      0      23.126088  30.425626  32.780385
P(iso)  28.777367
 Nucleus: 24 H 
 Shielding tensor (ppm): 
                  0          1          2    
      0      29.132538  -2.002085  -3.320690
      1      -1.338013  31.276785   0.205687
      2      -4.476521  -0.939983  25.921937
 P Tensor eigenvectors:
                   0          1          2    
      0       0.559297   0.489335  -0.669132
      1       0.140416   0.739601   0.658235
      2       0.816988  -0.462106   0.344946
 P Eigenvalues: 
                  0          1          2    
      0      23.122434  30.425145  32.783681
P(iso)  28.777087
 Nucleus: 26 H 
 Shielding tensor (ppm): 
                  0          1          2    
      0      30.436157   0.813935   3.837279
      1       0.647455  31.444193  -0.177580
      2       3.811119  -1.406885  28.145549
 P Tensor eigenvectors:
                   0          1          2    
      0      -0.591264  -0.044086   0.805272
      1       0.157614  -0.985567   0.061770
      2       0.790926   0.163445   0.589679
 P Eigenvalues: 
                  0          1          2    
      0      25.117820  31.617734  33.290346
P(iso)  30.008633
 Nucleus: 27 H 
 Shielding tensor (ppm): 
                  0          1          2    
      0      30.439322   0.810465  -3.837257
      1       0.644487  31.445624   0.176575
      2      -3.810362   1.404750  28.141295
 P Tensor eigenvectors:
                   0          1          2    
      0       0.590934  -0.044228   0.805507
      1      -0.157092  -0.985691   0.061124
      2       0.791277  -0.162659  -0.589426
 P Eigenvalues: 
                  0          1          2    
      0      25.117720  31.618178  33.290345
P(iso)  30.008747
 Nucleus: 29 H 
 Shielding tensor (ppm): 
                  0          1          2    
      0      30.896887  -0.399672   4.656292
      1      -0.167053  30.998717   0.452750
      2       4.245787   1.204181  28.356102
 P Tensor eigenvectors:
                   0          1          2    
      0      -0.596789  -0.146715  -0.788871
      1      -0.128504   0.987928  -0.086522
      2       0.792042   0.049738  -0.608437
 P Eigenvalues: 
                  0          1          2    
      0      24.884704  31.088587  34.278414
P(iso)  30.083902
 Nucleus: 30 H 
 Shielding tensor (ppm): 
                  0          1          2    
      0      30.898064  -0.400990  -4.655470
      1      -0.168388  30.997155  -0.453775
      2      -4.245406  -1.205685  28.356234
 P Tensor eigenvectors:
                   0          1          2    
      0       0.596698  -0.146799  -0.788924
      1       0.128837   0.987897  -0.086378
      2       0.792056  -0.050101   0.608389
 P Eigenvalues: 
                  0          1          2    
      0      24.885256  31.087633  34.278563
P(iso)  30.083818
 Nucleus: 32 H 
 Shielding tensor (ppm): 
                  0          1          2    
      0      30.282466  -1.720867  -4.033539
      1      -2.585627  30.875190   2.348953
      2      -3.369907   1.960752  30.917088
 P Tensor eigenvectors:
                   0          1          2    
      0      -0.752043   0.294846  -0.589489
      1      -0.051123   0.865578   0.498158
      2      -0.657128  -0.404772   0.635879
 P Eigenvalues: 
                  0          1          2    
      0      26.878568  29.105068  36.091109
P(iso)  30.691581
 Nucleus: 33 H 
 Shielding tensor (ppm): 
                  0          1          2    
      0      30.282613  -1.718886   4.034514
      1      -2.583943  30.873469  -2.348744
      2       3.371254  -1.960661  30.918742
 P Tensor eigenvectors:
                   0          1          2    
      0      -0.752008   0.294901   0.589505
      1      -0.050769   0.865767  -0.497866
      2       0.657196   0.404328   0.636092
 P Eigenvalues: 
                  0          1          2    
      0      26.878338  29.105423  36.091064
P(iso)  30.691608
 Nucleus: 35 H 
 Shielding tensor (ppm): 
                  0          1          2    
      0      34.995980  -0.741046  -0.029355
      1      -0.799155  25.824026   0.002545
      2       0.011123  -0.000512  24.022807
 P Tensor eigenvectors:
                   0          1          2    
      0       0.001159  -0.082615   0.996581
      1      -0.000235  -0.996582  -0.082614
      2       0.999999  -0.000138  -0.001174
 P Eigenvalues: 
                  0          1          2    
      0      24.022800  25.759818  35.060194
P(iso)  28.280938
 Nucleus: 36 H 
 Shielding tensor (ppm): 
                  0          1          2    
      0      29.678347   2.570040  -0.003434
      1       3.935079  35.838148  -0.008375
      2      -0.004288  -0.007889  25.887384
 P Tensor eigenvectors:
                   0          1          2    
      0       0.000442  -0.914411  -0.404786
      1       0.000672   0.404786  -0.914411
      2       1.000000   0.000132   0.000793
 P Eigenvalues: 
                  0          1          2    
      0      25.887377  28.279830  37.236672
P(iso)  30.467960
 Nucleus: 37 H 
 Shielding tensor (ppm): 
                  0          1          2    
      0      29.005423   1.864130  -0.000442
      1       3.137164  36.597350  -0.002622
      2      -0.000927  -0.002766  25.783060
 P Tensor eigenvectors:
                   0          1          2    
      0       0.000021  -0.955053  -0.296435
      1       0.000243   0.296435  -0.955053
      2       1.000000  -0.000052   0.000238
 P Eigenvalues: 
                  0          1          2    
      0      25.783059  28.256631  37.346142
P(iso)  30.461944
 Nucleus: 44 H 
 Shielding tensor (ppm): 
                  0          1          2    
      0      24.117518   0.009678   0.000868
      1       0.005451  27.345968  -0.000139
      2       0.000702  -0.000184  21.460368
 P Tensor eigenvectors:
                   0          1          2    
      0      -0.000297  -0.999997  -0.002302
      1       0.000027   0.002302  -0.999997
      2       1.000000  -0.000297   0.000027
 P Eigenvalues: 
                  0          1          2    
      0      21.460368  24.117501  27.345986
P(iso)  24.307951
 Nucleus: 45 H 
 Shielding tensor (ppm): 
                  0          1          2    
      0      27.212706  -1.635133   0.001944
      1      -1.604229  24.550585  -0.000684
      2       0.001525  -0.000818  21.130585
 P Tensor eigenvectors:
                   0          1          2    
      0      -0.000264  -0.427521   0.904005
      1       0.000095  -0.904005  -0.427521
      2       1.000000  -0.000027   0.000279
 P Eigenvalues: 
                  0          1          2    
      0      21.130585  23.785200  27.978093
P(iso)  24.297959
 Nucleus: 46 H 
 Shielding tensor (ppm): 
                  0          1          2    
      0      27.455719  -3.495261   0.001786
      1      -2.523879  24.488347  -0.000360
      2       0.001186  -0.000602  20.158559
 P Tensor eigenvectors:
                   0          1          2    
      0      -0.000228  -0.536037   0.844195
      1      -0.000042  -0.844195  -0.536037
      2       1.000000  -0.000158   0.000169
 P Eigenvalues: 
                  0          1          2    
      0      20.158558  22.617201  29.326866
P(iso)  24.034208
 Nucleus: 47 H 
 Shielding tensor (ppm): 
                  0          1          2    
      0      28.323337   2.838297   0.001943
      1       1.968135  23.874985  -0.000054
      2       0.001369   0.000854  19.823782
 P Tensor eigenvectors:
                   0          1          2    
      0      -0.000207   0.408098   0.912938
      1       0.000029  -0.912938   0.408098
      2       1.000000   0.000111   0.000178
 P Eigenvalues: 
                  0          1          2    
      0      19.823782  22.825108  29.373215
P(iso)  24.007368
 Nucleus: 48 H 
 Shielding tensor (ppm): 
                  0          1          2    
      0      27.162494   1.374048   0.001845
      1       1.369148  24.505219   0.000430
      2       0.001262   0.000617  21.186296
 P Tensor eigenvectors:
                   0          1          2    
      0      -0.000253  -0.390064  -0.920788
      1      -0.000053   0.920788  -0.390064
      2       1.000000  -0.000050  -0.000254
 P Eigenvalues: 
                  0          1          2    
      0      21.186295  23.924260  27.743454
P(iso)  24.284670
# -----------------------------------------------------------
$ EPRNMR_ATensor
   description: Hyperfine A tensor
   geom. index: 1
   prop. index: 1
 Number of stored nuclei 25
 Source density: 1 SCF 
 Spin multiplicity: 2 
 Nucleus: 9 H  
 Isotope: 1 
 Nuclear Spin:  0.5 
 Prefactor (MHz): 533.551395 
 Raw A tensor (MHz): 
                  0          1          2    
      0     -15.838569  -6.186538   0.002776
      1      -6.189272 -12.912416  -0.004361
      2       0.002777  -0.004362 -17.280782
 A Tensor eigenvectors:
                   0          1          2    
      0      -0.620425  -0.000465   0.784266
      1       0.784266   0.000340   0.620425
      2      -0.000555   1.000000   0.000153
 A Eigenvalues: 
                  0          1          2    
      0      -8.016971 -17.280785 -20.734011
A(iso)  -15.343922
 Nucleus: 10 H  
 Isotope: 1 
 Nuclear Spin:  0.5 
 Prefactor (MHz): 533.551395 
 Raw A tensor (MHz): 
                  0          1          2    
      0       8.324646   2.264012   0.000021
      1       2.265121   6.803199  -0.000456
      2       0.000020  -0.000455   4.459534
 A Tensor eigenvectors:
                   0          1          2    
      0      -0.000274  -0.583735  -0.811944
      1       0.000460   0.811944  -0.583735
      2       1.000000  -0.000533   0.000045
 A Eigenvalues: 
                  0          1          2    
      0       4.459534   5.174998   9.952847
A(iso)  6.529126
 Nucleus: 12 H  
 Isotope: 1 
 Nuclear Spin:  0.5 
 Prefactor (MHz): 533.551395 
 Raw A tensor (MHz): 
                  0          1          2    
      0     -20.596348  -1.720328   0.012682
      1      -1.717887 -74.617414   0.005873
      2       0.012682   0.005878 -49.521763
 A Tensor eigenvectors:
                   0          1          2    
      0       0.999494  -0.000423  -0.031797
      1      -0.031797   0.000263  -0.999494
      2       0.000431   1.000000   0.000249
 A Eigenvalues: 
                  0          1          2    
      0     -20.541691 -49.521767 -74.672067
A(iso)  -48.245175
 Nucleus: 14 H  
 Isotope: 1 
 Nuclear Spin:  0.5 
 Prefactor (MHz): 533.551395 
 Raw A tensor (MHz): 
                  0          1          2    
      0      73.683730  -3.584832  -2.002943
      1      -3.583714  75.515136   1.964741
      2      -2.001381   1.964910  70.434953
 A Tensor eigenvectors:
                   0          1          2    
      0       0.370078  -0.713185   0.595323
      1      -0.081205  -0.663202  -0.744022
      2       0.925445   0.227002  -0.303351
 A Eigenvalues: 
                  0          1          2    
      0      69.462085  70.987896  79.183839
A(iso)  73.211273
 Nucleus: 15 H  
 Isotope: 1 
 Nuclear Spin:  0.5 
 Prefactor (MHz): 533.551395 
 Raw A tensor (MHz): 
                  0          1          2    
      0      73.527629  -3.583291   2.003580
      1      -3.582170  75.345582  -1.966790
      2       2.002015  -1.966960  70.269956
 A Tensor eigenvectors:
                   0          1          2    
      0      -0.368328  -0.713671   0.595826
      1       0.082893  -0.663540  -0.743534
      2       0.925993  -0.224475   0.303559
 A Eigenvalues: 
                  0          1          2    
      0      69.297427  70.826476  79.019263
A(iso)  73.047722
 Nucleus: 17 H  
 Isotope: 1 
 Nuclear Spin:  0.5 
 Prefactor (MHz): 533.551395 
 Raw A tensor (MHz): 
                  0          1          2    
      0      -2.372392   2.122540  -0.662555
      1       2.122366   1.730667  -1.353769
      2      -0.661995  -1.352642  -2.934235
 A Tensor eigenvectors:
                   0          1          2    
      0       0.381555  -0.670766   0.635995
      1       0.891170   0.449626  -0.060435
      2      -0.245422   0.589839   0.769323
 A Eigenvalues: 
                  0          1          2    
      0       3.011707  -3.212320  -3.375347
A(iso)  -1.191987
 Nucleus: 18 H  
 Isotope: 1 
 Nuclear Spin:  0.5 
 Prefactor (MHz): 533.551395 
 Raw A tensor (MHz): 
                  0          1          2    
      0      -2.370271   2.124893   0.658384
      1       2.124718   1.731860   1.345747
      2       0.657828   1.344624  -2.936992
 A Tensor eigenvectors:
                   0          1          2    
      0      -0.381932   0.669152  -0.637466
      1      -0.891400  -0.448827   0.062938
      2      -0.243997   0.592275   0.767903
 A Eigenvalues: 
                  0          1          2    
      0       3.010124  -3.212550  -3.372977
A(iso)  -1.191801
 Nucleus: 20 H  
 Isotope: 1 
 Nuclear Spin:  0.5 
 Prefactor (MHz): 533.551395 
 Raw A tensor (MHz): 
                  0          1          2    
      0       0.072321  -0.258838   0.102782
      1      -0.259176   2.249554  -0.388024
      2       0.102927  -0.387831   0.106610
 A Tensor eigenvectors:
                   0          1          2    
      0       0.691526  -0.712493  -0.118934
      1      -0.044563  -0.206414   0.977450
      2      -0.720976  -0.670632  -0.174491
 A Eigenvalues: 
                  0          1          2    
      0      -0.017057   0.095216   2.350326
A(iso)  0.809495
 Nucleus: 21 H  
 Isotope: 1 
 Nuclear Spin:  0.5 
 Prefactor (MHz): 533.551395 
 Raw A tensor (MHz): 
                  0          1          2    
      0       0.071849  -0.257907  -0.102629
      1      -0.258246   2.251027   0.385370
      2      -0.102773   0.385177   0.105907
 A Tensor eigenvectors:
                   0          1          2    
      0      -0.693199   0.710944   0.118462
      1       0.043514   0.205341  -0.977723
      2      -0.719431  -0.672602  -0.173278
 A Eigenvalues: 
                  0          1          2    
      0      -0.017386   0.095588   2.350582
A(iso)  0.809595
 Nucleus: 23 H  
 Isotope: 1 
 Nuclear Spin:  0.5 
 Prefactor (MHz): 533.551395 
 Raw A tensor (MHz): 
                  0          1          2    
      0      26.380018   1.536057   0.925408
      1       1.535495  26.403061   0.485058
      2       0.924760   0.485241  25.036103
 A Tensor eigenvectors:
                   0          1          2    
      0      -0.599002   0.403504   0.691651
      1       0.290572  -0.695350   0.657310
      2       0.746167   0.594705   0.299268
 A Eigenvalues: 
                  0          1          2    
      0      24.482539  25.096779  28.239864
A(iso)  25.939727
 Nucleus: 24 H  
 Isotope: 1 
 Nuclear Spin:  0.5 
 Prefactor (MHz): 533.551395 
 Raw A tensor (MHz): 
                  0          1          2    
      0      26.373565   1.535959  -0.925315
      1       1.535397  26.394645  -0.485208
      2      -0.924667  -0.485392  25.028153
 A Tensor eigenvectors:
                   0          1          2    
      0       0.598644   0.403723   0.691833
      1      -0.290268  -0.695655   0.657122
      2       0.746573  -0.594199  -0.299261
 A Eigenvalues: 
                  0          1          2    
      0      24.475269  25.088734  28.232361
A(iso)  25.932121
 Nucleus: 26 H  
 Isotope: 1 
 Nuclear Spin:  0.5 
 Prefactor (MHz): 533.551395 
 Raw A tensor (MHz): 
                  0          1          2    
      0      -0.860583  -0.340709   0.086918
      1      -0.340313   0.781584  -0.407673
      2       0.086697  -0.407408  -0.966929
 A Tensor eigenvectors:
                   0          1          2    
      0       0.978011  -0.191395  -0.082834
      1       0.204503   0.958013   0.200969
      2       0.040891  -0.213490   0.976089
 A Eigenvalues: 
                  0          1          2    
      0      -0.928165   0.940406  -1.058169
A(iso)  -0.348643
 Nucleus: 27 H  
 Isotope: 1 
 Nuclear Spin:  0.5 
 Prefactor (MHz): 533.551395 
 Raw A tensor (MHz): 
                  0          1          2    
      0      -0.860569  -0.340885  -0.086674
      1      -0.340488   0.781897   0.406468
      2      -0.086453   0.406202  -0.967601
 A Tensor eigenvectors:
                   0          1          2    
      0       0.978025  -0.191473   0.082492
      1       0.204481   0.958143  -0.200373
      2      -0.040673   0.212838   0.976241
 A Eigenvalues: 
                  0          1          2    
      0      -0.928208   0.940215  -1.058279
A(iso)  -0.348758
 Nucleus: 29 H  
 Isotope: 1 
 Nuclear Spin:  0.5 
 Prefactor (MHz): 533.551395 
 Raw A tensor (MHz): 
                  0          1          2    
      0      -0.027629   0.289548   0.063781
      1       0.289667   0.719479   0.127097
      2       0.063789   0.127008  -0.084849
 A Tensor eigenvectors:
                   0          1          2    
      0      -0.441401   0.837204  -0.322883
      1       0.289490  -0.207728  -0.934369
      2      -0.849329  -0.505903  -0.150671
 A Eigenvalues: 
                  0          1          2    
      0      -0.094959  -0.138095   0.840055
A(iso)  0.202334
 Nucleus: 30 H  
 Isotope: 1 
 Nuclear Spin:  0.5 
 Prefactor (MHz): 533.551395 
 Raw A tensor (MHz): 
                  0          1          2    
      0      -0.027240   0.289498  -0.063931
      1       0.289617   0.719595  -0.127536
      2      -0.063940  -0.127447  -0.084369
 A Tensor eigenvectors:
                   0          1          2    
      0      -0.441659   0.837058   0.322910
      1       0.290041  -0.207378   0.934275
      2       0.849007   0.506288  -0.151191
 A Eigenvalues: 
                  0          1          2    
      0      -0.094618  -0.137712   0.840315
A(iso)  0.202662
 Nucleus: 32 H  
 Isotope: 1 
 Nuclear Spin:  0.5 
 Prefactor (MHz): 533.551395 
 Raw A tensor (MHz): 
                  0          1          2    
      0      -0.102430   0.009022   0.000243
      1       0.009108   0.384532   0.065919
      2       0.000249   0.065888  -0.115646
 A Tensor eigenvectors:
                   0          1          2    
      0       0.998936  -0.042410   0.018111
      1      -0.012495   0.129117   0.991551
      2      -0.044390  -0.990722   0.128450
 A Eigenvalues: 
                  0          1          2    
      0      -0.102555  -0.124222   0.393234
A(iso)  0.055485
 Nucleus: 33 H  
 Isotope: 1 
 Nuclear Spin:  0.5 
 Prefactor (MHz): 533.551395 
 Raw A tensor (MHz): 
                  0          1          2    
      0      -0.102452   0.009022  -0.000242
      1       0.009108   0.384436  -0.066168
      2      -0.000248  -0.066138  -0.115601
 A Tensor eigenvectors:
                   0          1          2    
      0       0.998925  -0.042664  -0.018111
      1      -0.012440   0.129617  -0.991486
      2       0.044648   0.990646   0.128947
 A Eigenvalues: 
                  0          1          2    
      0      -0.102576  -0.124245   0.393204
A(iso)  0.055461
 Nucleus: 35 H  
 Isotope: 1 
 Nuclear Spin:  0.5 
 Prefactor (MHz): 533.551395 
 Raw A tensor (MHz): 
                  0          1          2    
      0      -3.624113  -1.117339  -0.015253
      1      -1.114787 -11.631643   0.002489
      2      -0.015249   0.002496  -8.862597
 A Tensor eigenvectors:
                   0          1          2    
      0      -0.990752   0.002857   0.135654
      1       0.135654  -0.000254   0.990756
      2       0.002865   0.999996  -0.000136
 A Eigenvalues: 
                  0          1          2    
      0      -3.471426  -8.862641 -11.784286
A(iso)  -8.039451
 Nucleus: 36 H  
 Isotope: 1 
 Nuclear Spin:  0.5 
 Prefactor (MHz): 533.551395 
 Raw A tensor (MHz): 
                  0          1          2    
      0      -0.817153   0.250398  -0.000344
      1       0.250259   0.680580  -0.001009
      2      -0.000343  -0.001009  -0.842005
 A Tensor eigenvectors:
                   0          1          2    
      0      -0.160642   0.010892   0.986953
      1      -0.987012  -0.002454  -0.160625
      2       0.000673  -0.999938   0.011145
 A Eigenvalues: 
                  0          1          2    
      0       0.721312  -0.842004  -0.857887
A(iso)  -0.326193
 Nucleus: 37 H  
 Isotope: 1 
 Nuclear Spin:  0.5 
 Prefactor (MHz): 533.551395 
 Raw A tensor (MHz): 
                  0          1          2    
      0      -0.122231   0.068571  -0.000016
      1       0.068629   0.230222  -0.000091
      2      -0.000016  -0.000091  -0.134066
 A Tensor eigenvectors:
                   0          1          2    
      0       0.000849   0.982836   0.184478
      1       0.000090  -0.184478   0.982837
      2       1.000000  -0.000818  -0.000245
 A Eigenvalues: 
                  0          1          2    
      0      -0.134066  -0.135112   0.243104
A(iso)  -0.008691
 Nucleus: 44 H  
 Isotope: 1 
 Nuclear Spin:  0.5 
 Prefactor (MHz): 533.551395 
 Raw A tensor (MHz): 
                  0          1          2    
      0       0.412859   0.038063  -0.000099
      1       0.038066   1.066613   0.000001
      2      -0.000099   0.000002   0.647153
 A Tensor eigenvectors:
                   0          1          2    
      0       0.998321  -0.000419  -0.057928
      1      -0.057928   0.000034  -0.998321
      2       0.000420   1.000000   0.000010
 A Eigenvalues: 
                  0          1          2    
      0       0.410650   0.647154   1.068822
A(iso)  0.708875
 Nucleus: 45 H  
 Isotope: 1 
 Nuclear Spin:  0.5 
 Prefactor (MHz): 533.551395 
 Raw A tensor (MHz): 
