-------------------------------------------------------------
----------------------- !PROPERTIES! ------------------------
-------------------------------------------------------------
# -----------------------------------------------------------
$ PAL_Flags
   description: The PAL Flags
   geom. index: 1
   prop. index: 1
        Diskflag:     2
# -----------------------------------------------------------
$ SCF_Energy
   description: The SCF energy
   geom. index: 1
   prop. index: 1
        SCF Energy:     -928.9717369670
# -----------------------------------------------------------
$ DFT_Energy
   description: The DFT energy
   geom. index: 1
   prop. index: 1
   Number of Alpha Electrons                 85.0001605843 
   Number of Beta  Electrons                 84.0001501850 
   Total number of  Electrons               169.0003107694 
   Exchange energy                         -105.5495887201 
   Correlation energy                        -6.5768579463 
   Correlation energy NL                      0.0000000000 
   Exchange-Correlation energy             -112.1264466664 
   Embedding correction                       0.0000000000 
   Total DFT Energy (No VdW correction)    -928.9717369670 
# -----------------------------------------------------------
$ Mayer_Pop
   description: The Mayer population analysis
   geom. index: 1
   prop. index: 1
     Number of atoms                     : 49
     Threshold for printing              : 0.1000000
     Number of bond orders printed       : 56
  NA   - Mulliken gross atomic population
  ZA   - Total nuclear charge
  QA   - Mulliken gross atomic charge
  VA   - Mayer's total valence
  BVA  - Mayer's bonded valence
  FA   - Mayer's free valence
  ATOM       NA         ZA         QA         VA         BVA        FA
  0   0     6.5465     6.0000    -0.5465     3.8846     3.8778     0.0068
  1   0     6.0101     6.0000    -0.0101     3.8084     3.8070     0.0014
  2   0     6.3888     6.0000    -0.3888     3.7741     3.7736     0.0005
  3   0     5.6523     6.0000     0.3477     3.9222     3.8875     0.0347
  4   0     5.5486     6.0000     0.4514     3.8329     3.8187     0.0142
  5   0     6.4645     6.0000    -0.4645     4.2358     4.2006     0.0352
  6   0     5.4494     6.0000     0.5506     3.9161     3.9093     0.0068
  7   0     5.7537     6.0000     0.2463     3.9245     3.8864     0.0381
  8   0     6.3854     6.0000    -0.3854     4.3239     4.3159     0.0080
  9   0     0.8709     1.0000     0.1291     0.9665     0.9663     0.0002
 10   0     0.8674     1.0000     0.1326     0.9662     0.9662     0.0000
 11   0     6.2956     6.0000    -0.2956     4.0424     3.6570     0.3854
 12   0     0.8666     1.0000     0.1334     0.9801     0.9785     0.0016
 13   0     6.2682     6.0000    -0.2682     3.9661     3.9647     0.0014
 14   0     0.8499     1.0000     0.1501     0.9645     0.9635     0.0010
 15   0     0.8499     1.0000     0.1501     0.9645     0.9635     0.0010
 16   0     6.2832     6.0000    -0.2832     3.9004     3.9004     0.0000
 17   0     0.8464     1.0000     0.1536     0.9639     0.9639     0.0000
 18   0     0.8464     1.0000     0.1536     0.9639     0.9639     0.0000
 19   0     6.5073     6.0000    -0.5073     3.9055     3.9055     0.0000
 20   0     0.8429     1.0000     0.1571     0.9659     0.9659     0.0000
 21   0     0.8429     1.0000     0.1571     0.9659     0.9659     0.0000
 22   0     6.3534     6.0000    -0.3534     4.0264     4.0262     0.0002
 23   0     0.8497     1.0000     0.1503     0.9634     0.9633     0.0001
 24   0     0.8498     1.0000     0.1502     0.9634     0.9633     0.0001
 25   0     6.2674     6.0000    -0.2674     4.0289     4.0289     0.0000
 26   0     0.8604     1.0000     0.1396     0.9668     0.9668     0.0000
 27   0     0.8604     1.0000     0.1396     0.9668     0.9668     0.0000
 28   0     6.2545     6.0000    -0.2545     3.8914     3.8914     0.0000
 29   0     0.8586     1.0000     0.1414     0.9677     0.9677     0.0000
 30   0     0.8585     1.0000     0.1415     0.9677     0.9677     0.0000
 31   0     6.5088     6.0000    -0.5088     3.9017     3.9017     0.0000
 32   0     0.8418     1.0000     0.1582     0.9657     0.9657     0.0000
 33   0     0.8418     1.0000     0.1582     0.9657     0.9657     0.0000
 34   0     6.3005     6.0000    -0.3005     3.9617     3.9605     0.0012
 35   0     0.8166     1.0000     0.1834     0.9778     0.9778     0.0000
 36   0     0.8550     1.0000     0.1450     0.9674     0.9674     0.0000
 37   0     0.8575     1.0000     0.1425     0.9672     0.9672     0.0000
 38   0     5.4061     6.0000     0.5939     3.9373     3.9373     0.0000
 39   0     6.2823     6.0000    -0.2823     4.2006     4.2005     0.0001
 40   0     6.0973     6.0000    -0.0973     4.0978     4.0978     0.0000
 41   0     6.1209     6.0000    -0.1209     4.0790     4.0789     0.0001
 42   0     6.1014     6.0000    -0.1014     4.1024     4.1024     0.0000
 43   0     6.2741     6.0000    -0.2741     4.1869     4.1868     0.0001
 44   0     0.8940     1.0000     0.1060     0.9584     0.9584     0.0000
 45   0     0.8947     1.0000     0.1053     0.9617     0.9617     0.0000
 46   0     0.8812     1.0000     0.1188     0.9606     0.9606     0.0000
 47   0     0.8814     1.0000     0.1186     0.9606     0.9606     0.0000
 48   0     0.8948     1.0000     0.1052     0.9618     0.9618     0.0000
      Bond orders larger than 0.1000000
           Atom A     A.N. of A          Atom B    A.N. of B              Bond order
                0             6               1            6                2.688765
                0             6              35            1                0.987333
                1             6               3            6                0.925914
                2             6               6            6                0.785165
                2             6              34            6                2.519170
                3             6               4            6                1.247653
                3             6               8            6                1.426871
                4             6               5            6                1.229364
                4             6               6            6                0.118055
                4             6              11            6                1.267881
                5             6               6            6                1.498346
                5             6               9            1                0.970434
                6             6               7            6                1.329680
                6             6               8            6                0.125191
                6             6              34            6                0.101581
                7             6               8            6                1.417011
                7             6              22            6                0.967329
                8             6              10            1                0.971811
               11             6              12            1                0.990618
               11             6              13            6                1.005357
               13             6              14            1                0.954165
               13             6              15            1                0.954113
               13             6              16            6                0.981093
               16             6              17            1                0.971974
               16             6              18            1                0.971929
               16             6              19            6                0.961015
               19             6              20            1                0.972814
               19             6              21            1                0.972823
               19             6              36            1                0.967178
               22             6              23            1                0.954536
               22             6              24            1                0.954653
               22             6              25            6                1.024650
               25             6              26            1                0.960759
               25             6              27            1                0.960794
               25             6              28            6                0.988267
               28             6              29            1                0.971284
               28             6              30            1                0.971282
               28             6              31            6                0.954285
               31             6              32            1                0.973019
               31             6              33            1                0.973012
               31             6              37            1                0.967122
               34             6              38            6                1.007705
               38             6              39            6                1.390681
               38             6              40            6                0.100243
               38             6              43            6                1.385192
               39             6              40            6                1.476346
               39             6              41            6                0.100659
               39             6              46            1                0.982595
               40             6              41            6                1.452656
               40             6              48            1                0.976173
               41             6              42            6                1.455261
               41             6              43            6                0.101685
               41             6              44            1                0.965885
               42             6              43            6                1.476557
               42             6              45            1                0.977112
               43             6              47            1                0.980314
# -----------------------------------------------------------
$ Calculation_Info
   description: Details of the calculation
   geom. index: 1
   prop. index: 1
     Multiplicity:                          2
     Charge:                                0
     number of atoms:                       49
     number of electrons:                   0
     number of frozen core electrons:       1
     number of correlated electrons:        0
     number of basis functions:             583
     number of aux C basis functions:       4070
     number of aux J basis functions:       4070
     number of aux JK basis functions:      4070
     number of aux CABS basis functions:    0
     Total Energy                           -928.971737
# -----------------------------------------------------------
$ SCF_Electric_Properties
   description: The SCF Calculated Electric Properties
   geom. index: 1
   prop. index: 1
       Filename                          : EPRII.scfp 
       Do Dipole Moment Calculation      : true 
       Do Quadrupole Moment Calculation  : false 
       Do Polarizability Calculation     : false 
** Dipole moment part of electric properties **
        Magnitude of dipole moment (Debye) :        1.1002688481
        Electronic Contribution:
                  0    
      0       9.507608
      1      -2.465358
      2      -0.004489
        Nuclear Contribution:
                  0    
      0      -9.078436
      1       2.408915
      2       0.006145
        Total Dipole moment:
                  0    
      0       0.429171
      1      -0.056444
      2       0.001656
# -----------------------------------------------------------
$ EPRNMR_GTensor
   description: Electronic g tensor
   geom. index: 1
   prop. index: 1
 Source density: 1 SCF 
 Spin multiplicity: 2 
 raw g tensor: 
                  0          1          2    
      0       2.002736   0.000123   0.000000
      1       0.000126   2.002752  -0.000000
      2       0.000000  -0.000000   2.002314
 g tensor: 
                  0          1          2    
      0      -0.000495  -0.729588  -0.683887
      1       0.000664   0.683886  -0.729588
      2       1.000000  -0.000815   0.000146
 G eigenvalues: 
                  0          1          2    
      0       2.002314   2.002619   2.002869
# -----------------------------------------------------------
$ EPRNMR_OrbitalShielding
   description: Orbital contribution to the NMR Shielding tensor (ppm)
   geom. index: 1
   prop. index: 1
 Number of stored nuclei 25
 Source density: 1 SCF 
 Nucleus: 9 H 
 Shielding tensor (ppm): 
                  0          1          2    
      0      33.516697 147.792556  -0.050925
      1     -172.751910 134.259357  -0.027347
      2       0.044739   0.020379 119.292204
 P Tensor eigenvectors:
                   0          1          2    
      0      -0.000563  -0.786466   0.617633
      1      -0.000059  -0.617634  -0.786466
      2       1.000000  -0.000479   0.000302
 P Eigenvalues: 
                  0          1          2    
      0     119.292180  59.823186 107.952892
P(iso)  95.689419
 Nucleus: 10 H 
 Shielding tensor (ppm): 
                  0          1          2    
      0      36.121778 -160.112674   0.090683
      1      13.781981  31.217129  -0.007962
      2      -0.025796  -0.000813  39.563553
 P Tensor eigenvectors:
                   0          1          2    
      0       0.979771   0.000838  -0.200121
      1       0.200121  -0.000412   0.979771
      2       0.000739  -1.000000  -0.000571
 P Eigenvalues: 
                  0          1          2    
      0       7.233888  39.563542  60.105030
P(iso)  35.634153
 Nucleus: 12 H 
 Shielding tensor (ppm): 
                  0          1          2    
      0      65.431232 -119.792104   0.193557
      1     251.659089 -52.594253   0.126915
      2      -0.136846  -0.078793  -5.475759
 P Tensor eigenvectors:
                   0          1          2    
      0      -0.000218   0.340793  -0.940138
      1       0.001454   0.940137   0.340792
      2       0.999999  -0.001293  -0.000700
 P Eigenvalues: 
                  0          1          2    
      0      -5.475839   3.362387   9.474673
P(iso)  2.453740
 Nucleus: 14 H 
 Shielding tensor (ppm): 
                  0          1          2    
      0      40.710295 261.017465 211.242300
      1     -319.271842 114.312073 321.452273
      2     -158.968976 -235.290062 126.217863
 P Tensor eigenvectors:
                   0          1          2    
      0      -0.661334   0.481403  -0.575229
      1       0.380026   0.876208   0.296378
      2      -0.646698   0.022597   0.762412
 P Eigenvalues: 
                  0          1          2    
      0     102.922390  74.963487 103.354355
P(iso)  93.746744
 Nucleus: 15 H 
 Shielding tensor (ppm): 
                  0          1          2    
      0      40.806658 261.059770 -211.082520
      1     -319.489552 114.378834 -321.050610
      2     158.892684 235.036199 126.395172
 P Tensor eigenvectors:
                   0          1          2    
      0      -0.660867   0.481202   0.575934
      1       0.379883   0.876308  -0.296264
      2       0.647259  -0.022996   0.761924
 P Eigenvalues: 
                  0          1          2    
      0     103.124484  75.021316 103.434864
P(iso)  93.860221
 Nucleus: 17 H 
 Shielding tensor (ppm): 
                  0          1          2    
      0      44.234649 -227.345432 -272.449251
      1     344.978658 -23.300008 -396.477862
      2     185.996811 290.248307 -12.454283
 P Tensor eigenvectors:
                   0          1          2    
      0      -0.671646   0.459936  -0.580819
      1       0.465321   0.871928   0.152371
      2      -0.576513   0.167928   0.799646
 P Eigenvalues: 
                  0          1          2    
      0     -30.971794  16.235242  23.216909
P(iso)  2.826786
 Nucleus: 18 H 
 Shielding tensor (ppm): 
                  0          1          2    
      0      44.177617 -227.390572 272.266724
      1     345.277465 -23.327603 395.961877
      2     -185.981239 -289.847309 -12.706421
 P Tensor eigenvectors:
                   0          1          2    
      0      -0.671067   0.459549   0.581794
      1       0.465394   0.871964  -0.151944
      2       0.577129  -0.168798   0.799018
 P Eigenvalues: 
                  0          1          2    
      0     -31.123680  16.157783  23.109491
P(iso)  2.714531
 Nucleus: 20 H 
 Shielding tensor (ppm): 
                  0          1          2    
      0     -14.566947 384.760906 -206.100203
      1     -444.836076  85.700133 -458.086395
      2     150.010208 330.950407  45.765311
 P Tensor eigenvectors:
                   0          1          2    
      0      -0.672994  -0.436427   0.597168
      1       0.283045  -0.897874  -0.337206
      2       0.683348  -0.057913   0.727792
 P Eigenvalues: 
                  0          1          2    
      0      34.287255  34.899124  47.712119
P(iso)  38.966166
 Nucleus: 21 H 
 Shielding tensor (ppm): 
                  0          1          2    
      0     -14.636672 384.589374 205.983202
      1     -444.438902  85.716560 458.391960
      2     -149.802016 -331.203131  45.534525
 P Tensor eigenvectors:
                   0          1          2    
      0      -0.673528  -0.436554  -0.596473
      1       0.282810  -0.897757   0.337715
      2      -0.682919   0.058772   0.728126
 P Eigenvalues: 
                  0          1          2    
      0      34.129039  34.844057  47.641316
P(iso)  38.871471
 Nucleus: 23 H 
 Shielding tensor (ppm): 
                  0          1          2    
      0      67.673348 -125.580303 -11.996319
      1     183.437993  99.670593 220.135018
      2      16.510281 -161.917447 122.227093
 P Tensor eigenvectors:
                   0          1          2    
      0       0.803928   0.032865   0.593818
      1      -0.079845  -0.983468   0.162526
      2      -0.589343   0.178072   0.788013
 P Eigenvalues: 
                  0          1          2    
      0      83.712192  88.312117 117.546724
P(iso)  96.523678
 Nucleus: 24 H 
 Shielding tensor (ppm): 
                  0          1          2    
      0      67.686183 -125.641020  12.028756
      1     183.540652  99.660009 -219.978266
      2     -16.572461 161.824263 122.264142
 P Tensor eigenvectors:
                   0          1          2    
      0       0.803599   0.032921  -0.594260
      1      -0.079792  -0.983496  -0.162385
      2       0.589798  -0.177910   0.787710
 P Eigenvalues: 
                  0          1          2    
      0      83.746021  88.317376 117.546937
P(iso)  96.536778
 Nucleus: 26 H 
 Shielding tensor (ppm): 
                  0          1          2    
      0      54.561801 162.856084  88.698255
      1     -260.775713  47.684749 -326.179959
      2     -55.792402 238.111736  65.316638
 P Tensor eigenvectors:
                   0          1          2    
      0       0.763368   0.208325   0.611449
      1       0.254780  -0.966932   0.011360
      2      -0.593597  -0.147113   0.791202
 P Eigenvalues: 
                  0          1          2    
      0      37.268891  54.553320  75.740976
P(iso)  55.854396
 Nucleus: 27 H 
 Shielding tensor (ppm): 
                  0          1          2    
      0      54.563070 162.908002 -88.759352
      1     -260.888389  47.720474 326.078383
      2      55.912466 -238.017676  65.251656
 P Tensor eigenvectors:
                   0          1          2    
      0       0.763116   0.208230  -0.611796
      1       0.255058  -0.966864  -0.010937
      2       0.593801   0.147697   0.790940
 P Eigenvalues: 
                  0          1          2    
      0      37.268847  54.540451  75.725900
P(iso)  55.845066
 Nucleus: 29 H 
 Shielding tensor (ppm): 
                  0          1          2    
      0      37.458972 -271.408065 -14.218897
      1     371.454186  64.402882 402.046820
      2      18.140943 -292.074206  63.524061
 P Tensor eigenvectors:
                   0          1          2    
      0      -0.736912   0.072473  -0.672093
      1      -0.008311  -0.995133  -0.098194
      2       0.675938   0.066775  -0.733927
 P Eigenvalues: 
                  0          1          2    
      0      47.411107  49.753459  68.221350
P(iso)  55.128639
 Nucleus: 30 H 
 Shielding tensor (ppm): 
                  0          1          2    
      0      37.450576 -271.431197  14.352056
      1     371.488398  64.348021 -402.003037
      2     -18.322815 292.045580  63.570117
 P Tensor eigenvectors:
                   0          1          2    
      0       0.736836   0.072496  -0.672174
      1       0.008638  -0.995162  -0.097862
      2       0.676017  -0.066302   0.733897
 P Eigenvalues: 
                  0          1          2    
      0      47.406047  49.748554  68.214113
P(iso)  55.122905
 Nucleus: 32 H 
 Shielding tensor (ppm): 
                  0          1          2    
      0      -3.758253 237.948556 -67.949770
      1     -346.845797  32.518244 460.084518
      2      47.780330 -333.895208  -3.209222
 P Tensor eigenvectors:
                   0          1          2    
      0       0.797418   0.046738  -0.601614
      1       0.133215  -0.986032   0.099970
      2       0.588539   0.159862   0.792506
 P Eigenvalues: 
                  0          1          2    
      0     -14.064489  16.502676  23.112582
P(iso)  8.516923
 Nucleus: 33 H 
 Shielding tensor (ppm): 
                  0          1          2    
      0      -3.759853 237.988274  67.830447
      1     -346.878701  32.456489 -460.077174
      2     -47.604725 333.864381  -3.148979
 P Tensor eigenvectors:
                   0          1          2    
      0       0.797396   0.046723   0.601645
      1       0.132920  -0.986111  -0.099586
      2      -0.588635  -0.159380   0.792532
 P Eigenvalues: 
                  0          1          2    
      0     -14.068011  16.502944  23.112723
P(iso)  8.515885
 Nucleus: 35 H 
 Shielding tensor (ppm): 
                  0          1          2    
      0      49.961024 -52.182490  -1.701146
      1      33.008650 -176.418387   0.014431
      2       1.045790   0.008707 -160.077924
 P Tensor eigenvectors:
                   0          1          2    
      0      -0.967839  -0.005373   0.251513
      1      -0.251403  -0.015831  -0.967753
      2      -0.009181   0.999860  -0.013972
 P Eigenvalues: 
                  0          1          2    
      0      30.964289 -160.074433 -157.425144
P(iso)  -95.511763
 Nucleus: 36 H 
 Shielding tensor (ppm): 
                  0          1          2    
      0     -100.040313  13.081613  -0.174526
      1     156.240339   4.818296  -0.425258
      2       0.060040   0.215442 -144.428424
 P Tensor eigenvectors:
                   0          1          2    
      0      -0.016238  -0.004177   0.999859
      1      -0.999867   0.001828  -0.016231
      2      -0.001760  -0.999990  -0.004206
 P Eigenvalues: 
                  0          1          2    
      0       7.538907 -144.428538 -102.760810
P(iso)  -79.883481
 Nucleus: 37 H 
 Shielding tensor (ppm): 
                  0          1          2    
      0     -107.599982 -286.345832   0.071128
      1     351.184829  60.728714  -0.036766
      2      -0.086474  -0.037121 -94.376688
 P Tensor eigenvectors:
                   0          1          2    
      0      -0.000006  -0.535302  -0.844660
      1       0.000253   0.844660  -0.535302
      2       1.000000  -0.000217   0.000130
 P Eigenvalues: 
                  0          1          2    
      0     -94.376697 -16.822535 -30.048724
P(iso)  -47.082652
 Nucleus: 44 H 
 Shielding tensor (ppm): 
                  0          1          2    
      0      41.087373 -13.659383   0.208824
      1       2.088403 -246.585084  -0.001635
      2      -0.129437   0.003275 -172.873598
 P Tensor eigenvectors:
                   0          1          2    
      0      -0.999835   0.001093   0.018140
      1      -0.018140   0.000135  -0.999835
      2       0.001095   0.999999   0.000115
 P Eigenvalues: 
                  0          1          2    
      0      40.782508 -172.873259 -246.280559
P(iso)  -126.123770
 Nucleus: 45 H 
 Shielding tensor (ppm): 
                  0          1          2    
      0      10.426986 561.170509   0.093917
      1     -311.420323 -94.195032   0.023150
      2      -0.070101   0.010282 -81.652593
 P Tensor eigenvectors:
                   0          1          2    
      0       0.000070  -0.988697  -0.149929
      1      -0.000164   0.149929  -0.988697
      2       1.000000   0.000093  -0.000152
 P Eigenvalues: 
                  0          1          2    
      0     -81.652600 -28.946243 -54.821797
P(iso)  -55.140213
 Nucleus: 46 H 
 Shielding tensor (ppm): 
                  0          1          2    
      0       6.535214 -540.401103  -0.092034
      1     368.521790 156.361556  -0.002230
      2       0.064302   0.004227 102.843768
 P Tensor eigenvectors:
                   0          1          2    
      0       0.000031  -0.963822  -0.266547
      1      -0.000168   0.266547  -0.963822
      2       1.000000   0.000075  -0.000154
 P Eigenvalues: 
                  0          1          2    
      0     102.843769  61.336530 101.560239
P(iso)  88.580179
 Nucleus: 47 H 
 Shielding tensor (ppm): 
                  0          1          2    
      0      15.669429 512.876898  -0.094228
      1     -328.143080 146.912850   0.012548
      2       0.059422  -0.007536 101.818487
 P Tensor eigenvectors:
                   0          1          2    
      0       0.000071   0.977323  -0.211756
      1       0.000183   0.211756   0.977323
      2       1.000000  -0.000108  -0.000164
 P Eigenvalues: 
                  0          1          2    
      0     101.818489  59.785810 102.796467
P(iso)  88.133589
 Nucleus: 48 H 
 Shielding tensor (ppm): 
                  0          1          2    
      0       0.254320 -583.462952   0.101902
      1     327.009959 -82.779833  -0.021489
      2      -0.072451  -0.008590 -80.232482
 P Tensor eigenvectors:
                   0          1          2    
      0       0.000058   0.993805  -0.111137
      1       0.000172   0.111137   0.993805
      2       1.000000  -0.000077  -0.000164
 P Eigenvalues: 
                  0          1          2    
      0     -80.232488 -29.096116 -53.429391
P(iso)  -54.252665
# -----------------------------------------------------------
$ EPRNMR_ATensor
   description: Hyperfine A tensor
   geom. index: 1
   prop. index: 1
 Number of stored nuclei 25
 Source density: 1 SCF 
 Spin multiplicity: 2 
 Nucleus: 9 H  
 Isotope: 1 
 Nuclear Spin:  0.5 
 Prefactor (MHz): 533.551395 
 Raw A tensor (MHz): 
                  0          1          2    
      0     -15.890511  -6.194622   0.002778
      1      -6.197354 -12.955503  -0.004364
      2       0.002779  -0.004365 -17.332027
 A Tensor eigenvectors:
                   0          1          2    
      0      -0.620274  -0.000464   0.784385
      1       0.784385   0.000341   0.620274
      2      -0.000555   1.000000   0.000153
 A Eigenvalues: 
                  0          1          2    
      0      -8.055600 -17.332030 -20.790412
A(iso)  -15.392681
 Nucleus: 10 H  
 Isotope: 1 
 Nuclear Spin:  0.5 
 Prefactor (MHz): 533.551395 
 Raw A tensor (MHz): 
                  0          1          2    
      0       8.357628   2.269222   0.000019
      1       2.270335   6.829211  -0.000453
      2       0.000019  -0.000453   4.490485
 A Tensor eigenvectors:
                   0          1          2    
      0      -0.000276  -0.583456  -0.812145
      1       0.000461   0.812145  -0.583456
      2       1.000000  -0.000535   0.000045
 A Eigenvalues: 
                  0          1          2    
      0       4.490485   5.198444   9.988396
A(iso)  6.559108
 Nucleus: 12 H  
 Isotope: 1 
 Nuclear Spin:  0.5 
 Prefactor (MHz): 533.551395 
 Raw A tensor (MHz): 
                  0          1          2    
      0     -20.595965  -1.720470   0.012680
      1      -1.718030 -74.614313   0.005873
      2       0.012681   0.005879 -49.520277
 A Tensor eigenvectors:
                   0          1          2    
      0       0.999494  -0.000423  -0.031801
      1      -0.031801   0.000263  -0.999494
      2       0.000431   1.000000   0.000249
 A Eigenvalues: 
                  0          1          2    
      0     -20.541296 -49.520281 -74.668978
A(iso)  -48.243518
 Nucleus: 14 H  
 Isotope: 1 
 Nuclear Spin:  0.5 
 Prefactor (MHz): 533.551395 
 Raw A tensor (MHz): 
                  0          1          2    
      0      73.676120  -3.584207  -2.002737
      1      -3.583089  75.508000   1.964746
      2      -2.001175   1.964915  70.427624
 A Tensor eigenvectors:
                   0          1          2    
      0       0.370016  -0.713249   0.595285
      1      -0.081285  -0.663160  -0.744051
      2       0.925463   0.226923  -0.303356
 A Eigenvalues: 
                  0          1          2    
      0      69.454821  70.981032  79.175891
A(iso)  73.203915
 Nucleus: 15 H  
 Isotope: 1 
 Nuclear Spin:  0.5 
 Prefactor (MHz): 533.551395 
 Raw A tensor (MHz): 
                  0          1          2    
      0      73.520042  -3.582666   2.003372
      1      -3.581545  75.338473  -1.966794
      2       2.001808  -1.966964  70.262652
 A Tensor eigenvectors:
                   0          1          2    
      0      -0.368267  -0.713735   0.595787
      1       0.082972  -0.663498  -0.743563
      2       0.926010  -0.224396   0.303564
 A Eigenvalues: 
                  0          1          2    
      0      69.290189  70.819638  79.011340
A(iso)  73.040389
 Nucleus: 17 H  
 Isotope: 1 
 Nuclear Spin:  0.5 
 Prefactor (MHz): 533.551395 
 Raw A tensor (MHz): 
                  0          1          2    
      0      -2.372325   2.122392  -0.662544
      1       2.122217   1.730390  -1.353686
      2      -0.661984  -1.352560  -2.934202
 A Tensor eigenvectors:
                   0          1          2    
      0       0.381558  -0.670884   0.635868
      1       0.891168   0.449642  -0.060350
      2      -0.245425   0.589692   0.769435
 A Eigenvalues: 
                  0          1          2    
      0       3.011360  -3.212209  -3.375287
A(iso)  -1.192046
 Nucleus: 18 H  
 Isotope: 1 
 Nuclear Spin:  0.5 
 Prefactor (MHz): 533.551395 
 Raw A tensor (MHz): 
                  0          1          2    
      0      -2.370202   2.124744   0.658373
      1       2.124569   1.731584   1.345665
      2       0.657817   1.344542  -2.936958
 A Tensor eigenvectors:
                   0          1          2    
      0      -0.381935   0.669273  -0.637337
      1      -0.891398  -0.448843   0.062851
      2      -0.244000   0.592126   0.768018
 A Eigenvalues: 
                  0          1          2    
      0       3.009778  -3.212439  -3.372915
A(iso)  -1.191859
 Nucleus: 20 H  
 Isotope: 1 
 Nuclear Spin:  0.5 
 Prefactor (MHz): 533.551395 
 Raw A tensor (MHz): 
                  0          1          2    
      0       0.072307  -0.258819   0.102774
      1      -0.259158   2.249496  -0.388014
      2       0.102919  -0.387821   0.106595
 A Tensor eigenvectors:
                   0          1          2    
      0       0.691516  -0.712504  -0.118928
      1      -0.044569  -0.206408   0.977450
      2      -0.720985  -0.670622  -0.174490
 A Eigenvalues: 
                  0          1          2    
      0      -0.017064   0.095200   2.350262
A(iso)  0.809466
 Nucleus: 21 H  
 Isotope: 1 
 Nuclear Spin:  0.5 
 Prefactor (MHz): 533.551395 
 Raw A tensor (MHz): 
                  0          1          2    
      0       0.071835  -0.257889  -0.102621
      1      -0.258228   2.250969   0.385360
      2      -0.102765   0.385168   0.105892
 A Tensor eigenvectors:
                   0          1          2    
      0      -0.693189   0.710956   0.118456
      1       0.043520   0.205335  -0.977724
      2      -0.719441  -0.672592  -0.173277
 A Eigenvalues: 
                  0          1          2    
      0      -0.017393   0.095572   2.350518
A(iso)  0.809566
 Nucleus: 23 H  
 Isotope: 1 
 Nuclear Spin:  0.5 
 Prefactor (MHz): 533.551395 
 Raw A tensor (MHz): 
                  0          1          2    
      0      26.393761   1.536433   0.925327
      1       1.535871  26.418527   0.485537
      2       0.924679   0.485720  25.049905
 A Tensor eigenvectors:
                   0          1          2    
      0      -0.598911   0.403958   0.691464
      1       0.290162  -0.695313   0.657530
      2       0.746399   0.594439   0.299218
 A Eigenvalues: 
                  0          1          2    
      0      24.496609  25.110730  28.254854
A(iso)  25.954064
 Nucleus: 24 H  
 Isotope: 1 
 Nuclear Spin:  0.5 
 Prefactor (MHz): 533.551395 
 Raw A tensor (MHz): 
                  0          1          2    
      0      26.387307   1.536337  -0.925234
      1       1.535775  26.410110  -0.485689
      2      -0.924586  -0.485873  25.041956
 A Tensor eigenvectors:
                   0          1          2    
      0       0.598554   0.404177   0.691646
      1      -0.289858  -0.695618   0.657342
      2       0.746803  -0.593934  -0.299211
 A Eigenvalues: 
                  0          1          2    
      0      24.489340  25.102682  28.247351
A(iso)  25.946458
 Nucleus: 26 H  
 Isotope: 1 
 Nuclear Spin:  0.5 
 Prefactor (MHz): 533.551395 
 Raw A tensor (MHz): 
                  0          1          2    
      0      -0.861047  -0.341109   0.086984
      1      -0.340712   0.781248  -0.407724
      2       0.086763  -0.407459  -0.967398
 A Tensor eigenvectors:
                   0          1          2    
      0       0.977987  -0.191570  -0.082723
      1       0.204651   0.957979   0.200984
      2       0.040744  -0.213489   0.976095
 A Eigenvalues: 
                  0          1          2    
      0      -0.928779   0.940232  -1.058650
A(iso)  -0.349065
 Nucleus: 27 H  
 Isotope: 1 
 Nuclear Spin:  0.5 
 Prefactor (MHz): 533.551395 
 Raw A tensor (MHz): 
                  0          1          2    
      0      -0.861032  -0.341285  -0.086739
      1      -0.340888   0.781561   0.406518
      2      -0.086519   0.406252  -0.968070
 A Tensor eigenvectors:
                   0          1          2    
      0       0.978001  -0.191647   0.082379
      1       0.204628   0.958109  -0.200388
      2      -0.040524   0.212837   0.976247
 A Eigenvalues: 
                  0          1          2    
      0      -0.928822   0.940040  -1.058760
A(iso)  -0.349181
 Nucleus: 29 H  
 Isotope: 1 
 Nuclear Spin:  0.5 
 Prefactor (MHz): 533.551395 
 Raw A tensor (MHz): 
                  0          1          2    
      0      -0.027682   0.289634   0.063802
      1       0.289753   0.719687   0.127113
      2       0.063811   0.127024  -0.084822
 A Tensor eigenvectors:
                   0          1          2    
      0      -0.440679   0.837589  -0.322873
      1       0.289295  -0.207975  -0.934374
      2      -0.849771  -0.505164  -0.150660
 A Eigenvalues: 
                  0          1          2    
      0      -0.094946  -0.138160   0.840290
A(iso)  0.202394
 Nucleus: 30 H  
 Isotope: 1 
 Nuclear Spin:  0.5 
 Prefactor (MHz): 533.551395 
 Raw A tensor (MHz): 
                  0          1          2    
      0      -0.027293   0.289583  -0.063952
      1       0.289702   0.719804  -0.127552
      2      -0.063961  -0.127463  -0.084341
 A Tensor eigenvectors:
                   0          1          2    
      0      -0.440933   0.837445   0.322899
      1       0.289846  -0.207627   0.934281
      2       0.849451   0.505546  -0.151180
 A Eigenvalues: 
                  0          1          2    
      0      -0.094604  -0.137777   0.840551
A(iso)  0.202723
 Nucleus: 32 H  
 Isotope: 1 
 Nuclear Spin:  0.5 
 Prefactor (MHz): 533.551395 
 Raw A tensor (MHz): 
                  0          1          2    
      0      -0.102418   0.009017   0.000246
      1       0.009103   0.384597   0.065926
      2       0.000252   0.065896  -0.115629
 A Tensor eigenvectors:
                   0          1          2    
      0       0.998942  -0.042281   0.018100
      1      -0.012501   0.129118   0.991550
      2      -0.044261  -0.990727   0.128453
 A Eigenvalues: 
                  0          1          2    
      0      -0.102543  -0.124206   0.393300
A(iso)  0.055517
 Nucleus: 33 H  
 Isotope: 1 
 Nuclear Spin:  0.5 
 Prefactor (MHz): 533.551395 
 Raw A tensor (MHz): 
                  0          1          2    
      0      -0.102439   0.009018  -0.000245
      1       0.009104   0.384501  -0.066176
      2      -0.000251  -0.066146  -0.115584
 A Tensor eigenvectors:
                   0          1          2    
      0       0.998931  -0.042537  -0.018100
      1      -0.012446   0.129618  -0.991486
      2       0.044521   0.990651   0.128950
 A Eigenvalues: 
                  0          1          2    
      0      -0.102564  -0.124228   0.393270
A(iso)  0.055493
 Nucleus: 35 H  
 Isotope: 1 
 Nuclear Spin:  0.5 
 Prefactor (MHz): 533.551395 
 Raw A tensor (MHz): 
                  0          1          2    
      0      -3.657071  -1.118222  -0.015304
      1      -1.115671 -11.680199   0.002493
      2      -0.015300   0.002500  -8.908960
 A Tensor eigenvectors:
                   0          1          2    
      0      -0.990772   0.002860   0.135506
      1       0.135506  -0.000254   0.990777
      2       0.002868   0.999996  -0.000136
 A Eigenvalues: 
                  0          1          2    
      0      -3.504433  -8.909004 -11.832793
A(iso)  -8.082077
 Nucleus: 36 H  
 Isotope: 1 
 Nuclear Spin:  0.5 
 Prefactor (MHz): 533.551395 
 Raw A tensor (MHz): 
                  0          1          2    
      0      -0.817032   0.250376  -0.000344
      1       0.250236   0.680660  -0.001009
      2      -0.000343  -0.001009  -0.841880
 A Tensor eigenvectors:
                   0          1          2    
      0      -0.160633   0.010891   0.986954
      1      -0.987014  -0.002454  -0.160616
      2       0.000673  -0.999938   0.011143
 A Eigenvalues: 
                  0          1          2    
      0       0.721387  -0.841879  -0.857760
A(iso)  -0.326084
 Nucleus: 37 H  
 Isotope: 1 
 Nuclear Spin:  0.5 
 Prefactor (MHz): 533.551395 
 Raw A tensor (MHz): 
                  0          1          2    
      0      -0.122239   0.068588  -0.000016
      1       0.068646   0.230262  -0.000091
      2      -0.000016  -0.000091  -0.134059
 A Tensor eigenvectors:
                   0          1          2    
      0       0.000846   0.982833   0.184496
      1       0.000091  -0.184496   0.982833
      2       1.000000  -0.000815  -0.000245
 A Eigenvalues: 
                  0          1          2    
      0      -0.134059  -0.135125   0.243148
A(iso)  -0.008679
 Nucleus: 44 H  
 Isotope: 1 
 Nuclear Spin:  0.5 
 Prefactor (MHz): 533.551395 
 Raw A tensor (MHz): 
                  0          1          2    
      0       0.429340   0.038311  -0.000102
      1       0.038314   1.094774   0.000001
      2      -0.000101   0.000002   0.670378
 A Tensor eigenvectors:
                   0          1          2    
      0       0.998358  -0.000416  -0.057289
      1      -0.057289   0.000034  -0.998358
      2       0.000417   1.000000   0.000010
 A Eigenvalues: 
                  0          1          2    
      0       0.427141   0.670378   1.096972
A(iso)  0.731497
 Nucleus: 45 H  
 Isotope: 1 
 Nuclear Spin:  0.5 
