-------------------------------------------------------------
----------------------- !PROPERTIES! ------------------------
-------------------------------------------------------------
# -----------------------------------------------------------
$ PAL_Flags
   description: The PAL Flags
   geom. index: 1
   prop. index: 1
        Diskflag:     2
# -----------------------------------------------------------
$ SCF_Energy
   description: The SCF energy
   geom. index: 1
   prop. index: 1
        SCF Energy:     -928.9717348116
# -----------------------------------------------------------
$ DFT_Energy
   description: The DFT energy
   geom. index: 1
   prop. index: 1
   Number of Alpha Electrons                 85.0001605803 
   Number of Beta  Electrons                 84.0001501850 
   Total number of  Electrons               169.0003107653 
   Exchange energy                         -105.5496056007 
   Correlation energy                        -6.5768617511 
   Correlation energy NL                      0.0000000000 
   Exchange-Correlation energy             -112.1264673518 
   Embedding correction                       0.0000000000 
   Total DFT Energy (No VdW correction)    -928.9717348116 
# -----------------------------------------------------------
$ Mayer_Pop
   description: The Mayer population analysis
   geom. index: 1
   prop. index: 1
     Number of atoms                     : 49
     Threshold for printing              : 0.1000000
     Number of bond orders printed       : 56
  NA   - Mulliken gross atomic population
  ZA   - Total nuclear charge
  QA   - Mulliken gross atomic charge
  VA   - Mayer's total valence
  BVA  - Mayer's bonded valence
  FA   - Mayer's free valence
  ATOM       NA         ZA         QA         VA         BVA        FA
  0   0     6.5465     6.0000    -0.5465     3.8846     3.8778     0.0068
  1   0     6.0101     6.0000    -0.0101     3.8084     3.8070     0.0014
  2   0     6.3889     6.0000    -0.3889     3.7740     3.7735     0.0005
  3   0     5.6524     6.0000     0.3476     3.9222     3.8876     0.0346
  4   0     5.5485     6.0000     0.4515     3.8328     3.8186     0.0142
  5   0     6.4645     6.0000    -0.4645     4.2358     4.2007     0.0351
  6   0     5.4494     6.0000     0.5506     3.9161     3.9094     0.0067
  7   0     5.7537     6.0000     0.2463     3.9245     3.8864     0.0381
  8   0     6.3854     6.0000    -0.3854     4.3239     4.3159     0.0080
  9   0     0.8709     1.0000     0.1291     0.9665     0.9663     0.0002
 10   0     0.8674     1.0000     0.1326     0.9663     0.9663     0.0000
 11   0     6.2957     6.0000    -0.2957     4.0424     3.6569     0.3855
 12   0     0.8666     1.0000     0.1334     0.9801     0.9785     0.0016
 13   0     6.2682     6.0000    -0.2682     3.9661     3.9647     0.0014
 14   0     0.8499     1.0000     0.1501     0.9645     0.9635     0.0010
 15   0     0.8499     1.0000     0.1501     0.9645     0.9635     0.0010
 16   0     6.2832     6.0000    -0.2832     3.9004     3.9004     0.0000
 17   0     0.8464     1.0000     0.1536     0.9639     0.9639     0.0000
 18   0     0.8464     1.0000     0.1536     0.9639     0.9639     0.0000
 19   0     6.5073     6.0000    -0.5073     3.9055     3.9055     0.0000
 20   0     0.8429     1.0000     0.1571     0.9659     0.9659     0.0000
 21   0     0.8429     1.0000     0.1571     0.9659     0.9659     0.0000
 22   0     6.3535     6.0000    -0.3535     4.0265     4.0263     0.0002
 23   0     0.8497     1.0000     0.1503     0.9634     0.9633     0.0001
 24   0     0.8498     1.0000     0.1502     0.9634     0.9633     0.0001
 25   0     6.2674     6.0000    -0.2674     4.0289     4.0289     0.0000
 26   0     0.8604     1.0000     0.1396     0.9668     0.9668     0.0000
 27   0     0.8604     1.0000     0.1396     0.9668     0.9668     0.0000
 28   0     6.2545     6.0000    -0.2545     3.8915     3.8915     0.0000
 29   0     0.8586     1.0000     0.1414     0.9677     0.9677     0.0000
 30   0     0.8586     1.0000     0.1414     0.9677     0.9677     0.0000
 31   0     6.5088     6.0000    -0.5088     3.9017     3.9017     0.0000
 32   0     0.8418     1.0000     0.1582     0.9657     0.9657     0.0000
 33   0     0.8418     1.0000     0.1582     0.9657     0.9657     0.0000
 34   0     6.3005     6.0000    -0.3005     3.9616     3.9605     0.0011
 35   0     0.8166     1.0000     0.1834     0.9778     0.9778     0.0000
 36   0     0.8550     1.0000     0.1450     0.9674     0.9674     0.0000
 37   0     0.8575     1.0000     0.1425     0.9672     0.9672     0.0000
 38   0     5.4061     6.0000     0.5939     3.9372     3.9372     0.0000
 39   0     6.2823     6.0000    -0.2823     4.2006     4.2005     0.0001
 40   0     6.0973     6.0000    -0.0973     4.0978     4.0978     0.0000
 41   0     6.1210     6.0000    -0.1210     4.0790     4.0789     0.0001
 42   0     6.1014     6.0000    -0.1014     4.1024     4.1024     0.0000
 43   0     6.2741     6.0000    -0.2741     4.1869     4.1868     0.0001
 44   0     0.8940     1.0000     0.1060     0.9584     0.9584     0.0000
 45   0     0.8947     1.0000     0.1053     0.9617     0.9617     0.0000
 46   0     0.8812     1.0000     0.1188     0.9606     0.9606     0.0000
 47   0     0.8814     1.0000     0.1186     0.9606     0.9606     0.0000
 48   0     0.8948     1.0000     0.1052     0.9618     0.9618     0.0000
      Bond orders larger than 0.1000000
           Atom A     A.N. of A          Atom B    A.N. of B              Bond order
                0             6               1            6                2.688792
                0             6              35            1                0.987323
                1             6               3            6                0.925923
                2             6               6            6                0.785113
                2             6              34            6                2.519165
                3             6               4            6                1.247692
                3             6               8            6                1.426897
                4             6               5            6                1.229454
                4             6               6            6                0.118107
                4             6              11            6                1.267742
                5             6               6            6                1.498322
                5             6               9            1                0.970435
                6             6               7            6                1.329763
                6             6               8            6                0.125167
                6             6              34            6                0.101575
                7             6               8            6                1.417064
                7             6              22            6                0.967330
                8             6              10            1                0.971820
               11             6              12            1                0.990614
               11             6              13            6                1.005370
               13             6              14            1                0.954164
               13             6              15            1                0.954113
               13             6              16            6                0.981095
               16             6              17            1                0.971970
               16             6              18            1                0.971925
               16             6              19            6                0.961035
               19             6              20            1                0.972812
               19             6              21            1                0.972822
               19             6              36            1                0.967176
               22             6              23            1                0.954532
               22             6              24            1                0.954649
               22             6              25            6                1.024668
               25             6              26            1                0.960759
               25             6              27            1                0.960794
               25             6              28            6                0.988255
               28             6              29            1                0.971287
               28             6              30            1                0.971285
               28             6              31            6                0.954297
               31             6              32            1                0.973018
               31             6              33            1                0.973011
               31             6              37            1                0.967121
               34             6              38            6                1.007703
               38             6              39            6                1.390670
               38             6              40            6                0.100232
               38             6              43            6                1.385176
               39             6              40            6                1.476353
               39             6              41            6                0.100660
               39             6              46            1                0.982599
               40             6              41            6                1.452667
               40             6              48            1                0.976171
               41             6              42            6                1.455262
               41             6              43            6                0.101693
               41             6              44            1                0.965875
               42             6              43            6                1.476559
               42             6              45            1                0.977107
               43             6              47            1                0.980317
# -----------------------------------------------------------
$ Calculation_Info
   description: Details of the calculation
   geom. index: 1
   prop. index: 1
     Multiplicity:                          2
     Charge:                                0
     number of atoms:                       49
     number of electrons:                   0
     number of frozen core electrons:       1
     number of correlated electrons:        0
     number of basis functions:             583
     number of aux C basis functions:       4070
     number of aux J basis functions:       4070
     number of aux JK basis functions:      4070
     number of aux CABS basis functions:    0
     Total Energy                           -928.971735
# -----------------------------------------------------------
$ SCF_Electric_Properties
   description: The SCF Calculated Electric Properties
   geom. index: 1
   prop. index: 1
       Filename                          : EPRII.scfp 
       Do Dipole Moment Calculation      : true 
       Do Quadrupole Moment Calculation  : false 
       Do Polarizability Calculation     : false 
** Dipole moment part of electric properties **
        Magnitude of dipole moment (Debye) :        1.0999694294
        Electronic Contribution:
                  0    
      0       9.507512
      1      -2.465179
      2      -0.004489
        Nuclear Contribution:
                  0    
      0      -9.078436
      1       2.408915
      2       0.006145
        Total Dipole moment:
                  0    
      0       0.429076
      1      -0.056265
      2       0.001656
# -----------------------------------------------------------
$ EPRNMR_GTensor
   description: Electronic g tensor
   geom. index: 1
   prop. index: 1
 Source density: 1 SCF 
 Spin multiplicity: 2 
 raw g tensor: 
                  0          1          2    
      0       2.002786   0.000116   0.000000
      1       0.000063   2.002771  -0.000000
      2       0.000000  -0.000000   2.002186
 g tensor: 
                  0          1          2    
      0      -0.000375  -0.677962  -0.735097
      1       0.000429   0.735097  -0.677962
      2       1.000000  -0.000570   0.000016
 G eigenvalues: 
                  0          1          2    
      0       2.002186   2.002689   2.002868
# -----------------------------------------------------------
$ EPRNMR_OrbitalShielding
   description: Orbital contribution to the NMR Shielding tensor (ppm)
   geom. index: 1
   prop. index: 1
 Number of stored nuclei 25
 Source density: 1 SCF 
 Nucleus: 9 H 
 Shielding tensor (ppm): 
                  0          1          2    
      0      27.707783   5.769103   0.000514
      1       5.228215  26.247578  -0.001681
      2      -0.001992  -0.001001  19.306653
 P Tensor eigenvectors:
                   0          1          2    
      0      -0.000108  -0.662692  -0.748892
      1       0.000265   0.748892  -0.662692
      2       1.000000  -0.000270   0.000095
 P Eigenvalues: 
                  0          1          2    
      0      19.306652  21.431041  32.524321
P(iso)  24.420671
 Nucleus: 10 H 
 Shielding tensor (ppm): 
                  0          1          2    
      0      27.963947   6.036807   0.000074
      1       5.667262  26.029498  -0.000471
      2       0.001530  -0.002475  19.372495
 P Tensor eigenvectors:
                   0          1          2    
      0      -0.000592  -0.649495  -0.760366
      1       0.000729   0.760365  -0.649495
      2       1.000000  -0.000939   0.000024
 P Eigenvalues: 
                  0          1          2    
      0      19.372493  21.065435  32.928011
P(iso)  24.455313
 Nucleus: 12 H 
 Shielding tensor (ppm): 
                  0          1          2    
      0      22.646982  -2.302106   0.000918
      1      -1.618247  32.967541  -0.004263
      2       0.002939  -0.004585  20.581053
 P Tensor eigenvectors:
                   0          1          2    
      0      -0.000674  -0.984663   0.174466
      1       0.000248  -0.174467  -0.984663
      2       1.000000  -0.000621   0.000362
 P Eigenvalues: 
                  0          1          2    
      0      20.581051  22.287645  33.326880
P(iso)  25.398525
 Nucleus: 14 H 
 Shielding tensor (ppm): 
                  0          1          2    
      0      29.071281   1.445870  -3.198487
      1       0.727763  30.558037   0.388871
      2      -3.916638   1.367273  27.868080
 P Tensor eigenvectors:
                   0          1          2    
      0       0.631796   0.017003   0.774948
      1      -0.212243  -0.957756   0.194050
      2       0.745511  -0.287077  -0.601498
 P Eigenvalues: 
                  0          1          2    
      0      24.548885  30.818104  32.130409
P(iso)  29.165800
 Nucleus: 15 H 
 Shielding tensor (ppm): 
                  0          1          2    
      0      29.080354   1.455215   3.195916
      1       0.733680  30.560659  -0.390948
      2       3.916491  -1.366979  27.854898
 P Tensor eigenvectors:
                   0          1          2    
      0      -0.630728   0.021739   0.775699
      1       0.212804  -0.956441   0.199838
      2       0.746255   0.291115   0.598628
 P Eigenvalues: 
                  0          1          2    
      0      24.544276  30.819619  32.132016
P(iso)  29.165304
 Nucleus: 17 H 
 Shielding tensor (ppm): 
                  0          1          2    
      0      30.907286  -0.721258  -4.544603
      1      -0.305315  30.243406   0.588259
      2      -4.497677  -0.620573  28.548934
 P Tensor eigenvectors:
                   0          1          2    
      0       0.612955  -0.040509   0.789079
      1       0.051894  -0.994465  -0.091364
      2       0.788412   0.096950  -0.607460
 P Eigenvalues: 
                  0          1          2    
      0      25.035806  30.225842  34.437979
P(iso)  29.899876
 Nucleus: 18 H 
 Shielding tensor (ppm): 
                  0          1          2    
      0      30.918522  -0.716898   4.545465
      1      -0.301214  30.243349  -0.588984
      2       4.496099   0.617081  28.536833
 P Tensor eigenvectors:
                   0          1          2    
      0      -0.612001  -0.040855   0.789801
      1      -0.050973  -0.994551  -0.090945
      2       0.789212  -0.095917   0.606584
 P Eigenvalues: 
                  0          1          2    
      0      25.033361  30.225519  34.439824
P(iso)  29.899568
 Nucleus: 20 H 
 Shielding tensor (ppm): 
                  0          1          2    
      0      30.069562  -1.541709   3.854904
      1      -2.285287  31.110330  -2.663448
      2       3.118489  -2.223168  31.025570
 P Tensor eigenvectors:
                   0          1          2    
      0      -0.739336   0.391222   0.548021
      1       0.056715   0.847180  -0.528271
      2       0.670943   0.359489   0.648539
 P Eigenvalues: 
                  0          1          2    
      0      27.018623  29.164192  36.022648
P(iso)  30.735154
 Nucleus: 21 H 
 Shielding tensor (ppm): 
                  0          1          2    
      0      30.060655  -1.544145  -3.850415
      1      -2.285796  31.115705   2.667431
      2      -3.112603   2.225303  31.028548
 P Tensor eigenvectors:
                   0          1          2    
      0      -0.740169   0.390910  -0.547119
      1       0.056017   0.846674   0.529156
      2      -0.670083  -0.361017   0.648579
 P Eigenvalues: 
                  0          1          2    
      0      27.020221  29.162642  36.022045
P(iso)  30.734969
 Nucleus: 23 H 
 Shielding tensor (ppm): 
                  0          1          2    
      0      29.131458  -2.000753   3.318034
      1      -1.331793  31.274432  -0.202547
      2       4.488297   0.947174  25.931053
 P Tensor eigenvectors:
                   0          1          2    
      0      -0.559720   0.487594  -0.670049
      1      -0.140757   0.740882   0.656720
      2       0.816640   0.461893  -0.346055
 P Eigenvalues: 
                  0          1          2    
      0      23.123222  30.434008  32.779712
P(iso)  28.778981
 Nucleus: 24 H 
 Shielding tensor (ppm): 
                  0          1          2    
      0      29.136613  -2.003521  -3.316162
      1      -1.335193  31.275544   0.200425
      2      -4.489215  -0.949951  25.924028
 P Tensor eigenvectors:
                   0          1          2    
      0       0.559166   0.487989  -0.670224
      1       0.141029   0.740649   0.656925
      2       0.816973  -0.461851   0.345325
 P Eigenvalues: 
                  0          1          2    
      0      23.119611  30.433527  32.783047
P(iso)  28.778728
 Nucleus: 26 H 
 Shielding tensor (ppm): 
                  0          1          2    
      0      30.438776   0.818930   3.835253
      1       0.650178  31.443030  -0.177552
      2       3.814702  -1.401476  28.152135
 P Tensor eigenvectors:
                   0          1          2    
      0      -0.591494  -0.042323   0.805198
      1       0.157806  -0.985386   0.064129
      2       0.790717   0.164997   0.589528
 P Eigenvalues: 
                  0          1          2    
      0      25.122030  31.616215  33.295696
P(iso)  30.011314
 Nucleus: 27 H 
 Shielding tensor (ppm): 
                  0          1          2    
      0      30.441928   0.815464  -3.835271
      1       0.647205  31.444447   0.176555
      2      -3.813973   1.399343  28.147877
 P Tensor eigenvectors:
                   0          1          2    
      0       0.591164  -0.042465   0.805432
      1      -0.157283  -0.985511   0.063482
      2       0.791067  -0.164209  -0.589278
 P Eigenvalues: 
                  0          1          2    
      0      25.121894  31.616649  33.295709
P(iso)  30.011417
 Nucleus: 29 H 
 Shielding tensor (ppm): 
                  0          1          2    
      0      30.903252  -0.402494   4.654315
      1      -0.168153  30.999541   0.453441
      2       4.244767   1.202139  28.367783
 P Tensor eigenvectors:
                   0          1          2    
      0      -0.596953  -0.146352  -0.788815
      1      -0.128824   0.987948  -0.085807
      2       0.791866   0.050395  -0.608612
 P Eigenvalues: 
                  0          1          2    
      0      24.895553  31.090097  34.284926
P(iso)  30.090192
 Nucleus: 30 H 
 Shielding tensor (ppm): 
                  0          1          2    
      0      30.904431  -0.403811  -4.653483
      1      -0.169482  30.997983  -0.454468
      2      -4.244401  -1.203640  28.367913
 P Tensor eigenvectors:
                   0          1          2    
      0       0.596862  -0.146436  -0.788868
      1       0.129157   0.987917  -0.085665
      2       0.791880  -0.050758   0.608563
 P Eigenvalues: 
                  0          1          2    
      0      24.896102  31.089147  34.285079
P(iso)  30.090109
 Nucleus: 32 H 
 Shielding tensor (ppm): 
                  0          1          2    
      0      30.286991  -1.718908  -4.033345
      1      -2.586043  30.874914   2.349062
      2      -3.370316   1.959335  30.922567
 P Tensor eigenvectors:
                   0          1          2    
      0      -0.752096   0.294492  -0.589598
      1      -0.051226   0.865786   0.497786
      2      -0.657059  -0.404586   0.636069
 P Eigenvalues: 
                  0          1          2    
      0      26.883406  29.107067  36.094000
P(iso)  30.694824
 Nucleus: 33 H 
 Shielding tensor (ppm): 
                  0          1          2    
      0      30.287141  -1.716925   4.034313
      1      -2.584359  30.873195  -2.348850
      2       3.371657  -1.959234  30.924221
 P Tensor eigenvectors:
                   0          1          2    
      0      -0.752061   0.294547   0.589615
      1      -0.050873   0.865975  -0.497494
      2       0.657127   0.404141   0.636282
 P Eigenvalues: 
                  0          1          2    
      0      26.883185  29.107425  36.093947
P(iso)  30.694852
 Nucleus: 35 H 
 Shielding tensor (ppm): 
                  0          1          2    
      0      34.993686  -0.739768  -0.029344
      1      -0.798769  25.827188   0.002537
      2       0.011152  -0.000524  24.029041
 P Tensor eigenvectors:
                   0          1          2    
      0       0.001158  -0.082568   0.996585
      1      -0.000230  -0.996585  -0.082568
      2       0.999999  -0.000134  -0.001173
 P Eigenvalues: 
                  0          1          2    
      0      24.029035  25.763080  35.057800
P(iso)  28.283305
 Nucleus: 36 H 
 Shielding tensor (ppm): 
                  0          1          2    
      0      29.675443   2.571396  -0.003438
      1       3.935727  35.838085  -0.008371
      2      -0.004295  -0.007890  25.883569
 P Tensor eigenvectors:
                   0          1          2    
      0       0.000444  -0.914429  -0.404746
      1       0.000671   0.404746  -0.914429
      2       1.000000   0.000134   0.000793
 P Eigenvalues: 
                  0          1          2    
      0      25.883562  28.276642  37.236894
P(iso)  30.465699
 Nucleus: 37 H 
 Shielding tensor (ppm): 
                  0          1          2    
      0      29.010064   1.863636  -0.000440
      1       3.136654  36.597900  -0.002621
      2      -0.000922  -0.002768  25.789941
 P Tensor eigenvectors:
                   0          1          2    
      0       0.000020  -0.955030  -0.296508
      1       0.000243   0.296508  -0.955030
      2       1.000000  -0.000053   0.000238
 P Eigenvalues: 
                  0          1          2    
      0      25.789940  28.261211  37.346754
P(iso)  30.465968
 Nucleus: 44 H 
 Shielding tensor (ppm): 
                  0          1          2    
      0      24.112485   0.008782   0.000849
      1       0.005553  27.346290  -0.000140
      2       0.000716  -0.000186  21.403976
 P Tensor eigenvectors:
                   0          1          2    
      0      -0.000291  -0.999998  -0.002185
      1       0.000027   0.002185  -0.999998
      2       1.000000  -0.000291   0.000027
 P Eigenvalues: 
                  0          1          2    
      0      21.403976  24.112469  27.346306
P(iso)  24.287584
 Nucleus: 45 H 
 Shielding tensor (ppm): 
                  0          1          2    
      0      27.213718  -1.638936   0.001938
      1      -1.604896  24.547931  -0.000718
      2       0.001530  -0.000815  21.113133
 P Tensor eigenvectors:
                   0          1          2    
      0      -0.000261  -0.427549   0.903992
      1       0.000101  -0.903992  -0.427549
      2       1.000000  -0.000021   0.000279
 P Eigenvalues: 
                  0          1          2    
      0      21.113133  23.781488  27.980162
P(iso)  24.291594
 Nucleus: 46 H 
 Shielding tensor (ppm): 
                  0          1          2    
      0      27.454323  -3.498642   0.001798
      1      -2.527650  24.485545  -0.000328
      2       0.001176  -0.000597  20.197881
 P Tensor eigenvectors:
                   0          1          2    
      0      -0.000233  -0.536154   0.844120
      1      -0.000051  -0.844120  -0.536154
      2       1.000000  -0.000168   0.000169
 P Eigenvalues: 
                  0          1          2    
      0      20.197881  22.611583  29.328285
P(iso)  24.045916
 Nucleus: 47 H 
 Shielding tensor (ppm): 
                  0          1          2    
      0      28.321959   2.835909   0.001956
      1       1.971928  23.874274  -0.000084
      2       0.001361   0.000866  19.858780
 P Tensor eigenvectors:
                   0          1          2    
      0      -0.000210   0.408145   0.912917
      1       0.000033  -0.912917   0.408145
      2       1.000000   0.000116   0.000178
 P Eigenvalues: 
                  0          1          2    
      0      19.858780  22.823768  29.372466
P(iso)  24.018338
 Nucleus: 48 H 
 Shielding tensor (ppm): 
                  0          1          2    
      0      27.163431   1.375286   0.001839
      1       1.370166  24.501913   0.000465
      2       0.001263   0.000618  21.166756
 P Tensor eigenvectors:
                   0          1          2    
      0      -0.000251  -0.389888  -0.920862
      1      -0.000060   0.920862  -0.389888
      2       1.000000  -0.000043  -0.000254
 P Eigenvalues: 
                  0          1          2    
      0      21.166756  23.920789  27.744555
P(iso)  24.277367
# -----------------------------------------------------------
$ EPRNMR_ATensor
   description: Hyperfine A tensor
   geom. index: 1
   prop. index: 1
 Number of stored nuclei 25
 Source density: 1 SCF 
 Spin multiplicity: 2 
 Nucleus: 9 H  
 Isotope: 1 
 Nuclear Spin:  0.5 
 Prefactor (MHz): 533.551395 
 Raw A tensor (MHz): 
                  0          1          2    
      0     -15.786048  -6.179014   0.002774
      1      -6.181746 -12.868884  -0.004359
      2       0.002775  -0.004360 -17.228832
 A Tensor eigenvectors:
                   0          1          2    
      0      -0.620588  -0.000465   0.784136
      1       0.784136   0.000340   0.620588
      2      -0.000556   1.000000   0.000154
 A Eigenvalues: 
                  0          1          2    
      0      -7.977301 -17.228835 -20.677628
A(iso)  -15.294588
 Nucleus: 10 H  
 Isotope: 1 
 Nuclear Spin:  0.5 
 Prefactor (MHz): 533.551395 
 Raw A tensor (MHz): 
                  0          1          2    
      0       8.293238   2.258877   0.000022
      1       2.259988   6.777461  -0.000458
      2       0.000022  -0.000458   4.429444
 A Tensor eigenvectors:
                   0          1          2    
      0      -0.000274  -0.583914  -0.811816
      1       0.000458   0.811815  -0.583914
      2       1.000000  -0.000532   0.000045
 A Eigenvalues: 
                  0          1          2    
      0       4.429443   5.152194   9.918505
A(iso)  6.500047
 Nucleus: 12 H  
 Isotope: 1 
 Nuclear Spin:  0.5 
 Prefactor (MHz): 533.551395 
 Raw A tensor (MHz): 
                  0          1          2    
      0     -20.595073  -1.720325   0.012684
      1      -1.717884 -74.619518   0.005872
      2       0.012684   0.005878 -49.522166
 A Tensor eigenvectors:
                   0          1          2    
      0       0.999494  -0.000423  -0.031795
      1      -0.031795   0.000263  -0.999494
      2       0.000431   1.000000   0.000249
 A Eigenvalues: 
                  0          1          2    
      0     -20.540420 -49.522170 -74.674167
A(iso)  -48.245586
 Nucleus: 14 H  
 Isotope: 1 
 Nuclear Spin:  0.5 
 Prefactor (MHz): 533.551395 
 Raw A tensor (MHz): 
                  0          1          2    
      0      73.691890  -3.585329  -2.003272
      1      -3.584211  75.522701   1.964756
      2      -2.001710   1.964925  70.442873
 A Tensor eigenvectors:
                   0          1          2    
      0       0.370165  -0.713105   0.595365
      1      -0.081119  -0.663254  -0.743985
      2       0.925418   0.227102  -0.303360
 A Eigenvalues: 
                  0          1          2    
      0      69.469838  70.995413  79.192213
A(iso)  73.219155
 Nucleus: 15 H  
 Isotope: 1 
 Nuclear Spin:  0.5 
 Prefactor (MHz): 533.551395 
 Raw A tensor (MHz): 
                  0          1          2    
      0      73.535763  -3.583789   2.003910
      1      -3.582667  75.353120  -1.966804
      2       2.002345  -1.966974  70.277848
 A Tensor eigenvectors:
                   0          1          2    
      0      -0.368415  -0.713591   0.595867
      1       0.082808  -0.663592  -0.743498
      2       0.925966  -0.224573   0.303568
 A Eigenvalues: 
                  0          1          2    
      0      69.305153  70.833966  79.027612
A(iso)  73.055577
 Nucleus: 17 H  
 Isotope: 1 
 Nuclear Spin:  0.5 
 Prefactor (MHz): 533.551395 
 Raw A tensor (MHz): 
                  0          1          2    
      0      -2.372418   2.122674  -0.662559
      1       2.122500   1.730951  -1.353864
      2      -0.661999  -1.352737  -2.934242
 A Tensor eigenvectors:
                   0          1          2    
      0       0.381551  -0.670709   0.636057
      1       0.891172   0.449617  -0.060474
      2      -0.245422   0.589910   0.769269
 A Eigenvalues: 
                  0          1          2    
      0       3.012062  -3.212404  -3.375367
A(iso)  -1.191903
 Nucleus: 18 H  
 Isotope: 1 
 Nuclear Spin:  0.5 
 Prefactor (MHz): 533.551395 
 Raw A tensor (MHz): 
                  0          1          2    
      0      -2.370298   2.125027   0.658389
      1       2.124852   1.732143   1.345840
      2       0.657832   1.344718  -2.937002
 A Tensor eigenvectors:
                   0          1          2    
      0      -0.381928   0.669094  -0.637530
      1      -0.891402  -0.448817   0.062978
      2      -0.243997   0.592348   0.767847
 A Eigenvalues: 
                  0          1          2    
      0       3.010477  -3.212635  -3.372998
A(iso)  -1.191719
 Nucleus: 20 H  
 Isotope: 1 
 Nuclear Spin:  0.5 
 Prefactor (MHz): 533.551395 
 Raw A tensor (MHz): 
                  0          1          2    
      0       0.072337  -0.258854   0.102790
      1      -0.259192   2.249613  -0.388037
      2       0.102935  -0.387844   0.106627
 A Tensor eigenvectors:
                   0          1          2    
      0       0.691535  -0.712483  -0.118939
      1      -0.044558  -0.206419   0.977449
      2      -0.720967  -0.670640  -0.174493
 A Eigenvalues: 
                  0          1          2    
      0      -0.017048   0.095233   2.350391
A(iso)  0.809525
 Nucleus: 21 H  
 Isotope: 1 
 Nuclear Spin:  0.5 
 Prefactor (MHz): 533.551395 
 Raw A tensor (MHz): 
                  0          1          2    
      0       0.071865  -0.257923  -0.102637
      1      -0.258262   2.251086   0.385382
      2      -0.102781   0.385190   0.105924
 A Tensor eigenvectors:
                   0          1          2    
      0      -0.693209   0.710934   0.118466
      1       0.043509   0.205347  -0.977722
      2      -0.719422  -0.672611  -0.173280
 A Eigenvalues: 
                  0          1          2    
      0      -0.017377   0.095605   2.350647
A(iso)  0.809625
 Nucleus: 23 H  
 Isotope: 1 
 Nuclear Spin:  0.5 
 Prefactor (MHz): 533.551395 
 Raw A tensor (MHz): 
                  0          1          2    
      0      26.366631   1.535715   0.925414
      1       1.535153  26.388109   0.484616
      2       0.924765   0.484799  25.022634
 A Tensor eigenvectors:
                   0          1          2    
      0      -0.599073   0.403107   0.691821
      1       0.290943  -0.695377   0.657117
      2       0.745965   0.594941   0.299300
 A Eigenvalues: 
                  0          1          2    
      0      24.468897  25.083166  28.225311
A(iso)  25.925791
 Nucleus: 24 H  
 Isotope: 1 
 Nuclear Spin:  0.5 
 Prefactor (MHz): 533.551395 
 Raw A tensor (MHz): 
                  0          1          2    
      0      26.360180   1.535616  -0.925321
      1       1.535054  26.379692  -0.484766
      2      -0.924673  -0.484950  25.014682
 A Tensor eigenvectors:
                   0          1          2    
      0       0.598714   0.403327   0.692003
      1      -0.290638  -0.695683   0.656928
      2       0.746372  -0.594434  -0.299293
 A Eigenvalues: 
                  0          1          2    
      0      24.461625  25.075121  28.217808
A(iso)  25.918185
 Nucleus: 26 H  
 Isotope: 1 
 Nuclear Spin:  0.5 
 Prefactor (MHz): 533.551395 
 Raw A tensor (MHz): 
                  0          1          2    
      0      -0.860271  -0.340333   0.086865
      1      -0.339937   0.781879  -0.407637
      2       0.086645  -0.407372  -0.966590
 A Tensor eigenvectors:
                   0          1          2    
      0       0.978030  -0.191220  -0.083023
      1       0.204370   0.958049   0.200936
      2       0.041118  -0.213489   0.976080
 A Eigenvalues: 
                  0          1          2    
      0      -0.927706   0.940546  -1.057821
A(iso)  -0.348327
 Nucleus: 27 H  
 Isotope: 1 
 Nuclear Spin:  0.5 
 Prefactor (MHz): 533.551395 
 Raw A tensor (MHz): 
                  0          1          2    
      0      -0.860257  -0.340509  -0.086622
      1      -0.340113   0.782192   0.406433
      2      -0.086402   0.406167  -0.967261
 A Tensor eigenvectors:
                   0          1          2    
      0       0.978043  -0.191298   0.082685
      1       0.204349   0.958178  -0.200339
      2      -0.040903   0.212837   0.976231
 A Eigenvalues: 
                  0          1          2    
      0      -0.927751   0.940356  -1.057932
A(iso)  -0.348442
 Nucleus: 29 H  
 Isotope: 1 
 Nuclear Spin:  0.5 
 Prefactor (MHz): 533.551395 
 Raw A tensor (MHz): 
                  0          1          2    
      0      -0.027551   0.289481   0.063764
      1       0.289600   0.719319   0.127082
      2       0.063773   0.126992  -0.084847
 A Tensor eigenvectors:
                   0          1          2    
      0      -0.442040   0.836860  -0.322901
      1       0.289665  -0.207517  -0.934361
      2      -0.848937  -0.506559  -0.150679
 A Eigenvalues: 
                  0          1          2    
      0      -0.094944  -0.138012   0.839877
A(iso)  0.202307
 Nucleus: 30 H  
 Isotope: 1 
 Nuclear Spin:  0.5 
 Prefactor (MHz): 533.551395 
 Raw A tensor (MHz): 
                  0          1          2    
      0      -0.027163   0.289431  -0.063914
      1       0.289549   0.719435  -0.127520
      2      -0.063923  -0.127431  -0.084368
 A Tensor eigenvectors:
                   0          1          2    
      0      -0.442301   0.836712   0.322928
      1       0.290217  -0.207166   0.934268
      2       0.848613   0.506947  -0.151198
 A Eigenvalues: 
                  0          1          2    
      0      -0.094602  -0.137630   0.840137
A(iso)  0.202635
 Nucleus: 32 H  
 Isotope: 1 
 Nuclear Spin:  0.5 
 Prefactor (MHz): 533.551395 
 Raw A tensor (MHz): 
                  0          1          2    
      0      -0.102445   0.009027   0.000241
      1       0.009113   0.384479   0.065913
      2       0.000247   0.065882  -0.115663
 A Tensor eigenvectors:
                   0          1          2    
      0       0.998931  -0.042532   0.018122
      1      -0.012491   0.129117   0.991551
      2      -0.044512  -0.990717   0.128448
 A Eigenvalues: 
                  0          1          2    
      0      -0.102570  -0.124240   0.393180
A(iso)  0.055457
 Nucleus: 33 H  
 Isotope: 1 
 Nuclear Spin:  0.5 
 Prefactor (MHz): 533.551395 
 Raw A tensor (MHz): 
                  0          1          2    
      0      -0.102467   0.009028  -0.000240
      1       0.009114   0.384383  -0.066163
      2      -0.000246  -0.066132  -0.115619
 A Tensor eigenvectors:
                   0          1          2    
      0       0.998920  -0.042783  -0.018122
      1      -0.012436   0.129617  -0.991486
      2       0.044768   0.990641   0.128945
 A Eigenvalues: 
                  0          1          2    
      0      -0.102591  -0.124262   0.393150
A(iso)  0.055432
 Nucleus: 35 H  
 Isotope: 1 
 Nuclear Spin:  0.5 
 Prefactor (MHz): 533.551395 
 Raw A tensor (MHz): 
                  0          1          2    
      0      -3.591451  -1.116536  -0.015206
      1      -1.113985 -11.584744   0.002486
      2      -0.015202   0.002493  -8.817706
 A Tensor eigenvectors:
                   0          1          2    
      0      -0.990733   0.002855   0.135790
      1       0.135790  -0.000253   0.990738
      2       0.002863   0.999996  -0.000137
 A Eigenvalues: 
                  0          1          2    
      0      -3.438718  -8.817750 -11.737434
A(iso)  -7.997967
 Nucleus: 36 H  
 Isotope: 1 
 Nuclear Spin:  0.5 
 Prefactor (MHz): 533.551395 
 Raw A tensor (MHz): 
                  0          1          2    
      0      -0.817273   0.250423  -0.000344
      1       0.250284   0.680502  -0.001009
      2      -0.000343  -0.001009  -0.842132
 A Tensor eigenvectors:
                   0          1          2    
      0      -0.160653   0.010895   0.986951
      1      -0.987011  -0.002455  -0.160636
      2       0.000673  -0.999938   0.011148
 A Eigenvalues: 
                  0          1          2    
      0       0.721241  -0.842131  -0.858014
A(iso)  -0.326301
 Nucleus: 37 H  
 Isotope: 1 
 Nuclear Spin:  0.5 
 Prefactor (MHz): 533.551395 
 Raw A tensor (MHz): 
                  0          1          2    
      0      -0.122221   0.068559  -0.000016
      1       0.068617   0.230192  -0.000091
      2      -0.000016  -0.000091  -0.134068
 A Tensor eigenvectors:
                   0          1          2    
      0       0.000845   0.982838   0.184468
      1       0.000091  -0.184469   0.982838
      2       1.000000  -0.000814  -0.000245
 A Eigenvalues: 
                  0          1          2    
      0      -0.134068  -0.135099   0.243070
A(iso)  -0.008699
 Nucleus: 44 H  
 Isotope: 1 
 Nuclear Spin:  0.5 
 Prefactor (MHz): 533.551395 
 Raw A tensor (MHz): 
                  0          1          2    
      0       0.396834   0.037839  -0.000098
      1       0.037842   1.040112   0.000001
      2      -0.000098   0.000002   0.624988
 A Tensor eigenvectors:
                   0          1          2    
      0       0.998286  -0.000422  -0.058519
      1      -0.058519   0.000035  -0.998286
      2       0.000424   1.000000   0.000010
 A Eigenvalues: 
                  0          1          2    
      0       0.394615   0.624988   1.042330
A(iso)  0.687311
 Nucleus: 45 H  
 Isotope: 1 
 Nuclear Spin:  0.5 
 Prefactor (MHz): 533.551395 
 Raw A tensor (MHz): 
