-------------------------------------------------------------
----------------------- !PROPERTIES! ------------------------
-------------------------------------------------------------
# -----------------------------------------------------------
$ PAL_Flags
   description: The PAL Flags
   geom. index: 1
   prop. index: 1
        Diskflag:     2
# -----------------------------------------------------------
$ SCF_Energy
   description: The SCF energy
   geom. index: 1
   prop. index: 1
        SCF Energy:     -928.9729008937
# -----------------------------------------------------------
$ DFT_Energy
   description: The DFT energy
   geom. index: 1
   prop. index: 1
   Number of Alpha Electrons                 85.0001548598 
   Number of Beta  Electrons                 84.0001451146 
   Total number of  Electrons               169.0002999744 
   Exchange energy                         -105.5543945683 
   Correlation energy                        -6.5761087130 
   Correlation energy NL                      0.0000000000 
   Exchange-Correlation energy             -112.1305032813 
   Embedding correction                       0.0000000000 
   Total DFT Energy (No VdW correction)    -928.9729008937 
# -----------------------------------------------------------
$ Mayer_Pop
   description: The Mayer population analysis
   geom. index: 1
   prop. index: 1
     Number of atoms                     : 49
     Threshold for printing              : 0.1000000
     Number of bond orders printed       : 52
  NA   - Mulliken gross atomic population
  ZA   - Total nuclear charge
  QA   - Mulliken gross atomic charge
  VA   - Mayer's total valence
  BVA  - Mayer's bonded valence
  FA   - Mayer's free valence
  ATOM       NA         ZA         QA         VA         BVA        FA
  0   0     6.5421     6.0000    -0.5421     3.8860     3.8790     0.0070
  1   0     6.0144     6.0000    -0.0144     3.8075     3.8060     0.0015
  2   0     6.3874     6.0000    -0.3874     3.7670     3.7665     0.0005
  3   0     5.6566     6.0000     0.3434     3.9103     3.8753     0.0350
  4   0     5.5541     6.0000     0.4459     3.8283     3.8138     0.0145
  5   0     6.4587     6.0000    -0.4587     4.2270     4.1912     0.0358
  6   0     5.4529     6.0000     0.5471     3.9017     3.8947     0.0070
  7   0     5.7606     6.0000     0.2394     3.9215     3.8829     0.0386
  8   0     6.3809     6.0000    -0.3809     4.3129     4.3046     0.0083
  9   0     0.8690     1.0000     0.1310     0.9658     0.9656     0.0002
 10   0     0.8655     1.0000     0.1345     0.9656     0.9656     0.0000
 11   0     6.2986     6.0000    -0.2986     4.0386     3.6493     0.3893
 12   0     0.8649     1.0000     0.1351     0.9798     0.9782     0.0016
 13   0     6.2723     6.0000    -0.2723     3.9616     3.9602     0.0014
 14   0     0.8472     1.0000     0.1528     0.9638     0.9629     0.0009
 15   0     0.8474     1.0000     0.1526     0.9639     0.9630     0.0009
 16   0     6.2909     6.0000    -0.2909     3.8994     3.8994     0.0000
 17   0     0.8436     1.0000     0.1564     0.9632     0.9632     0.0000
 18   0     0.8437     1.0000     0.1563     0.9632     0.9632     0.0000
 19   0     6.5102     6.0000    -0.5102     3.9047     3.9047     0.0000
 20   0     0.8407     1.0000     0.1593     0.9653     0.9653     0.0000
 21   0     0.8407     1.0000     0.1593     0.9653     0.9653     0.0000
 22   0     6.3569     6.0000    -0.3569     4.0227     4.0225     0.0002
 23   0     0.8471     1.0000     0.1529     0.9627     0.9626     0.0001
 24   0     0.8472     1.0000     0.1528     0.9627     0.9626     0.0001
 25   0     6.2726     6.0000    -0.2726     4.0237     4.0237     0.0000
 26   0     0.8575     1.0000     0.1425     0.9662     0.9662     0.0000
 27   0     0.8575     1.0000     0.1425     0.9662     0.9662     0.0000
 28   0     6.2635     6.0000    -0.2635     3.8906     3.8906     0.0000
 29   0     0.8555     1.0000     0.1445     0.9670     0.9670     0.0000
 30   0     0.8555     1.0000     0.1445     0.9670     0.9670     0.0000
 31   0     6.5114     6.0000    -0.5114     3.9011     3.9011     0.0000
 32   0     0.8397     1.0000     0.1603     0.9651     0.9651     0.0000
 33   0     0.8397     1.0000     0.1603     0.9651     0.9651     0.0000
 34   0     6.2992     6.0000    -0.2992     3.9554     3.9542     0.0012
 35   0     0.8153     1.0000     0.1847     0.9776     0.9776     0.0000
 36   0     0.8533     1.0000     0.1467     0.9670     0.9670     0.0000
 37   0     0.8559     1.0000     0.1441     0.9668     0.9668     0.0000
 38   0     5.4133     6.0000     0.5867     3.9277     3.9276     0.0001
 39   0     6.2815     6.0000    -0.2815     4.1967     4.1966     0.0001
 40   0     6.0985     6.0000    -0.0985     4.0952     4.0952     0.0000
 41   0     6.1226     6.0000    -0.1226     4.0771     4.0770     0.0001
 42   0     6.1027     6.0000    -0.1027     4.0996     4.0996     0.0000
 43   0     6.2728     6.0000    -0.2728     4.1815     4.1814     0.0001
 44   0     0.8923     1.0000     0.1077     0.9580     0.9580     0.0000
 45   0     0.8932     1.0000     0.1068     0.9613     0.9613     0.0000
 46   0     0.8795     1.0000     0.1205     0.9602     0.9602     0.0000
 47   0     0.8799     1.0000     0.1201     0.9602     0.9602     0.0000
 48   0     0.8932     1.0000     0.1068     0.9615     0.9615     0.0000
      Bond orders larger than 0.1000000
           Atom A     A.N. of A          Atom B    A.N. of B              Bond order
                0             6               1            6                2.693421
                0             6              35            1                0.986045
                1             6               3            6                0.924897
                2             6               6            6                0.786992
                2             6              34            6                2.519943
                3             6               4            6                1.244926
                3             6               8            6                1.426106
                4             6               5            6                1.232918
                4             6               6            6                0.112996
                4             6              11            6                1.266569
                5             6               6            6                1.494607
                5             6               9            1                0.969274
                6             6               7            6                1.326787
                6             6               8            6                0.122134
                7             6               8            6                1.417503
                7             6              22            6                0.965996
                8             6              10            1                0.970507
               11             6              12            1                0.989887
               11             6              13            6                1.002998
               13             6              14            1                0.955274
               13             6              15            1                0.955182
               13             6              16            6                0.980513
               16             6              17            1                0.972256
               16             6              18            1                0.972163
               16             6              19            6                0.961204
               19             6              20            1                0.972837
               19             6              21            1                0.972855
               19             6              36            1                0.967359
               22             6              23            1                0.954977
               22             6              24            1                0.955108
               22             6              25            6                1.023250
               25             6              26            1                0.961548
               25             6              27            1                0.961589
               25             6              28            6                0.986255
               28             6              29            1                0.971914
               28             6              30            1                0.971904
               28             6              31            6                0.954557
               31             6              32            1                0.973039
               31             6              33            1                0.973043
               31             6              37            1                0.967325
               34             6              38            6                1.005875
               38             6              39            6                1.390047
               38             6              43            6                1.384701
               39             6              40            6                1.476851
               39             6              46            1                0.981821
               40             6              41            6                1.452686
               40             6              48            1                0.975611
               41             6              42            6                1.455616
               41             6              44            1                0.965479
               42             6              43            6                1.476542
               42             6              45            1                0.976550
               43             6              47            1                0.979513
# -----------------------------------------------------------
$ Calculation_Info
   description: Details of the calculation
   geom. index: 1
   prop. index: 1
     Multiplicity:                          2
     Charge:                                0
     number of atoms:                       49
     number of electrons:                   0
     number of frozen core electrons:       1
     number of correlated electrons:        0
     number of basis functions:             583
     number of aux C basis functions:       4070
     number of aux J basis functions:       4070
     number of aux JK basis functions:      4070
     number of aux CABS basis functions:    0
     Total Energy                           -928.972901
# -----------------------------------------------------------
$ SCF_Electric_Properties
   description: The SCF Calculated Electric Properties
   geom. index: 1
   prop. index: 1
       Filename                          : EPRII_i.scfp 
       Do Dipole Moment Calculation      : true 
       Do Quadrupole Moment Calculation  : false 
       Do Polarizability Calculation     : false 
** Dipole moment part of electric properties **
        Magnitude of dipole moment (Debye) :        1.1159972056
        Electronic Contribution:
                  0    
      0       9.611370
      1      -2.455667
      2      -0.011828
        Nuclear Contribution:
                  0    
      0      -9.176887
      1       2.392456
      2       0.012851
        Total Dipole moment:
                  0    
      0       0.434483
      1      -0.063211
      2       0.001023
# -----------------------------------------------------------
$ EPRNMR_GTensor
   description: Electronic g tensor
   geom. index: 1
   prop. index: 1
 Source density: 1 SCF 
 Spin multiplicity: 2 
 raw g tensor: 
                  0          1          2    
      0       2.002786   0.000118   0.000000
      1       0.000065   2.002775  -0.000000
      2       0.000000  -0.000000   2.002186
 g tensor: 
                  0          1          2    
      0      -0.000311  -0.685570  -0.728006
      1       0.000308   0.728006  -0.685570
      2       1.000000  -0.000437  -0.000015
 G eigenvalues: 
                  0          1          2    
      0       2.002186   2.002688   2.002872
# -----------------------------------------------------------
$ EPRNMR_OrbitalShielding
   description: Orbital contribution to the NMR Shielding tensor (ppm)
   geom. index: 1
   prop. index: 1
 Number of stored nuclei 25
 Source density: 1 SCF 
 Nucleus: 9 H 
 Shielding tensor (ppm): 
                  0          1          2    
      0      27.748087   5.836119   0.000494
      1       5.305168  26.175438  -0.002082
      2      -0.004096  -0.002108  19.463667
 P Tensor eigenvectors:
                   0          1          2    
      0      -0.000031  -0.659540  -0.751669
      1       0.000300   0.751669  -0.659540
      2       1.000000  -0.000246   0.000174
 P Eigenvalues: 
                  0          1          2    
      0      19.463666  21.336169  32.587357
P(iso)  24.462397
 Nucleus: 10 H 
 Shielding tensor (ppm): 
                  0          1          2    
      0      28.001512   6.123916   0.001492
      1       5.760195  25.996243   0.000763
      2       0.001623  -0.000124  19.525740
 P Tensor eigenvectors:
                   0          1          2    
      0      -0.000417   0.648175   0.761491
      1       0.000323  -0.761491   0.648175
      2       1.000000   0.000516   0.000108
 P Eigenvalues: 
                  0          1          2    
      0      19.525740  20.972963  33.024793
P(iso)  24.507832
 Nucleus: 12 H 
 Shielding tensor (ppm): 
                  0          1          2    
      0      22.589959  -2.307244   0.002435
      1      -1.669423  33.082916  -0.007079
      2       0.001295  -0.007131  20.699029
 P Tensor eigenvectors:
                   0          1          2    
      0      -0.000469  -0.984656   0.174504
      1       0.000502  -0.174504  -0.984656
      2       1.000000  -0.000375   0.000576
 P Eigenvalues: 
                  0          1          2    
      0      20.699025  22.226190  33.446689
P(iso)  25.457301
 Nucleus: 14 H 
 Shielding tensor (ppm): 
                  0          1          2    
      0      29.278459   1.472988  -3.257417
      1       0.729608  30.795875   0.402551
      2      -3.927249   1.359556  28.051891
 P Tensor eigenvectors:
                   0          1          2    
      0       0.631871   0.024383   0.774690
      1      -0.211306  -0.956225   0.202446
      2       0.745714  -0.291616  -0.599058
 P Eigenvalues: 
                  0          1          2    
      0      24.707005  31.052721  32.366499
P(iso)  29.375408
 Nucleus: 15 H 
 Shielding tensor (ppm): 
                  0          1          2    
      0      29.304767   1.491054   3.252554
      1       0.740715  30.802291  -0.405937
      2       3.926903  -1.359450  28.015351
 P Tensor eigenvectors:
                   0          1          2    
      0      -0.628892   0.035064   0.776701
      1       0.212149  -0.953335   0.214815
      2       0.747989   0.299872   0.592106
 P Eigenvalues: 
                  0          1          2    
      0      24.695606  31.055413  32.371392
P(iso)  29.374137
 Nucleus: 17 H 
 Shielding tensor (ppm): 
                  0          1          2    
      0      31.130496  -0.727641  -4.595604
      1      -0.309180  30.455033   0.596771
      2      -4.499749  -0.594070  28.755493
 P Tensor eigenvectors:
                   0          1          2    
      0       0.613216  -0.044051   0.788686
      1       0.049783  -0.994304  -0.094243
      2       0.788345   0.097055  -0.607530
 P Eigenvalues: 
                  0          1          2    
      0      25.224313  30.433547  34.683162
P(iso)  30.113674
 Nucleus: 18 H 
 Shielding tensor (ppm): 
                  0          1          2    
      0      31.163628  -0.720056   4.595177
      1      -0.303507  30.455189  -0.597194
      2       4.493955   0.588549  28.720460
 P Tensor eigenvectors:
                   0          1          2    
      0      -0.610401  -0.044855   0.790822
      1      -0.048247  -0.994436  -0.093644
      2       0.790622  -0.095315   0.604840
 P Eigenvalues: 
                  0          1          2    
      0      25.218601  30.433238  34.687438
P(iso)  30.113092
 Nucleus: 20 H 
 Shielding tensor (ppm): 
                  0          1          2    
      0      30.315180  -1.567731   3.909413
      1      -2.287299  31.352752  -2.659328
      2       3.166243  -2.226022  31.270853
 P Tensor eigenvectors:
                   0          1          2    
      0      -0.740186   0.386790   0.550017
      1       0.052810   0.848902  -0.525905
      2       0.670325   0.360221   0.648772
 P Eigenvalues: 
                  0          1          2    
      0      27.214546  29.413059  36.311180
P(iso)  30.979595
 Nucleus: 21 H 
 Shielding tensor (ppm): 
                  0          1          2    
      0      30.288416  -1.569124  -3.898909
      1      -2.284375  31.361916   2.670484
      2      -3.153431   2.232643  31.287328
 P Tensor eigenvectors:
                   0          1          2    
      0      -0.742683   0.385737  -0.547383
      1       0.051615   0.847969   0.527527
      2      -0.667651  -0.363532   0.649682
 P Eigenvalues: 
                  0          1          2    
      0      27.218377  29.409353  36.309929
P(iso)  30.979220
 Nucleus: 23 H 
 Shielding tensor (ppm): 
                  0          1          2    
      0      29.341579  -2.009784   3.366367
      1      -1.338766  31.471846  -0.202524
      2       4.489475   0.937995  26.100232
 P Tensor eigenvectors:
                   0          1          2    
      0      -0.559220   0.485251  -0.672164
      1      -0.140154   0.743785   0.653560
      2       0.817086   0.459690  -0.347929
 P Eigenvalues: 
                  0          1          2    
      0      23.283153  30.630395  33.000108
P(iso)  28.971219
 Nucleus: 24 H 
 Shielding tensor (ppm): 
                  0          1          2    
      0      29.343908  -2.008874  -3.365327
      1      -1.339257  31.470411   0.202171
      2      -4.490390  -0.939289  26.098980
 P Tensor eigenvectors:
                   0          1          2    
      0       0.559037   0.484951  -0.672533
      1       0.140213   0.744144   0.653139
      2       0.817201  -0.459427   0.348007
 P Eigenvalues: 
                  0          1          2    
      0      23.282941  30.630546  32.999812
P(iso)  28.971100
 Nucleus: 26 H 
 Shielding tensor (ppm): 
                  0          1          2    
      0      30.640273   0.825005   3.887566
      1       0.647612  31.670583  -0.164988
      2       3.814526  -1.384409  28.286852
 P Tensor eigenvectors:
                   0          1          2    
      0      -0.589981  -0.032314   0.806770
      1       0.153953  -0.985369   0.073116
      2       0.792604   0.167342   0.586324
 P Eigenvalues: 
                  0          1          2    
      0      25.261743  31.835478  33.500487
P(iso)  30.199236
 Nucleus: 27 H 
 Shielding tensor (ppm): 
                  0          1          2    
      0      30.642950   0.824646  -3.886810
      1       0.647757  31.671289   0.165044
      2      -3.813379   1.384610  28.284558
 P Tensor eigenvectors:
                   0          1          2    
      0       0.589726  -0.032140   0.806964
      1      -0.153944  -0.985360   0.073257
      2       0.792795  -0.167429  -0.586040
 P Eigenvalues: 
                  0          1          2    
      0      25.262127  31.836141  33.500528
P(iso)  30.199599
 Nucleus: 29 H 
 Shielding tensor (ppm): 
                  0          1          2    
      0      31.132679  -0.387981   4.712686
      1      -0.156417  31.218639   0.473916
      2       4.248035   1.195109  28.555311
 P Tensor eigenvectors:
                   0          1          2    
      0      -0.596298  -0.148245  -0.788956
      1      -0.127783   0.987798  -0.089029
      2       0.792528   0.047728  -0.607965
 P Eigenvalues: 
                  0          1          2    
      0      25.070049  31.305689  34.530890
P(iso)  30.302209
 Nucleus: 30 H 
 Shielding tensor (ppm): 
                  0          1          2    
      0      31.135005  -0.386455  -4.711875
      1      -0.155541  31.218510  -0.473854
      2      -4.247308  -1.195031  28.552716
 P Tensor eigenvectors:
                   0          1          2    
      0       0.596081  -0.148336  -0.789103
      1       0.127681   0.987793  -0.089237
      2       0.792707  -0.047562   0.607744
 P Eigenvalues: 
                  0          1          2    
      0      25.070157  31.305256  34.530817
P(iso)  30.302077
 Nucleus: 32 H 
 Shielding tensor (ppm): 
                  0          1          2    
      0      30.544827  -1.740423  -4.096397
      1      -2.585181  31.094784   2.318366
      2      -3.427073   1.942440  31.173188
 P Tensor eigenvectors:
                   0          1          2    
      0      -0.752478   0.286481  -0.593048
      1      -0.057372   0.868509   0.492342
      2      -0.656114  -0.404501   0.637098
 P Eigenvalues: 
                  0          1          2    
      0      27.076362  29.361176  36.375260
P(iso)  30.937600
 Nucleus: 33 H 
 Shielding tensor (ppm): 
                  0          1          2    
      0      30.542994  -1.740419   4.096086
      1      -2.585122  31.095356  -2.319152
      2       3.426599  -1.942765  31.174380
 P Tensor eigenvectors:
                   0          1          2    
      0      -0.752631   0.286396   0.592895
      1      -0.057443   0.868457  -0.492425
      2       0.655932   0.404672   0.637176
 P Eigenvalues: 
                  0          1          2    
      0      27.076284  29.361174  36.375272
P(iso)  30.937577
 Nucleus: 35 H 
 Shielding tensor (ppm): 
                  0          1          2    
      0      35.141938  -0.607591  -0.013588
      1      -0.829684  25.942520   0.000995
      2       0.007043  -0.000375  24.149919
 P Tensor eigenvectors:
                   0          1          2    
      0       0.000469  -0.075601   0.997138
      1      -0.000055  -0.997138  -0.075601
      2       1.000000  -0.000019  -0.000472
 P Eigenvalues: 
                  0          1          2    
      0      24.149918  25.886751  35.197708
P(iso)  28.411459
 Nucleus: 36 H 
 Shielding tensor (ppm): 
                  0          1          2    
      0      29.914216   2.649746  -0.008655
      1       3.984705  36.121267  -0.017732
      2      -0.010368  -0.015983  26.082228
 P Tensor eigenvectors:
                   0          1          2    
      0       0.001439   0.913316   0.407250
      1       0.001202  -0.407251   0.913315
      2       0.999998  -0.000825  -0.001684
 P Eigenvalues: 
                  0          1          2    
      0      26.082194  28.476001  37.559517
P(iso)  30.705904
 Nucleus: 37 H 
 Shielding tensor (ppm): 
                  0          1          2    
      0      29.204227   1.897155   0.000555
      1       3.143226  36.920708   0.001147
      2       0.000472   0.001032  25.984069
 P Tensor eigenvectors:
                   0          1          2    
      0      -0.000101   0.955711   0.294307
      1      -0.000076  -0.294307   0.955711
      2       1.000000   0.000074   0.000103
 P Eigenvalues: 
                  0          1          2    
      0      25.984069  28.454882  37.670053
P(iso)  30.703001
 Nucleus: 44 H 
 Shielding tensor (ppm): 
                  0          1          2    
      0      23.924878   0.023498   0.000837
      1       0.020782  27.426356   0.000670
      2       0.000752   0.000666  21.556230
 P Tensor eigenvectors:
                   0          1          2    
      0      -0.000335   0.999980   0.006296
      1      -0.000113  -0.006296   0.999980
      2       1.000000   0.000334   0.000115
 P Eigenvalues: 
                  0          1          2    
      0      21.556229  23.924738  27.426496
P(iso)  24.302488
 Nucleus: 45 H 
 Shielding tensor (ppm): 
                  0          1          2    
      0      27.210417  -1.761748   0.001923
      1      -1.726760  24.461104  -0.000419
      2       0.001568  -0.000499  21.250294
 P Tensor eigenvectors:
                   0          1          2    
      0      -0.000302  -0.436778   0.899569
      1      -0.000020  -0.899569  -0.436778
      2       1.000000  -0.000150   0.000263
 P Eigenvalues: 
                  0          1          2    
      0      21.250293  23.614928  28.056594
P(iso)  24.307272
 Nucleus: 46 H 
 Shielding tensor (ppm): 
                  0          1          2    
      0      27.466347  -3.599398   0.001577
      1      -2.641948  24.405308  -0.000057
      2       0.001236  -0.000335  20.310277
 P Tensor eigenvectors:
                   0          1          2    
      0      -0.000268  -0.536799   0.843710
      1      -0.000152  -0.843710  -0.536799
      2       1.000000  -0.000272   0.000144
 P Eigenvalues: 
                  0          1          2    
      0      20.310277  22.460634  29.411022
P(iso)  24.060644
 Nucleus: 47 H 
 Shielding tensor (ppm): 
                  0          1          2    
      0      28.355866   2.916166   0.002739
      1       2.063761  23.774840   0.000581
      2       0.002174   0.001534  19.992224
 P Tensor eigenvectors:
                   0          1          2    
      0      -0.000268  -0.409333  -0.912385
      1      -0.000099   0.912385  -0.409333
      2       1.000000  -0.000019  -0.000285
 P Eigenvalues: 
                  0          1          2    
      0      19.992223  22.682557  29.448150
P(iso)  24.040977
 Nucleus: 48 H 
 Shielding tensor (ppm): 
                  0          1          2    
      0      27.190659   1.481939   0.002266
      1       1.473060  24.384562   0.001000
      2       0.001759   0.001182  21.303211
 P Tensor eigenvectors:
                   0          1          2    
      0      -0.000293  -0.394667  -0.918824
      1      -0.000214   0.918824  -0.394667
      2       1.000000   0.000081  -0.000354
 P Eigenvalues: 
                  0          1          2    
      0      21.303210  23.750076  27.825146
P(iso)  24.292811
# -----------------------------------------------------------
$ EPRNMR_ATensor
   description: Hyperfine A tensor
   geom. index: 1
   prop. index: 1
 Number of stored nuclei 25
 Source density: 1 SCF 
 Spin multiplicity: 2 
 Nucleus: 9 H  
 Isotope: 1 
 Nuclear Spin:  0.5 
 Prefactor (MHz): 533.551395 
 Raw A tensor (MHz): 
                  0          1          2    
      0     -16.105798  -6.313828   0.002253
      1      -6.316624 -12.980386  -0.006338
      2       0.002253  -0.006339 -17.395666
 A Tensor eigenvectors:
                   0          1          2    
      0      -0.616337  -0.000880   0.787482
      1       0.787482   0.000177   0.616338
      2      -0.000682   1.000000   0.000584
 A Eigenvalues: 
                  0          1          2    
      0      -8.037388 -17.395669 -21.048793
A(iso)  -15.493950
 Nucleus: 10 H  
 Isotope: 1 
 Nuclear Spin:  0.5 
 Prefactor (MHz): 533.551395 
 Raw A tensor (MHz): 
                  0          1          2    
      0       8.526467   2.350555   0.000468
      1       2.351667   6.876591  -0.000165
      2       0.000468  -0.000165   4.577478
 A Tensor eigenvectors:
                   0          1          2    
      0      -0.000411  -0.578294  -0.815829
      1       0.000492   0.815829  -0.578294
      2       1.000000  -0.000639  -0.000051
 A Eigenvalues: 
                  0          1          2    
      0       4.577478   5.209894  10.193164
A(iso)  6.660179
 Nucleus: 12 H  
 Isotope: 1 
 Nuclear Spin:  0.5 
 Prefactor (MHz): 533.551395 
 Raw A tensor (MHz): 
                  0          1          2    
      0     -20.276118  -1.720027   0.009307
      1      -1.717539 -74.996709   0.007770
      2       0.009305   0.007776 -49.288941
 A Tensor eigenvectors:
                   0          1          2    
      0       0.999507   0.000302   0.031386
      1      -0.031386  -0.000322   0.999507
      2       0.000312  -1.000000  -0.000313
 A Eigenvalues: 
                  0          1          2    
      0     -20.222182 -49.288941 -75.050645
A(iso)  -48.187256
 Nucleus: 14 H  
 Isotope: 1 
 Nuclear Spin:  0.5 
 Prefactor (MHz): 533.551395 
 Raw A tensor (MHz): 
                  0          1          2    
      0      71.349640  -3.636547  -2.030411
      1      -3.635433  73.247258   1.987142
      2      -2.028845   1.987314  68.126170
 A Tensor eigenvectors:
                   0          1          2    
      0       0.380449  -0.709202   0.593541
      1      -0.073303  -0.662910  -0.745102
      2       0.921892   0.239965  -0.304190
 A Eigenvalues: 
                  0          1          2    
      0      67.130760  68.637685  76.954624
A(iso)  70.907689
 Nucleus: 15 H  
 Isotope: 1 
 Nuclear Spin:  0.5 
 Prefactor (MHz): 533.551395 
 Raw A tensor (MHz): 
                  0          1          2    
      0      71.046910  -3.635800   2.026840
      1      -3.634678  72.914097  -1.985614
      2       2.025268  -1.985788  67.794438
 A Tensor eigenvectors:
                   0          1          2    
      0      -0.375663  -0.710640   0.594869
      1       0.076616  -0.663500  -0.744243
      2       0.923584  -0.234008   0.303699
 A Eigenvalues: 
                  0          1          2    
      0      66.805819  68.319935  76.629691
A(iso)  70.585148
 Nucleus: 17 H  
 Isotope: 1 
 Nuclear Spin:  0.5 
 Prefactor (MHz): 533.551395 
 Raw A tensor (MHz): 
                  0          1          2    
      0      -2.303510   2.113145  -0.656400
      1       2.112963   1.819270  -1.350439
      2      -0.655838  -1.349311  -2.849377
 A Tensor eigenvectors:
                   0          1          2    
      0      -0.379658   0.656030   0.652292
      1      -0.892098  -0.446332  -0.070344
      2       0.244991  -0.608615   0.754697
 A Eigenvalues: 
                  0          1          2    
      0       3.088249  -3.131267  -3.290598
A(iso)  -1.111206
 Nucleus: 18 H  
 Isotope: 1 
 Nuclear Spin:  0.5 
 Prefactor (MHz): 533.551395 
 Raw A tensor (MHz): 
                  0          1          2    
      0      -2.298074   2.119193   0.648119
      1       2.119012   1.820738   1.333119
      2       0.647564   1.331999  -2.855783
 A Tensor eigenvectors:
                   0          1          2    
      0      -0.380669   0.652439  -0.655297
      1      -0.892506  -0.444625   0.075781
      2      -0.241919   0.613703   0.751561
 A Eigenvalues: 
                  0          1          2    
      0       3.084877  -3.131763  -3.286233
A(iso)  -1.111040
 Nucleus: 20 H  
 Isotope: 1 
 Nuclear Spin:  0.5 
 Prefactor (MHz): 533.551395 
 Raw A tensor (MHz): 
                  0          1          2    
      0       0.025369  -0.259335   0.098164
      1      -0.259676   2.193267  -0.384294
      2       0.098310  -0.384100   0.058696
 A Tensor eigenvectors:
                   0          1          2    
      0      -0.666812  -0.735615  -0.119303
      1      -0.208279   0.030250   0.977602
      2      -0.715529   0.676724  -0.173385
 A Eigenvalues: 
                  0          1          2    
      0       0.043623  -0.059372   2.293081
A(iso)  0.759111
 Nucleus: 21 H  
 Isotope: 1 
 Nuclear Spin:  0.5 
 Prefactor (MHz): 533.551395 
 Raw A tensor (MHz): 
                  0          1          2    
      0       0.024271  -0.256981  -0.097859
      1      -0.257322   2.195968   0.379957
      2      -0.098004   0.379763   0.057801
 A Tensor eigenvectors:
                   0          1          2    
      0       0.663347   0.738926   0.118150
      1       0.206184  -0.028704  -0.978092
      2      -0.719346   0.673175  -0.171395
 A Eigenvalues: 
                  0          1          2    
      0       0.044384  -0.059944   2.293601
A(iso)  0.759347
 Nucleus: 23 H  
 Isotope: 1 
 Nuclear Spin:  0.5 
 Prefactor (MHz): 533.551395 
 Raw A tensor (MHz): 
                  0          1          2    
      0      25.696602   1.553183   0.929931
      1       1.552623  25.740381   0.491061
      2       0.929284   0.491248  24.360697
 A Tensor eigenvectors:
                   0          1          2    
      0      -0.604398   0.399240   0.689428
      1       0.296241  -0.690698   0.659680
      2       0.739557   0.602946   0.299186
 A Eigenvalues: 
                  0          1          2    
      0      23.797858  24.413853  27.585968
A(iso)  25.265893
 Nucleus: 24 H  
 Isotope: 1 
 Nuclear Spin:  0.5 
 Prefactor (MHz): 533.551395 
 Raw A tensor (MHz): 
                  0          1          2    
      0      25.703880   1.553269  -0.929800
      1       1.552710  25.747510  -0.490982
      2      -0.929153  -0.491170  24.367863
 A Tensor eigenvectors:
                   0          1          2    
      0       0.604409   0.399192   0.689446
      1      -0.296337  -0.690657   0.659680
      2       0.739509  -0.603025  -0.299144
 A Eigenvalues: 
                  0          1          2    
      0      23.805114  24.420973  27.593165
A(iso)  25.273084
 Nucleus: 26 H  
 Isotope: 1 
 Nuclear Spin:  0.5 
 Prefactor (MHz): 533.551395 
 Raw A tensor (MHz): 
                  0          1          2    
      0      -0.852435  -0.343969   0.087036
      1      -0.343574   0.788984  -0.403476
      2       0.086815  -0.403211  -0.954779
 A Tensor eigenvectors:
                   0          1          2    
      0       0.977308  -0.193238  -0.086760
      1       0.207042   0.957967   0.198575
      2       0.044741  -0.212032   0.976238
 A Eigenvalues: 
                  0          1          2    
      0      -0.921269   0.947549  -1.044509
A(iso)  -0.339410
 Nucleus: 27 H  
 Isotope: 1 
 Nuclear Spin:  0.5 
 Prefactor (MHz): 533.551395 
 Raw A tensor (MHz): 
                  0          1          2    
      0      -0.852894  -0.344167  -0.087074
      1      -0.343772   0.788926   0.403114
      2      -0.086854   0.402848  -0.955508
 A Tensor eigenvectors:
                   0          1          2    
      0       0.977240  -0.193311   0.087367
      1       0.207226   0.958004  -0.198209
      2      -0.045382   0.211802   0.976258
 A Eigenvalues: 
                  0          1          2    
      0      -0.921782   0.947375  -1.045070
A(iso)  -0.339825
 Nucleus: 29 H  
 Isotope: 1 
 Nuclear Spin:  0.5 
 Prefactor (MHz): 533.551395 
 Raw A tensor (MHz): 
                  0          1          2    
      0      -0.036289   0.287188   0.061384
      1       0.287306   0.705998   0.125666
      2       0.061394   0.125578  -0.091413
 A Tensor eigenvectors:
                   0          1          2    
      0      -0.410415   0.853048  -0.322287
      1       0.280511  -0.218187  -0.934723
      2      -0.867683  -0.474030  -0.149743
 A Eigenvalues: 
                  0          1          2    
      0      -0.102950  -0.143928   0.825175
A(iso)  0.192765
 Nucleus: 30 H  
 Isotope: 1 
 Nuclear Spin:  0.5 
 Prefactor (MHz): 533.551395 
 Raw A tensor (MHz): 
                  0          1          2    
      0      -0.036226   0.287174  -0.061387
      1       0.287292   0.706004  -0.125608
      2      -0.061398  -0.125520  -0.091359
 A Tensor eigenvectors:
                   0          1          2    
      0      -0.410641   0.852934   0.322299
      1       0.280532  -0.218145   0.934727
      2       0.867569   0.474253  -0.149696
 A Eigenvalues: 
                  0          1          2    
      0      -0.102865  -0.143879   0.825162
A(iso)  0.192806
 Nucleus: 32 H  
 Isotope: 1 
 Nuclear Spin:  0.5 
 Prefactor (MHz): 533.551395 
 Raw A tensor (MHz): 
                  0          1          2    
      0      -0.107066   0.009191   0.000453
      1       0.009277   0.378034   0.065170
      2       0.000459   0.065139  -0.119907
 A Tensor eigenvectors:
                   0          1          2    
      0       0.999237  -0.034351   0.018581
      1      -0.014033   0.128188   0.991651
      2      -0.036446  -0.991155   0.127608
 A Eigenvalues: 
                  0          1          2    
      0      -0.107214  -0.128316   0.386591
A(iso)  0.050354
 Nucleus: 33 H  
 Isotope: 1 
 Nuclear Spin:  0.5 
 Prefactor (MHz): 533.551395 
 Raw A tensor (MHz): 
                  0          1          2    
      0      -0.107104   0.009203  -0.000461
      1       0.009288   0.377957  -0.065192
      2      -0.000467  -0.065162  -0.119938
 A Tensor eigenvectors:
                   0          1          2    
      0       0.999247  -0.034052  -0.018607
      1      -0.014096   0.128238  -0.991643
      2       0.036154   0.991159   0.127661
 A Eigenvalues: 
                  0          1          2    
      0      -0.107252  -0.128353   0.386520
A(iso)  0.050305
 Nucleus: 35 H  
 Isotope: 1 
 Nuclear Spin:  0.5 
 Prefactor (MHz): 533.551395 
 Raw A tensor (MHz): 
                  0          1          2    
      0      -3.676714  -1.016929  -0.006992
      1      -1.014285 -11.904023   0.000976
      2      -0.006990   0.000980  -9.030038
 A Tensor eigenvectors:
                   0          1          2    
      0      -0.992666   0.001284   0.120878
      1       0.120878  -0.000114   0.992667
      2       0.001289   0.999999  -0.000042
 A Eigenvalues: 
                  0          1          2    
      0      -3.553190  -9.030047 -12.027539
A(iso)  -8.203592
 Nucleus: 36 H  
 Isotope: 1 
 Nuclear Spin:  0.5 
 Prefactor (MHz): 533.551395 
 Raw A tensor (MHz): 
                  0          1          2    
      0      -0.816124   0.244665  -0.000650
      1       0.244528   0.682065  -0.001941
      2      -0.000650  -0.001940  -0.836977
 A Tensor eigenvectors:
                   0          1          2    
      0      -0.157191   0.018197   0.987401
      1      -0.987567  -0.004209  -0.157140
      2       0.001296  -0.999826   0.018632
 A Eigenvalues: 
                  0          1          2    
      0       0.720990  -0.836974  -0.855053
A(iso)  -0.323679
 Nucleus: 37 H  
 Isotope: 1 
 Nuclear Spin:  0.5 
 Prefactor (MHz): 533.551395 
 Raw A tensor (MHz): 
                  0          1          2    
      0      -0.122140   0.067837  -0.000001
      1       0.067895   0.228569   0.000002
      2      -0.000001   0.000002  -0.133319
 A Tensor eigenvectors:
                   0          1          2    
      0      -0.001031   0.983016   0.183517
      1       0.000187  -0.183517   0.983017
      2       0.999999   0.001048   0.000006
 A Eigenvalues: 
                  0          1          2    
      0      -0.133319  -0.134815   0.241244
A(iso)  -0.008963
 Nucleus: 44 H  
 Isotope: 1 
 Nuclear Spin:  0.5 
 Prefactor (MHz): 533.551395 
 Raw A tensor (MHz): 
                  0          1          2    
      0       0.465859   0.041936  -0.000126
      1       0.041940   1.201262   0.000066
      2      -0.000126   0.000066   0.738438
 A Tensor eigenvectors:
                   0          1          2    
      0      -0.998388  -0.000478   0.056749
      1       0.056749  -0.000099   0.998388
      2      -0.000472   1.000000   0.000126
 A Eigenvalues: 
                  0          1          2    
      0       0.463475   0.738438   1.203645
A(iso)  0.801853
 Nucleus: 45 H  
 Isotope: 1 
 Nuclear Spin:  0.5 
 Prefactor (MHz): 533.551395 
 Raw A tensor (MHz): 
                  0          1          2    
      0      -0.302366   0.174509  -0.000040
      1       0.174481  -0.369807   0.000027
      2      -0.000040   0.000027  -0.331701
 A Tensor eigenvectors:
                   0          1          2    
      0       0.771272   0.000102  -0.636505
      1       0.636505  -0.000247   0.771272
