-------------------------------------------------------------
----------------------- !PROPERTIES! ------------------------
-------------------------------------------------------------
# -----------------------------------------------------------
$ PAL_Flags
   description: The PAL Flags
   geom. index: 1
   prop. index: 1
        Diskflag:     2
# -----------------------------------------------------------
$ SCF_Energy
   description: The SCF energy
   geom. index: 1
   prop. index: 1
        SCF Energy:     -928.9729009093
# -----------------------------------------------------------
$ DFT_Energy
   description: The DFT energy
   geom. index: 1
   prop. index: 1
   Number of Alpha Electrons                 85.0001548632 
   Number of Beta  Electrons                 84.0001451166 
   Total number of  Electrons               169.0002999798 
   Exchange energy                         -105.5543927475 
   Correlation energy                        -6.5761082465 
   Correlation energy NL                      0.0000000000 
   Exchange-Correlation energy             -112.1305009940 
   Embedding correction                       0.0000000000 
   Total DFT Energy (No VdW correction)    -928.9729009093 
# -----------------------------------------------------------
$ Mayer_Pop
   description: The Mayer population analysis
   geom. index: 1
   prop. index: 1
     Number of atoms                     : 49
     Threshold for printing              : 0.1000000
     Number of bond orders printed       : 52
  NA   - Mulliken gross atomic population
  ZA   - Total nuclear charge
  QA   - Mulliken gross atomic charge
  VA   - Mayer's total valence
  BVA  - Mayer's bonded valence
  FA   - Mayer's free valence
  ATOM       NA         ZA         QA         VA         BVA        FA
  0   0     6.5423     6.0000    -0.5423     3.8860     3.8790     0.0070
  1   0     6.0143     6.0000    -0.0143     3.8075     3.8060     0.0015
  2   0     6.3874     6.0000    -0.3874     3.7670     3.7665     0.0005
  3   0     5.6566     6.0000     0.3434     3.9102     3.8752     0.0350
  4   0     5.5541     6.0000     0.4459     3.8283     3.8138     0.0145
  5   0     6.4588     6.0000    -0.4588     4.2270     4.1912     0.0358
  6   0     5.4529     6.0000     0.5471     3.9017     3.8947     0.0070
  7   0     5.7606     6.0000     0.2394     3.9215     3.8828     0.0387
  8   0     6.3809     6.0000    -0.3809     4.3129     4.3046     0.0083
  9   0     0.8690     1.0000     0.1310     0.9658     0.9656     0.0002
 10   0     0.8655     1.0000     0.1345     0.9656     0.9656     0.0000
 11   0     6.2986     6.0000    -0.2986     4.0386     3.6493     0.3893
 12   0     0.8649     1.0000     0.1351     0.9798     0.9782     0.0016
 13   0     6.2723     6.0000    -0.2723     3.9616     3.9602     0.0014
 14   0     0.8472     1.0000     0.1528     0.9638     0.9629     0.0009
 15   0     0.8474     1.0000     0.1526     0.9639     0.9630     0.0009
 16   0     6.2909     6.0000    -0.2909     3.8994     3.8994     0.0000
 17   0     0.8436     1.0000     0.1564     0.9632     0.9632     0.0000
 18   0     0.8437     1.0000     0.1563     0.9632     0.9632     0.0000
 19   0     6.5102     6.0000    -0.5102     3.9047     3.9047     0.0000
 20   0     0.8407     1.0000     0.1593     0.9653     0.9653     0.0000
 21   0     0.8407     1.0000     0.1593     0.9653     0.9653     0.0000
 22   0     6.3569     6.0000    -0.3569     4.0227     4.0225     0.0002
 23   0     0.8471     1.0000     0.1529     0.9627     0.9626     0.0001
 24   0     0.8472     1.0000     0.1528     0.9627     0.9626     0.0001
 25   0     6.2726     6.0000    -0.2726     4.0237     4.0237     0.0000
 26   0     0.8575     1.0000     0.1425     0.9662     0.9662     0.0000
 27   0     0.8575     1.0000     0.1425     0.9662     0.9662     0.0000
 28   0     6.2635     6.0000    -0.2635     3.8906     3.8906     0.0000
 29   0     0.8555     1.0000     0.1445     0.9670     0.9670     0.0000
 30   0     0.8555     1.0000     0.1445     0.9670     0.9670     0.0000
 31   0     6.5114     6.0000    -0.5114     3.9011     3.9011     0.0000
 32   0     0.8397     1.0000     0.1603     0.9651     0.9651     0.0000
 33   0     0.8397     1.0000     0.1603     0.9651     0.9651     0.0000
 34   0     6.2992     6.0000    -0.2992     3.9554     3.9542     0.0012
 35   0     0.8153     1.0000     0.1847     0.9776     0.9776     0.0000
 36   0     0.8533     1.0000     0.1467     0.9670     0.9670     0.0000
 37   0     0.8559     1.0000     0.1441     0.9668     0.9668     0.0000
 38   0     5.4133     6.0000     0.5867     3.9276     3.9275     0.0001
 39   0     6.2816     6.0000    -0.2816     4.1967     4.1966     0.0001
 40   0     6.0984     6.0000    -0.0984     4.0952     4.0952     0.0000
 41   0     6.1226     6.0000    -0.1226     4.0771     4.0770     0.0001
 42   0     6.1027     6.0000    -0.1027     4.0996     4.0996     0.0000
 43   0     6.2728     6.0000    -0.2728     4.1815     4.1814     0.0001
 44   0     0.8923     1.0000     0.1077     0.9580     0.9580     0.0000
 45   0     0.8932     1.0000     0.1068     0.9613     0.9613     0.0000
 46   0     0.8795     1.0000     0.1205     0.9602     0.9602     0.0000
 47   0     0.8799     1.0000     0.1201     0.9602     0.9602     0.0000
 48   0     0.8932     1.0000     0.1068     0.9615     0.9615     0.0000
      Bond orders larger than 0.1000000
           Atom A     A.N. of A          Atom B    A.N. of B              Bond order
                0             6               1            6                2.693419
                0             6              35            1                0.986047
                1             6               3            6                0.924888
                2             6               6            6                0.787017
                2             6              34            6                2.519951
                3             6               4            6                1.244900
                3             6               8            6                1.426082
                4             6               5            6                1.232910
                4             6               6            6                0.112983
                4             6              11            6                1.266594
                5             6               6            6                1.494613
                5             6               9            1                0.969274
                6             6               7            6                1.326792
                6             6               8            6                0.122126
                7             6               8            6                1.417501
                7             6              22            6                0.966003
                8             6              10            1                0.970507
               11             6              12            1                0.989883
               11             6              13            6                1.003000
               13             6              14            1                0.955274
               13             6              15            1                0.955182
               13             6              16            6                0.980510
               16             6              17            1                0.972257
               16             6              18            1                0.972164
               16             6              19            6                0.961204
               19             6              20            1                0.972838
               19             6              21            1                0.972855
               19             6              36            1                0.967359
               22             6              23            1                0.954979
               22             6              24            1                0.955110
               22             6              25            6                1.023257
               25             6              26            1                0.961549
               25             6              27            1                0.961590
               25             6              28            6                0.986250
               28             6              29            1                0.971915
               28             6              30            1                0.971905
               28             6              31            6                0.954555
               31             6              32            1                0.973040
               31             6              33            1                0.973043
               31             6              37            1                0.967326
               34             6              38            6                1.005854
               38             6              39            6                1.390044
               38             6              43            6                1.384704
               39             6              40            6                1.476848
               39             6              46            1                0.981821
               40             6              41            6                1.452685
               40             6              48            1                0.975610
               41             6              42            6                1.455618
               41             6              44            1                0.965480
               42             6              43            6                1.476541
               42             6              45            1                0.976549
               43             6              47            1                0.979511
# -----------------------------------------------------------
$ Calculation_Info
   description: Details of the calculation
   geom. index: 1
   prop. index: 1
     Multiplicity:                          2
     Charge:                                0
     number of atoms:                       49
     number of electrons:                   0
     number of frozen core electrons:       1
     number of correlated electrons:        0
     number of basis functions:             583
     number of aux C basis functions:       4070
     number of aux J basis functions:       4070
     number of aux JK basis functions:      4070
     number of aux CABS basis functions:    0
     Total Energy                           -928.972901
# -----------------------------------------------------------
$ SCF_Electric_Properties
   description: The SCF Calculated Electric Properties
   geom. index: 1
   prop. index: 1
       Filename                          : EPRII.scfp 
       Do Dipole Moment Calculation      : true 
       Do Quadrupole Moment Calculation  : false 
       Do Polarizability Calculation     : false 
** Dipole moment part of electric properties **
        Magnitude of dipole moment (Debye) :        1.1163197544
        Electronic Contribution:
                  0    
      0       9.611504
      1      -2.455626
      2      -0.011828
        Nuclear Contribution:
                  0    
      0      -9.176887
      1       2.392456
      2       0.012851
        Total Dipole moment:
                  0    
      0       0.434617
      1      -0.063170
      2       0.001023
# -----------------------------------------------------------
$ EPRNMR_GTensor
   description: Electronic g tensor
   geom. index: 1
   prop. index: 1
 Source density: 1 SCF 
 Spin multiplicity: 2 
 raw g tensor: 
                  0          1          2    
      0       2.002738   0.000124   0.000000
      1       0.000128   2.002755  -0.000000
      2       0.000000  -0.000000   2.002314
 g tensor: 
                  0          1          2    
      0      -0.000378  -0.730420  -0.682998
      1       0.000591   0.682998  -0.730420
      2       1.000000  -0.000680   0.000173
 G eigenvalues: 
                  0          1          2    
      0       2.002314   2.002620   2.002873
# -----------------------------------------------------------
$ EPRNMR_OrbitalShielding
   description: Orbital contribution to the NMR Shielding tensor (ppm)
   geom. index: 1
   prop. index: 1
 Number of stored nuclei 25
 Source density: 1 SCF 
 Nucleus: 9 H 
 Shielding tensor (ppm): 
                  0          1          2    
      0      32.795456 148.725997  -0.009596
      1     -173.124705 134.172082  -0.034538
      2      -0.003297   0.052509 119.034776
 P Tensor eigenvectors:
                   0          1          2    
      0      -0.001385   0.787401  -0.616439
      1      -0.000987   0.616439   0.787402
      2       0.999999   0.001699  -0.000077
 P Eigenvalues: 
                  0          1          2    
      0     119.034592  59.475712 107.492009
P(iso)  95.334105
 Nucleus: 10 H 
 Shielding tensor (ppm): 
                  0          1          2    
      0      35.523245 -160.381567   0.052534
      1      13.637539  30.841618   0.009871
      2      -0.001213  -0.043172  39.052528
 P Tensor eigenvectors:
                   0          1          2    
      0       0.980439   0.000088  -0.196823
      1       0.196823  -0.000371   0.980439
      2       0.000013  -1.000000  -0.000382
 P Eigenvalues: 
                  0          1          2    
      0       7.024314  39.052515  59.340562
P(iso)  35.139130
 Nucleus: 12 H 
 Shielding tensor (ppm): 
                  0          1          2    
      0      65.046263 -120.744053   0.126363
      1     253.215916 -53.150992   0.105446
      2      -0.078965  -0.037826  -6.488239
 P Tensor eigenvectors:
                   0          1          2    
      0      -0.000240   0.341355  -0.939934
      1       0.000893   0.939934   0.341355
      2       1.000000  -0.000757  -0.000530
 P Eigenvalues: 
                  0          1          2    
      0      -6.488251   3.125436   8.769847
P(iso)  1.802344
 Nucleus: 14 H 
 Shielding tensor (ppm): 
                  0          1          2    
      0      40.241989 262.752016 214.242755
      1     -320.128662 114.238227 325.802154
      2     -160.875134 -238.359820 126.313115
 P Tensor eigenvectors:
                   0          1          2    
      0      -0.664066   0.482455  -0.571186
      1       0.381572   0.875660   0.296011
      2      -0.642977   0.021378   0.765587
 P Eigenvalues: 
                  0          1          2    
      0     102.471287  74.967768 103.354275
P(iso)  93.597777
 Nucleus: 15 H 
 Shielding tensor (ppm): 
                  0          1          2    
      0      40.460177 263.153731 -213.589089
      1     -320.975271 114.483774 -324.673973
      2     160.440610 237.625751 126.706868
 P Tensor eigenvectors:
                   0          1          2    
      0      -0.662638   0.481938   0.573278
      1       0.380645   0.875934  -0.296394
      2       0.644997  -0.021813   0.763874
 P Eigenvalues: 
                  0          1          2    
      0     102.994227  75.109378 103.547214
P(iso)  93.883606
 Nucleus: 17 H 
 Shielding tensor (ppm): 
                  0          1          2    
      0      44.445619 -229.287862 -276.445636
      1     346.519385 -23.135958 -401.279891
      2     188.292487 293.727107 -12.943493
 P Tensor eigenvectors:
                   0          1          2    
      0      -0.673814   0.461149  -0.577336
      1       0.465951   0.871592   0.152372
      2      -0.573468   0.166340   0.802163
 P Eigenvalues: 
                  0          1          2    
      0     -31.231126  16.281991  23.315303
P(iso)  2.788723
 Nucleus: 18 H 
 Shielding tensor (ppm): 
                  0          1          2    
      0      44.346952 -229.785923 275.714565
      1     347.641114 -23.308967 399.791701
      2     -187.952814 -292.570284 -13.527290
 P Tensor eigenvectors:
                   0          1          2    
      0      -0.672072   0.460098   0.580198
      1       0.465613   0.871833  -0.152022
      2       0.575781  -0.167978   0.800162
 P Eigenvalues: 
                  0          1          2    
      0     -31.602855  16.078940  23.034610
P(iso)  2.503565
 Nucleus: 20 H 
 Shielding tensor (ppm): 
                  0          1          2    
      0     -13.864686 388.110672 -209.002567
      1     -448.754901  86.138470 -463.508740
      2     151.673396 335.004779  47.161018
 P Tensor eigenvectors:
                   0          1          2    
      0      -0.674329  -0.435273   0.596505
      1       0.283708  -0.898516  -0.334931
      2       0.681756  -0.056620   0.729386
 P Eigenvalues: 
                  0          1          2    
      0      35.651382  35.398235  48.385185
P(iso)  39.811601
 Nucleus: 21 H 
 Shielding tensor (ppm): 
                  0          1          2    
      0     -14.013835 387.296464 209.095421
      1     -447.343527  86.056419 464.574715
      2     -151.537335 -335.810176  46.657801
 P Tensor eigenvectors:
                   0          1          2    
      0      -0.676046  -0.435552  -0.594354
      1       0.283757  -0.898282   0.335517
      2      -0.680032   0.058172   0.730871
 P Eigenvalues: 
                  0          1          2    
      0      35.234294  35.258921  48.207171
P(iso)  39.566795
 Nucleus: 23 H 
 Shielding tensor (ppm): 
                  0          1          2    
      0      67.368144 -126.864686 -11.969500
      1     184.586436  99.658856 222.539314
      2      16.522146 -163.618547 122.044172
 P Tensor eigenvectors:
                   0          1          2    
      0       0.804614   0.033767   0.592837
      1      -0.078060  -0.983703   0.161975
      2      -0.588644   0.176604   0.788865
 P Eigenvalues: 
                  0          1          2    
      0      83.435985  88.193943 117.441243
P(iso)  96.357057
 Nucleus: 24 H 
 Shielding tensor (ppm): 
                  0          1          2    
      0      67.334709 -126.890837  12.025321
      1     184.623485  99.626635 -222.491482
      2     -16.615815 163.579381 122.042423
 P Tensor eigenvectors:
                   0          1          2    
      0       0.804496   0.033913  -0.592989
      1      -0.077777  -0.983757  -0.161779
      2       0.588844  -0.176272   0.788791
 P Eigenvalues: 
                  0          1          2    
      0      83.410298  88.171470 117.422000
P(iso)  96.334589
 Nucleus: 26 H 
 Shielding tensor (ppm): 
                  0          1          2    
      0      54.593757 164.476496  89.603630
      1     -262.074842  47.868931 -329.423666
      2     -56.335615 240.428374  65.314404
 P Tensor eigenvectors:
                   0          1          2    
      0       0.764904   0.208303   0.609534
      1       0.253927  -0.967151   0.011863
      2      -0.591982  -0.145703   0.792671
 P Eigenvalues: 
                  0          1          2    
      0      37.274353  54.642671  75.860067
P(iso)  55.925697
 Nucleus: 27 H 
 Shielding tensor (ppm): 
                  0          1          2    
      0      54.646322 164.561035 -89.655799
      1     -262.189508  47.896016 329.357756
      2      56.421552 -240.394942  65.316280
 P Tensor eigenvectors:
                   0          1          2    
      0       0.764684   0.208327  -0.609802
      1       0.254107  -0.967105  -0.011745
      2       0.592189   0.145974   0.792467
 P Eigenvalues: 
                  0          1          2    
      0      37.319302  54.660064  75.879252
P(iso)  55.952873
 Nucleus: 29 H 
 Shielding tensor (ppm): 
                  0          1          2    
      0      37.252048 -273.717717 -14.564533
      1     373.633346  64.502677 406.878560
      2      18.552104 -295.525419  63.148147
 P Tensor eigenvectors:
                   0          1          2    
      0      -0.738813   0.073367  -0.669905
      1      -0.009588  -0.995100  -0.098408
      2       0.673843   0.066282  -0.735896
 P Eigenvalues: 
                  0          1          2    
      0      47.016197  49.730300  68.156376
P(iso)  54.967624
 Nucleus: 30 H 
 Shielding tensor (ppm): 
                  0          1          2    
      0      37.209222 -273.797262  14.612762
      1     373.744598  64.479055 -406.741686
      2     -18.629274 295.410277  63.127955
 P Tensor eigenvectors:
                   0          1          2    
      0       0.738595   0.073469  -0.670135
      1       0.009715  -0.995101  -0.098388
      2       0.674080  -0.066158   0.735690
 P Eigenvalues: 
                  0          1          2    
      0      46.977230  49.709024  68.129979
P(iso)  54.938744
 Nucleus: 32 H 
 Shielding tensor (ppm): 
                  0          1          2    
      0      -2.458751 241.749534 -69.444296
      1     -351.030877  32.491251 465.921560
      2      49.192924 -338.413144  -2.039347
 P Tensor eigenvectors:
                   0          1          2    
      0       0.797293   0.050347  -0.601490
      1       0.134621  -0.986246   0.095892
      2       0.588389   0.157427   0.793105
 P Eigenvalues: 
                  0          1          2    
      0     -12.809990  17.015501  23.787642
P(iso)  9.331051
 Nucleus: 33 H 
 Shielding tensor (ppm): 
                  0          1          2    
      0      -2.502064 241.659589  69.404031
      1     -350.915990  32.474563 -465.934874
      2     -49.131889 338.401127  -2.055132
 P Tensor eigenvectors:
                   0          1          2    
      0       0.797401   0.050319   0.601348
      1       0.134538  -0.986259  -0.095873
      2      -0.588261  -0.157354   0.793214
 P Eigenvalues: 
                  0          1          2    
      0     -12.851213  17.000532  23.768048
P(iso)  9.305789
 Nucleus: 35 H 
 Shielding tensor (ppm): 
                  0          1          2    
      0      50.162612 -45.647691  -0.840616
      1      30.334138 -178.843830   0.013208
      2       0.568951   0.001960 -162.404359
 P Tensor eigenvectors:
                   0          1          2    
      0      -0.972898  -0.003207   0.231214
      1      -0.231184  -0.007855  -0.972878
      2      -0.004936   0.999964  -0.006901
 P Eigenvalues: 
                  0          1          2    
      0      34.472371 -162.402821 -163.155127
P(iso)  -97.028526
 Nucleus: 36 H 
 Shielding tensor (ppm): 
                  0          1          2    
      0     -100.010380  11.446055  -0.458173
      1     159.073544   4.654462  -1.055802
      2       0.214226   0.626218 -146.152173
 P Tensor eigenvectors:
                   0          1          2    
      0      -0.011517  -0.010857   0.999875
      1      -0.999922   0.005001  -0.011463
      2      -0.004876  -0.999929  -0.010913
 P Eigenvalues: 
                  0          1          2    
      0       6.598526 -146.152721 -101.953897
P(iso)  -80.502697
 Nucleus: 37 H 
 Shielding tensor (ppm): 
                  0          1          2    
      0     -108.163304 -289.680318   0.006176
      1     354.337107  61.186856   0.122995
      2      -0.014244  -0.112579 -95.544988
 P Tensor eigenvectors:
                   0          1          2    
      0      -0.000359   0.536796   0.843712
      1       0.000032  -0.843712   0.536796
      2       1.000000   0.000220   0.000285
 P Eigenvalues: 
                  0          1          2    
      0     -95.544987 -16.894453 -30.081996
P(iso)  -47.507145
 Nucleus: 44 H 
 Shielding tensor (ppm): 
                  0          1          2    
      0      40.925084 -15.371530   0.249045
      1       2.862525 -249.033280  -0.012120
      2      -0.156350  -0.006197 -175.081373
 P Tensor eigenvectors:
                   0          1          2    
      0       0.999754   0.001293  -0.022139
      1       0.022139   0.000046   0.999755
      2      -0.001294   0.999999  -0.000018
 P Eigenvalues: 
                  0          1          2    
      0      40.505624 -175.080894 -248.614299
P(iso)  -127.729856
 Nucleus: 45 H 
 Shielding tensor (ppm): 
                  0          1          2    
      0      10.168553 564.019716   0.195501
      1     -312.559270 -96.142612   0.026389
      2      -0.132193   0.009576 -83.385149
 P Tensor eigenvectors:
                   0          1          2    
      0       0.000083  -0.988605  -0.150535
      1      -0.000343   0.150535  -0.988605
      2       1.000000   0.000133  -0.000327
 P Eigenvalues: 
                  0          1          2    
      0     -83.385164 -29.662676 -56.311368
P(iso)  -56.453069
 Nucleus: 46 H 
 Shielding tensor (ppm): 
                  0          1          2    
      0       6.201177 -543.020110  -0.177246
      1     370.341629 157.593770   0.002863
      2       0.120337   0.016344 103.785648
 P Tensor eigenvectors:
                   0          1          2    
      0       0.000043  -0.963455  -0.267870
      1      -0.000326   0.267870  -0.963455
      2       1.000000   0.000129  -0.000303
 P Eigenvalues: 
                  0          1          2    
      0     103.785647  61.629317 102.165631
P(iso)  89.193532
 Nucleus: 47 H 
 Shielding tensor (ppm): 
                  0          1          2    
      0      15.088413 517.214500  -0.032251
      1     -330.850168 147.263476   0.024895
      2       0.015006  -0.006238 101.853824
 P Tensor eigenvectors:
                   0          1          2    
      0       0.000099   0.977216  -0.212245
      1       0.000063   0.212245   0.977216
      2       1.000000  -0.000110  -0.000041
 P Eigenvalues: 
                  0          1          2    
      0     101.853824  59.696364 102.655526
P(iso)  88.068571
 Nucleus: 48 H 
 Shielding tensor (ppm): 
                  0          1          2    
      0      -0.302704 -587.816112   0.042453
      1     329.165821 -83.384075  -0.025569
      2      -0.043469  -0.009383 -81.169029
 P Tensor eigenvectors:
                   0          1          2    
      0       0.000067   0.993968  -0.109674
      1       0.000069   0.109674   0.993968
      2       1.000000  -0.000074  -0.000061
 P Eigenvalues: 
                  0          1          2    
      0     -81.169032 -29.498121 -54.188654
P(iso)  -54.951936
# -----------------------------------------------------------
$ EPRNMR_ATensor
   description: Hyperfine A tensor
   geom. index: 1
   prop. index: 1
 Number of stored nuclei 25
 Source density: 1 SCF 
 Spin multiplicity: 2 
 Nucleus: 9 H  
 Isotope: 1 
 Nuclear Spin:  0.5 
 Prefactor (MHz): 533.551395 
 Raw A tensor (MHz): 
                  0          1          2    
      0     -16.109920  -6.314725   0.002254
      1      -6.317521 -12.983472  -0.006338
      2       0.002253  -0.006340 -17.399500
 A Tensor eigenvectors:
                   0          1          2    
      0      -0.616320  -0.000880   0.787495
      1       0.787496   0.000177   0.616320
      2      -0.000682   1.000000   0.000583
 A Eigenvalues: 
                  0          1          2    
      0      -8.039997 -17.399503 -21.053392
A(iso)  -15.497631
 Nucleus: 10 H  
 Isotope: 1 
 Nuclear Spin:  0.5 
 Prefactor (MHz): 533.551395 
 Raw A tensor (MHz): 
                  0          1          2    
      0       8.530100   2.351324   0.000468
      1       2.352436   6.879344  -0.000164
      2       0.000467  -0.000164   4.580737
 A Tensor eigenvectors:
                   0          1          2    
      0      -0.000411  -0.578267  -0.815847
      1       0.000492   0.815847  -0.578267
      2       1.000000  -0.000639  -0.000051
 A Eigenvalues: 
                  0          1          2    
      0       4.580737   5.212216  10.197229
A(iso)  6.663394
 Nucleus: 12 H  
 Isotope: 1 
 Nuclear Spin:  0.5 
 Prefactor (MHz): 533.551395 
 Raw A tensor (MHz): 
                  0          1          2    
      0     -20.275104  -1.720135   0.009309
      1      -1.717648 -74.995331   0.007769
      2       0.009306   0.007776 -49.287709
 A Tensor eigenvectors:
                   0          1          2    
      0       0.999507   0.000302   0.031389
      1      -0.031389  -0.000322   0.999507
      2       0.000312  -1.000000  -0.000313
 A Eigenvalues: 
                  0          1          2    
      0     -20.221160 -49.287709 -75.049275
A(iso)  -48.186048
 Nucleus: 14 H  
 Isotope: 1 
 Nuclear Spin:  0.5 
 Prefactor (MHz): 533.551395 
 Raw A tensor (MHz): 
                  0          1          2    
      0      71.349883  -3.636467  -2.030327
      1      -3.635352  73.247624   1.987136
      2      -2.028761   1.987308  68.126409
 A Tensor eigenvectors:
                   0          1          2    
      0       0.380422  -0.709223   0.593533
      1      -0.073325  -0.662898  -0.745111
      2       0.921901   0.239936  -0.304185
 A Eigenvalues: 
                  0          1          2    
      0      67.131055  68.638032  76.954830
A(iso)  70.907972
 Nucleus: 15 H  
 Isotope: 1 
 Nuclear Spin:  0.5 
 Prefactor (MHz): 533.551395 
 Raw A tensor (MHz): 
                  0          1          2    
      0      71.047204  -3.635719   2.026754
      1      -3.634596  72.914517  -1.985608
      2       2.025182  -1.985781  67.794728
 A Tensor eigenvectors:
                   0          1          2    
      0      -0.375635  -0.710661   0.594861
      1       0.076639  -0.663487  -0.744252
      2       0.923593  -0.233978   0.303693
 A Eigenvalues: 
                  0          1          2    
      0      66.806166  68.320333  76.629948
A(iso)  70.585483
 Nucleus: 17 H  
 Isotope: 1 
 Nuclear Spin:  0.5 
 Prefactor (MHz): 533.551395 
 Raw A tensor (MHz): 
                  0          1          2    
      0      -2.303565   2.113130  -0.656401
      1       2.112948   1.819187  -1.350433
      2      -0.655839  -1.349305  -2.849438
 A Tensor eigenvectors:
                   0          1          2    
      0      -0.379658   0.656050   0.652272
      1      -0.892098  -0.446334  -0.070330
      2       0.244991  -0.608592   0.754715
 A Eigenvalues: 
                  0          1          2    
      0       3.088158  -3.131317  -3.290657
A(iso)  -1.111272
 Nucleus: 18 H  
 Isotope: 1 
 Nuclear Spin:  0.5 
 Prefactor (MHz): 533.551395 
 Raw A tensor (MHz): 
                  0          1          2    
      0      -2.298130   2.119178   0.648121
      1       2.118997   1.820654   1.333113
      2       0.647565   1.331993  -2.855844
 A Tensor eigenvectors:
                   0          1          2    
      0      -0.380669   0.652461  -0.655276
      1      -0.892506  -0.444627   0.075766
      2      -0.241919   0.613679   0.751580
 A Eigenvalues: 
                  0          1          2    
      0       3.084786  -3.131814  -3.286293
A(iso)  -1.111107
 Nucleus: 20 H  
 Isotope: 1 
 Nuclear Spin:  0.5 
 Prefactor (MHz): 533.551395 
 Raw A tensor (MHz): 
                  0          1          2    
      0       0.025375  -0.259333   0.098165
      1      -0.259673   2.193275  -0.384294
      2       0.098311  -0.384100   0.058703
 A Tensor eigenvectors:
                   0          1          2    
      0      -0.666780  -0.735644  -0.119301
      1      -0.208280   0.030242   0.977602
      2      -0.715559   0.676693  -0.173385
 A Eigenvalues: 
                  0          1          2    
      0       0.043630  -0.059366   2.293088
A(iso)  0.759117
 Nucleus: 21 H  
 Isotope: 1 
 Nuclear Spin:  0.5 
 Prefactor (MHz): 533.551395 
 Raw A tensor (MHz): 
                  0          1          2    
      0       0.024278  -0.256979  -0.097861
      1      -0.257319   2.195977   0.379957
      2      -0.098006   0.379763   0.057808
 A Tensor eigenvectors:
                   0          1          2    
      0       0.663310   0.738959   0.118149
      1       0.206184  -0.028694  -0.978092
      2      -0.719380   0.673139  -0.171395
 A Eigenvalues: 
                  0          1          2    
      0       0.044392  -0.059938   2.293609
A(iso)  0.759354
 Nucleus: 23 H  
 Isotope: 1 
 Nuclear Spin:  0.5 
 Prefactor (MHz): 533.551395 
 Raw A tensor (MHz): 
                  0          1          2    
      0      25.698966   1.553246   0.929894
      1       1.552686  25.743079   0.491142
      2       0.929246   0.491329  24.363079
 A Tensor eigenvectors:
                   0          1          2    
      0      -0.604382   0.399326   0.689392
      1       0.296168  -0.690688   0.659724
      2       0.739599   0.602901   0.299172
 A Eigenvalues: 
                  0          1          2    
      0      23.800308  24.416263  27.588553
A(iso)  25.268375
 Nucleus: 24 H  
 Isotope: 1 
 Nuclear Spin:  0.5 
 Prefactor (MHz): 533.551395 
 Raw A tensor (MHz): 
                  0          1          2    
      0      25.706237   1.553332  -0.929762
      1       1.552772  25.750203  -0.491063
      2      -0.929115  -0.491251  24.370240
 A Tensor eigenvectors:
                   0          1          2    
      0       0.604393   0.399278   0.689410
      1      -0.296265  -0.690646   0.659723
      2       0.739551  -0.602980  -0.299130
 A Eigenvalues: 
                  0          1          2    
      0      23.807558  24.423378  27.595744
A(iso)  25.275560
 Nucleus: 26 H  
 Isotope: 1 
 Nuclear Spin:  0.5 
 Prefactor (MHz): 533.551395 
 Raw A tensor (MHz): 
                  0          1          2    
      0      -0.852536  -0.344033   0.087049
      1      -0.343638   0.788891  -0.403480
      2       0.086829  -0.403215  -0.954877
 A Tensor eigenvectors:
                   0          1          2    
      0       0.977302  -0.193268  -0.086766
      1       0.207073   0.957961   0.198572
      2       0.044741  -0.212032   0.976238
 A Eigenvalues: 
                  0          1          2    
      0      -0.921394   0.947482  -1.044609
A(iso)  -0.339507
 Nucleus: 27 H  
 Isotope: 1 
 Nuclear Spin:  0.5 
 Prefactor (MHz): 533.551395 
 Raw A tensor (MHz): 
                  0          1          2    
      0      -0.852995  -0.344231  -0.087087
      1      -0.343836   0.788833   0.403118
      2      -0.086867   0.402852  -0.955607
 A Tensor eigenvectors:
                   0          1          2    
      0       0.977233  -0.193341   0.087375
      1       0.207257   0.957997  -0.198206
      2      -0.045384   0.211802   0.976258
 A Eigenvalues: 
                  0          1          2    
      0      -0.921907   0.947308  -1.045170
A(iso)  -0.339923
 Nucleus: 29 H  
 Isotope: 1 
 Nuclear Spin:  0.5 
 Prefactor (MHz): 533.551395 
 Raw A tensor (MHz): 
                  0          1          2    
      0      -0.036303   0.287202   0.061386
      1       0.287320   0.706029   0.125667
      2       0.061396   0.125579  -0.091412
 A Tensor eigenvectors:
                   0          1          2    
      0      -0.410279   0.853114  -0.322285
      1       0.280473  -0.218231  -0.934725
      2      -0.867759  -0.473890  -0.149740
 A Eigenvalues: 
                  0          1          2    
      0      -0.102952  -0.143943   0.825209
A(iso)  0.192771
 Nucleus: 30 H  
 Isotope: 1 
 Nuclear Spin:  0.5 
 Prefactor (MHz): 533.551395 
 Raw A tensor (MHz): 
                  0          1          2    
      0      -0.036239   0.287188  -0.061390
      1       0.287306   0.706034  -0.125609
      2      -0.061400  -0.125522  -0.091358
 A Tensor eigenvectors:
                   0          1          2    
      0      -0.410505   0.853001   0.322297
      1       0.280494  -0.218189   0.934728
      2       0.867645   0.474113  -0.149694
 A Eigenvalues: 
                  0          1          2    
      0      -0.102866  -0.143894   0.825197
A(iso)  0.192812
 Nucleus: 32 H  
 Isotope: 1 
 Nuclear Spin:  0.5 
 Prefactor (MHz): 533.551395 
 Raw A tensor (MHz): 
                  0          1          2    
      0      -0.107062   0.009190   0.000452
      1       0.009276   0.378048   0.065171
      2       0.000458   0.065140  -0.119901
 A Tensor eigenvectors:
                   0          1          2    
      0       0.999237  -0.034354   0.018578
      1      -0.014030   0.128189   0.991651
      2      -0.036449  -0.991155   0.127609
 A Eigenvalues: 
                  0          1          2    
      0      -0.107209  -0.128310   0.386605
A(iso)  0.050362
 Nucleus: 33 H  
 Isotope: 1 
 Nuclear Spin:  0.5 
 Prefactor (MHz): 533.551395 
 Raw A tensor (MHz): 
                  0          1          2    
      0      -0.107100   0.009202  -0.000461
      1       0.009287   0.377971  -0.065193
      2      -0.000467  -0.065163  -0.119932
 A Tensor eigenvectors:
                   0          1          2    
      0       0.999247  -0.034056  -0.018605
      1      -0.014093   0.128238  -0.991643
      2       0.036157   0.991159   0.127662
 A Eigenvalues: 
                  0          1          2    
      0      -0.107247  -0.128347   0.386535
A(iso)  0.050313
 Nucleus: 35 H  
 Isotope: 1 
 Nuclear Spin:  0.5 
 Prefactor (MHz): 533.551395 
 Raw A tensor (MHz): 
                  0          1          2    
      0      -3.680420  -1.017028  -0.006998
      1      -1.014384 -11.910082   0.000977
      2      -0.006997   0.000981  -9.035646
 A Tensor eigenvectors:
                   0          1          2    
      0      -0.992669   0.001285   0.120856
      1       0.120856  -0.000114   0.992670
      2       0.001289   0.999999  -0.000042
 A Eigenvalues: 
                  0          1          2    
      0      -3.556906  -9.035655 -12.033587
A(iso)  -8.208716
 Nucleus: 36 H  
 Isotope: 1 
 Nuclear Spin:  0.5 
 Prefactor (MHz): 533.551395 
 Raw A tensor (MHz): 
                  0          1          2    
      0      -0.816106   0.244665  -0.000650
      1       0.244528   0.682083  -0.001941
      2      -0.000650  -0.001940  -0.836962
 A Tensor eigenvectors:
                   0          1          2    
      0      -0.157191   0.018197   0.987401
      1      -0.987567  -0.004209  -0.157140
      2       0.001296  -0.999826   0.018633
 A Eigenvalues: 
                  0          1          2    
      0       0.721007  -0.836958  -0.855034
A(iso)  -0.323662
 Nucleus: 37 H  
 Isotope: 1 
 Nuclear Spin:  0.5 
 Prefactor (MHz): 533.551395 
 Raw A tensor (MHz): 
                  0          1          2    
      0      -0.122137   0.067839  -0.000001
      1       0.067897   0.228579   0.000002
      2      -0.000001   0.000002  -0.133312
 A Tensor eigenvectors:
                   0          1          2    
      0      -0.001022   0.983016   0.183519
      1       0.000185  -0.183518   0.983016
      2       0.999999   0.001039   0.000006
 A Eigenvalues: 
                  0          1          2    
      0      -0.133312  -0.134812   0.241255
A(iso)  -0.008957
 Nucleus: 44 H  
 Isotope: 1 
 Nuclear Spin:  0.5 
 Prefactor (MHz): 533.551395 
 Raw A tensor (MHz): 
                  0          1          2    
      0       0.468132   0.041989  -0.000127
      1       0.041993   1.205780   0.000066
      2      -0.000127   0.000066   0.741887
 A Tensor eigenvectors:
                   0          1          2    
      0      -0.998394  -0.000478   0.056649
      1       0.056649  -0.000099   0.998394
      2      -0.000472   1.000000   0.000126
 A Eigenvalues: 
                  0          1          2    
      0       0.465749   0.741887   1.208162
A(iso)  0.805266
 Nucleus: 45 H  
 Isotope: 1 
 Nuclear Spin:  0.5 
 Prefactor (MHz): 533.551395 
 Raw A tensor (MHz): 
                  0          1          2    
      0      -0.305668   0.175259  -0.000040
      1       0.175231  -0.372290   0.000027
      2      -0.000040   0.000027  -0.334508
 A Tensor eigenvectors:
                   0          1          2    
      0       0.770300   0.000104  -0.637681
