-------------------------------------------------------------
----------------------- !PROPERTIES! ------------------------
-------------------------------------------------------------
# -----------------------------------------------------------
$ PAL_Flags
   description: The PAL Flags
   geom. index: 1
   prop. index: 1
        Diskflag:     2
# -----------------------------------------------------------
$ SCF_Energy
   description: The SCF energy
   geom. index: 1
   prop. index: 1
        SCF Energy:    -1159.8357623758
# -----------------------------------------------------------
$ DFT_Energy
   description: The DFT energy
   geom. index: 1
   prop. index: 1
   Number of Alpha Electrons                105.0001551671 
   Number of Beta  Electrons                104.0001471364 
   Total number of  Electrons               209.0003023035 
   Exchange energy                         -131.4915038927 
   Correlation energy                        -8.1612149673 
   Correlation energy NL                      0.0000000000 
   Exchange-Correlation energy             -139.6527188601 
   Embedding correction                       0.0000000000 
   Total DFT Energy (No VdW correction)   -1159.8357623758 
# -----------------------------------------------------------
$ Mayer_Pop
   description: The Mayer population analysis
   geom. index: 1
   prop. index: 1
     Number of atoms                     : 59
     Threshold for printing              : 0.1000000
     Number of bond orders printed       : 63
  NA   - Mulliken gross atomic population
  ZA   - Total nuclear charge
  QA   - Mulliken gross atomic charge
  VA   - Mayer's total valence
  BVA  - Mayer's bonded valence
  FA   - Mayer's free valence
  ATOM       NA         ZA         QA         VA         BVA        FA
  0   0     5.8599     6.0000     0.1401     2.6185     2.6125     0.0060
  1   0     5.7188     6.0000     0.2812     2.4678     2.4656     0.0022
  2   0     5.7298     6.0000     0.2702     2.5210     2.5204     0.0006
  3   0     6.1785     6.0000    -0.1785     3.7518     3.7177     0.0341
  4   0     5.9276     6.0000     0.0724     4.1411     4.1261     0.0150
  5   0     6.0287     6.0000    -0.0287     3.8708     3.8362     0.0346
  6   0     6.1428     6.0000    -0.1428     3.8264     3.8194     0.0070
  7   0     6.0866     6.0000    -0.0866     4.1474     4.1106     0.0368
  8   0     5.9919     6.0000     0.0081     3.9060     3.8980     0.0080
  9   0     1.0539     1.0000    -0.0539     1.0032     1.0031     0.0001
 10   0     1.0552     1.0000    -0.0552     1.0037     1.0037     0.0000
 11   0     6.1007     6.0000    -0.1007     3.9302     3.5662     0.3640
 12   0     1.0263     1.0000    -0.0263     1.0085     1.0073     0.0012
 13   0     5.9654     6.0000     0.0346     4.0096     4.0082     0.0014
 14   0     0.9709     1.0000     0.0291     0.9627     0.9616     0.0011
 15   0     0.9708     1.0000     0.0292     0.9627     0.9616     0.0011
 16   0     6.0393     6.0000    -0.0393     4.1315     4.1315     0.0000
 17   0     0.9876     1.0000     0.0124     0.9641     0.9641     0.0000
 18   0     0.9876     1.0000     0.0124     0.9641     0.9641     0.0000
 19   0     5.9940     6.0000     0.0060     4.0161     4.0161     0.0000
 20   0     0.9824     1.0000     0.0176     0.9776     0.9776     0.0000
 21   0     0.9824     1.0000     0.0176     0.9775     0.9775     0.0000
 22   0     5.9603     6.0000     0.0397     4.0302     4.0300     0.0002
 23   0     0.9681     1.0000     0.0319     0.9690     0.9689     0.0001
 24   0     0.9681     1.0000     0.0319     0.9690     0.9689     0.0001
 25   0     6.0342     6.0000    -0.0342     4.1143     4.1143     0.0000
 26   0     0.9832     1.0000     0.0168     0.9630     0.9630     0.0000
 27   0     0.9832     1.0000     0.0168     0.9631     0.9631     0.0000
 28   0     6.0248     6.0000    -0.0248     4.1172     4.1172     0.0000
 29   0     0.9946     1.0000     0.0054     0.9674     0.9674     0.0000
 30   0     0.9946     1.0000     0.0054     0.9674     0.9674     0.0000
 31   0     5.9968     6.0000     0.0032     4.0168     4.0168     0.0000
 32   0     0.9827     1.0000     0.0173     0.9773     0.9773     0.0000
 33   0     0.9827     1.0000     0.0173     0.9773     0.9773     0.0000
 34   0     5.8734     6.0000     0.1266     2.6506     2.6494     0.0012
 35   0     0.9867     1.0000     0.0133     0.9733     0.9733     0.0000
 36   0     0.9875     1.0000     0.0125     0.9734     0.9734     0.0000
 37   0     6.2546     6.0000    -0.2546     3.9283     3.9282     0.0001
 38   0     5.9699     6.0000     0.0301     3.9954     3.9953     0.0001
 39   0     5.9598     6.0000     0.0402     3.9992     3.9992     0.0000
 40   0     5.9672     6.0000     0.0328     3.9993     3.9992     0.0001
 41   0     5.9602     6.0000     0.0398     3.9991     3.9991     0.0000
 42   0     5.9720     6.0000     0.0280     3.9940     3.9939     0.0001
 43   0     1.0271     1.0000    -0.0271     0.9689     0.9689     0.0000
 44   0     1.0271     1.0000    -0.0271     0.9686     0.9686     0.0000
 45   0     1.0403     1.0000    -0.0403     0.9837     0.9837     0.0000
 46   0     1.0393     1.0000    -0.0393     0.9833     0.9833     0.0000
 47   0     1.0270     1.0000    -0.0270     0.9685     0.9685     0.0000
 48   0     6.2582     6.0000    -0.2582     3.9299     3.9296     0.0003
 49   0     5.9750     6.0000     0.0250     3.9946     3.9941     0.0005
 50   0     5.9602     6.0000     0.0398     3.9994     3.9993     0.0001
 51   0     5.9676     6.0000     0.0324     3.9983     3.9977     0.0006
 52   0     5.9596     6.0000     0.0404     3.9994     3.9993     0.0001
 53   0     5.9700     6.0000     0.0300     3.9942     3.9937     0.0005
 54   0     1.0277     1.0000    -0.0277     0.9688     0.9688     0.0000
 55   0     1.0276     1.0000    -0.0276     0.9684     0.9684     0.0000
 56   0     1.0392     1.0000    -0.0392     0.9813     0.9813     0.0000
 57   0     1.0410     1.0000    -0.0410     0.9838     0.9838     0.0000
 58   0     1.0279     1.0000    -0.0279     0.9686     0.9686     0.0000
      Bond orders larger than 0.1000000
           Atom A     A.N. of A          Atom B    A.N. of B              Bond order
                0             6               1            6                1.711219
                0             6              48            6                0.933852
                1             6               3            6                0.874805
                1             6              48            6               -0.183420
                2             6               6            6                0.875500
                2             6              34            6                1.752429
                2             6              37            6               -0.177162
                3             6               4            6                1.277913
                3             6               8            6                1.399505
                4             6               5            6                1.289927
                4             6              11            6                1.381295
                5             6               6            6                1.449090
                5             6               9            1                0.917376
                6             6               7            6                1.343106
                7             6               8            6                1.428088
                7             6              22            6                1.095682
                8             6              10            1                0.919742
               11             6              12            1                0.898267
               11             6              13            6                1.084163
               13             6              14            1                0.911475
               13             6              15            1                0.911423
               13             6              16            6                1.071492
               16             6              17            1                0.943783
               16             6              18            1                0.943726
               16             6              19            6                1.106642
               19             6              20            1                0.965273
               19             6              21            1                0.965284
               19             6              35            1                0.960813
               22             6              23            1                0.895607
               22             6              24            1                0.895647
               22             6              25            6                1.104552
               25             6              26            1                0.929193
               25             6              27            1                0.929236
               25             6              28            6                1.074727
               28             6              29            1                0.940962
               28             6              30            1                0.940965
               28             6              31            6                1.106206
               31             6              32            1                0.966201
               31             6              33            1                0.966198
               31             6              36            1                0.961667
               34             6              37            6                0.931473
               37             6              38            6                1.442772
               37             6              42            6                1.438759
               38             6              39            6                1.470382
               38             6              45            1                0.940003
               39             6              40            6                1.444532
               39             6              47            1                0.937874
               40             6              41            6                1.444118
               40             6              43            1                0.943167
               41             6              42            6                1.470491
               41             6              44            1                0.937891
               42             6              46            1                0.940367
               48             6              49            6                1.436571
               48             6              53            6                1.439084
               49             6              50            6                1.471569
               49             6              56            1                0.940414
               50             6              51            6                1.442831
               50             6              58            1                0.937752
               51             6              52            6                1.442651
               51             6              54            1                0.943136
               52             6              53            6                1.472590
               52             6              55            1                0.937735
               53             6              57            1                0.939739
# -----------------------------------------------------------
$ Calculation_Info
   description: Details of the calculation
   geom. index: 1
   prop. index: 1
     Multiplicity:                          2
     Charge:                                0
     number of atoms:                       59
     number of electrons:                   0
     number of frozen core electrons:       1
     number of correlated electrons:        0
     number of basis functions:             565
     number of aux C basis functions:       3910
     number of aux J basis functions:       3910
     number of aux JK basis functions:      3910
     number of aux CABS basis functions:    0
     Total Energy                           -1159.835762
# -----------------------------------------------------------
$ SCF_Electric_Properties
   description: The SCF Calculated Electric Properties
   geom. index: 1
   prop. index: 1
       Filename                          : cc-pVDZ_i.scfp 
       Do Dipole Moment Calculation      : true 
       Do Quadrupole Moment Calculation  : false 
       Do Polarizability Calculation     : false 
** Dipole moment part of electric properties **
        Magnitude of dipole moment (Debye) :        0.3326507927
        Electronic Contribution:
                  0    
      0      -0.506407
      1       2.183416
      2       0.024497
        Nuclear Contribution:
                  0    
      0       0.635940
      1      -2.164747
      2      -0.024952
        Total Dipole moment:
                  0    
      0       0.129533
      1       0.018668
      2      -0.000455
# -----------------------------------------------------------
$ EPRNMR_GTensor
   description: Electronic g tensor
   geom. index: 1
   prop. index: 1
 Source density: 1 SCF 
 Spin multiplicity: 2 
 raw g tensor: 
                  0          1          2    
      0       2.002779  -0.000064   0.000001
      1      -0.000058   2.002762  -0.000002
      2       0.000000  -0.000001   2.002184
 g tensor: 
                  0          1          2    
      0      -0.000254   0.656442  -0.754376
      1       0.002491   0.754375   0.656439
      2       0.999997  -0.001712  -0.001827
 G eigenvalues: 
                  0          1          2    
      0       2.002184   2.002709   2.002833
# -----------------------------------------------------------
$ EPRNMR_OrbitalShielding
   description: Orbital contribution to the NMR Shielding tensor (ppm)
   geom. index: 1
   prop. index: 1
 Number of stored nuclei 29
 Source density: 1 SCF 
 Nucleus: 9 H 
 Shielding tensor (ppm): 
                  0          1          2    
      0      27.711420  -5.298078   0.019358
      1      -4.904185  26.462574  -0.023632
      2       0.026404  -0.026233  19.083340
 P Tensor eigenvectors:
                   0          1          2    
      0      -0.001025   0.665479  -0.746416
      1       0.002595   0.746416   0.665475
      2       0.999996  -0.001255  -0.002492
 P Eigenvalues: 
                  0          1          2    
      0      19.083250  21.947930  32.226154
P(iso)  24.419111
 Nucleus: 10 H 
 Shielding tensor (ppm): 
                  0          1          2    
      0      28.470487  -5.518907   0.015032
      1      -5.384002  26.176146  -0.017839
      2       0.017479  -0.019029  18.763069
 P Tensor eigenvectors:
                   0          1          2    
      0      -0.000446   0.631069  -0.775726
      1       0.002129   0.775725   0.631067
      2       0.999998  -0.001370  -0.001689
 P Eigenvalues: 
                  0          1          2    
      0      18.763022  21.752490  32.894190
P(iso)  24.469901
 Nucleus: 12 H 
 Shielding tensor (ppm): 
                  0          1          2    
      0      23.631914   2.247625  -0.009372
      1       1.514920  32.544991  -0.044330
      2      -0.003364  -0.045111  19.598429
 P Tensor eigenvectors:
                   0          1          2    
      0       0.000006  -0.981395  -0.191999
      1       0.003451   0.191998  -0.981389
      2       0.999994  -0.000656   0.003388
 P Eigenvalues: 
                  0          1          2    
      0      19.598274  23.251519  32.925540
P(iso)  25.258444
 Nucleus: 14 H 
 Shielding tensor (ppm): 
                  0          1          2    
      0      28.953745  -1.149590   3.148068
      1      -0.653429  30.432169   0.510766
      2       3.977713   1.492614  27.411402
 P Tensor eigenvectors:
                   0          1          2    
      0      -0.610439  -0.080286  -0.787984
      1      -0.202920   0.977499   0.057604
      2       0.765629   0.195062  -0.612995
 P Eigenvalues: 
                  0          1          2    
      0      24.245556  30.719597  31.832163
P(iso)  28.932439
 Nucleus: 15 H 
 Shielding tensor (ppm): 
                  0          1          2    
      0      29.005646  -1.193220  -3.132422
      1      -0.692402  30.432770  -0.529456
      2      -3.969377  -1.509023  27.354001
 P Tensor eigenvectors:
                   0          1          2    
      0       0.604571  -0.058962  -0.794366
      1       0.208118   0.974309   0.086075
      2       0.768883  -0.217360   0.601310
 P Eigenvalues: 
                  0          1          2    
      0      24.226361  30.731359  31.834697
P(iso)  28.930806
 Nucleus: 17 H 
 Shielding tensor (ppm): 
                  0          1          2    
      0      30.753592   0.713609   4.388460
      1       0.371793  30.040195   0.451940
      2       4.290525  -0.851226  28.075147
 P Tensor eigenvectors:
                   0          1          2    
      0      -0.594953   0.013987   0.803639
      1       0.081150  -0.993694   0.077372
      2       0.799654   0.111248   0.590066
 P Eigenvalues: 
                  0          1          2    
      0      24.828779  30.058574  33.981582
P(iso)  29.622978
 Nucleus: 18 H 
 Shielding tensor (ppm): 
                  0          1          2    
      0      30.821211   0.676487  -4.387930
      1       0.340823  30.042537  -0.461439
      2      -4.281809   0.829530  28.001103
 P Tensor eigenvectors:
                   0          1          2    
      0       0.588961   0.015710   0.808009
      1      -0.074290  -0.994525   0.073487
      2       0.804740  -0.103308  -0.584570
 P Eigenvalues: 
                  0          1          2    
      0      24.814966  30.056937  33.992949
P(iso)  29.621617
 Nucleus: 20 H 
 Shielding tensor (ppm): 
                  0          1          2    
      0      29.748888   1.597685  -3.723364
      1       2.285987  30.758565  -2.610005
      2      -3.144426  -2.264046  30.355220
 P Tensor eigenvectors:
                   0          1          2    
      0       0.715617   0.422737  -0.556045
      1       0.073784  -0.837359  -0.541651
      2       0.694585  -0.346587   0.630420
 P Eigenvalues: 
                  0          1          2    
      0      26.588497  28.746623  35.527552
P(iso)  30.287557
 Nucleus: 21 H 
 Shielding tensor (ppm): 
                  0          1          2    
      0      29.693792   1.617583   3.695265
      1       2.294947  30.800590   2.630812
      2       3.110086   2.275043  30.365922
 P Tensor eigenvectors:
                   0          1          2    
      0       0.720996   0.420712   0.550605
      1       0.068048  -0.833740   0.547948
      2      -0.689590   0.357600   0.629752
 P Eigenvalues: 
                  0          1          2    
      0      26.596724  28.737909  35.525670
P(iso)  30.286768
 Nucleus: 23 H 
 Shielding tensor (ppm): 
                  0          1          2    
      0      29.153836   1.779087  -3.259548
      1       1.321577  31.029850  -0.107990
      2      -4.483903   0.930645  25.771701
 P Tensor eigenvectors:
                   0          1          2    
      0       0.548206  -0.458880  -0.699214
      1      -0.140005   0.773887  -0.617655
      2       0.824542   0.436495   0.360004
 P Eigenvalues: 
                  0          1          2    
      0      23.058069  30.360776  32.536543
P(iso)  28.651796
 Nucleus: 24 H 
 Shielding tensor (ppm): 
                  0          1          2    
      0      29.143155   1.789544   3.253653
      1       1.340064  31.021310   0.085980
      2       4.478318  -0.954363  25.792027
 P Tensor eigenvectors:
                   0          1          2    
      0      -0.549445  -0.457329  -0.699257
      1       0.143852   0.772627  -0.618348
      2       0.823053  -0.440337  -0.358728
 P Eigenvalues: 
                  0          1          2    
      0      23.065164  30.361216  32.530112
P(iso)  28.652164
 Nucleus: 26 H 
 Shielding tensor (ppm): 
                  0          1          2    
      0      30.400569  -0.728165  -3.721499
      1      -0.674572  31.233800  -0.293409
      2      -3.683502  -1.510119  27.723452
 P Tensor eigenvectors:
                   0          1          2    
      0       0.566959  -0.072280  -0.820569
      1       0.168825   0.985193   0.029866
      2       0.806260  -0.155465   0.570767
 P Eigenvalues: 
                  0          1          2    
      0      24.919339  31.437517  33.000966
P(iso)  29.785940
 Nucleus: 27 H 
 Shielding tensor (ppm): 
                  0          1          2    
      0      30.388962  -0.712078   3.725885
      1      -0.657281  31.242740   0.277186
      2       3.687739   1.496584  27.729878
 P Tensor eigenvectors:
                   0          1          2    
      0      -0.568194  -0.073824  -0.819576
      1      -0.165398   0.985888   0.025862
      2       0.806101   0.150251  -0.572386
 P Eigenvalues: 
                  0          1          2    
      0      24.923664  31.438964  32.998951
P(iso)  29.787193
 Nucleus: 29 H 
 Shielding tensor (ppm): 
                  0          1          2    
      0      30.778896   0.177066  -4.500745
      1       0.059874  30.705681   0.519812
      2      -4.230816   1.263273  28.050832
 P Tensor eigenvectors:
                   0          1          2    
      0       0.584382  -0.182048   0.790795
      1      -0.125437  -0.983063  -0.133614
      2       0.801725  -0.021114  -0.597320
 P Eigenvalues: 
                  0          1          2    
      0      24.736702  30.752776  34.045931
P(iso)  29.845136
 Nucleus: 30 H 
 Shielding tensor (ppm): 
                  0          1          2    
      0      30.763136   0.195348   4.503261
      1       0.077020  30.697174  -0.531199
      2       4.233295  -1.275611  28.074529
 P Tensor eigenvectors:
                   0          1          2    
      0      -0.585770  -0.182659   0.789626
      1       0.128790  -0.982872  -0.131821
      2       0.800179   0.024479   0.599261
 P Eigenvalues: 
                  0          1          2    
      0      24.738808  30.751109  34.044923
P(iso)  29.844947
 Nucleus: 32 H 
 Shielding tensor (ppm): 
                  0          1          2    
      0      29.946706   1.643839   3.881022
      1       2.461878  30.556081   2.308108
      2       3.283487   2.004717  30.330372
 P Tensor eigenvectors:
                   0          1          2    
      0       0.729928   0.344186   0.590543
      1      -0.006470  -0.860450   0.509493
      2      -0.683493   0.375714   0.625840
 P Eigenvalues: 
                  0          1          2    
      0      26.551268  28.768320  35.513571
P(iso)  30.277720
 Nucleus: 33 H 
 Shielding tensor (ppm): 
                  0          1          2    
      0      29.963120   1.630974  -3.890675
      1       2.452612  30.539097  -2.303188
      2      -3.296079  -2.000848  30.331729
 P Tensor eigenvectors:
                   0          1          2    
      0       0.728307   0.345087  -0.592016
      1      -0.003467  -0.862074  -0.506770
      2       0.685242  -0.371137   0.626659
 P Eigenvalues: 
                  0          1          2    
      0      26.549454  28.770489  35.514003
P(iso)  30.277982
 Nucleus: 35 H 
 Shielding tensor (ppm): 
                  0          1          2    
      0      29.263722  -2.502875   0.023025
      1      -3.871186  35.469815  -0.059829
      2       0.030264  -0.057173  25.463700
 P Tensor eigenvectors:
                   0          1          2    
      0      -0.002870  -0.917142   0.398551
      1       0.004921  -0.398561  -0.917129
      2       0.999984  -0.000671   0.005657
 P Eigenvalues: 
                  0          1          2    
      0      25.463335  27.919611  36.814292
P(iso)  30.065746
 Nucleus: 36 H 
 Shielding tensor (ppm): 
                  0          1          2    
      0      28.619977  -1.956898   0.007027
      1      -3.213241  36.160097  -0.026103
      2       0.009996  -0.025095  25.449753
 P Tensor eigenvectors:
                   0          1          2    
      0      -0.000914  -0.952266   0.305270
      1       0.002168  -0.305271  -0.952263
      2       0.999997  -0.000208   0.002344
 P Eigenvalues: 
                  0          1          2    
      0      25.449690  27.819690  36.960448
P(iso)  30.076609
 Nucleus: 43 H 
 Shielding tensor (ppm): 
                  0          1          2    
      0      24.314941  -0.022520   0.000419
      1      -0.017051  27.195727  -0.006317
      2      -0.000201  -0.006339  21.227770
 P Tensor eigenvectors:
                   0          1          2    
      0      -0.000035  -0.999977   0.006815
      1       0.001060  -0.006815  -0.999976
      2       0.999999  -0.000028   0.001060
 P Eigenvalues: 
                  0          1          2    
      0      21.227763  24.314805  27.195869
P(iso)  24.246146
 Nucleus: 44 H 
 Shielding tensor (ppm): 
                  0          1          2    
      0      27.227185   1.468627  -0.001195
      1       1.441450  24.533005  -0.004003
      2      -0.001159  -0.004454  20.849041
 P Tensor eigenvectors:
                   0          1          2    
      0      -0.000085  -0.400639  -0.916236
      1       0.001176   0.916235  -0.400639
      2       0.999999  -0.001112   0.000394
 P Eigenvalues: 
                  0          1          2    
      0      20.849036  23.897225  27.862969
P(iso)  24.203077
 Nucleus: 45 H 
 Shielding tensor (ppm): 
                  0          1          2    
      0      27.297290   3.294332  -0.001702
      1       2.520165  24.761843  -0.006219
      2      -0.000217  -0.005104  19.995838
 P Tensor eigenvectors:
                   0          1          2    
      0      -0.000449  -0.554061  -0.832476
      1       0.001472   0.832475  -0.554061
      2       0.999999  -0.001474   0.000442
 P Eigenvalues: 
                  0          1          2    
      0      19.995830  22.858297  29.200844
P(iso)  24.018323
 Nucleus: 46 H 
 Shielding tensor (ppm): 
                  0          1          2    
      0      28.167768  -2.680014   0.002348
      1      -1.931244  24.153722  -0.005935
      2       0.000921  -0.005626  19.704527
 P Tensor eigenvectors:
                   0          1          2    
      0       0.000184   0.420883  -0.907115
      1       0.001398   0.907114   0.420883
      2       0.999999  -0.001346  -0.000422
 P Eigenvalues: 
                  0          1          2    
      0      19.704519  23.104258  29.217240
P(iso)  24.008673
 Nucleus: 47 H 
 Shielding tensor (ppm): 
                  0          1          2    
      0      27.204946  -1.195656   0.001894
      1      -1.172778  24.472941  -0.004225
      2       0.002165  -0.003806  20.901080
 P Tensor eigenvectors:
                   0          1          2    
      0      -0.000115   0.349784  -0.936830
      1       0.001090   0.936830   0.349783
      2       0.999999  -0.000981  -0.000489
 P Eigenvalues: 
                  0          1          2    
      0      20.901076  24.031093  27.646798
P(iso)  24.192989
 Nucleus: 54 H 
 Shielding tensor (ppm): 
                  0          1          2    
      0      24.351928  -0.191870   0.000399
      1      -0.192086  27.197700  -0.006268
      2      -0.000104  -0.006295  21.278958
 P Tensor eigenvectors:
                   0          1          2    
      0       0.000013  -0.997752   0.067008
      1       0.001062  -0.067008  -0.997752
      2       0.999999   0.000084   0.001058
 P Eigenvalues: 
                  0          1          2    
      0      21.278951  24.339035  27.210599
P(iso)  24.276195
 Nucleus: 55 H 
 Shielding tensor (ppm): 
                  0          1          2    
      0      27.345434  -1.095087   0.001510
      1      -1.073275  24.340163  -0.004140
      2       0.001752  -0.003601  20.927836
 P Tensor eigenvectors:
                   0          1          2    
      0      -0.000063   0.307651  -0.951499
      1       0.001119   0.951499   0.307651
      2       0.999999  -0.001046  -0.000404
 P Eigenvalues: 
                  0          1          2    
      0      20.927832  23.989869  27.695733
P(iso)  24.204478
 Nucleus: 56 H 
 Shielding tensor (ppm): 
                  0          1          2    
      0      28.184876  -2.536596   0.000571
      1      -1.829669  24.113391  -0.006842
      2      -0.001203  -0.006385  19.828867
 P Tensor eigenvectors:
                   0          1          2    
      0       0.000504   0.404944  -0.914341
      1       0.001804   0.914339   0.404945
      2       0.999998  -0.001854  -0.000270
 P Eigenvalues: 
                  0          1          2    
      0      19.828855  23.164402  29.133876
P(iso)  24.042378
 Nucleus: 57 H 
 Shielding tensor (ppm): 
                  0          1          2    
      0      27.155844   3.279699  -0.002132
      1       2.551646  24.940908  -0.006467
      2      -0.000696  -0.004990  19.995111
 P Tensor eigenvectors:
                   0          1          2    
      0      -0.000358  -0.573593  -0.819141
      1       0.001385   0.819140  -0.573593
      2       0.999999  -0.001340   0.000501
 P Eigenvalues: 
                  0          1          2    
      0      19.995103  22.929770  29.166988
P(iso)  24.030621
 Nucleus: 58 H 
 Shielding tensor (ppm): 
                  0          1          2    
      0      27.023366   1.556152  -0.001744
      1       1.528667  24.711483  -0.004290
      2      -0.001768  -0.004797  20.894014
 P Tensor eigenvectors:
                   0          1          2    
      0      -0.000015  -0.447612  -0.894228
      1       0.001190   0.894227  -0.447612
      2       0.999999  -0.001071   0.000520
 P Eigenvalues: 
                  0          1          2    
      0      20.894009  23.939936  27.794918
P(iso)  24.209621
# -----------------------------------------------------------
$ EPRNMR_ATensor
   description: Hyperfine A tensor
   geom. index: 1
   prop. index: 1
 Number of stored nuclei 29
 Source density: 1 SCF 
 Spin multiplicity: 2 
 Nucleus: 9 H  
 Isotope: 1 
 Nuclear Spin:  0.5 
 Prefactor (MHz): 533.551395 
 Raw A tensor (MHz): 
                  0          1          2    
      0     -14.796563   6.142788  -0.016118
      1       6.145419 -11.921752  -0.016549
      2      -0.016122  -0.016554 -16.110803
 A Tensor eigenvectors:
                   0          1          2    
      0       0.621350   0.001059   0.783532
      1       0.783529   0.002397  -0.621351
      2      -0.002537   0.999997   0.000660
 A Eigenvalues: 
                  0          1          2    
      0      -7.049095 -16.110860 -19.669163
A(iso)  -14.276373
 Nucleus: 10 H  
 Isotope: 1 
 Nuclear Spin:  0.5 
 Prefactor (MHz): 533.551395 
 Raw A tensor (MHz): 
                  0          1          2    
      0       7.811697  -2.239711   0.006807
      1      -2.240723   6.258149  -0.007080
      2       0.006809  -0.007080   4.039725
 A Tensor eigenvectors:
                   0          1          2    
      0       0.000225   0.579799  -0.814759
      1       0.003418   0.814754   0.579796
      2       0.999994  -0.002915  -0.001799
 A Eigenvalues: 
                  0          1          2    
      0       4.039702   4.663864   9.406005
A(iso)  6.036524
 Nucleus: 12 H  
 Isotope: 1 
 Nuclear Spin:  0.5 
 Prefactor (MHz): 533.551395 
 Raw A tensor (MHz): 
                  0          1          2    
      0     -17.186783   1.676131   0.012197
      1       1.674677 -70.480612   0.080400
      2       0.012203   0.080412 -45.753782
 A Tensor eigenvectors:
                   0          1          2    
      0       0.999507   0.000615  -0.031403
      1       0.031405  -0.003210   0.999502
      2       0.000514  -0.999995  -0.003228
 A Eigenvalues: 
                  0          1          2    
      0     -17.134158 -45.753531 -70.533488
A(iso)  -44.473726
 Nucleus: 14 H  
 Isotope: 1 
 Nuclear Spin:  0.5 
 Prefactor (MHz): 533.551395 
 Raw A tensor (MHz): 
                  0          1          2    
      0      60.404070   3.579339   1.860014
      1       3.578178  62.327584   1.949790
      2       1.858584   1.949824  57.340702
 A Tensor eigenvectors:
                   0          1          2    
      0      -0.351498   0.727692   0.588994
      1      -0.094757  -0.653563   0.750917
      2       0.931381   0.208135   0.298679
 A Eigenvalues: 
                  0          1          2    
      0      56.440806  57.721672  65.909877
A(iso)  60.024119
 Nucleus: 15 H  
 Isotope: 1 
 Nuclear Spin:  0.5 
 Prefactor (MHz): 533.551395 
 Raw A tensor (MHz): 
                  0          1          2    
      0      60.028083   3.571942  -1.869838
      1       3.570777  61.879049  -1.968405
      2      -1.868389  -1.968443  56.932069
 A Tensor eigenvectors:
                   0          1          2    
      0       0.342412   0.729960   0.591534
      1       0.105009  -0.655381   0.747963
      2       0.933663  -0.193996  -0.301063
 A Eigenvalues: 
                  0          1          2    
      0      56.025358  57.318343  65.495500
A(iso)  59.613067
 Nucleus: 17 H  
 Isotope: 1 
 Nuclear Spin:  0.5 
 Prefactor (MHz): 533.551395 
 Raw A tensor (MHz): 
                  0          1          2    
      0      -2.146803  -2.079162   0.667427
      1      -2.079068   1.855291  -1.367958
      2       0.666977  -1.366936  -2.707638
 A Tensor eigenvectors:
                   0          1          2    
      0      -0.722754   0.382011  -0.575930
      1      -0.457069  -0.889283  -0.016265
      2      -0.518378   0.251484   0.817338
 A Eigenvalues: 
                  0          1          2    
      0      -2.983130   3.135121  -3.151142
A(iso)  -0.999717
 Nucleus: 18 H  
 Isotope: 1 
 Nuclear Spin:  0.5 
 Prefactor (MHz): 533.551395 
 Raw A tensor (MHz): 
                  0          1          2    
      0      -2.135077  -2.094308  -0.641669
      1      -2.094214   1.873579   1.311259
      2      -0.641228   1.310250  -2.734298
 A Tensor eigenvectors:
                   0          1          2    
      0      -0.721976   0.384103   0.575514
      1      -0.452584  -0.891310   0.027105
      2       0.523372  -0.240899   0.817343
 A Eigenvalues: 
                  0          1          2    
      0      -2.982930   3.130301  -3.143167
A(iso)  -0.998599
 Nucleus: 20 H  
 Isotope: 1 
 Nuclear Spin:  0.5 
 Prefactor (MHz): 533.551395 
 Raw A tensor (MHz): 
                  0          1          2    
      0       0.003132   0.253786  -0.107790
      1       0.254053   2.121945  -0.384146
      2      -0.107909  -0.384021   0.025674
 A Tensor eigenvectors:
                   0          1          2    
      0       0.733386   0.669088  -0.120279
      1      -0.207409   0.051730  -0.976886
      2      -0.647400   0.741381   0.176713
 A Eigenvalues: 
                  0          1          2    
      0       0.025746  -0.097689   2.222693
A(iso)  0.716917
 Nucleus: 21 H  
 Isotope: 1 
 Nuclear Spin:  0.5 
 Prefactor (MHz): 533.551395 
 Raw A tensor (MHz): 
                  0          1          2    
      0       0.001232   0.249968   0.105891
      1       0.250235   2.130452   0.366027
      2       0.106007   0.365902   0.020966
 A Tensor eigenvectors:
                   0          1          2    
      0      -0.726385  -0.677066   0.118095
      1       0.200706  -0.044631   0.978634
      2      -0.657329   0.734568   0.168310
 A Eigenvalues: 
                  0          1          2    
      0       0.027218  -0.098147   2.223579
A(iso)  0.717550
 Nucleus: 23 H  
 Isotope: 1 
 Nuclear Spin:  0.5 
 Prefactor (MHz): 533.551395 
 Raw A tensor (MHz): 
                  0          1          2    
      0      21.643434  -1.513601  -0.868714
      1      -1.513124  21.699007   0.471194
      2      -0.868141   0.471344  20.390779
 A Tensor eigenvectors:
                   0          1          2    
      0      -0.620832   0.376598   0.687562
      1      -0.326596   0.673071  -0.663559
      2      -0.712673  -0.636514  -0.294869
 A Eigenvalues: 
                  0          1          2    
      0      19.850342  20.406431  23.476446
A(iso)  21.244407
 Nucleus: 24 H  
 Isotope: 1 
 Nuclear Spin:  0.5 
 Prefactor (MHz): 533.551395 
 Raw A tensor (MHz): 
                  0          1          2    
      0      21.669454  -1.508990   0.877566
      1      -1.508517  21.724857  -0.479042
      2       0.876992  -0.479193  20.427466
 A Tensor eigenvectors:
                   0          1          2    
      0       0.622167  -0.375440  -0.686988
      1       0.323628  -0.675685   0.662356
      2      -0.712862  -0.634425  -0.298886
 A Eigenvalues: 
                  0          1          2    
      0      19.879420  20.436523  23.505832
A(iso)  21.273925
 Nucleus: 26 H  
 Isotope: 1 
 Nuclear Spin:  0.5 
 Prefactor (MHz): 533.551395 
 Raw A tensor (MHz): 
                  0          1          2    
      0      -0.764666   0.338403  -0.087547
      1       0.338044   0.801495  -0.394593
      2      -0.087373  -0.394321  -0.869389
 A Tensor eigenvectors:
                   0          1          2    
      0       0.976128   0.088020  -0.198560
      1      -0.212615   0.200493  -0.956346
      2      -0.044367   0.975733   0.214421
 A Eigenvalues: 
                  0          1          2    
      0      -0.834329  -0.958831   0.960600
A(iso)  -0.277520
 Nucleus: 27 H  
 Isotope: 1 
 Nuclear Spin:  0.5 
 Prefactor (MHz): 533.551395 
 Raw A tensor (MHz): 
                  0          1          2    
      0      -0.766467   0.338264   0.086433
      1       0.337905   0.804537   0.387452
      2       0.086260   0.387178  -0.874307
 A Tensor eigenvectors:
                   0          1          2    
      0       0.975861   0.197572  -0.093066
      1      -0.212808   0.956003  -0.201919
      2       0.049077   0.216850   0.974970
 A Eigenvalues: 
                  0          1          2    
      0      -0.835820   0.959968  -0.960385
A(iso)  -0.278746
 Nucleus: 29 H  
 Isotope: 1 
 Nuclear Spin:  0.5 
 Prefactor (MHz): 533.551395 
 Raw A tensor (MHz): 
                  0          1          2    
      0      -0.037782  -0.279961  -0.063868
      1      -0.280088   0.675414   0.118308
      2      -0.063875   0.118237  -0.098901
 A Tensor eigenvectors:
                   0          1          2    
      0       0.498377   0.803181   0.326375
      1       0.302478   0.191714  -0.933677
      2      -0.812482   0.564045  -0.147398
 A Eigenvalues: 
                  0          1          2    
      0      -0.103709  -0.149543   0.791983
A(iso)  0.179577
 Nucleus: 30 H  
 Isotope: 1 
 Nuclear Spin:  0.5 
 Prefactor (MHz): 533.551395 
 Raw A tensor (MHz): 
                  0          1          2    
      0      -0.037941  -0.279300   0.065246
      1      -0.279427   0.674568  -0.122042
      2       0.065253  -0.121971  -0.097484
 A Tensor eigenvectors:
                   0          1          2    
      0      -0.497845  -0.803681  -0.325954
      1      -0.306044  -0.188861   0.933096
      2      -0.811472   0.564294  -0.151938
 A Eigenvalues: 
                  0          1          2    
      0      -0.103422  -0.149471   0.792035
A(iso)  0.179714
 Nucleus: 32 H  
 Isotope: 1 
 Nuclear Spin:  0.5 
 Prefactor (MHz): 533.551395 
 Raw A tensor (MHz): 
                  0          1          2    
      0      -0.100023  -0.011459  -0.000656
      1      -0.011545   0.366888   0.062745
