-------------------------------------------------------------
----------------------- !PROPERTIES! ------------------------
-------------------------------------------------------------
# -----------------------------------------------------------
$ PAL_Flags
   description: The PAL Flags
   geom. index: 1
   prop. index: 1
        Diskflag:     2
# -----------------------------------------------------------
$ SCF_Energy
   description: The SCF energy
   geom. index: 1
   prop. index: 1
        SCF Energy:    -1159.8357617296
# -----------------------------------------------------------
$ DFT_Energy
   description: The DFT energy
   geom. index: 1
   prop. index: 1
   Number of Alpha Electrons                105.0001551547 
   Number of Beta  Electrons                104.0001471281 
   Total number of  Electrons               209.0003022829 
   Exchange energy                         -131.4914986746 
   Correlation energy                        -8.1612146653 
   Correlation energy NL                      0.0000000000 
   Exchange-Correlation energy             -139.6527133399 
   Embedding correction                       0.0000000000 
   Total DFT Energy (No VdW correction)   -1159.8357617296 
# -----------------------------------------------------------
$ Mayer_Pop
   description: The Mayer population analysis
   geom. index: 1
   prop. index: 1
     Number of atoms                     : 59
     Threshold for printing              : 0.1000000
     Number of bond orders printed       : 63
  NA   - Mulliken gross atomic population
  ZA   - Total nuclear charge
  QA   - Mulliken gross atomic charge
  VA   - Mayer's total valence
  BVA  - Mayer's bonded valence
  FA   - Mayer's free valence
  ATOM       NA         ZA         QA         VA         BVA        FA
  0   0     5.8600     6.0000     0.1400     2.6184     2.6124     0.0060
  1   0     5.7187     6.0000     0.2813     2.4678     2.4656     0.0022
  2   0     5.7297     6.0000     0.2703     2.5210     2.5204     0.0006
  3   0     6.1784     6.0000    -0.1784     3.7518     3.7178     0.0340
  4   0     5.9275     6.0000     0.0725     4.1411     4.1261     0.0150
  5   0     6.0286     6.0000    -0.0286     3.8708     3.8362     0.0346
  6   0     6.1429     6.0000    -0.1429     3.8264     3.8194     0.0070
  7   0     6.0866     6.0000    -0.0866     4.1474     4.1107     0.0367
  8   0     5.9919     6.0000     0.0081     3.9060     3.8981     0.0079
  9   0     1.0539     1.0000    -0.0539     1.0032     1.0031     0.0001
 10   0     1.0552     1.0000    -0.0552     1.0037     1.0037     0.0000
 11   0     6.1007     6.0000    -0.1007     3.9302     3.5662     0.3640
 12   0     1.0263     1.0000    -0.0263     1.0085     1.0073     0.0012
 13   0     5.9654     6.0000     0.0346     4.0096     4.0082     0.0014
 14   0     0.9709     1.0000     0.0291     0.9627     0.9616     0.0011
 15   0     0.9708     1.0000     0.0292     0.9627     0.9616     0.0011
 16   0     6.0393     6.0000    -0.0393     4.1315     4.1315     0.0000
 17   0     0.9876     1.0000     0.0124     0.9641     0.9641     0.0000
 18   0     0.9876     1.0000     0.0124     0.9641     0.9641     0.0000
 19   0     5.9940     6.0000     0.0060     4.0161     4.0161     0.0000
 20   0     0.9824     1.0000     0.0176     0.9776     0.9776     0.0000
 21   0     0.9824     1.0000     0.0176     0.9775     0.9775     0.0000
 22   0     5.9603     6.0000     0.0397     4.0302     4.0300     0.0002
 23   0     0.9681     1.0000     0.0319     0.9690     0.9689     0.0001
 24   0     0.9681     1.0000     0.0319     0.9690     0.9689     0.0001
 25   0     6.0342     6.0000    -0.0342     4.1143     4.1143     0.0000
 26   0     0.9832     1.0000     0.0168     0.9630     0.9630     0.0000
 27   0     0.9833     1.0000     0.0167     0.9631     0.9631     0.0000
 28   0     6.0248     6.0000    -0.0248     4.1172     4.1172     0.0000
 29   0     0.9946     1.0000     0.0054     0.9674     0.9674     0.0000
 30   0     0.9946     1.0000     0.0054     0.9674     0.9674     0.0000
 31   0     5.9967     6.0000     0.0033     4.0168     4.0168     0.0000
 32   0     0.9827     1.0000     0.0173     0.9773     0.9773     0.0000
 33   0     0.9827     1.0000     0.0173     0.9773     0.9773     0.0000
 34   0     5.8734     6.0000     0.1266     2.6506     2.6494     0.0012
 35   0     0.9867     1.0000     0.0133     0.9733     0.9733     0.0000
 36   0     0.9875     1.0000     0.0125     0.9734     0.9734     0.0000
 37   0     6.2546     6.0000    -0.2546     3.9283     3.9282     0.0001
 38   0     5.9700     6.0000     0.0300     3.9954     3.9953     0.0001
 39   0     5.9597     6.0000     0.0403     3.9992     3.9992     0.0000
 40   0     5.9671     6.0000     0.0329     3.9993     3.9992     0.0001
 41   0     5.9602     6.0000     0.0398     3.9991     3.9991     0.0000
 42   0     5.9720     6.0000     0.0280     3.9940     3.9939     0.0001
 43   0     1.0271     1.0000    -0.0271     0.9689     0.9689     0.0000
 44   0     1.0271     1.0000    -0.0271     0.9686     0.9686     0.0000
 45   0     1.0403     1.0000    -0.0403     0.9837     0.9837     0.0000
 46   0     1.0393     1.0000    -0.0393     0.9833     0.9833     0.0000
 47   0     1.0270     1.0000    -0.0270     0.9685     0.9685     0.0000
 48   0     6.2582     6.0000    -0.2582     3.9299     3.9296     0.0003
 49   0     5.9750     6.0000     0.0250     3.9946     3.9941     0.0005
 50   0     5.9602     6.0000     0.0398     3.9994     3.9993     0.0001
 51   0     5.9676     6.0000     0.0324     3.9983     3.9977     0.0006
 52   0     5.9596     6.0000     0.0404     3.9994     3.9993     0.0001
 53   0     5.9700     6.0000     0.0300     3.9942     3.9937     0.0005
 54   0     1.0277     1.0000    -0.0277     0.9688     0.9688     0.0000
 55   0     1.0276     1.0000    -0.0276     0.9684     0.9684     0.0000
 56   0     1.0392     1.0000    -0.0392     0.9813     0.9813     0.0000
 57   0     1.0410     1.0000    -0.0410     0.9838     0.9838     0.0000
 58   0     1.0279     1.0000    -0.0279     0.9686     0.9686     0.0000
      Bond orders larger than 0.1000000
           Atom A     A.N. of A          Atom B    A.N. of B              Bond order
                0             6               1            6                1.711179
                0             6              48            6                0.933847
                1             6               3            6                0.874820
                1             6              48            6               -0.183447
                2             6               6            6                0.875480
                2             6              34            6                1.752443
                2             6              37            6               -0.177160
                3             6               4            6                1.277919
                3             6               8            6                1.399507
                4             6               5            6                1.289953
                4             6              11            6                1.381252
                5             6               6            6                1.449087
                5             6               9            1                0.917370
                6             6               7            6                1.343132
                7             6               8            6                1.428089
                7             6              22            6                1.095681
                8             6              10            1                0.919740
               11             6              12            1                0.898267
               11             6              13            6                1.084162
               13             6              14            1                0.911476
               13             6              15            1                0.911423
               13             6              16            6                1.071493
               16             6              17            1                0.943783
               16             6              18            1                0.943726
               16             6              19            6                1.106643
               19             6              20            1                0.965273
               19             6              21            1                0.965284
               19             6              35            1                0.960813
               22             6              23            1                0.895608
               22             6              24            1                0.895648
               22             6              25            6                1.104552
               25             6              26            1                0.929193
               25             6              27            1                0.929236
               25             6              28            6                1.074726
               28             6              29            1                0.940962
               28             6              30            1                0.940965
               28             6              31            6                1.106206
               31             6              32            1                0.966201
               31             6              33            1                0.966199
               31             6              36            1                0.961667
               34             6              37            6                0.931473
               37             6              38            6                1.442770
               37             6              42            6                1.438758
               38             6              39            6                1.470383
               38             6              45            1                0.940006
               39             6              40            6                1.444531
               39             6              47            1                0.937873
               40             6              41            6                1.444117
               40             6              43            1                0.943164
               41             6              42            6                1.470492
               41             6              44            1                0.937890
               42             6              46            1                0.940371
               48             6              49            6                1.436579
               48             6              53            6                1.439092
               49             6              50            6                1.471571
               49             6              56            1                0.940411
               50             6              51            6                1.442831
               50             6              58            1                0.937753
               51             6              52            6                1.442650
               51             6              54            1                0.943139
               52             6              53            6                1.472593
               52             6              55            1                0.937736
               53             6              57            1                0.939736
# -----------------------------------------------------------
$ Calculation_Info
   description: Details of the calculation
   geom. index: 1
   prop. index: 1
     Multiplicity:                          2
     Charge:                                0
     number of atoms:                       59
     number of electrons:                   0
     number of frozen core electrons:       1
     number of correlated electrons:        0
     number of basis functions:             565
     number of aux C basis functions:       3910
     number of aux J basis functions:       3910
     number of aux JK basis functions:      3910
     number of aux CABS basis functions:    0
     Total Energy                           -1159.835762
# -----------------------------------------------------------
$ SCF_Electric_Properties
   description: The SCF Calculated Electric Properties
   geom. index: 1
   prop. index: 1
       Filename                          : cc-pVDZ_i.scfp 
       Do Dipole Moment Calculation      : true 
       Do Quadrupole Moment Calculation  : false 
       Do Polarizability Calculation     : false 
** Dipole moment part of electric properties **
        Magnitude of dipole moment (Debye) :        0.3334683972
        Electronic Contribution:
                  0    
      0      -0.506104
      1       2.183566
      2       0.024497
        Nuclear Contribution:
                  0    
      0       0.635940
      1      -2.164747
      2      -0.024952
        Total Dipole moment:
                  0    
      0       0.129836
      1       0.018819
      2      -0.000455
# -----------------------------------------------------------
$ EPRNMR_GTensor
   description: Electronic g tensor
   geom. index: 1
   prop. index: 1
 Source density: 1 SCF 
 Spin multiplicity: 2 
 raw g tensor: 
                  0          1          2    
      0       2.002779  -0.000064   0.000001
      1      -0.000058   2.002761  -0.000002
      2       0.000000  -0.000001   2.002184
 g tensor: 
                  0          1          2    
      0      -0.000254   0.652507  -0.757783
      1       0.002491   0.757781   0.652505
      2       0.999997  -0.001722  -0.001818
 G eigenvalues: 
                  0          1          2    
      0       2.002184   2.002708   2.002832
# -----------------------------------------------------------
$ EPRNMR_OrbitalShielding
   description: Orbital contribution to the NMR Shielding tensor (ppm)
   geom. index: 1
   prop. index: 1
 Number of stored nuclei 29
 Source density: 1 SCF 
 Nucleus: 9 H 
 Shielding tensor (ppm): 
                  0          1          2    
      0      27.711446  -5.297690   0.019351
      1      -4.903293  26.463827  -0.023613
      2       0.026400  -0.026225  19.092534
 P Tensor eigenvectors:
                   0          1          2    
      0      -0.001025   0.665521  -0.746378
      1       0.002596   0.746378   0.665517
      2       0.999996  -0.001256  -0.002493
 P Eigenvalues: 
                  0          1          2    
      0      19.092443  21.949279  32.226083
P(iso)  24.422602
 Nucleus: 10 H 
 Shielding tensor (ppm): 
                  0          1          2    
      0      28.469942  -5.519274   0.015031
      1      -5.382599  26.176635  -0.017836
      2       0.017483  -0.019028  18.761051
 P Tensor eigenvectors:
                   0          1          2    
      0      -0.000447   0.631110  -0.775694
      1       0.002127   0.775692   0.631108
      2       0.999998  -0.001367  -0.001689
 P Eigenvalues: 
                  0          1          2    
      0      18.761004  21.753076  32.893549
P(iso)  24.469210
 Nucleus: 12 H 
 Shielding tensor (ppm): 
                  0          1          2    
      0      23.632347   2.247828  -0.009373
      1       1.514087  32.544346  -0.044326
      2      -0.003360  -0.045103  19.597410
 P Tensor eigenvectors:
                   0          1          2    
      0       0.000007  -0.981399  -0.191982
      1       0.003451   0.191981  -0.981393
      2       0.999994  -0.000656   0.003388
 P Eigenvalues: 
                  0          1          2    
      0      19.597256  23.252033  32.924814
P(iso)  25.258034
 Nucleus: 14 H 
 Shielding tensor (ppm): 
                  0          1          2    
      0      28.953488  -1.149598   3.147875
      1      -0.653787  30.432291   0.510654
      2       3.978488   1.491759  27.412695
 P Tensor eigenvectors:
                   0          1          2    
      0      -0.610527  -0.080119  -0.787932
      1      -0.202902   0.977490   0.057824
      2       0.765564   0.195176  -0.613041
 P Eigenvalues: 
                  0          1          2    
      0      24.246045  30.719592  31.832836
P(iso)  28.932825
 Nucleus: 15 H 
 Shielding tensor (ppm): 
                  0          1          2    
      0      29.005393  -1.193226  -3.132230
      1      -0.692766  30.432896  -0.529342
      2      -3.970141  -1.508169  27.355293
 P Tensor eigenvectors:
                   0          1          2    
      0       0.604659  -0.058811  -0.794310
      1       0.208101   0.974295   0.086276
      2       0.768818  -0.217464   0.601355
 P Eigenvalues: 
                  0          1          2    
      0      24.226869  30.731345  31.835368
P(iso)  28.931194
 Nucleus: 17 H 
 Shielding tensor (ppm): 
                  0          1          2    
      0      30.753479   0.714060   4.388548
      1       0.371796  30.040383   0.451913
      2       4.289935  -0.850907  28.075839
 P Tensor eigenvectors:
                   0          1          2    
      0      -0.594986   0.014034   0.803613
      1       0.081164  -0.993687   0.077446
      2       0.799627   0.111304   0.590091
 P Eigenvalues: 
                  0          1          2    
      0      24.829418  30.058728  33.981555
P(iso)  29.623234
 Nucleus: 18 H 
 Shielding tensor (ppm): 
                  0          1          2    
      0      30.821098   0.676937  -4.388021
      1       0.340829  30.042723  -0.461411
      2      -4.281225   0.829224  28.001798
 P Tensor eigenvectors:
                   0          1          2    
      0       0.588995   0.015756   0.807983
      1      -0.074305  -0.994519   0.073559
      2       0.804714  -0.103363  -0.584596
 P Eigenvalues: 
                  0          1          2    
      0      24.815607  30.057092  33.992921
P(iso)  29.621873
 Nucleus: 20 H 
 Shielding tensor (ppm): 
                  0          1          2    
      0      29.749355   1.597661  -3.723450
      1       2.286210  30.758696  -2.610054
      2      -3.145237  -2.263898  30.355640
 P Tensor eigenvectors:
                   0          1          2    
      0       0.715622   0.422685  -0.556078
      1       0.073749  -0.837390  -0.541607
      2       0.694584  -0.346576   0.630427
 P Eigenvalues: 
                  0          1          2    
      0      26.588510  28.746942  35.528240
P(iso)  30.287897
 Nucleus: 21 H 
 Shielding tensor (ppm): 
                  0          1          2    
      0      29.694253   1.617559   3.695357
      1       2.295174  30.800720   2.630863
      2       3.110900   2.274895  30.366350
 P Tensor eigenvectors:
                   0          1          2    
      0       0.721001   0.420660   0.550639
      1       0.068013  -0.833772   0.547904
      2      -0.689588   0.357589   0.629760
 P Eigenvalues: 
                  0          1          2    
      0      26.596732  28.738233  35.526358
P(iso)  30.287108
 Nucleus: 23 H 
 Shielding tensor (ppm): 
                  0          1          2    
      0      29.153205   1.779337  -3.259582
      1       1.320941  31.031015  -0.108546
      2      -4.485268   0.929642  25.773409
 P Tensor eigenvectors:
                   0          1          2    
      0       0.548327  -0.458904  -0.699103
      1      -0.139921   0.773853  -0.617716
      2       0.824475   0.436530   0.360114
 P Eigenvalues: 
                  0          1          2    
      0      23.058628  30.361561  32.537440
P(iso)  28.652543
 Nucleus: 24 H 
 Shielding tensor (ppm): 
                  0          1          2    
      0      29.142524   1.789793   3.253682
      1       1.339434  31.022479   0.086521
      2       4.479688  -0.953366  25.793722
 P Tensor eigenvectors:
                   0          1          2    
      0      -0.549566  -0.457353  -0.699146
      1       0.143769   0.772594  -0.618409
      2       0.822987  -0.440372  -0.358838
 P Eigenvalues: 
                  0          1          2    
      0      23.065713  30.362009  32.531004
P(iso)  28.652908
 Nucleus: 26 H 
 Shielding tensor (ppm): 
                  0          1          2    
      0      30.400084  -0.727994  -3.721734
      1      -0.674766  31.234351  -0.293381
      2      -3.683815  -1.509108  27.722356
 P Tensor eigenvectors:
                   0          1          2    
      0       0.566954  -0.072030  -0.820594
      1       0.168729   0.985203   0.030097
      2       0.806284  -0.155521   0.570718
 P Eigenvalues: 
                  0          1          2    
      0      24.918386  31.437843  33.000562
P(iso)  29.785597
 Nucleus: 27 H 
 Shielding tensor (ppm): 
                  0          1          2    
      0      30.388477  -0.711906   3.726122
      1      -0.657472  31.243287   0.277149
      2       3.688055   1.495568  27.728788
 P Tensor eigenvectors:
                   0          1          2    
      0      -0.568189  -0.073575  -0.819602
      1      -0.165302   0.985898   0.026092
      2       0.806124   0.150307  -0.572338
 P Eigenvalues: 
                  0          1          2    
      0      24.922711  31.439292  32.998548
P(iso)  29.786850
 Nucleus: 29 H 
 Shielding tensor (ppm): 
                  0          1          2    
      0      30.778564   0.177383  -4.500807
      1       0.059225  30.706090   0.519741
      2      -4.231637   1.262171  28.051654
 P Tensor eigenvectors:
                   0          1          2    
      0       0.584451  -0.181939   0.790769
      1      -0.125335  -0.983084  -0.133552
      2       0.801691  -0.021057  -0.597368
 P Eigenvalues: 
                  0          1          2    
      0      24.736862  30.753064  34.046382
P(iso)  29.845436
 Nucleus: 30 H 
 Shielding tensor (ppm): 
                  0          1          2    
      0      30.762805   0.195662   4.503320
      1       0.076375  30.697589  -0.531131
      2       4.234120  -1.274512  28.075347
 P Tensor eigenvectors:
                   0          1          2    
      0      -0.585839  -0.182551   0.789600
      1       0.128688  -0.982893  -0.131760
      2       0.800145   0.024422   0.599309
 P Eigenvalues: 
                  0          1          2    
      0      24.738965  30.751398  34.045377
P(iso)  29.845247
 Nucleus: 32 H 
 Shielding tensor (ppm): 
                  0          1          2    
      0      29.946959   1.643893   3.880727
      1       2.461627  30.556305   2.308077
      2       3.284486   2.003465  30.331047
 P Tensor eigenvectors:
                   0          1          2    
      0       0.729983   0.344013   0.590576
      1      -0.006621  -0.860491   0.509423
      2      -0.683433   0.375780   0.625866
 P Eigenvalues: 
                  0          1          2    
      0      26.551366  28.769177  35.513767
P(iso)  30.278104
 Nucleus: 33 H 
 Shielding tensor (ppm): 
                  0          1          2    
      0      29.963375   1.631027  -3.890379
      1       2.452356  30.539326  -2.303157
      2      -3.297079  -1.999593  30.332399
 P Tensor eigenvectors:
                   0          1          2    
      0       0.728362   0.344915  -0.592050
      1      -0.003618  -0.862115  -0.506700
      2       0.685183  -0.371203   0.626684
 P Eigenvalues: 
                  0          1          2    
      0      26.549554  28.771346  35.514200
P(iso)  30.278367
 Nucleus: 35 H 
 Shielding tensor (ppm): 
                  0          1          2    
      0      29.264155  -2.503043   0.023026
      1      -3.871041  35.470052  -0.059827
      2       0.030262  -0.057170  25.464767
 P Tensor eigenvectors:
                   0          1          2    
      0      -0.002870  -0.917139   0.398557
      1       0.004921  -0.398566  -0.917126
      2       0.999984  -0.000671   0.005657
 P Eigenvalues: 
                  0          1          2    
      0      25.464402  27.920005  36.814566
P(iso)  30.066325
 Nucleus: 36 H 
 Shielding tensor (ppm): 
                  0          1          2    
      0      28.620057  -1.956969   0.007025
      1      -3.213562  36.160544  -0.026100
      2       0.009994  -0.025091  25.452449
 P Tensor eigenvectors:
                   0          1          2    
      0      -0.000913  -0.952263   0.305277
      1       0.002168  -0.305279  -0.952261
      2       0.999997  -0.000208   0.002344
 P Eigenvalues: 
                  0          1          2    
      0      25.452386  27.819691  36.960973
P(iso)  30.077683
 Nucleus: 43 H 
 Shielding tensor (ppm): 
                  0          1          2    
      0      24.315429  -0.022537   0.000417
      1      -0.017027  27.194378  -0.006306
      2      -0.000200  -0.006327  21.238282
 P Tensor eigenvectors:
                   0          1          2    
      0      -0.000035  -0.999977   0.006817
      1       0.001060  -0.006817  -0.999976
      2       0.999999  -0.000028   0.001060
 P Eigenvalues: 
                  0          1          2    
      0      21.238276  24.315293  27.194521
P(iso)  24.249363
 Nucleus: 44 H 
 Shielding tensor (ppm): 
                  0          1          2    
      0      27.226580   1.469190  -0.001195
      1       1.440424  24.532392  -0.004013
      2      -0.001158  -0.004456  20.847578
 P Tensor eigenvectors:
                   0          1          2    
      0      -0.000085  -0.400616  -0.916246
      1       0.001178   0.916245  -0.400616
      2       0.999999  -0.001113   0.000394
 P Eigenvalues: 
                  0          1          2    
      0      20.847573  23.896783  27.862193
P(iso)  24.202183
 Nucleus: 45 H 
 Shielding tensor (ppm): 
                  0          1          2    
      0      27.296931   3.294954  -0.001707
      1       2.524412  24.760563  -0.006194
      2      -0.000230  -0.005096  20.000077
 P Tensor eigenvectors:
                   0          1          2    
      0      -0.000447  -0.554104  -0.832447
      1       0.001470   0.832446  -0.554104
      2       0.999999  -0.001471   0.000442
 P Eigenvalues: 
                  0          1          2    
      0      20.000069  22.855059  29.202444
P(iso)  24.019190
 Nucleus: 46 H 
 Shielding tensor (ppm): 
                  0          1          2    
      0      28.167597  -2.681100   0.002346
      1      -1.935490  24.152132  -0.005955
      2       0.000916  -0.005629  19.708676
 P Tensor eigenvectors:
                   0          1          2    
      0       0.000186   0.421036  -0.907044
      1       0.001404   0.907043   0.421036
      2       0.999999  -0.001352  -0.000423
 P Eigenvalues: 
                  0          1          2    
      0      19.708668  23.100898  29.218839
P(iso)  24.009468
 Nucleus: 47 H 
 Shielding tensor (ppm): 
                  0          1          2    
      0      27.204330  -1.196331   0.001895
      1      -1.171747  24.472371  -0.004220
      2       0.002165  -0.003805  20.899975
 P Tensor eigenvectors:
                   0          1          2    
      0      -0.000115   0.349768  -0.936836
      1       0.001089   0.936836   0.349768
      2       0.999999  -0.000980  -0.000489
 P Eigenvalues: 
                  0          1          2    
      0      20.899971  24.030635  27.646071
P(iso)  24.192225
 Nucleus: 54 H 
 Shielding tensor (ppm): 
                  0          1          2    
      0      24.351243  -0.192006   0.000401
      1      -0.192163  27.198631  -0.006280
      2      -0.000105  -0.006309  21.266414
 P Tensor eigenvectors:
                   0          1          2    
      0       0.000013  -0.997753   0.067006
      1       0.001061  -0.067006  -0.997752
      2       0.999999   0.000084   0.001058
 P Eigenvalues: 
                  0          1          2    
      0      21.266408  24.338344  27.211537
P(iso)  24.272096
 Nucleus: 55 H 
 Shielding tensor (ppm): 
                  0          1          2    
      0      27.345843  -1.094877   0.001511
      1      -1.073931  24.340186  -0.004143
      2       0.001755  -0.003605  20.926065
 P Tensor eigenvectors:
                   0          1          2    
      0      -0.000063   0.307660  -0.951496
      1       0.001120   0.951496   0.307660
      2       0.999999  -0.001046  -0.000405
 P Eigenvalues: 
                  0          1          2    
      0      20.926061  23.989798  27.696236
P(iso)  24.204031
 Nucleus: 56 H 
 Shielding tensor (ppm): 
                  0          1          2    
      0      28.184675  -2.536162   0.000570
      1      -1.827714  24.114440  -0.006833
      2      -0.001197  -0.006378  19.828099
 P Tensor eigenvectors:
                   0          1          2    
      0       0.000502   0.404903  -0.914360
      1       0.001801   0.914358   0.404903
      2       0.999998  -0.001850  -0.000270
 P Eigenvalues: 
                  0          1          2    
      0      19.828087  23.166128  29.132999
P(iso)  24.042405
 Nucleus: 57 H 
 Shielding tensor (ppm): 
                  0          1          2    
      0      27.155985   3.279146  -0.002130
      1       2.549591  24.941607  -0.006474
      2      -0.000689  -0.004990  19.993910
 P Tensor eigenvectors:
                   0          1          2    
      0      -0.000358  -0.573578  -0.819151
      1       0.001386   0.819150  -0.573578
      2       0.999999  -0.001340   0.000501
 P Eigenvalues: 
                  0          1          2    
      0      19.993902  22.931510  29.166090
P(iso)  24.030501
 Nucleus: 58 H 
 Shielding tensor (ppm): 
                  0          1          2    
      0      27.023690   1.555847  -0.001745
      1       1.529315  24.711584  -0.004286
      2      -0.001769  -0.004797  20.893239
 P Tensor eigenvectors:
                   0          1          2    
      0      -0.000014  -0.447607  -0.894230
      1       0.001189   0.894230  -0.447607
      2       0.999999  -0.001070   0.000519
 P Eigenvalues: 
                  0          1          2    
      0      20.893234  23.939944  27.795336
P(iso)  24.209504
# -----------------------------------------------------------
$ EPRNMR_ATensor
   description: Hyperfine A tensor
   geom. index: 1
   prop. index: 1
 Number of stored nuclei 29
 Source density: 1 SCF 
 Spin multiplicity: 2 
 Nucleus: 9 H  
 Isotope: 1 
 Nuclear Spin:  0.5 
 Prefactor (MHz): 533.551395 
 Raw A tensor (MHz): 
                  0          1          2    
      0     -14.794284   6.142936  -0.016118
      1       6.145567 -11.920067  -0.016548
      2      -0.016122  -0.016552 -16.108235
 A Tensor eigenvectors:
                   0          1          2    
      0       0.621370   0.001059   0.783516
      1       0.783513   0.002397  -0.621371
      2      -0.002537   0.999997   0.000660
 A Eigenvalues: 
                  0          1          2    
      0      -7.047037 -16.108292 -19.667257
A(iso)  -14.274195
 Nucleus: 10 H  
 Isotope: 1 
 Nuclear Spin:  0.5 
 Prefactor (MHz): 533.551395 
 Raw A tensor (MHz): 
                  0          1          2    
      0       7.809030  -2.239282   0.006806
      1      -2.240294   6.256569  -0.007081
      2       0.006808  -0.007081   4.037635
 A Tensor eigenvectors:
                   0          1          2    
      0       0.000225   0.579863  -0.814714
      1       0.003418   0.814709   0.579860
      2       0.999994  -0.002915  -0.001799
 A Eigenvalues: 
                  0          1          2    
      0       4.037612   4.662323   9.403299
A(iso)  6.034411
 Nucleus: 12 H  
 Isotope: 1 
 Nuclear Spin:  0.5 
 Prefactor (MHz): 533.551395 
 Raw A tensor (MHz): 
                  0          1          2    
      0     -17.194780   1.676405   0.012199
      1       1.674951 -70.493573   0.080405
      2       0.012205   0.080418 -45.764892
 A Tensor eigenvectors:
                   0          1          2    
      0       0.999507   0.000615  -0.031405
      1       0.031407  -0.003210   0.999502
      2       0.000514  -0.999995  -0.003227
 A Eigenvalues: 
                  0          1          2    
      0     -17.142142 -45.764641 -70.546461
A(iso)  -44.484415
 Nucleus: 14 H  
 Isotope: 1 
 Nuclear Spin:  0.5 
 Prefactor (MHz): 533.551395 
 Raw A tensor (MHz): 
                  0          1          2    
      0      60.409826   3.579546   1.859806
      1       3.578384  62.333614   1.949844
      2       1.858376   1.949878  57.346138
 A Tensor eigenvectors:
                   0          1          2    
      0      -0.351386   0.727753   0.588985
      1      -0.094826  -0.653532   0.750935
      2       0.931416   0.208017   0.298652
 A Eigenvalues: 
                  0          1          2    
      0      56.446427  57.727258  65.915893
A(iso)  60.029859
 Nucleus: 15 H  
 Isotope: 1 
 Nuclear Spin:  0.5 
 Prefactor (MHz): 533.551395 
 Raw A tensor (MHz): 
                  0          1          2    
      0      60.033793   3.572151  -1.869630
      1       3.570986  61.885033  -1.968464
      2      -1.868181  -1.968501  56.937466
 A Tensor eigenvectors:
                   0          1          2    
      0       0.342301   0.730019   0.591525
      1       0.105078  -0.655350   0.747981
      2       0.933696  -0.193879  -0.301036
 A Eigenvalues: 
                  0          1          2    
      0      56.030935  57.323885  65.501472
A(iso)  59.618764
 Nucleus: 17 H  
 Isotope: 1 
 Nuclear Spin:  0.5 
 Prefactor (MHz): 533.551395 
 Raw A tensor (MHz): 
                  0          1          2    
      0      -2.147221  -2.079278   0.667462
      1      -2.079183   1.855103  -1.368027
      2       0.667012  -1.367005  -2.708039
 A Tensor eigenvectors:
                   0          1          2    
      0      -0.722676   0.382004  -0.576031
      1      -0.457067  -0.889283  -0.016315
      2      -0.518487   0.251494   0.817265
 A Eigenvalues: 
                  0          1          2    
      0      -2.983577   3.135003  -3.151582
A(iso)  -1.000052
 Nucleus: 18 H  
 Isotope: 1 
 Nuclear Spin:  0.5 
 Prefactor (MHz): 533.551395 
 Raw A tensor (MHz): 
                  0          1          2    
      0      -2.135486  -2.094424  -0.641704
      1      -2.094330   1.873402   1.311325
      2      -0.641263   1.310316  -2.734691
 A Tensor eigenvectors:
                   0          1          2    
      0      -0.721892   0.384092   0.575626
      1      -0.452580  -0.891310   0.027155
      2       0.523491  -0.240914   0.817262
 A Eigenvalues: 
                  0          1          2    
      0      -2.983369   3.130191  -3.143598
A(iso)  -0.998925
 Nucleus: 20 H  
 Isotope: 1 
 Nuclear Spin:  0.5 
 Prefactor (MHz): 533.551395 
 Raw A tensor (MHz): 
                  0          1          2    
      0       0.003202   0.253789  -0.107789
      1       0.254056   2.122085  -0.384151
      2      -0.107908  -0.384026   0.025742
 A Tensor eigenvectors:
                   0          1          2    
      0       0.733383   0.669091  -0.120276
      1      -0.207405   0.051728  -0.976887
      2      -0.647404   0.741378   0.176709
 A Eigenvalues: 
                  0          1          2    
      0       0.025815  -0.097619   2.222832
A(iso)  0.717009
 Nucleus: 21 H  
 Isotope: 1 
 Nuclear Spin:  0.5 
 Prefactor (MHz): 533.551395 
 Raw A tensor (MHz): 
                  0          1          2    
      0       0.001294   0.249970   0.105889
      1       0.250237   2.130585   0.366031
      2       0.106005   0.365907   0.021026
 A Tensor eigenvectors:
                   0          1          2    
      0      -0.726386  -0.677066   0.118092
      1       0.200701  -0.044630   0.978635
      2      -0.657330   0.734568   0.168306
 A Eigenvalues: 
                  0          1          2    
      0       0.027278  -0.098084   2.223710
A(iso)  0.717635
 Nucleus: 23 H  
 Isotope: 1 
 Nuclear Spin:  0.5 
 Prefactor (MHz): 533.551395 
 Raw A tensor (MHz): 
                  0          1          2    
      0      21.638693  -1.513437  -0.868837
      1      -1.512961  21.693631   0.471004
      2      -0.868264   0.471154  20.386163
 A Tensor eigenvectors:
                   0          1          2    
      0      -0.620901   0.376355   0.687633
      1      -0.326798   0.673065  -0.663465
      2      -0.712520  -0.636663  -0.294915
 A Eigenvalues: 
                  0          1          2    
      0      19.845465  20.401758  23.471263
A(iso)  21.239495
 Nucleus: 24 H  
 Isotope: 1 
 Nuclear Spin:  0.5 
 Prefactor (MHz): 533.551395 
 Raw A tensor (MHz): 
                  0          1          2    
      0      21.664698  -1.508826   0.877690
      1      -1.508353  21.719469  -0.478848
      2       0.877115  -0.479000  20.422834
 A Tensor eigenvectors:
                   0          1          2    
      0       0.622236  -0.375198  -0.687058
      1       0.323830  -0.675681   0.662261
      2      -0.712711  -0.634572  -0.298932
 A Eigenvalues: 
                  0          1          2    
      0      19.874529  20.431837  23.500635
A(iso)  21.269001
 Nucleus: 26 H  
 Isotope: 1 
 Nuclear Spin:  0.5 
 Prefactor (MHz): 533.551395 
 Raw A tensor (MHz): 
                  0          1          2    
      0      -0.764462   0.338306  -0.087532
      1       0.337948   0.801527  -0.394548
      2      -0.087359  -0.394276  -0.869195
 A Tensor eigenvectors:
                   0          1          2    
      0       0.976130   0.088090  -0.198520
      1      -0.212595   0.200600  -0.956328
      2      -0.044419   0.975705   0.214539
 A Eigenvalues: 
                  0          1          2    
      0      -0.834094  -0.958627   0.960591
A(iso)  -0.277377
 Nucleus: 27 H  
 Isotope: 1 
 Nuclear Spin:  0.5 
 Prefactor (MHz): 533.551395 
 Raw A tensor (MHz): 
                  0          1          2    
      0      -0.766265   0.338167   0.086419
      1       0.337808   0.804567   0.387407
      2       0.086246   0.387133  -0.874114
 A Tensor eigenvectors:
                   0          1          2    
      0      -0.975863  -0.197097  -0.094048
      1       0.212788  -0.955038  -0.206454
      2      -0.049128  -0.221483   0.973926
 A Eigenvalues: 
                  0          1          2    
      0      -0.835587   0.959812  -0.960037
A(iso)  -0.278604
 Nucleus: 29 H  
 Isotope: 1 
 Nuclear Spin:  0.5 
 Prefactor (MHz): 533.551395 
 Raw A tensor (MHz): 
                  0          1          2    
      0      -0.037773  -0.279930  -0.063863
      1      -0.280057   0.675334   0.118302
      2      -0.063869   0.118231  -0.098905
 A Tensor eigenvectors:
                   0          1          2    
      0       0.498530   0.803085   0.326378
      1       0.302521   0.191655  -0.933675
      2      -0.812372   0.564201  -0.147404
 A Eigenvalues: 
                  0          1          2    
      0      -0.103709  -0.149529   0.791893
A(iso)  0.179552
 Nucleus: 30 H  
 Isotope: 1 
 Nuclear Spin:  0.5 
 Prefactor (MHz): 533.551395 
 Raw A tensor (MHz): 
                  0          1          2    
      0      -0.037937  -0.279269   0.065240
      1      -0.279396   0.674483  -0.122035
      2       0.065247  -0.121964  -0.097493
 A Tensor eigenvectors:
                   0          1          2    
      0      -0.497996  -0.803587  -0.325957
      1      -0.306086  -0.188802   0.933094
      2      -0.811364   0.564448  -0.151944
 A Eigenvalues: 
                  0          1          2    
      0      -0.103427  -0.149461   0.791941
A(iso)  0.179684
 Nucleus: 32 H  
 Isotope: 1 
 Nuclear Spin:  0.5 
 Prefactor (MHz): 533.551395 
 Raw A tensor (MHz): 
                  0          1          2    
      0      -0.100026  -0.011460  -0.000654
      1      -0.011546   0.366851   0.062740
