-------------------------------------------------------------
----------------------- !PROPERTIES! ------------------------
-------------------------------------------------------------
# -----------------------------------------------------------
$ PAL_Flags
   description: The PAL Flags
   geom. index: 1
   prop. index: 1
        Diskflag:     2
# -----------------------------------------------------------
$ SCF_Energy
   description: The SCF energy
   geom. index: 1
   prop. index: 1
        SCF Energy:    -1159.8357600428
# -----------------------------------------------------------
$ DFT_Energy
   description: The DFT energy
   geom. index: 1
   prop. index: 1
   Number of Alpha Electrons                105.0001551728 
   Number of Beta  Electrons                104.0001471540 
   Total number of  Electrons               209.0003023268 
   Exchange energy                         -131.4915251340 
   Correlation energy                        -8.1612182293 
   Correlation energy NL                      0.0000000000 
   Exchange-Correlation energy             -139.6527433633 
   Embedding correction                       0.0000000000 
   Total DFT Energy (No VdW correction)   -1159.8357600428 
# -----------------------------------------------------------
$ Mayer_Pop
   description: The Mayer population analysis
   geom. index: 1
   prop. index: 1
     Number of atoms                     : 59
     Threshold for printing              : 0.1000000
     Number of bond orders printed       : 63
  NA   - Mulliken gross atomic population
  ZA   - Total nuclear charge
  QA   - Mulliken gross atomic charge
  VA   - Mayer's total valence
  BVA  - Mayer's bonded valence
  FA   - Mayer's free valence
  ATOM       NA         ZA         QA         VA         BVA        FA
  0   0     5.8600     6.0000     0.1400     2.6184     2.6124     0.0060
  1   0     5.7187     6.0000     0.2813     2.4676     2.4654     0.0022
  2   0     5.7297     6.0000     0.2703     2.5208     2.5202     0.0006
  3   0     6.1784     6.0000    -0.1784     3.7518     3.7177     0.0341
  4   0     5.9276     6.0000     0.0724     4.1411     4.1261     0.0150
  5   0     6.0287     6.0000    -0.0287     3.8707     3.8361     0.0346
  6   0     6.1428     6.0000    -0.1428     3.8264     3.8194     0.0070
  7   0     6.0866     6.0000    -0.0866     4.1474     4.1106     0.0368
  8   0     5.9919     6.0000     0.0081     3.9060     3.8980     0.0080
  9   0     1.0539     1.0000    -0.0539     1.0032     1.0031     0.0001
 10   0     1.0552     1.0000    -0.0552     1.0037     1.0037     0.0000
 11   0     6.1007     6.0000    -0.1007     3.9302     3.5662     0.3640
 12   0     1.0263     1.0000    -0.0263     1.0085     1.0073     0.0012
 13   0     5.9654     6.0000     0.0346     4.0096     4.0082     0.0014
 14   0     0.9709     1.0000     0.0291     0.9627     0.9616     0.0011
 15   0     0.9708     1.0000     0.0292     0.9627     0.9616     0.0011
 16   0     6.0393     6.0000    -0.0393     4.1315     4.1315     0.0000
 17   0     0.9876     1.0000     0.0124     0.9641     0.9641     0.0000
 18   0     0.9876     1.0000     0.0124     0.9641     0.9641     0.0000
 19   0     5.9940     6.0000     0.0060     4.0161     4.0161     0.0000
 20   0     0.9824     1.0000     0.0176     0.9776     0.9776     0.0000
 21   0     0.9824     1.0000     0.0176     0.9775     0.9775     0.0000
 22   0     5.9603     6.0000     0.0397     4.0302     4.0300     0.0002
 23   0     0.9681     1.0000     0.0319     0.9690     0.9689     0.0001
 24   0     0.9681     1.0000     0.0319     0.9690     0.9689     0.0001
 25   0     6.0342     6.0000    -0.0342     4.1143     4.1143     0.0000
 26   0     0.9832     1.0000     0.0168     0.9630     0.9630     0.0000
 27   0     0.9832     1.0000     0.0168     0.9631     0.9631     0.0000
 28   0     6.0248     6.0000    -0.0248     4.1172     4.1172     0.0000
 29   0     0.9946     1.0000     0.0054     0.9674     0.9674     0.0000
 30   0     0.9946     1.0000     0.0054     0.9674     0.9674     0.0000
 31   0     5.9967     6.0000     0.0033     4.0168     4.0168     0.0000
 32   0     0.9827     1.0000     0.0173     0.9773     0.9773     0.0000
 33   0     0.9827     1.0000     0.0173     0.9773     0.9773     0.0000
 34   0     5.8734     6.0000     0.1266     2.6504     2.6491     0.0013
 35   0     0.9867     1.0000     0.0133     0.9733     0.9733     0.0000
 36   0     0.9875     1.0000     0.0125     0.9734     0.9734     0.0000
 37   0     6.2547     6.0000    -0.2547     3.9283     3.9282     0.0001
 38   0     5.9700     6.0000     0.0300     3.9954     3.9953     0.0001
 39   0     5.9598     6.0000     0.0402     3.9992     3.9992     0.0000
 40   0     5.9672     6.0000     0.0328     3.9993     3.9992     0.0001
 41   0     5.9602     6.0000     0.0398     3.9991     3.9991     0.0000
 42   0     5.9720     6.0000     0.0280     3.9941     3.9940     0.0001
 43   0     1.0271     1.0000    -0.0271     0.9689     0.9689     0.0000
 44   0     1.0271     1.0000    -0.0271     0.9686     0.9686     0.0000
 45   0     1.0403     1.0000    -0.0403     0.9837     0.9837     0.0000
 46   0     1.0393     1.0000    -0.0393     0.9833     0.9833     0.0000
 47   0     1.0270     1.0000    -0.0270     0.9685     0.9685     0.0000
 48   0     6.2582     6.0000    -0.2582     3.9299     3.9296     0.0003
 49   0     5.9750     6.0000     0.0250     3.9946     3.9941     0.0005
 50   0     5.9602     6.0000     0.0398     3.9994     3.9993     0.0001
 51   0     5.9676     6.0000     0.0324     3.9983     3.9977     0.0006
 52   0     5.9596     6.0000     0.0404     3.9994     3.9993     0.0001
 53   0     5.9700     6.0000     0.0300     3.9942     3.9937     0.0005
 54   0     1.0277     1.0000    -0.0277     0.9688     0.9688     0.0000
 55   0     1.0276     1.0000    -0.0276     0.9684     0.9684     0.0000
 56   0     1.0392     1.0000    -0.0392     0.9813     0.9813     0.0000
 57   0     1.0410     1.0000    -0.0410     0.9838     0.9838     0.0000
 58   0     1.0279     1.0000    -0.0279     0.9686     0.9686     0.0000
      Bond orders larger than 0.1000000
           Atom A     A.N. of A          Atom B    A.N. of B              Bond order
                0             6               1            6                1.711115
                0             6              48            6                0.933864
                1             6               3            6                0.874807
                1             6              48            6               -0.183502
                2             6               6            6                0.875508
                2             6              34            6                1.752270
                2             6              37            6               -0.177261
                3             6               4            6                1.277910
                3             6               8            6                1.399468
                4             6               5            6                1.289931
                4             6              11            6                1.381321
                5             6               6            6                1.449085
                5             6               9            1                0.917372
                6             6               7            6                1.343090
                7             6               8            6                1.428103
                7             6              22            6                1.095682
                8             6              10            1                0.919744
               11             6              12            1                0.898267
               11             6              13            6                1.084166
               13             6              14            1                0.911475
               13             6              15            1                0.911418
               13             6              16            6                1.071496
               16             6              17            1                0.943784
               16             6              18            1                0.943719
               16             6              19            6                1.106648
               19             6              20            1                0.965269
               19             6              21            1                0.965282
               19             6              35            1                0.960814
               22             6              23            1                0.895611
               22             6              24            1                0.895646
               22             6              25            6                1.104549
               25             6              26            1                0.929190
               25             6              27            1                0.929233
               25             6              28            6                1.074735
               28             6              29            1                0.940959
               28             6              30            1                0.940961
               28             6              31            6                1.106212
               31             6              32            1                0.966200
               31             6              33            1                0.966196
               31             6              36            1                0.961666
               34             6              37            6                0.931443
               37             6              38            6                1.442792
               37             6              42            6                1.438766
               38             6              39            6                1.470388
               38             6              45            1                0.940006
               39             6              40            6                1.444534
               39             6              47            1                0.937872
               40             6              41            6                1.444115
               40             6              43            1                0.943165
               41             6              42            6                1.470493
               41             6              44            1                0.937891
               42             6              46            1                0.940368
               48             6              49            6                1.436558
               48             6              53            6                1.439101
               49             6              50            6                1.471571
               49             6              56            1                0.940412
               50             6              51            6                1.442827
               50             6              58            1                0.937753
               51             6              52            6                1.442652
               51             6              54            1                0.943137
               52             6              53            6                1.472594
               52             6              55            1                0.937734
               53             6              57            1                0.939737
# -----------------------------------------------------------
$ Calculation_Info
   description: Details of the calculation
   geom. index: 1
   prop. index: 1
     Multiplicity:                          2
     Charge:                                0
     number of atoms:                       59
     number of electrons:                   0
     number of frozen core electrons:       1
     number of correlated electrons:        0
     number of basis functions:             565
     number of aux C basis functions:       3910
     number of aux J basis functions:       3910
     number of aux JK basis functions:      3910
     number of aux CABS basis functions:    0
     Total Energy                           -1159.835760
# -----------------------------------------------------------
$ SCF_Electric_Properties
   description: The SCF Calculated Electric Properties
   geom. index: 1
   prop. index: 1
       Filename                          : cc-pVDZ_i.scfp 
       Do Dipole Moment Calculation      : true 
       Do Quadrupole Moment Calculation  : false 
       Do Polarizability Calculation     : false 
** Dipole moment part of electric properties **
        Magnitude of dipole moment (Debye) :        0.3330840330
        Electronic Contribution:
                  0    
      0      -0.506435
      1       2.183614
      2       0.025720
        Nuclear Contribution:
                  0    
      0       0.636143
      1      -2.164969
      2      -0.026226
        Total Dipole moment:
                  0    
      0       0.129709
      1       0.018645
      2      -0.000506
# -----------------------------------------------------------
$ EPRNMR_GTensor
   description: Electronic g tensor
   geom. index: 1
   prop. index: 1
 Source density: 1 SCF 
 Spin multiplicity: 2 
 raw g tensor: 
                  0          1          2    
      0       2.002779  -0.000064   0.000001
      1      -0.000059   2.002762  -0.000002
      2       0.000000  -0.000001   2.002184
 g tensor: 
                  0          1          2    
      0      -0.000257   0.656356  -0.754451
      1       0.002472   0.754449   0.656354
      2       0.999997  -0.001696  -0.001816
 G eigenvalues: 
                  0          1          2    
      0       2.002184   2.002709   2.002833
# -----------------------------------------------------------
$ EPRNMR_OrbitalShielding
   description: Orbital contribution to the NMR Shielding tensor (ppm)
   geom. index: 1
   prop. index: 1
 Number of stored nuclei 29
 Source density: 1 SCF 
 Nucleus: 9 H 
 Shielding tensor (ppm): 
                  0          1          2    
      0      27.711269  -5.297309   0.019379
      1      -4.902526  26.463159  -0.023760
      2       0.026023  -0.024256  19.093640
 P Tensor eigenvectors:
                   0          1          2    
      0      -0.001116   0.665501  -0.746396
      1       0.002435   0.746397   0.665497
      2       0.999996  -0.001075  -0.002454
 P Eigenvalues: 
                  0          1          2    
      0      19.093555  21.949397  32.225117
P(iso)  24.422689
 Nucleus: 10 H 
 Shielding tensor (ppm): 
                  0          1          2    
      0      28.469740  -5.518693   0.014933
      1      -5.381885  26.175768  -0.017944
      2       0.016858  -0.015345  18.761303
 P Tensor eigenvectors:
                   0          1          2    
      0      -0.000615   0.631078  -0.775719
      1       0.001806   0.775719   0.631076
      2       0.999998  -0.001013  -0.001617
 P Eigenvalues: 
                  0          1          2    
      0      18.761263  21.753104  32.892444
P(iso)  24.468937
 Nucleus: 12 H 
 Shielding tensor (ppm): 
                  0          1          2    
      0      23.631058   2.247546  -0.007334
      1       1.513334  32.544625  -0.044308
      2      -0.004947  -0.040425  19.598164
 P Tensor eigenvectors:
                   0          1          2    
      0      -0.000009  -0.981415  -0.191899
      1       0.003311   0.191897  -0.981409
      2       0.999995  -0.000644   0.003247
 P Eigenvalues: 
                  0          1          2    
      0      19.598026  23.251007  32.924814
P(iso)  25.257949
 Nucleus: 14 H 
 Shielding tensor (ppm): 
                  0          1          2    
      0      28.952303  -1.147965   3.148741
      1      -0.653138  30.431738   0.510881
      2       3.977415   1.492850  27.416408
 P Tensor eigenvectors:
                   0          1          2    
      0      -0.610744  -0.081466  -0.787626
      1      -0.202952   0.977571   0.056261
      2       0.765377   0.194211  -0.613580
 P Eigenvalues: 
                  0          1          2    
      0      24.247892  30.719296  31.833260
P(iso)  28.933483
 Nucleus: 15 H 
 Shielding tensor (ppm): 
                  0          1          2    
      0      29.005897  -1.195361  -3.130494
      1      -0.693314  30.432970  -0.529636
      2      -3.970242  -1.506882  27.354219
 P Tensor eigenvectors:
                   0          1          2    
      0       0.604574  -0.057673  -0.794458
      1       0.208172   0.974153   0.087699
      2       0.768866  -0.218404   0.600953
 P Eigenvalues: 
                  0          1          2    
      0      24.227006  30.731322  31.834758
P(iso)  28.931029
 Nucleus: 17 H 
 Shielding tensor (ppm): 
                  0          1          2    
      0      30.750378   0.713188   4.389862
      1       0.371662  30.040302   0.452503
      2       4.288711  -0.846890  28.077515
 P Tensor eigenvectors:
                   0          1          2    
      0      -0.595220   0.014410   0.803433
      1       0.080810  -0.993697   0.077690
      2       0.799489   0.111168   0.590304
 P Eigenvalues: 
                  0          1          2    
      0      24.829742  30.058128  33.980325
P(iso)  29.622732
 Nucleus: 18 H 
 Shielding tensor (ppm): 
                  0          1          2    
      0      30.823616   0.678197  -4.387372
      1       0.341391  30.043229  -0.462061
      2      -4.283119   0.831760  27.999592
 P Tensor eigenvectors:
                   0          1          2    
      0       0.588795   0.015715   0.808130
      1      -0.074478  -0.994503   0.073603
      2       0.804844  -0.103526  -0.584388
 P Eigenvalues: 
                  0          1          2    
      0      24.814246  30.057753  33.994438
P(iso)  29.622146
 Nucleus: 20 H 
 Shielding tensor (ppm): 
                  0          1          2    
      0      29.749445   1.596543  -3.724234
      1       2.286428  30.758272  -2.610057
      2      -3.144661  -2.263992  30.356302
 P Tensor eigenvectors:
                   0          1          2    
      0       0.715627   0.422686  -0.556070
      1       0.073833  -0.837429  -0.541537
      2       0.694569  -0.346482   0.630495
 P Eigenvalues: 
                  0          1          2    
      0      26.588718  28.747069  35.528232
P(iso)  30.288006
 Nucleus: 21 H 
 Shielding tensor (ppm): 
                  0          1          2    
      0      29.692446   1.618253   3.693038
      1       2.294854  30.801357   2.631197
      2       3.109739   2.275412  30.369083
 P Tensor eigenvectors:
                   0          1          2    
      0       0.721326   0.420407   0.550406
      1       0.067737  -0.833713   0.548028
      2      -0.689275   0.358024   0.629856
 P Eigenvalues: 
                  0          1          2    
      0      26.598826  28.737774  35.526286
P(iso)  30.287629
 Nucleus: 23 H 
 Shielding tensor (ppm): 
                  0          1          2    
      0      29.152356   1.779944  -3.259359
      1       1.321209  31.031107  -0.109168
      2      -4.485962   0.931921  25.773003
 P Tensor eigenvectors:
                   0          1          2    
      0       0.548349  -0.458977  -0.699038
      1      -0.139995   0.773740  -0.617842
      2       0.824448   0.436654   0.360025
 P Eigenvalues: 
                  0          1          2    
      0      23.057610  30.361720  32.537136
P(iso)  28.652155
 Nucleus: 24 H 
 Shielding tensor (ppm): 
                  0          1          2    
      0      29.143117   1.789748   3.253296
      1       1.339441  31.022047   0.086504
      2       4.479909  -0.950391  25.792760
 P Tensor eigenvectors:
                   0          1          2    
      0      -0.549498  -0.457381  -0.699181
      1       0.143639   0.772670  -0.618343
      2       0.823055  -0.440208  -0.358883
 P Eigenvalues: 
                  0          1          2    
      0      23.065695  30.360626  32.531604
P(iso)  28.652642
 Nucleus: 26 H 
 Shielding tensor (ppm): 
                  0          1          2    
      0      30.400084  -0.727550  -3.721522
      1      -0.674273  31.234177  -0.293560
      2      -3.683158  -1.507071  27.722781
 P Tensor eigenvectors:
                   0          1          2    
      0       0.566976  -0.071891  -0.820591
      1       0.168622   0.985218   0.030193
      2       0.806291  -0.155489   0.570717
 P Eigenvalues: 
                  0          1          2    
      0      24.919410  31.437329  33.000303
P(iso)  29.785681
 Nucleus: 27 H 
 Shielding tensor (ppm): 
                  0          1          2    
      0      30.387423  -0.712723   3.726337
      1      -0.658254  31.243055   0.277402
      2       3.687366   1.498243  27.728886
 P Tensor eigenvectors:
                   0          1          2    
      0      -0.568216  -0.073834  -0.819560
      1      -0.165525   0.985864   0.025946
      2       0.806059   0.150401  -0.572405
 P Eigenvalues: 
                  0          1          2    
      0      24.922078  31.439649  32.997637
P(iso)  29.786455
 Nucleus: 29 H 
 Shielding tensor (ppm): 
                  0          1          2    
      0      30.776962   0.177779  -4.501441
      1       0.059433  30.705643   0.519487
      2      -4.231928   1.263489  28.051172
 P Tensor eigenvectors:
                   0          1          2    
      0       0.584503  -0.182024   0.790710
      1      -0.125396  -0.983069  -0.133611
      2       0.801643  -0.021055  -0.597432
 P Eigenvalues: 
                  0          1          2    
      0      24.735412  30.752710  34.045655
P(iso)  29.844592
 Nucleus: 30 H 
 Shielding tensor (ppm): 
                  0          1          2    
      0      30.764102   0.195381   4.503285
      1       0.076237  30.697381  -0.531064
      2       4.234398  -1.272555  28.073385
 P Tensor eigenvectors:
                   0          1          2    
      0      -0.585728  -0.182306   0.789739
      1       0.128548  -0.982938  -0.131564
      2       0.800249   0.024459   0.599169
 P Eigenvalues: 
                  0          1          2    
      0      24.738282  30.751101  34.045485
P(iso)  29.844956
 Nucleus: 32 H 
 Shielding tensor (ppm): 
                  0          1          2    
      0      29.945637   1.643258   3.881038
      1       2.461299  30.555851   2.308298
      2       3.283974   2.005259  30.331823
 P Tensor eigenvectors:
                   0          1          2    
      0       0.730028   0.344133   0.590450
      1      -0.006415  -0.860479   0.509446
      2      -0.683387   0.375698   0.625966
 P Eigenvalues: 
                  0          1          2    
      0      26.551141  28.768403  35.513767
P(iso)  30.277770
 Nucleus: 33 H 
 Shielding tensor (ppm): 
                  0          1          2    
      0      29.963616   1.631489  -3.889199
      1       2.452858  30.539763  -2.303667
      2      -3.295989  -1.998682  30.332410
 P Tensor eigenvectors:
                   0          1          2    
      0       0.728402   0.344851  -0.592037
      1      -0.003779  -0.862064  -0.506786
      2       0.685139  -0.371381   0.626626
 P Eigenvalues: 
                  0          1          2    
      0      26.550820  28.771239  35.513731
P(iso)  30.278597
 Nucleus: 35 H 
 Shielding tensor (ppm): 
                  0          1          2    
      0      29.264906  -2.502848   0.021372
      1      -3.871840  35.469491  -0.062154
      2       0.031384  -0.055929  25.464201
 P Tensor eigenvectors:
                   0          1          2    
      0      -0.002691  -0.917106   0.398634
      1       0.005058  -0.398642  -0.917092
      2       0.999984  -0.000451   0.005712
 P Eigenvalues: 
                  0          1          2    
      0      25.463832  27.920342  36.814424
P(iso)  30.066199
 Nucleus: 36 H 
 Shielding tensor (ppm): 
                  0          1          2    
      0      28.620624  -1.956831   0.006853
      1      -3.214115  36.160369  -0.024845
      2       0.009624  -0.022653  25.451435
 P Tensor eigenvectors:
                   0          1          2    
      0      -0.000983  -0.952249   0.305322
      1       0.001988  -0.305324  -0.952247
      2       0.999998  -0.000329   0.002193
 P Eigenvalues: 
                  0          1          2    
      0      25.451380  27.820076  36.960971
P(iso)  30.077476
 Nucleus: 43 H 
 Shielding tensor (ppm): 
                  0          1          2    
      0      24.315534  -0.021975   0.000344
      1      -0.016435  27.193863  -0.008930
      2       0.000644  -0.019871  21.238915
 P Tensor eigenvectors:
                   0          1          2    
      0      -0.000142  -0.999978   0.006618
      1       0.002305  -0.006619  -0.999975
      2       0.999997  -0.000127   0.002306
 P Eigenvalues: 
                  0          1          2    
      0      21.238880  24.315406  27.194026
P(iso)  24.249437
 Nucleus: 44 H 
 Shielding tensor (ppm): 
                  0          1          2    
      0      27.227017   1.469081  -0.002115
      1       1.439658  24.532066  -0.005341
      2      -0.014892  -0.006155  20.844926
 P Tensor eigenvectors:
                   0          1          2    
      0       0.000941  -0.400490  -0.916301
      1       0.001130   0.916301  -0.400488
      2       0.999999  -0.000659   0.001315
 P Eigenvalues: 
                  0          1          2    
      0      20.844911  23.896898  27.862200
P(iso)  24.201336
 Nucleus: 45 H 
 Shielding tensor (ppm): 
                  0          1          2    
      0      27.297782   3.294910  -0.003789
      1       2.524907  24.759805  -0.007859
      2       0.007266  -0.003899  20.004010
 P Tensor eigenvectors:
                   0          1          2    
      0      -0.000874  -0.554014  -0.832507
      1       0.001870   0.832505  -0.554015
      2       0.999998  -0.002041   0.000308
 P Eigenvalues: 
                  0          1          2    
      0      20.003997  22.854582  29.203017
P(iso)  24.020532
 Nucleus: 46 H 
 Shielding tensor (ppm): 
                  0          1          2    
      0      28.167328  -2.681214   0.003994
      1      -1.936707  24.152818  -0.007422
      2      -0.007077  -0.003399  19.705535
 P Tensor eigenvectors:
                   0          1          2    
      0       0.000502   0.421144  -0.906993
      1       0.001574   0.906992   0.421145
      2       0.999999  -0.001639  -0.000208
 P Eigenvalues: 
                  0          1          2    
      0      19.705526  23.100920  29.219236
P(iso)  24.008561
 Nucleus: 47 H 
 Shielding tensor (ppm): 
                  0          1          2    
      0      27.203782  -1.196716   0.002304
      1      -1.171782  24.473245  -0.005433
      2       0.014921  -0.005132  20.903540
 P Tensor eigenvectors:
                   0          1          2    
      0      -0.001030   0.349934  -0.936774
      1       0.001101   0.936774   0.349933
      2       0.999999  -0.000671  -0.001350
 P Eigenvalues: 
                  0          1          2    
      0      20.903524  24.031196  27.645847
P(iso)  24.193522
 Nucleus: 54 H 
 Shielding tensor (ppm): 
                  0          1          2    
      0      24.350956  -0.192491   0.000966
      1      -0.192428  27.198378  -0.010775
      2       0.001129  -0.030498  21.265226
 P Tensor eigenvectors:
                   0          1          2    
      0      -0.000122  -0.997744   0.067131
      1       0.003271  -0.067132  -0.997739
      2       0.999995   0.000098   0.003271
 P Eigenvalues: 
                  0          1          2    
      0      21.265155  24.338006  27.211399
P(iso)  24.271520
 Nucleus: 55 H 
 Shielding tensor (ppm): 
                  0          1          2    
      0      27.346268  -1.094602   0.003477
      1      -1.073576  24.340175  -0.006237
      2       0.026290  -0.004496  20.923524
 P Tensor eigenvectors:
                   0          1          2    
      0      -0.001931  -0.307563   0.951526
      1       0.000907  -0.951528  -0.307561
      2       0.999998   0.000269   0.002117
 P Eigenvalues: 
                  0          1          2    
      0      20.923488  23.990009  27.696471
P(iso)  24.203322
 Nucleus: 56 H 
 Shielding tensor (ppm): 
                  0          1          2    
      0      28.185135  -2.535916   0.004951
      1      -1.827473  24.114528  -0.009029
      2      -0.014595  -0.005570  19.831188
 P Tensor eigenvectors:
                   0          1          2    
      0       0.000999   0.404855  -0.914380
      1       0.002344   0.914377   0.404856
      2       0.999997  -0.002547  -0.000035
 P Eigenvalues: 
                  0          1          2    
      0      19.831166  23.166463  29.133222
P(iso)  24.043617
 Nucleus: 57 H 
 Shielding tensor (ppm): 
                  0          1          2    
      0      27.155303   3.279445  -0.004398
      1       2.549927  24.942048  -0.009189
      2       0.013278  -0.000373  19.992079
 P Tensor eigenvectors:
                   0          1          2    
      0      -0.001175  -0.573660  -0.819093
      1       0.001846   0.819091  -0.573661
      2       0.999998  -0.002186   0.000097
 P Eigenvalues: 
                  0          1          2    
      0      19.992065  22.931301  29.166064
P(iso)  24.029810
 Nucleus: 58 H 
 Shielding tensor (ppm): 
                  0          1          2    
      0      27.023498   1.556151  -0.002140
      1       1.529311  24.711749  -0.006288
      2      -0.024029  -0.009487  20.893465
 P Tensor eigenvectors:
                   0          1          2    
      0       0.001570  -0.447664  -0.894200
      1       0.001312   0.894201  -0.447663
      2       0.999998  -0.000470   0.001991
 P Eigenvalues: 
                  0          1          2    
      0      20.893431  23.939914  27.795366
P(iso)  24.209571
# -----------------------------------------------------------
$ EPRNMR_ATensor
   description: Hyperfine A tensor
   geom. index: 1
   prop. index: 1
 Number of stored nuclei 29
 Source density: 1 SCF 
 Spin multiplicity: 2 
 Nucleus: 9 H  
 Isotope: 1 
 Nuclear Spin:  0.5 
 Prefactor (MHz): 533.551395 
 Raw A tensor (MHz): 
                  0          1          2    
      0     -14.799621   6.141829  -0.016286
      1       6.144461 -11.922106  -0.016968
      2      -0.016289  -0.016973 -16.112893
 A Tensor eigenvectors:
                   0          1          2    
      0       0.621255   0.001116   0.783608
      1       0.783604   0.002413  -0.621255
      2      -0.002584   0.999996   0.000624
 A Eigenvalues: 
                  0          1          2    
      0      -7.051425 -16.112953 -19.670243
A(iso)  -14.278207
 Nucleus: 10 H  
 Isotope: 1 
 Nuclear Spin:  0.5 
 Prefactor (MHz): 533.551395 
 Raw A tensor (MHz): 
                  0          1          2    
      0       7.815266  -2.239949   0.006693
      1      -2.240961   6.259685  -0.006829
      2       0.006695  -0.006829   4.042281
 A Tensor eigenvectors:
                   0          1          2    
      0       0.000136   0.579647  -0.814867
      1       0.003217   0.814863   0.579645
      2       0.999995  -0.002700  -0.001754
 A Eigenvalues: 
                  0          1          2    
      0       4.042260   4.665857   9.409115
A(iso)  6.039077
 Nucleus: 12 H  
 Isotope: 1 
 Nuclear Spin:  0.5 
 Prefactor (MHz): 533.551395 
 Raw A tensor (MHz): 
                  0          1          2    
      0     -17.180175   1.680996   0.011552
      1       1.679542 -70.468176   0.079840
      2       0.011559   0.079853 -45.743641
 A Tensor eigenvectors:
                   0          1          2    
      0       0.999504   0.000592  -0.031498
      1       0.031499  -0.003189   0.999499
      2       0.000491  -0.999995  -0.003206
 A Eigenvalues: 
                  0          1          2    
      0     -17.127238 -45.743393 -70.521360
A(iso)  -44.463997
 Nucleus: 14 H  
 Isotope: 1 
 Nuclear Spin:  0.5 
 Prefactor (MHz): 533.551395 
 Raw A tensor (MHz): 
                  0          1          2    
      0      60.410527   3.579036   1.860723
      1       3.577875  62.336179   1.950292
      2       1.859294   1.950325  57.350147
 A Tensor eigenvectors:
                   0          1          2    
      0      -0.352028   0.727528   0.588879
      1      -0.094473  -0.653557   0.750958
      2       0.931210   0.208725   0.298802
 A Eigenvalues: 
                  0          1          2    
      0      56.449301  57.729538  65.918014
A(iso)  60.032284
 Nucleus: 15 H  
 Isotope: 1 
 Nuclear Spin:  0.5 
 Prefactor (MHz): 533.551395 
 Raw A tensor (MHz): 
                  0          1          2    
      0      60.015399   3.571613  -1.869439
      1       3.570447  61.865154  -1.968044
      2      -1.867990  -1.968082  56.917962
 A Tensor eigenvectors:
                   0          1          2    
      0       0.342144   0.730043   0.591587
      1       0.105166  -0.655380   0.747942
      2       0.933744  -0.193689  -0.301010
 A Eigenvalues: 
                  0          1          2    
      0      56.011721  57.305380  65.481414
A(iso)  59.599505
 Nucleus: 17 H  
 Isotope: 1 
 Nuclear Spin:  0.5 
 Prefactor (MHz): 533.551395 
 Raw A tensor (MHz): 
                  0          1          2    
      0      -2.146616  -2.079041   0.667903
      1      -2.078947   1.855440  -1.368701
      2       0.667453  -1.367679  -2.707156
 A Tensor eigenvectors:
                   0          1          2    
      0      -0.722865   0.382001  -0.575797
      1      -0.457136  -0.889252  -0.016061
      2      -0.518163   0.251608   0.817435
 A Eigenvalues: 
                  0          1          2    
      0      -2.982787   3.135639  -3.151185
A(iso)  -0.999444
 Nucleus: 18 H  
 Isotope: 1 
 Nuclear Spin:  0.5 
 Prefactor (MHz): 533.551395 
 Raw A tensor (MHz): 
                  0          1          2    
      0      -2.134162  -2.094878  -0.641398
      1      -2.094784   1.873405   1.310526
      2      -0.640958   1.309517  -2.734298
 A Tensor eigenvectors:
                   0          1          2    
      0      -0.722090   0.384238   0.575280
      1      -0.452624  -0.891287   0.027172
      2       0.523180  -0.240765   0.817505
 A Eigenvalues: 
                  0          1          2    
      0      -2.982719   3.130322  -3.142659
A(iso)  -0.998352
 Nucleus: 20 H  
 Isotope: 1 
 Nuclear Spin:  0.5 
 Prefactor (MHz): 533.551395 
 Raw A tensor (MHz): 
                  0          1          2    
      0       0.003063   0.253751  -0.107764
      1       0.254018   2.121702  -0.384257
      2      -0.107883  -0.384132   0.025563
 A Tensor eigenvectors:
                   0          1          2    
      0       0.733665   0.668783  -0.120270
      1      -0.207417   0.051863  -0.976877
      2      -0.647081   0.741647   0.176767
 A Eigenvalues: 
                  0          1          2    
      0       0.025609  -0.097768   2.222486
A(iso)  0.716776
 Nucleus: 21 H  
 Isotope: 1 
 Nuclear Spin:  0.5 
 Prefactor (MHz): 533.551395 
 Raw A tensor (MHz): 
                  0          1          2    
      0       0.001193   0.249679   0.105866
      1       0.249947   2.130577   0.365922
      2       0.105981   0.365798   0.021027
 A Tensor eigenvectors:
                   0          1          2    
      0      -0.726201  -0.677286   0.117963
      1       0.200591  -0.044624   0.978658
      2      -0.657568   0.734365   0.168263
 A Eigenvalues: 
                  0          1          2    
      0       0.027315  -0.098116   2.223598
A(iso)  0.717599
 Nucleus: 23 H  
 Isotope: 1 
 Nuclear Spin:  0.5 
 Prefactor (MHz): 533.551395 
 Raw A tensor (MHz): 
                  0          1          2    
      0      21.647787  -1.513680  -0.868740
      1      -1.513204  21.703428   0.471383
      2      -0.868167   0.471534  20.394871
 A Tensor eigenvectors:
                   0          1          2    
      0      -0.620746   0.376769   0.687547
      1      -0.326409   0.673147  -0.663574
      2      -0.712834  -0.636332  -0.294873
 A Eigenvalues: 
                  0          1          2    
      0      19.854602  20.410520  23.480964
A(iso)  21.248695
 Nucleus: 24 H  
 Isotope: 1 
 Nuclear Spin:  0.5 
 Prefactor (MHz): 533.551395 
 Raw A tensor (MHz): 
                  0          1          2    
      0      21.674536  -1.509188   0.877334
      1      -1.508715  21.730059  -0.479031
      2       0.876759  -0.479183  20.432023
 A Tensor eigenvectors:
                   0          1          2    
      0       0.622046  -0.375652  -0.686982
      1       0.323515  -0.675686   0.662410
      2      -0.713020  -0.634298  -0.298779
 A Eigenvalues: 
                  0          1          2    
      0      19.884370  20.441247  23.511001
A(iso)  21.278873
 Nucleus: 26 H  
 Isotope: 1 
 Nuclear Spin:  0.5 
 Prefactor (MHz): 533.551395 
 Raw A tensor (MHz): 
                  0          1          2    
      0      -0.764988   0.338385  -0.087515
      1       0.338026   0.801648  -0.394571
      2      -0.087341  -0.394299  -0.869630
 A Tensor eigenvectors:
                   0          1          2    
      0       0.976140   0.088008  -0.198507
      1      -0.212555   0.200360  -0.956387
      2      -0.044397   0.975761   0.214286
 A Eigenvalues: 
                  0          1          2    
      0      -0.834625  -0.959043   0.960698
A(iso)  -0.277657
 Nucleus: 27 H  
 Isotope: 1 
 Nuclear Spin:  0.5 
 Prefactor (MHz): 533.551395 
 Raw A tensor (MHz): 
                  0          1          2    
      0      -0.766856   0.338294   0.086465
      1       0.337935   0.804542   0.387653
      2       0.086292   0.387380  -0.874534
 A Tensor eigenvectors:
                   0          1          2    
      0       0.975862   0.197722  -0.092734
      1      -0.212792   0.956387  -0.200110
      2       0.049124   0.215013   0.975375
 A Eigenvalues: 
                  0          1          2    
      0      -0.836204   0.960077  -0.960721
A(iso)  -0.278950
 Nucleus: 29 H  
 Isotope: 1 
 Nuclear Spin:  0.5 
 Prefactor (MHz): 533.551395 
 Raw A tensor (MHz): 
                  0          1          2    
      0      -0.037729  -0.280039  -0.063910
      1      -0.280166   0.675456   0.118385
      2      -0.063917   0.118313  -0.098837
 A Tensor eigenvectors:
                   0          1          2    
      0       0.498070   0.803345   0.326440
      1       0.302519   0.191825  -0.933641
      2      -0.812655   0.563773  -0.147485
 A Eigenvalues: 
                  0          1          2    
      0      -0.103677  -0.149532   0.792100
A(iso)  0.179630
 Nucleus: 30 H  
 Isotope: 1 
 Nuclear Spin:  0.5 
 Prefactor (MHz): 533.551395 
 Raw A tensor (MHz): 
                  0          1          2    
      0      -0.037920  -0.279392   0.065234
      1      -0.279519   0.674594  -0.121965
      2       0.065242  -0.121894  -0.097510
 A Tensor eigenvectors:
                   0          1          2    
      0      -0.497583  -0.803813  -0.326030
      1      -0.305946  -0.189074   0.933085
      2      -0.811670   0.564035  -0.151843
 A Eigenvalues: 
                  0          1          2    
      0      -0.103431  -0.149499   0.792093
A(iso)  0.179721
 Nucleus: 32 H  
 Isotope: 1 
 Nuclear Spin:  0.5 
 Prefactor (MHz): 533.551395 
 Raw A tensor (MHz): 
                  0          1          2    
      0      -0.100027  -0.011484  -0.000662
      1      -0.011570   0.366916   0.062790
