-------------------------------------------------------------
----------------------- !PROPERTIES! ------------------------
-------------------------------------------------------------
# -----------------------------------------------------------
$ PAL_Flags
   description: The PAL Flags
   geom. index: 1
   prop. index: 1
        Diskflag:     2
# -----------------------------------------------------------
$ SCF_Energy
   description: The SCF energy
   geom. index: 1
   prop. index: 1
        SCF Energy:    -1159.8357607064
# -----------------------------------------------------------
$ DFT_Energy
   description: The DFT energy
   geom. index: 1
   prop. index: 1
   Number of Alpha Electrons                105.0001551731 
   Number of Beta  Electrons                104.0001471544 
   Total number of  Electrons               209.0003023275 
   Exchange energy                         -131.4915206069 
   Correlation energy                        -8.1612179596 
   Correlation energy NL                      0.0000000000 
   Exchange-Correlation energy             -139.6527385666 
   Embedding correction                       0.0000000000 
   Total DFT Energy (No VdW correction)   -1159.8357607064 
# -----------------------------------------------------------
$ Mayer_Pop
   description: The Mayer population analysis
   geom. index: 1
   prop. index: 1
     Number of atoms                     : 59
     Threshold for printing              : 0.1000000
     Number of bond orders printed       : 63
  NA   - Mulliken gross atomic population
  ZA   - Total nuclear charge
  QA   - Mulliken gross atomic charge
  VA   - Mayer's total valence
  BVA  - Mayer's bonded valence
  FA   - Mayer's free valence
  ATOM       NA         ZA         QA         VA         BVA        FA
  0   0     5.8599     6.0000     0.1401     2.6184     2.6124     0.0060
  1   0     5.7187     6.0000     0.2813     2.4676     2.4654     0.0022
  2   0     5.7298     6.0000     0.2702     2.5208     2.5202     0.0006
  3   0     6.1784     6.0000    -0.1784     3.7518     3.7177     0.0341
  4   0     5.9276     6.0000     0.0724     4.1411     4.1261     0.0150
  5   0     6.0287     6.0000    -0.0287     3.8707     3.8361     0.0346
  6   0     6.1428     6.0000    -0.1428     3.8264     3.8194     0.0070
  7   0     6.0866     6.0000    -0.0866     4.1474     4.1106     0.0368
  8   0     5.9919     6.0000     0.0081     3.9060     3.8980     0.0080
  9   0     1.0539     1.0000    -0.0539     1.0032     1.0031     0.0001
 10   0     1.0552     1.0000    -0.0552     1.0037     1.0037     0.0000
 11   0     6.1007     6.0000    -0.1007     3.9302     3.5663     0.3639
 12   0     1.0263     1.0000    -0.0263     1.0085     1.0073     0.0012
 13   0     5.9654     6.0000     0.0346     4.0096     4.0082     0.0014
 14   0     0.9709     1.0000     0.0291     0.9627     0.9616     0.0011
 15   0     0.9708     1.0000     0.0292     0.9627     0.9616     0.0011
 16   0     6.0393     6.0000    -0.0393     4.1315     4.1315     0.0000
 17   0     0.9876     1.0000     0.0124     0.9641     0.9641     0.0000
 18   0     0.9876     1.0000     0.0124     0.9641     0.9641     0.0000
 19   0     5.9940     6.0000     0.0060     4.0161     4.0161     0.0000
 20   0     0.9824     1.0000     0.0176     0.9776     0.9776     0.0000
 21   0     0.9824     1.0000     0.0176     0.9775     0.9775     0.0000
 22   0     5.9603     6.0000     0.0397     4.0302     4.0300     0.0002
 23   0     0.9681     1.0000     0.0319     0.9690     0.9689     0.0001
 24   0     0.9681     1.0000     0.0319     0.9690     0.9689     0.0001
 25   0     6.0342     6.0000    -0.0342     4.1143     4.1143     0.0000
 26   0     0.9832     1.0000     0.0168     0.9630     0.9630     0.0000
 27   0     0.9832     1.0000     0.0168     0.9631     0.9631     0.0000
 28   0     6.0248     6.0000    -0.0248     4.1172     4.1172     0.0000
 29   0     0.9946     1.0000     0.0054     0.9674     0.9674     0.0000
 30   0     0.9946     1.0000     0.0054     0.9674     0.9674     0.0000
 31   0     5.9968     6.0000     0.0032     4.0168     4.0168     0.0000
 32   0     0.9827     1.0000     0.0173     0.9773     0.9773     0.0000
 33   0     0.9827     1.0000     0.0173     0.9773     0.9773     0.0000
 34   0     5.8733     6.0000     0.1267     2.6504     2.6491     0.0013
 35   0     0.9867     1.0000     0.0133     0.9733     0.9733     0.0000
 36   0     0.9875     1.0000     0.0125     0.9734     0.9734     0.0000
 37   0     6.2547     6.0000    -0.2547     3.9283     3.9282     0.0001
 38   0     5.9699     6.0000     0.0301     3.9954     3.9953     0.0001
 39   0     5.9598     6.0000     0.0402     3.9992     3.9992     0.0000
 40   0     5.9672     6.0000     0.0328     3.9993     3.9992     0.0001
 41   0     5.9602     6.0000     0.0398     3.9991     3.9991     0.0000
 42   0     5.9720     6.0000     0.0280     3.9941     3.9940     0.0001
 43   0     1.0271     1.0000    -0.0271     0.9689     0.9689     0.0000
 44   0     1.0271     1.0000    -0.0271     0.9686     0.9686     0.0000
 45   0     1.0403     1.0000    -0.0403     0.9837     0.9837     0.0000
 46   0     1.0393     1.0000    -0.0393     0.9833     0.9833     0.0000
 47   0     1.0270     1.0000    -0.0270     0.9685     0.9685     0.0000
 48   0     6.2582     6.0000    -0.2582     3.9299     3.9296     0.0003
 49   0     5.9750     6.0000     0.0250     3.9946     3.9941     0.0005
 50   0     5.9602     6.0000     0.0398     3.9994     3.9993     0.0001
 51   0     5.9676     6.0000     0.0324     3.9983     3.9977     0.0006
 52   0     5.9596     6.0000     0.0404     3.9994     3.9993     0.0001
 53   0     5.9700     6.0000     0.0300     3.9942     3.9937     0.0005
 54   0     1.0277     1.0000    -0.0277     0.9688     0.9688     0.0000
 55   0     1.0276     1.0000    -0.0276     0.9684     0.9684     0.0000
 56   0     1.0392     1.0000    -0.0392     0.9813     0.9813     0.0000
 57   0     1.0410     1.0000    -0.0410     0.9838     0.9838     0.0000
 58   0     1.0279     1.0000    -0.0279     0.9686     0.9686     0.0000
      Bond orders larger than 0.1000000
           Atom A     A.N. of A          Atom B    A.N. of B              Bond order
                0             6               1            6                1.711108
                0             6              48            6                0.933857
                1             6               3            6                0.874804
                1             6              48            6               -0.183501
                2             6               6            6                0.875519
                2             6              34            6                1.752292
                2             6              37            6               -0.177251
                3             6               4            6                1.277900
                3             6               8            6                1.399465
                4             6               5            6                1.289916
                4             6              11            6                1.381352
                5             6               6            6                1.449095
                5             6               9            1                0.917375
                6             6               7            6                1.343076
                7             6               8            6                1.428104
                7             6              22            6                1.095683
                8             6              10            1                0.919744
               11             6              12            1                0.898267
               11             6              13            6                1.084166
               13             6              14            1                0.911474
               13             6              15            1                0.911418
               13             6              16            6                1.071496
               16             6              17            1                0.943784
               16             6              18            1                0.943719
               16             6              19            6                1.106647
               19             6              20            1                0.965269
               19             6              21            1                0.965282
               19             6              35            1                0.960814
               22             6              23            1                0.895611
               22             6              24            1                0.895646
               22             6              25            6                1.104549
               25             6              26            1                0.929190
               25             6              27            1                0.929233
               25             6              28            6                1.074735
               28             6              29            1                0.940959
               28             6              30            1                0.940961
               28             6              31            6                1.106212
               31             6              32            1                0.966200
               31             6              33            1                0.966196
               31             6              36            1                0.961666
               34             6              37            6                0.931451
               37             6              38            6                1.442789
               37             6              42            6                1.438763
               38             6              39            6                1.470387
               38             6              45            1                0.940004
               39             6              40            6                1.444534
               39             6              47            1                0.937873
               40             6              41            6                1.444115
               40             6              43            1                0.943167
               41             6              42            6                1.470492
               41             6              44            1                0.937891
               42             6              46            1                0.940366
               48             6              49            6                1.436558
               48             6              53            6                1.439100
               49             6              50            6                1.471571
               49             6              56            1                0.940413
               50             6              51            6                1.442827
               50             6              58            1                0.937752
               51             6              52            6                1.442651
               51             6              54            1                0.943136
               52             6              53            6                1.472594
               52             6              55            1                0.937734
               53             6              57            1                0.939738
# -----------------------------------------------------------
$ Calculation_Info
   description: Details of the calculation
   geom. index: 1
   prop. index: 1
     Multiplicity:                          2
     Charge:                                0
     number of atoms:                       59
     number of electrons:                   0
     number of frozen core electrons:       1
     number of correlated electrons:        0
     number of basis functions:             565
     number of aux C basis functions:       3910
     number of aux J basis functions:       3910
     number of aux JK basis functions:      3910
     number of aux CABS basis functions:    0
     Total Energy                           -1159.835761
# -----------------------------------------------------------
$ SCF_Electric_Properties
   description: The SCF Calculated Electric Properties
   geom. index: 1
   prop. index: 1
       Filename                          : cc-pVDZ.scfp 
       Do Dipole Moment Calculation      : true 
       Do Quadrupole Moment Calculation  : false 
       Do Polarizability Calculation     : false 
** Dipole moment part of electric properties **
        Magnitude of dipole moment (Debye) :        0.3327332634
        Electronic Contribution:
                  0    
      0      -0.506562
      1       2.183530
      2       0.025720
        Nuclear Contribution:
                  0    
      0       0.636143
      1      -2.164969
      2      -0.026226
        Total Dipole moment:
                  0    
      0       0.129581
      1       0.018561
      2      -0.000506
# -----------------------------------------------------------
$ EPRNMR_GTensor
   description: Electronic g tensor
   geom. index: 1
   prop. index: 1
 Source density: 1 SCF 
 Spin multiplicity: 2 
 raw g tensor: 
                  0          1          2    
      0       2.002747  -0.000038   0.000000
      1      -0.000051   2.002811  -0.000002
      2      -0.000000  -0.000001   2.002273
 g tensor: 
                  0          1          2    
      0       0.000069  -0.890182   0.455606
      1       0.002700  -0.455604  -0.890178
      2       0.999996   0.001292   0.002372
 G eigenvalues: 
                  0          1          2    
      0       2.002273   2.002724   2.002834
# -----------------------------------------------------------
$ EPRNMR_OrbitalShielding
   description: Orbital contribution to the NMR Shielding tensor (ppm)
   geom. index: 1
   prop. index: 1
 Number of stored nuclei 29
 Source density: 1 SCF 
 Nucleus: 9 H 
 Shielding tensor (ppm): 
                  0          1          2    
      0      35.242425  26.345758  -0.132087
      1      68.300944 120.520369  -0.004779
      2      -0.168012   0.043771 101.150118
 P Tensor eigenvectors:
                   0          1          2    
      0      -0.852385  -0.001071  -0.522914
      1       0.522912   0.001893  -0.852385
      2      -0.001903   0.999998   0.001053
 P Eigenvalues: 
                  0          1          2    
      0      16.374145 101.150315 139.388452
P(iso)  85.637637
 Nucleus: 10 H 
 Shielding tensor (ppm): 
                  0          1          2    
      0      43.780534  20.174525  -0.047915
      1      64.685271 121.474724   0.029487
      2      -0.237733  -0.080763 109.293181
 P Tensor eigenvectors:
                   0          1          2    
      0       0.854464  -0.000314  -0.519511
      1      -0.519508   0.002784  -0.854461
      2       0.001715   0.999996   0.002216
 P Eigenvalues: 
                  0          1          2    
      0      27.079804 109.293142 138.175494
P(iso)  91.516146
 Nucleus: 12 H 
 Shielding tensor (ppm): 
                  0          1          2    
      0      70.036734 102.462124  -0.261317
      1     -238.374819  68.472854  -0.001601
      2       0.612837   0.148619  84.943466
 P Tensor eigenvectors:
                   0          1          2    
      0      -0.000404   0.186150  -0.982521
      1       0.001326   0.982521   0.186149
      2       0.999999  -0.001227  -0.000644
 P Eigenvalues: 
                  0          1          2    
      0      84.943560  43.668892  94.840601
P(iso)  74.484351
 Nucleus: 14 H 
 Shielding tensor (ppm): 
                  0          1          2    
      0      41.807772 -208.820815 -63.479619
      1     292.070663 106.797406 329.221767
      2      54.087673 -240.083308 107.201232
 P Tensor eigenvectors:
                   0          1          2    
      0       0.757113   0.200813   0.621655
      1       0.070618  -0.971165   0.227709
      2      -0.649456   0.128501   0.749462
 P Eigenvalues: 
                  0          1          2    
      0      74.695371  76.581227 104.529811
P(iso)  85.268803
 Nucleus: 15 H 
 Shielding tensor (ppm): 
                  0          1          2    
      0      42.193601 -209.850016  64.087205
      1     293.984922 106.516553 -326.741539
      2     -55.441073 238.501578 108.119700
 P Tensor eigenvectors:
                   0          1          2    
      0       0.752643   0.201088  -0.626971
      1       0.072780  -0.971795  -0.224314
      2       0.654394  -0.123197   0.746050
 P Eigenvalues: 
                  0          1          2    
      0      75.430529  76.720060 104.679266
P(iso)  85.609951
 Nucleus: 17 H 
 Shielding tensor (ppm): 
                  0          1          2    
      0      45.272823 219.885901 140.769161
      1     -344.341076  38.394436 -404.349424
      2     -92.176199 295.395101  45.414743
 P Tensor eigenvectors:
                   0          1          2    
      0       0.737346   0.238025   0.632191
      1       0.292645  -0.956040   0.018635
      2      -0.608835  -0.171267   0.774589
 P Eigenvalues: 
                  0          1          2    
      0      15.479558  47.490326  66.112117
P(iso)  43.027334
 Nucleus: 18 H 
 Shielding tensor (ppm): 
                  0          1          2    
      0      45.146701 220.823686 -141.452162
      1     -346.719217  38.912699 401.191858
      2      93.963809 -292.869043  44.002023
 P Tensor eigenvectors:
                   0          1          2    
      0       0.732478   0.235653  -0.638704
      1       0.296100  -0.955071  -0.012806
      2       0.613026   0.179740   0.769346
 P Eigenvalues: 
                  0          1          2    
      0      15.203727  47.151437  65.706258
P(iso)  42.687141
 Nucleus: 20 H 
 Shielding tensor (ppm): 
                  0          1          2    
      0     -18.705511 -308.326229  80.294001
      1     393.008371  76.596629 -463.406493
      2     -61.204089 334.645076  26.554901
 P Tensor eigenvectors:
                   0          1          2    
      0      -0.751616   0.250551   0.610161
      1      -0.102891  -0.958259   0.266746
      2      -0.651526  -0.137711  -0.746022
 P Eigenvalues: 
                  0          1          2    
      0       8.781303  31.683069  43.981647
P(iso)  28.148673
 Nucleus: 21 H 
 Shielding tensor (ppm): 
                  0          1          2    
      0     -19.006205 -306.329046 -78.566305
      1     389.714247  77.340010 465.639821
      2      58.612664 -336.782156  25.173261
 P Tensor eigenvectors:
                   0          1          2    
      0       0.756248   0.250027   0.604628
      1       0.099003  -0.957193   0.271991
      2      -0.646751   0.145833   0.748629
 P Eigenvalues: 
                  0          1          2    
      0       8.169568  31.536626  43.800873
P(iso)  27.835689
 Nucleus: 23 H 
 Shielding tensor (ppm): 
                  0          1          2    
      0      72.184256  72.396972 -148.124654
      1     -157.648899  83.526274 214.347733
      2      97.362482 -157.693246 100.534937
 P Tensor eigenvectors:
                   0          1          2    
      0      -0.718540   0.453836   0.527003
      1      -0.573598  -0.815218  -0.080033
      2      -0.393301   0.359795  -0.846086
 P Eigenvalues: 
                  0          1          2    
      0      43.600068  90.026848 122.618552
P(iso)  85.415156
 Nucleus: 24 H 
 Shielding tensor (ppm): 
                  0          1          2    
      0      72.036785  72.862758 147.765874
      1     -157.786347  83.203323 -214.525699
      2     -96.580463 157.961375 100.817307
 P Tensor eigenvectors:
                   0          1          2    
      0       0.719316   0.454276   0.525565
      1       0.571412  -0.817160  -0.075746
      2      -0.395061  -0.354799   0.847375
 P Eigenvalues: 
                  0          1          2    
      0      43.492324  89.991742 122.573350
P(iso)  85.352472
 Nucleus: 26 H 
 Shielding tensor (ppm): 
                  0          1          2    
      0      57.791815 -200.860879  59.545050
      1     280.143236 106.712131 -321.544274
      2     -51.624371 234.386240 120.442105
 P Tensor eigenvectors:
                   0          1          2    
      0       0.767124   0.171217  -0.618227
      1       0.068422  -0.980064  -0.186527
      2       0.637839  -0.100789   0.763546
 P Eigenvalues: 
                  0          1          2    
      0      87.742607  83.367477 113.835968
P(iso)  94.982017
 Nucleus: 27 H 
 Shielding tensor (ppm): 
                  0          1          2    
      0      57.901980 -200.783813 -58.657412
      1     279.901517 107.139926 322.085785
      2      50.224918 -234.688312 120.103910
 P Tensor eigenvectors:
                   0          1          2    
      0       0.768145   0.170827   0.617066
      1       0.065400  -0.979644   0.189790
      2      -0.636927   0.105430   0.763681
 P Eigenvalues: 
                  0          1          2    
      0      87.806071  83.428177 113.911569
P(iso)  95.048606
 Nucleus: 29 H 
 Shielding tensor (ppm): 
                  0          1          2    
      0      40.009978 207.102044 -127.307759
      1     -330.637521  44.596094 397.541776
      2      83.270766 -288.224422  37.913070
 P Tensor eigenvectors:
                   0          1          2    
      0       0.751581   0.194913  -0.630186
      1       0.271183  -0.962181   0.025825
      2       0.601320   0.190305   0.776014
 P Eigenvalues: 
                  0          1          2    
      0      12.334548  45.697479  64.487115
P(iso)  40.839714
 Nucleus: 30 H 
 Shielding tensor (ppm): 
                  0          1          2    
      0      39.843589 207.131710 126.396451
      1     -330.298543  44.092155 -398.094818
      2     -81.743129 288.546382  38.390346
 P Tensor eigenvectors:
                   0          1          2    
      0       0.752640   0.195127   0.628855
      1       0.268444  -0.963033  -0.022466
      2      -0.601225  -0.185721   0.777198
 P Eigenvalues: 
                  0          1          2    
      0      12.214317  45.666989  64.444784
P(iso)  40.775364
 Nucleus: 32 H 
 Shielding tensor (ppm): 
                  0          1          2    
      0      -5.852983 -300.386869 -57.728026
      1     392.563940  75.390324 456.592787
      2      43.782945 -329.796661  34.243937
 P Tensor eigenvectors:
                   0          1          2    
      0       0.753323   0.203689   0.625312
      1       0.067201  -0.969692   0.234909
      2      -0.654208   0.134941   0.744179
 P Eigenvalues: 
                  0          1          2    
      0      17.639473  36.089230  50.052575
P(iso)  34.593759
 Nucleus: 33 H 
 Shielding tensor (ppm): 
                  0          1          2    
      0      -5.927237 -300.845300  58.949075
      1     393.362727  74.844328 -455.788111
      2     -45.527950 328.867094  34.778328
 P Tensor eigenvectors:
                   0          1          2    
      0      -0.751811   0.204098   0.626996
      1      -0.070002  -0.970221   0.231887
      2      -0.655652  -0.130444  -0.743710
 P Eigenvalues: 
                  0          1          2    
      0      17.626434  36.057252  50.011734
P(iso)  34.565140
 Nucleus: 35 H 
 Shielding tensor (ppm): 
                  0          1          2    
      0     -106.635734 129.264115  -0.075435
      1     -267.864721  43.050738  -2.633663
      2       0.737366   0.910834 -114.672891
 P Tensor eigenvectors:
                   0          1          2    
      0       0.326411  -0.008991   0.945185
      1       0.945223  -0.000008  -0.326424
      2       0.002943   0.999960   0.008496
 P Eigenvalues: 
                  0          1          2    
      0     -15.665560 -114.678189 -47.914138
P(iso)  -59.419296
 Nucleus: 36 H 
 Shielding tensor (ppm): 
                  0          1          2    
      0     -111.131103 110.015359  -0.235635
      1     -224.741972  51.553496  -0.497715
      2       0.506227  -0.299569 -113.439073
 P Tensor eigenvectors:
                   0          1          2    
      0       0.380401   0.000564  -0.924822
      1       0.924820  -0.002201   0.380399
      2      -0.001821  -0.999997  -0.001359
 P Eigenvalues: 
                  0          1          2    
      0     -12.348198 -113.440038 -47.228444
P(iso)  -57.672227
 Nucleus: 43 H 
 Shielding tensor (ppm): 
                  0          1          2    
      0      42.027238  17.681928  -0.313223
      1       1.713172 -324.224330   0.114043
      2       0.385581   0.137238 -239.052828
 P Tensor eigenvectors:
                   0          1          2    
      0       0.999997  -0.001893   0.001812
      1      -0.001809   0.001567   0.999997
      2       0.001896   0.999997  -0.001564
 P Eigenvalues: 
                  0          1          2    
      0      41.990070 -239.051831 -324.188160
P(iso)  -173.749973
 Nucleus: 44 H 
 Shielding tensor (ppm): 
                  0          1          2    
      0      15.384621 -743.199142   0.902069
      1     430.821931 -140.458808   0.260883
      2      -0.399363  -0.275881 -119.472363
 P Tensor eigenvectors:
                   0          1          2    
      0      -0.000536  -0.984144   0.177371
      1       0.001139  -0.177371  -0.984143
      2       0.999999  -0.000326   0.001216
 P Eigenvalues: 
                  0          1          2    
      0     -119.472447 -44.046345 -81.027759
P(iso)  -81.515517
 Nucleus: 45 H 
 Shielding tensor (ppm): 
                  0          1          2    
      0       5.078879 746.562710  -0.932409
      1     -500.890377 183.052391  -0.302963
      2       0.531073   0.254162 119.755292
 P Tensor eigenvectors:
                   0          1          2    
      0      -0.000451  -0.971663   0.236368
      1       0.001182  -0.236368  -0.971663
      2       0.999999  -0.000159   0.001255
 P Eigenvalues: 
                  0          1          2    
      0     119.755349  71.445919 116.685292
P(iso)  102.628854
 Nucleus: 46 H 
 Shielding tensor (ppm): 
                  0          1          2    
      0      21.021021 -713.399466   1.087189
      1     451.502572 165.907081   0.188515
      2      -0.739639  -0.397160 116.934280
 P Tensor eigenvectors:
                   0          1          2    
      0      -0.000610  -0.985055  -0.172237
      1       0.001582   0.172236  -0.985054
      2       0.999999  -0.000873   0.001454
 P Eigenvalues: 
                  0          1          2    
      0     116.934078  69.753415 117.174890
P(iso)  101.287461
 Nucleus: 47 H 
 Shielding tensor (ppm): 
                  0          1          2    
      0      -1.669022 770.859622  -1.243107
      1     -443.989309 -122.177792  -0.222785
      2       0.827378   0.337303 -117.765477
 P Tensor eigenvectors:
                   0          1          2    
      0      -0.000504  -0.992096  -0.125479
      1       0.001676   0.125478  -0.992095
      2       0.999998  -0.000710   0.001599
 P Eigenvalues: 
                  0          1          2    
      0     -117.765334 -44.257518 -79.589439
P(iso)  -80.537430
 Nucleus: 54 H 
 Shielding tensor (ppm): 
                  0          1          2    
      0      41.405867  54.159323  -0.076985
      1     -11.108395 -321.970608   0.144066
      2       0.086671   0.158515 -237.444829
 P Tensor eigenvectors:
                   0          1          2    
      0       0.998470   0.000274   0.055292
      1      -0.055291  -0.001788   0.998469
      2       0.000373  -0.999998  -0.001770
 P Eigenvalues: 
                  0          1          2    
      0      37.918230 -237.444561 -318.483239
P(iso)  -172.669857
 Nucleus: 55 H 
 Shielding tensor (ppm): 
                  0          1          2    
      0      -6.854554 780.986222  -1.353873
      1     -450.234253 -105.845715  -0.081508
      2       0.818675   0.133413 -109.047221
 P Tensor eigenvectors:
                   0          1          2    
      0      -0.000162  -0.995028  -0.099597
      1       0.001756   0.099597  -0.995026
      2       0.999998  -0.000337   0.001732
 P Eigenvalues: 
                  0          1          2    
      0     -109.047124 -40.614753 -72.085611
P(iso)  -73.915830
 Nucleus: 56 H 
 Shielding tensor (ppm): 
                  0          1          2    
      0      22.774258 -727.667413   1.184845
      1     454.057391 151.116728   0.055314
      2      -0.744396  -0.188582 109.070955
 P Tensor eigenvectors:
                   0          1          2    
      0      -0.000290  -0.989325  -0.145728
      1       0.001646   0.145727  -0.989323
      2       0.999999  -0.000527   0.001586
 P Eigenvalues: 
                  0          1          2    
      0     109.070845  64.946902 108.944194
P(iso)  94.320647
 Nucleus: 57 H 
 Shielding tensor (ppm): 
                  0          1          2    
      0       5.800352 722.232345  -1.249314
      1     -491.361724 193.552176  -0.169469
      2       0.805939   0.016508 128.559678
 P Tensor eigenvectors:
                   0          1          2    
      0      -0.000111  -0.966397   0.257054
      1       0.001701  -0.257054  -0.966396
      2       0.999999   0.000330   0.001672
 P Eigenvalues: 
                  0          1          2    
      0     128.559610  75.558600 123.793996
P(iso)  109.304069
 Nucleus: 58 H 
 Shielding tensor (ppm): 
                  0          1          2    
      0      20.853236 -722.583969   1.253091
      1     419.703570 -155.544288   0.137337
      2      -0.689064  -0.064005 -125.958120
 P Tensor eigenvectors:
                   0          1          2    
      0      -0.000211  -0.979060   0.203570
      1       0.001700  -0.203570  -0.979059
      2       0.999999   0.000139   0.001707
 P Eigenvalues: 
                  0          1          2    
      0     -125.958085 -46.823185 -87.867902
P(iso)  -86.883058
# -----------------------------------------------------------
$ EPRNMR_ATensor
   description: Hyperfine A tensor
   geom. index: 1
   prop. index: 1
 Number of stored nuclei 29
 Source density: 1 SCF 
 Spin multiplicity: 2 
 Nucleus: 9 H  
 Isotope: 1 
 Nuclear Spin:  0.5 
 Prefactor (MHz): 533.551395 
 Raw A tensor (MHz): 
                  0          1          2    
      0     -14.800696   6.141728  -0.016285
      1       6.144359 -11.922618  -0.016969
      2      -0.016289  -0.016974 -16.113953
 A Tensor eigenvectors:
                   0          1          2    
      0       0.621236   0.001116   0.783623
      1       0.783619   0.002413  -0.621237
      2      -0.002584   0.999996   0.000624
 A Eigenvalues: 
                  0          1          2    
      0      -7.052253 -16.114013 -19.671002
A(iso)  -14.279089
 Nucleus: 10 H  
 Isotope: 1 
 Nuclear Spin:  0.5 
 Prefactor (MHz): 533.551395 
 Raw A tensor (MHz): 
                  0          1          2    
      0       7.818000  -2.240453   0.006695
      1      -2.241465   6.261390  -0.006828
      2       0.006696  -0.006829   4.044435
 A Tensor eigenvectors:
                   0          1          2    
      0       0.000137   0.579592  -0.814907
      1       0.003218   0.814902   0.579590
      2       0.999995  -0.002701  -0.001754
 A Eigenvalues: 
                  0          1          2    
      0       4.044414   4.667432   9.411979
A(iso)  6.041275
 Nucleus: 12 H  
 Isotope: 1 
 Nuclear Spin:  0.5 
 Prefactor (MHz): 533.551395 
 Raw A tensor (MHz): 
                  0          1          2    
      0     -17.175562   1.680812   0.011551
      1       1.679358 -70.460063   0.079837
      2       0.011558   0.079849 -45.736792
 A Tensor eigenvectors:
                   0          1          2    
      0       0.999504   0.000592  -0.031496
      1       0.031498  -0.003189   0.999499
      2       0.000491  -0.999995  -0.003206
 A Eigenvalues: 
                  0          1          2    
      0     -17.122634 -45.736544 -70.513239
A(iso)  -44.457472
 Nucleus: 14 H  
 Isotope: 1 
 Nuclear Spin:  0.5 
 Prefactor (MHz): 533.551395 
 Raw A tensor (MHz): 
                  0          1          2    
      0      60.406727   3.578846   1.860828
      1       3.577685  62.332217   1.950227
      2       1.859399   1.950260  57.346585
 A Tensor eigenvectors:
                   0          1          2    
      0      -0.352099   0.727491   0.588883
      1      -0.094429  -0.653574   0.750949
      2       0.931187   0.208801   0.298819
 A Eigenvalues: 
                  0          1          2    
      0      56.445636  57.725910  65.913983
A(iso)  60.028510
 Nucleus: 15 H  
 Isotope: 1 
 Nuclear Spin:  0.5 
 Prefactor (MHz): 533.551395 
 Raw A tensor (MHz): 
                  0          1          2    
      0      60.011624   3.571421  -1.869544
      1       3.570255  61.861218  -1.967976
      2      -1.868095  -1.968015  56.914419
 A Tensor eigenvectors:
                   0          1          2    
      0       0.342215   0.730006   0.591591
      1       0.105121  -0.655398   0.747933
      2       0.933723  -0.193765  -0.301026
 A Eigenvalues: 
                  0          1          2    
      0      56.008080  57.301775  65.477407
A(iso)  59.595754
 Nucleus: 17 H  
 Isotope: 1 
 Nuclear Spin:  0.5 
 Prefactor (MHz): 533.551395 
 Raw A tensor (MHz): 
                  0          1          2    
      0      -2.146332  -2.078939   0.667863
      1      -2.078844   1.855549  -1.368644
      2       0.667413  -1.367621  -2.706883
 A Tensor eigenvectors:
                   0          1          2    
      0      -0.722942   0.382005  -0.575697
      1      -0.457136  -0.889253  -0.016008
      2      -0.518056   0.251599   0.817506
 A Eigenvalues: 
                  0          1          2    
      0      -2.982477   3.135681  -3.150870
A(iso)  -0.999222
 Nucleus: 18 H  
 Isotope: 1 
 Nuclear Spin:  0.5 
 Prefactor (MHz): 533.551395 
 Raw A tensor (MHz): 
                  0          1          2    
      0      -2.133878  -2.094775  -0.641360
      1      -2.094681   1.873512   1.310471
      2      -0.640919   1.309462  -2.734024
 A Tensor eigenvectors:
                   0          1          2    
      0      -0.722171   0.384245   0.575173
      1      -0.452626  -0.891288   0.027121
      2       0.523066  -0.240753   0.817582
 A Eigenvalues: 
                  0          1          2    
      0      -2.982410   3.130364  -3.142344
A(iso)  -0.998130
 Nucleus: 20 H  
 Isotope: 1 
 Nuclear Spin:  0.5 
 Prefactor (MHz): 533.551395 
 Raw A tensor (MHz): 
                  0          1          2    
      0       0.003028   0.253747  -0.107765
      1       0.254014   2.121604  -0.384250
      2      -0.107884  -0.384125   0.025530
 A Tensor eigenvectors:
                   0          1          2    
      0       0.733662   0.668786  -0.120272
      1      -0.207419   0.051862  -0.976876
      2      -0.647083   0.741644   0.176769
 A Eigenvalues: 
                  0          1          2    
      0       0.025576  -0.097802   2.222388
A(iso)  0.716721
 Nucleus: 21 H  
 Isotope: 1 
 Nuclear Spin:  0.5 
 Prefactor (MHz): 533.551395 
 Raw A tensor (MHz): 
                  0          1          2    
      0       0.001159   0.249676   0.105867
      1       0.249943   2.130480   0.365916
      2       0.105982   0.365791   0.020995
 A Tensor eigenvectors:
                   0          1          2    
      0      -0.726198  -0.677290   0.117965
      1       0.200593  -0.044623   0.978658
      2      -0.657571   0.734362   0.168265
 A Eigenvalues: 
                  0          1          2    
      0       0.027283  -0.098150   2.223500
A(iso)  0.717544
 Nucleus: 23 H  
 Isotope: 1 
 Nuclear Spin:  0.5 
 Prefactor (MHz): 533.551395 
 Raw A tensor (MHz): 
                  0          1          2    
      0      21.651368  -1.513825  -0.868684
      1      -1.513349  21.707536   0.471559
      2      -0.868111   0.471709  20.398392
 A Tensor eigenvectors:
                   0          1          2    
      0      -0.620704   0.376946   0.687487
      1      -0.326253   0.673151  -0.663647
      2      -0.712941  -0.636223  -0.294848
 A Eigenvalues: 
                  0          1          2    
      0      19.858282  20.414064  23.484950
A(iso)  21.252432
 Nucleus: 24 H  
 Isotope: 1 
 Nuclear Spin:  0.5 
 Prefactor (MHz): 533.551395 
 Raw A tensor (MHz): 
                  0          1          2    
      0      21.678124  -1.509333   0.877278
      1      -1.508860  21.734171  -0.479210
      2       0.876703  -0.479361  20.435552
 A Tensor eigenvectors:
                   0          1          2    
      0       0.622005  -0.375828  -0.686923
      1       0.323359  -0.675689   0.662483
      2      -0.713126  -0.634190  -0.298754
 A Eigenvalues: 
                  0          1          2    
      0      19.888057  20.444798  23.514993
A(iso)  21.282616
 Nucleus: 26 H  
 Isotope: 1 
 Nuclear Spin:  0.5 
 Prefactor (MHz): 533.551395 
 Raw A tensor (MHz): 
                  0          1          2    
      0      -0.765156   0.338480  -0.087539
      1       0.338121   0.801604  -0.394609
      2      -0.087365  -0.394337  -0.869794
 A Tensor eigenvectors:
                   0          1          2    
      0       0.976131   0.088000  -0.198556
      1      -0.212594   0.200206  -0.956411
      2      -0.044412   0.975794   0.214136
 A Eigenvalues: 
                  0          1          2    
      0      -0.834826  -0.959216   0.960696
A(iso)  -0.277782
 Nucleus: 27 H  
 Isotope: 1 
 Nuclear Spin:  0.5 
 Prefactor (MHz): 533.551395 
 Raw A tensor (MHz): 
                  0          1          2    
      0      -0.767024   0.338389   0.086488
      1       0.338030   0.804498   0.387690
      2       0.086315   0.387417  -0.874699
 A Tensor eigenvectors:
                   0          1          2    
      0       0.975853   0.197828  -0.092607
      1      -0.212831   0.956531  -0.199375
      2       0.049139   0.214270   0.975538
 A Eigenvalues: 
                  0          1          2    
      0      -0.836406   0.960086  -0.960906
A(iso)  -0.279075
 Nucleus: 29 H  
 Isotope: 1 
 Nuclear Spin:  0.5 
 Prefactor (MHz): 533.551395 
 Raw A tensor (MHz): 
                  0          1          2    
      0      -0.037736  -0.280069  -0.063916
      1      -0.280196   0.675534   0.118392
      2      -0.063923   0.118321  -0.098829
 A Tensor eigenvectors:
                   0          1          2    
      0       0.497906   0.803448   0.326437
      1       0.302475   0.191887  -0.933642
      2      -0.812772   0.563605  -0.147482
 A Eigenvalues: 
                  0          1          2    
      0      -0.103674  -0.149544   0.792188
A(iso)  0.179656
 Nucleus: 30 H  
 Isotope: 1 
 Nuclear Spin:  0.5 
 Prefactor (MHz): 533.551395 
 Raw A tensor (MHz): 
                  0          1          2    
      0      -0.037927  -0.279422   0.065240
      1      -0.279549   0.674672  -0.121973
      2       0.065247  -0.121902  -0.097503
 A Tensor eigenvectors:
                   0          1          2    
      0      -0.497420  -0.803915  -0.326028
      1      -0.305903  -0.189137   0.933087
      2      -0.811786   0.563868  -0.151840
 A Eigenvalues: 
                  0          1          2    
      0      -0.103429  -0.149510   0.792182
A(iso)  0.179747
 Nucleus: 32 H  
 Isotope: 1 
 Nuclear Spin:  0.5 
 Prefactor (MHz): 533.551395 
 Raw A tensor (MHz): 
                  0          1          2    
