-------------------------------------------------------------
----------------------- !PROPERTIES! ------------------------
-------------------------------------------------------------
# -----------------------------------------------------------
$ PAL_Flags
   description: The PAL Flags
   geom. index: 1
   prop. index: 1
        Diskflag:     2
# -----------------------------------------------------------
$ SCF_Energy
   description: The SCF energy
   geom. index: 1
   prop. index: 1
        SCF Energy:    -1159.8357612230
# -----------------------------------------------------------
$ DFT_Energy
   description: The DFT energy
   geom. index: 1
   prop. index: 1
   Number of Alpha Electrons                105.0001551672 
   Number of Beta  Electrons                104.0001471368 
   Total number of  Electrons               209.0003023041 
   Exchange energy                         -131.4915134247 
   Correlation energy                        -8.1612155225 
   Correlation energy NL                      0.0000000000 
   Exchange-Correlation energy             -139.6527289472 
   Embedding correction                       0.0000000000 
   Total DFT Energy (No VdW correction)   -1159.8357612230 
# -----------------------------------------------------------
$ Mayer_Pop
   description: The Mayer population analysis
   geom. index: 1
   prop. index: 1
     Number of atoms                     : 59
     Threshold for printing              : 0.1000000
     Number of bond orders printed       : 63
  NA   - Mulliken gross atomic population
  ZA   - Total nuclear charge
  QA   - Mulliken gross atomic charge
  VA   - Mayer's total valence
  BVA  - Mayer's bonded valence
  FA   - Mayer's free valence
  ATOM       NA         ZA         QA         VA         BVA        FA
  0   0     5.8600     6.0000     0.1400     2.6185     2.6125     0.0060
  1   0     5.7188     6.0000     0.2812     2.4678     2.4656     0.0022
  2   0     5.7297     6.0000     0.2703     2.5210     2.5204     0.0006
  3   0     6.1784     6.0000    -0.1784     3.7518     3.7177     0.0341
  4   0     5.9275     6.0000     0.0725     4.1411     4.1261     0.0150
  5   0     6.0287     6.0000    -0.0287     3.8708     3.8362     0.0346
  6   0     6.1428     6.0000    -0.1428     3.8264     3.8194     0.0070
  7   0     6.0866     6.0000    -0.0866     4.1474     4.1106     0.0368
  8   0     5.9919     6.0000     0.0081     3.9060     3.8980     0.0080
  9   0     1.0539     1.0000    -0.0539     1.0032     1.0031     0.0001
 10   0     1.0552     1.0000    -0.0552     1.0037     1.0037     0.0000
 11   0     6.1007     6.0000    -0.1007     3.9302     3.5663     0.3639
 12   0     1.0263     1.0000    -0.0263     1.0085     1.0073     0.0012
 13   0     5.9654     6.0000     0.0346     4.0096     4.0082     0.0014
 14   0     0.9709     1.0000     0.0291     0.9627     0.9616     0.0011
 15   0     0.9708     1.0000     0.0292     0.9627     0.9616     0.0011
 16   0     6.0393     6.0000    -0.0393     4.1315     4.1315     0.0000
 17   0     0.9876     1.0000     0.0124     0.9641     0.9641     0.0000
 18   0     0.9876     1.0000     0.0124     0.9641     0.9641     0.0000
 19   0     5.9940     6.0000     0.0060     4.0161     4.0161     0.0000
 20   0     0.9824     1.0000     0.0176     0.9776     0.9776     0.0000
 21   0     0.9824     1.0000     0.0176     0.9775     0.9775     0.0000
 22   0     5.9603     6.0000     0.0397     4.0302     4.0300     0.0002
 23   0     0.9681     1.0000     0.0319     0.9690     0.9689     0.0001
 24   0     0.9681     1.0000     0.0319     0.9690     0.9689     0.0001
 25   0     6.0342     6.0000    -0.0342     4.1143     4.1143     0.0000
 26   0     0.9832     1.0000     0.0168     0.9630     0.9630     0.0000
 27   0     0.9832     1.0000     0.0168     0.9631     0.9631     0.0000
 28   0     6.0248     6.0000    -0.0248     4.1172     4.1172     0.0000
 29   0     0.9946     1.0000     0.0054     0.9674     0.9674     0.0000
 30   0     0.9946     1.0000     0.0054     0.9674     0.9674     0.0000
 31   0     5.9967     6.0000     0.0033     4.0168     4.0168     0.0000
 32   0     0.9827     1.0000     0.0173     0.9773     0.9773     0.0000
 33   0     0.9827     1.0000     0.0173     0.9773     0.9773     0.0000
 34   0     5.8734     6.0000     0.1266     2.6505     2.6492     0.0013
 35   0     0.9867     1.0000     0.0133     0.9733     0.9733     0.0000
 36   0     0.9875     1.0000     0.0125     0.9734     0.9734     0.0000
 37   0     6.2547     6.0000    -0.2547     3.9283     3.9282     0.0001
 38   0     5.9700     6.0000     0.0300     3.9954     3.9953     0.0001
 39   0     5.9598     6.0000     0.0402     3.9992     3.9992     0.0000
 40   0     5.9672     6.0000     0.0328     3.9993     3.9992     0.0001
 41   0     5.9602     6.0000     0.0398     3.9991     3.9991     0.0000
 42   0     5.9720     6.0000     0.0280     3.9940     3.9939     0.0001
 43   0     1.0271     1.0000    -0.0271     0.9689     0.9689     0.0000
 44   0     1.0271     1.0000    -0.0271     0.9686     0.9686     0.0000
 45   0     1.0403     1.0000    -0.0403     0.9837     0.9837     0.0000
 46   0     1.0393     1.0000    -0.0393     0.9833     0.9833     0.0000
 47   0     1.0270     1.0000    -0.0270     0.9685     0.9685     0.0000
 48   0     6.2582     6.0000    -0.2582     3.9299     3.9296     0.0003
 49   0     5.9750     6.0000     0.0250     3.9946     3.9941     0.0005
 50   0     5.9602     6.0000     0.0398     3.9994     3.9993     0.0001
 51   0     5.9676     6.0000     0.0324     3.9983     3.9977     0.0006
 52   0     5.9596     6.0000     0.0404     3.9994     3.9993     0.0001
 53   0     5.9700     6.0000     0.0300     3.9942     3.9937     0.0005
 54   0     1.0277     1.0000    -0.0277     0.9688     0.9688     0.0000
 55   0     1.0276     1.0000    -0.0276     0.9684     0.9684     0.0000
 56   0     1.0392     1.0000    -0.0392     0.9813     0.9813     0.0000
 57   0     1.0410     1.0000    -0.0410     0.9838     0.9838     0.0000
 58   0     1.0279     1.0000    -0.0279     0.9686     0.9686     0.0000
      Bond orders larger than 0.1000000
           Atom A     A.N. of A          Atom B    A.N. of B              Bond order
                0             6               1            6                1.711240
                0             6              48            6                0.933875
                1             6               3            6                0.874814
                1             6              48            6               -0.183409
                2             6               6            6                0.875494
                2             6              34            6                1.752389
                2             6              37            6               -0.177177
                3             6               4            6                1.277902
                3             6               8            6                1.399497
                4             6               5            6                1.289909
                4             6              11            6                1.381327
                5             6               6            6                1.449107
                5             6               9            1                0.917374
                6             6               7            6                1.343085
                7             6               8            6                1.428090
                7             6              22            6                1.095682
                8             6              10            1                0.919744
               11             6              12            1                0.898268
               11             6              13            6                1.084163
               13             6              14            1                0.911475
               13             6              15            1                0.911423
               13             6              16            6                1.071493
               16             6              17            1                0.943782
               16             6              18            1                0.943725
               16             6              19            6                1.106642
               19             6              20            1                0.965273
               19             6              21            1                0.965284
               19             6              35            1                0.960813
               22             6              23            1                0.895607
               22             6              24            1                0.895647
               22             6              25            6                1.104552
               25             6              26            1                0.929193
               25             6              27            1                0.929235
               25             6              28            6                1.074727
               28             6              29            1                0.940962
               28             6              30            1                0.940965
               28             6              31            6                1.106206
               31             6              32            1                0.966201
               31             6              33            1                0.966199
               31             6              36            1                0.961667
               34             6              37            6                0.931455
               37             6              38            6                1.442777
               37             6              42            6                1.438763
               38             6              39            6                1.470382
               38             6              45            1                0.940005
               39             6              40            6                1.444533
               39             6              47            1                0.937873
               40             6              41            6                1.444118
               40             6              43            1                0.943165
               41             6              42            6                1.470492
               41             6              44            1                0.937890
               42             6              46            1                0.940370
               48             6              49            6                1.436566
               48             6              53            6                1.439078
               49             6              50            6                1.471568
               49             6              56            1                0.940412
               50             6              51            6                1.442831
               50             6              58            1                0.937753
               51             6              52            6                1.442651
               51             6              54            1                0.943137
               52             6              53            6                1.472589
               52             6              55            1                0.937736
               53             6              57            1                0.939737
# -----------------------------------------------------------
$ Calculation_Info
   description: Details of the calculation
   geom. index: 1
   prop. index: 1
     Multiplicity:                          2
     Charge:                                0
     number of atoms:                       59
     number of electrons:                   0
     number of frozen core electrons:       1
     number of correlated electrons:        0
     number of basis functions:             565
     number of aux C basis functions:       3910
     number of aux J basis functions:       3910
     number of aux JK basis functions:      3910
     number of aux CABS basis functions:    0
     Total Energy                           -1159.835761
# -----------------------------------------------------------
$ SCF_Electric_Properties
   description: The SCF Calculated Electric Properties
   geom. index: 1
   prop. index: 1
       Filename                          : cc-pVDZ.scfp 
       Do Dipole Moment Calculation      : true 
       Do Quadrupole Moment Calculation  : false 
       Do Polarizability Calculation     : false 
** Dipole moment part of electric properties **
        Magnitude of dipole moment (Debye) :        0.3330642669
        Electronic Contribution:
                  0    
      0      -0.506254
      1       2.183495
      2       0.024497
        Nuclear Contribution:
                  0    
      0       0.635940
      1      -2.164747
      2      -0.024952
        Total Dipole moment:
                  0    
      0       0.129686
      1       0.018748
      2      -0.000455
# -----------------------------------------------------------
$ EPRNMR_GTensor
   description: Electronic g tensor
   geom. index: 1
   prop. index: 1
 Source density: 1 SCF 
 Spin multiplicity: 2 
 raw g tensor: 
                  0          1          2    
      0       2.002747  -0.000038   0.000000
      1      -0.000051   2.002811  -0.000002
      2      -0.000000  -0.000001   2.002273
 g tensor: 
                  0          1          2    
      0       0.000042  -0.890133   0.455701
      1       0.002715  -0.455700  -0.890129
      2       0.999996   0.001275   0.002398
 G eigenvalues: 
                  0          1          2    
      0       2.002273   2.002724   2.002833
# -----------------------------------------------------------
$ EPRNMR_OrbitalShielding
   description: Orbital contribution to the NMR Shielding tensor (ppm)
   geom. index: 1
   prop. index: 1
 Number of stored nuclei 29
 Source density: 1 SCF 
 Nucleus: 9 H 
 Shielding tensor (ppm): 
                  0          1          2    
      0      35.251365  26.351524  -0.127107
      1      68.287091 120.524413   0.016944
      2      -0.182898   0.038725 101.159823
 P Tensor eigenvectors:
                   0          1          2    
      0      -0.852424  -0.001259  -0.522849
      1       0.522847   0.001788  -0.852425
      2      -0.002008   0.999998   0.000866
 P Eigenvalues: 
                  0          1          2    
      0      16.382808 101.160057 139.392735
P(iso)  85.645200
 Nucleus: 10 H 
 Shielding tensor (ppm): 
                  0          1          2    
      0      43.782593  20.168792  -0.057942
      1      64.688483 121.476912   0.029822
      2      -0.226272  -0.051269 109.296700
 P Tensor eigenvectors:
                   0          1          2    
      0      -0.854456  -0.000567  -0.519523
      1       0.519520   0.002520  -0.854454
      2      -0.001794   0.999997   0.001858
 P Eigenvalues: 
                  0          1          2    
      0      27.083421 109.296742 138.176041
P(iso)  91.518735
 Nucleus: 12 H 
 Shielding tensor (ppm): 
                  0          1          2    
      0      70.032190 102.470452  -0.237662
      1     -238.385485  68.469410  -0.037205
      2       0.612538   0.196185  84.937198
 P Tensor eigenvectors:
                   0          1          2    
      0      -0.000738   0.186134  -0.982524
      1       0.000437   0.982524   0.186133
      2       1.000000  -0.000292  -0.000807
 P Eigenvalues: 
                  0          1          2    
      0      84.937024  43.667223  94.834552
P(iso)  74.479600
 Nucleus: 14 H 
 Shielding tensor (ppm): 
                  0          1          2    
      0      41.832840 -208.845022 -63.428770
      1     292.118182 106.811223 329.162933
      2      54.035275 -240.032535 107.216996
 P Tensor eigenvectors:
                   0          1          2    
      0       0.757028   0.200754   0.621777
      1       0.070476  -0.971165   0.227754
      2      -0.649571   0.128596   0.749347
 P Eigenvalues: 
                  0          1          2    
      0      74.725585  76.590023 104.545450
P(iso)  85.287019
 Nucleus: 15 H 
 Shielding tensor (ppm): 
                  0          1          2    
      0      42.184599 -209.794297  64.104427
      1     293.902121 106.497651 -326.808059
      2     -55.468128 238.557839 108.114906
 P Tensor eigenvectors:
                   0          1          2    
      0       0.752787   0.201030  -0.626817
      1       0.072844  -0.971818  -0.224195
      2       0.654222  -0.123111   0.746216
 P Eigenvalues: 
                  0          1          2    
      0      75.404184  76.719242 104.673730
P(iso)  85.599052
 Nucleus: 17 H 
 Shielding tensor (ppm): 
                  0          1          2    
      0      45.253762 219.945595 140.711983
      1     -344.436602  38.385095 -404.251271
      2     -92.129852 295.329727  45.388211
 P Tensor eigenvectors:
                   0          1          2    
      0       0.737210   0.237890   0.632400
      1       0.292556  -0.956067   0.018602
      2      -0.609042  -0.171299   0.774419
 P Eigenvalues: 
                  0          1          2    
      0      15.460646  47.475229  66.091193
P(iso)  43.009023
 Nucleus: 18 H 
 Shielding tensor (ppm): 
                  0          1          2    
      0      45.146050 220.773514 -141.463100
      1     -346.643130  38.929395 401.289657
      2      93.973664 -292.930252  44.015078
 P Tensor eigenvectors:
                   0          1          2    
      0       0.732621   0.235670  -0.638534
      1       0.296100  -0.955072  -0.012767
      2       0.612855   0.179717   0.769488
 P Eigenvalues: 
                  0          1          2    
      0      15.212709  47.159438  65.718376
P(iso)  42.696841
 Nucleus: 20 H 
 Shielding tensor (ppm): 
                  0          1          2    
      0     -18.706279 -308.233479  80.285008
      1     392.890858  76.583533 -463.478886
      2     -61.200254 334.698089  26.548188
 P Tensor eigenvectors:
                   0          1          2    
      0      -0.751762   0.250477   0.610012
      1      -0.102883  -0.958276   0.266688
      2      -0.651359  -0.137726  -0.746166
 P Eigenvalues: 
                  0          1          2    
      0       8.765187  31.681248  43.979007
P(iso)  28.141814
 Nucleus: 21 H 
 Shielding tensor (ppm): 
                  0          1          2    
      0     -18.980739 -306.377608 -78.518578
      1     389.804492  77.345354 465.589816
      2      58.572387 -336.741660  25.195210
 P Tensor eigenvectors:
                   0          1          2    
      0       0.756158   0.249957   0.604770
      1       0.098917  -0.957215   0.271948
      2      -0.646870   0.145814   0.748530
 P Eigenvalues: 
                  0          1          2    
      0       8.198721  31.546316  43.814789
P(iso)  27.853275
 Nucleus: 23 H 
 Shielding tensor (ppm): 
                  0          1          2    
      0      72.173574  72.404343 -148.103185
      1     -157.674029  83.517822 214.371986
      2      97.342552 -157.689735 100.519722
 P Tensor eigenvectors:
                   0          1          2    
      0      -0.718555   0.453747   0.527060
      1      -0.573542  -0.815253  -0.080071
      2      -0.393356   0.359827  -0.846047
 P Eigenvalues: 
                  0          1          2    
      0      43.590268  90.010950 122.609900
P(iso)  85.403706
 Nucleus: 24 H 
 Shielding tensor (ppm): 
                  0          1          2    
      0      72.037113  72.885838 147.749778
      1     -157.817193  83.197113 -214.536810
      2     -96.570561 157.990008 100.815390
 P Tensor eigenvectors:
                   0          1          2    
      0       0.719318   0.454184   0.525642
      1       0.571332  -0.817218  -0.075722
      2      -0.395172  -0.354784   0.847329
 P Eigenvalues: 
                  0          1          2    
      0      43.488722  89.994528 122.566366
P(iso)  85.349872
 Nucleus: 26 H 
 Shielding tensor (ppm): 
                  0          1          2    
      0      57.802050 -200.864388  59.525644
      1     280.154565 106.705354 -321.539673
      2     -51.613292 234.401923 120.450363
 P Tensor eigenvectors:
                   0          1          2    
      0       0.767116   0.171128  -0.618262
      1       0.068364  -0.980083  -0.186453
      2       0.637856  -0.100764   0.763536
 P Eigenvalues: 
                  0          1          2    
      0      87.749735  83.372373 113.835659
P(iso)  94.985922
 Nucleus: 27 H 
 Shielding tensor (ppm): 
                  0          1          2    
      0      57.896839 -200.781090 -58.632228
      1     279.896655 107.134800 322.117138
      2      50.203133 -234.691985 120.092206
 P Tensor eigenvectors:
                   0          1          2    
      0       0.768180   0.170780   0.617036
      1       0.065350  -0.979648   0.189785
      2      -0.636890   0.105466   0.763707
 P Eigenvalues: 
                  0          1          2    
      0      87.792208  83.421952 113.909685
P(iso)  95.041282
 Nucleus: 29 H 
 Shielding tensor (ppm): 
                  0          1          2    
      0      39.999677 207.123648 -127.286472
      1     -330.672366  44.602408 397.539763
      2      83.260965 -288.209885  37.898731
 P Tensor eigenvectors:
                   0          1          2    
      0       0.751558   0.194834  -0.630239
      1       0.271146  -0.962190   0.025886
      2       0.601366   0.190341   0.775970
 P Eigenvalues: 
                  0          1          2    
      0      12.330585  45.690375  64.479857
P(iso)  40.833606
 Nucleus: 30 H 
 Shielding tensor (ppm): 
                  0          1          2    
      0      39.846000 207.157116 126.366587
      1     -330.317444  44.090478 -398.125420
      2     -81.715416 288.580109  38.403920
 P Tensor eigenvectors:
                   0          1          2    
      0       0.752657   0.195084   0.628848
      1       0.268358  -0.963058  -0.022429
      2      -0.601242  -0.185638   0.777205
 P Eigenvalues: 
                  0          1          2    
      0      12.223238  45.670398  64.446762
P(iso)  40.780133
 Nucleus: 32 H 
 Shielding tensor (ppm): 
                  0          1          2    
      0      -5.850669 -300.367628 -57.684052
      1     392.546927  75.390499 456.620919
      2      43.740904 -329.809400  34.233266
 P Tensor eigenvectors:
                   0          1          2    
      0       0.753365   0.203617   0.625285
      1       0.067120  -0.969699   0.234903
      2      -0.654168   0.134999   0.744204
 P Eigenvalues: 
                  0          1          2    
      0      17.633358  36.087709  50.052029
P(iso)  34.591032
 Nucleus: 33 H 
 Shielding tensor (ppm): 
                  0          1          2    
      0      -5.910493 -300.841865  58.938340
      1     393.375118  74.831464 -455.804574
      2     -45.527883 328.885283  34.797767
 P Tensor eigenvectors:
                   0          1          2    
      0      -0.751817   0.204017   0.627015
      1      -0.069986  -0.970247   0.231781
      2      -0.655647  -0.130375  -0.743727
 P Eigenvalues: 
                  0          1          2    
      0      17.639678  36.062085  50.016975
P(iso)  34.572913
 Nucleus: 35 H 
 Shielding tensor (ppm): 
                  0          1          2    
      0     -106.647203 129.241358  -0.104955
      1     -267.810087  43.062303  -2.496022
      2       0.758225   0.812667 -114.675750
 P Tensor eigenvectors:
                   0          1          2    
      0       0.326490  -0.008447   0.945163
      1       0.945197   0.000073  -0.326501
      2       0.002689   0.999964   0.008008
 P Eigenvalues: 
                  0          1          2    
      0     -15.662881 -114.680731 -47.917038
P(iso)  -59.420217
 Nucleus: 36 H 
 Shielding tensor (ppm): 
                  0          1          2    
      0     -111.139201 110.032445  -0.235759
      1     -224.738670  51.558596  -0.548943
      2       0.514447  -0.272142 -113.443634
 P Tensor eigenvectors:
                   0          1          2    
      0       0.380456   0.000812  -0.924799
      1       0.924797  -0.002125   0.380454
      2      -0.001656  -0.999997  -0.001560
 P Eigenvalues: 
                  0          1          2    
      0     -12.349612 -113.444660 -47.229967
P(iso)  -57.674746
 Nucleus: 43 H 
 Shielding tensor (ppm): 
                  0          1          2    
      0      42.025444  17.753963  -0.284631
      1       1.706266 -324.227299   0.084208
      2       0.374881   0.106048 -239.057069
 P Tensor eigenvectors:
                   0          1          2    
      0       0.999997  -0.001827   0.001862
      1      -0.001860   0.001202   0.999998
      2       0.001830   0.999998  -0.001199
 P Eigenvalues: 
                  0          1          2    
      0      41.987203 -239.056232 -324.189894
P(iso)  -173.752974
 Nucleus: 44 H 
 Shielding tensor (ppm): 
                  0          1          2    
      0      15.403418 -743.161677   0.578059
      1     430.810098 -140.497965   0.260841
      2      -0.197950  -0.289457 -119.487980
 P Tensor eigenvectors:
                   0          1          2    
      0      -0.000550  -0.984130   0.177449
      1       0.000703  -0.177450  -0.984130
      2       1.000000  -0.000416   0.000789
 P Eigenvalues: 
                  0          1          2    
      0     -119.488058 -44.052627 -81.041843
P(iso)  -81.527509
 Nucleus: 45 H 
 Shielding tensor (ppm): 
                  0          1          2    
      0       5.070997 746.520982  -0.610927
      1     -500.883757 183.082124  -0.268016
      2       0.302961   0.282167 119.772102
 P Tensor eigenvectors:
                   0          1          2    
      0      -0.000428  -0.971646   0.236439
      1       0.000752  -0.236439  -0.971646
      2       1.000000  -0.000238   0.000832
 P Eigenvalues: 
                  0          1          2    
      0     119.772180  71.453885 116.699158
P(iso)  102.641741
 Nucleus: 46 H 
 Shielding tensor (ppm): 
                  0          1          2    
      0      21.029816 -713.448811   0.737243
      1     451.525211 165.878678   0.226278
      2      -0.502537  -0.383932 116.919757
 P Tensor eigenvectors:
                   0          1          2    
      0      -0.000653  -0.985066  -0.172175
      1       0.001095   0.172174  -0.985066
      2       0.999999  -0.000832   0.000966
 P Eigenvalues: 
                  0          1          2    
      0     116.919636  69.747008 117.161606
P(iso)  101.276084
 Nucleus: 47 H 
 Shielding tensor (ppm): 
                  0          1          2    
      0      -1.690311 770.889984  -0.891223
      1     -443.998417 -122.138533  -0.217240
      2       0.611478   0.339779 -117.751047
 P Tensor eigenvectors:
                   0          1          2    
      0      -0.000494  -0.992107  -0.125396
      1       0.001221   0.125396  -0.992106
      2       0.999999  -0.000643   0.001149
 P Eigenvalues: 
                  0          1          2    
      0     -117.750935 -44.251673 -79.577284
P(iso)  -80.526631
 Nucleus: 54 H 
 Shielding tensor (ppm): 
                  0          1          2    
      0      41.407932  54.074156  -0.145803
      1     -11.051980 -321.974124   0.086586
      2       0.131632   0.102916 -237.446249
 P Tensor eigenvectors:
                   0          1          2    
      0       0.998481   0.000567   0.055092
      1      -0.055092  -0.001264   0.998481
      2       0.000636  -0.999999  -0.001231
 P Eigenvalues: 
                  0          1          2    
      0      37.938350 -237.446078 -318.504713
P(iso)  -172.670814
 Nucleus: 55 H 
 Shielding tensor (ppm): 
                  0          1          2    
      0      -6.856332 780.958030  -0.798890
      1     -450.208927 -105.867569  -0.056310
      2       0.478756   0.098505 -109.064872
 P Tensor eigenvectors:
                   0          1          2    
      0      -0.000119  -0.995026  -0.099615
      1       0.001040   0.099615  -0.995026
      2       0.999999  -0.000222   0.001023
 P Eigenvalues: 
                  0          1          2    
      0     -109.064826 -40.622460 -72.101486
P(iso)  -73.929591
 Nucleus: 56 H 
 Shielding tensor (ppm): 
                  0          1          2    
      0      22.780224 -727.643646   0.587795
      1     454.043569 151.134676   0.103614
      2      -0.330945  -0.139331 109.090317
 P Tensor eigenvectors:
                   0          1          2    
      0      -0.000345  -0.989323  -0.145741
      1       0.000824   0.145740  -0.989323
      2       1.000000  -0.000461   0.000765
 P Eigenvalues: 
                  0          1          2    
      0     109.090295  64.955468 108.959454
P(iso)  94.335072
 Nucleus: 57 H 
 Shielding tensor (ppm): 
                  0          1          2    
      0       5.792386 722.252645  -0.657021
      1     -491.370963 193.538141  -0.090524
      2       0.396382   0.032506 128.542175
 P Tensor eigenvectors:
                   0          1          2    
      0      -0.000047  -0.966399   0.257046
      1       0.000891  -0.257046  -0.966399
      2       1.000000   0.000184   0.000873
 P Eigenvalues: 
                  0          1          2    
      0     128.542177  75.550349 123.780176
P(iso)  109.290901
 Nucleus: 58 H 
 Shielding tensor (ppm): 
                  0          1          2    
      0      20.854384 -722.616078   0.618186
      1     419.730063 -155.525522   0.115442
      2      -0.297647  -0.051326 -125.942985
 P Tensor eigenvectors:
                   0          1          2    
      0      -0.000198  -0.979063   0.203556
      1       0.000834  -0.203556  -0.979063
      2       1.000000  -0.000024   0.000857
 P Eigenvalues: 
                  0          1          2    
      0     -125.942960 -46.817484 -87.853679
P(iso)  -86.871374
# -----------------------------------------------------------
$ EPRNMR_ATensor
   description: Hyperfine A tensor
   geom. index: 1
   prop. index: 1
 Number of stored nuclei 29
 Source density: 1 SCF 
 Spin multiplicity: 2 
 Nucleus: 9 H  
 Isotope: 1 
 Nuclear Spin:  0.5 
 Prefactor (MHz): 533.551395 
 Raw A tensor (MHz): 
                  0          1          2    
      0     -14.798594   6.142522  -0.016117
      1       6.145153 -11.923125  -0.016551
      2      -0.016121  -0.016555 -16.112920
 A Tensor eigenvectors:
                   0          1          2    
      0       0.621326   0.001059   0.783551
      1       0.783548   0.002397  -0.621327
      2      -0.002537   0.999997   0.000660
 A Eigenvalues: 
                  0          1          2    
      0      -7.050982 -16.112976 -19.670680
A(iso)  -14.278213
 Nucleus: 10 H  
 Isotope: 1 
 Nuclear Spin:  0.5 
 Prefactor (MHz): 533.551395 
 Raw A tensor (MHz): 
                  0          1          2    
      0       7.814889  -2.240281   0.006809
      1      -2.241293   6.260143  -0.007078
      2       0.006811  -0.007079   4.042270
 A Tensor eigenvectors:
                   0          1          2    
      0       0.000225   0.579734  -0.814806
      1       0.003419   0.814801   0.579731
      2       0.999994  -0.002917  -0.001799
 A Eigenvalues: 
                  0          1          2    
      0       4.042247   4.665721   9.409333
A(iso)  6.039101
 Nucleus: 12 H  
 Isotope: 1 
 Nuclear Spin:  0.5 
 Prefactor (MHz): 533.551395 
 Raw A tensor (MHz): 
                  0          1          2    
      0     -17.178871   1.675957   0.012195
      1       1.674503 -70.467856   0.080395
      2       0.012201   0.080407 -45.742732
 A Tensor eigenvectors:
                   0          1          2    
      0       0.999507   0.000615  -0.031403
      1       0.031405  -0.003210   0.999502
      2       0.000514  -0.999995  -0.003228
 A Eigenvalues: 
                  0          1          2    
      0     -17.126252 -45.742481 -70.520726
A(iso)  -44.463153
 Nucleus: 14 H  
 Isotope: 1 
 Nuclear Spin:  0.5 
 Prefactor (MHz): 533.551395 
 Raw A tensor (MHz): 
                  0          1          2    
      0      60.398417   3.579124   1.860221
      1       3.577962  62.321643   1.949724
      2       1.858791   1.949758  57.335369
 A Tensor eigenvectors:
                   0          1          2    
      0      -0.351612   0.727629   0.589003
      1      -0.094685  -0.653594   0.750899
      2       0.931345   0.208256   0.298707
 A Eigenvalues: 
                  0          1          2    
      0      56.435290  57.716196  65.903943
A(iso)  60.018476
 Nucleus: 15 H  
 Isotope: 1 
 Nuclear Spin:  0.5 
 Prefactor (MHz): 533.551395 
 Raw A tensor (MHz): 
                  0          1          2    
      0      60.022469   3.571724  -1.870045
      1       3.570559  61.873148  -1.968335
      2      -1.868596  -1.968372  56.926768
 A Tensor eigenvectors:
                   0          1          2    
      0       0.342526   0.729899   0.591543
      1       0.104937  -0.655413   0.747945
      2       0.933629  -0.194116  -0.301090
 A Eigenvalues: 
                  0          1          2    
      0      56.019879  57.312903  65.489603
A(iso)  59.607462
 Nucleus: 17 H  
 Isotope: 1 
 Nuclear Spin:  0.5 
 Prefactor (MHz): 533.551395 
 Raw A tensor (MHz): 
                  0          1          2    
      0      -2.146390  -2.079042   0.667387
      1      -2.078947   1.855480  -1.367891
      2       0.666937  -1.366869  -2.707243
 A Tensor eigenvectors:
                   0          1          2    
      0      -0.722844   0.382018  -0.575811
      1      -0.457071  -0.889283  -0.016205
      2      -0.518250   0.251473   0.817422
 A Eigenvalues: 
                  0          1          2    
      0      -2.982687   3.135236  -3.150703
A(iso)  -0.999384
 Nucleus: 18 H  
 Isotope: 1 
 Nuclear Spin:  0.5 
 Prefactor (MHz): 533.551395 
 Raw A tensor (MHz): 
                  0          1          2    
      0      -2.134669  -2.094187  -0.641629
      1      -2.094093   1.873762   1.311195
      2      -0.641189   1.310185  -2.733908
 A Tensor eigenvectors:
                   0          1          2    
      0      -0.722072   0.384113   0.575386
      1      -0.452588  -0.891309   0.027046
      2       0.523236  -0.240883   0.817435
 A Eigenvalues: 
                  0          1          2    
      0      -2.982494   3.130411  -3.142732
A(iso)  -0.998272
 Nucleus: 20 H  
 Isotope: 1 
 Nuclear Spin:  0.5 
 Prefactor (MHz): 533.551395 
 Raw A tensor (MHz): 
                  0          1          2    
      0       0.003073   0.253783  -0.107792
      1       0.254050   2.121812  -0.384140
      2      -0.107911  -0.384015   0.025617
 A Tensor eigenvectors:
                   0          1          2    
      0       0.733386   0.669087  -0.120282
      1      -0.207413   0.051731  -0.976885
      2      -0.647398   0.741382   0.176716
 A Eigenvalues: 
                  0          1          2    
      0       0.025689  -0.097749   2.222561
A(iso)  0.716834
 Nucleus: 21 H  
 Isotope: 1 
 Nuclear Spin:  0.5 
 Prefactor (MHz): 533.551395 
 Raw A tensor (MHz): 
                  0          1          2    
      0       0.001177   0.249965   0.105894
      1       0.250232   2.130323   0.366022
      2       0.106009   0.365898   0.020914
 A Tensor eigenvectors:
                   0          1          2    
      0      -0.726384  -0.677066   0.118098
      1       0.200710  -0.044631   0.978633
      2      -0.657329   0.734567   0.168314
 A Eigenvalues: 
                  0          1          2    
      0       0.027165  -0.098203   2.223451
A(iso)  0.717471
 Nucleus: 23 H  
 Isotope: 1 
 Nuclear Spin:  0.5 
 Prefactor (MHz): 533.551395 
 Raw A tensor (MHz): 
                  0          1          2    
      0      21.648355  -1.513781  -0.868589
      1      -1.513305  21.704617   0.471408
      2      -0.868016   0.471558  20.395587
 A Tensor eigenvectors:
                   0          1          2    
      0      -0.620766   0.376849   0.687484
      1      -0.326385   0.673073  -0.663660
      2      -0.712827  -0.636362  -0.294823
 A Eigenvalues: 
                  0          1          2    
      0      19.855416  20.411284  23.481859
A(iso)  21.249520
 Nucleus: 24 H  
 Isotope: 1 
 Nuclear Spin:  0.5 
 Prefactor (MHz): 533.551395 
 Raw A tensor (MHz): 
                  0          1          2    
      0      21.674391  -1.509172   0.877443
      1      -1.508699  21.730479  -0.479260
      2       0.876869  -0.479411  20.432290
 A Tensor eigenvectors:
                   0          1          2    
      0       0.622102  -0.375690  -0.686910
      1       0.323419  -0.675686   0.662456
      2      -0.713014  -0.634275  -0.298840
 A Eigenvalues: 
                  0          1          2    
      0      19.884508  20.441390  23.511261
A(iso)  21.279053
 Nucleus: 26 H  
 Isotope: 1 
 Nuclear Spin:  0.5 
 Prefactor (MHz): 533.551395 
 Raw A tensor (MHz): 
                  0          1          2    
      0      -0.764888   0.338515  -0.087569
      1       0.338157   0.801441  -0.394641
      2      -0.087395  -0.394369  -0.869602
 A Tensor eigenvectors:
                   0          1          2    
      0       0.976122   0.087968  -0.198614
      1      -0.212649   0.200321  -0.956374
      2      -0.044343   0.975773   0.214244
 A Eigenvalues: 
                  0          1          2    
      0      -0.834589  -0.959055   0.960596
A(iso)  -0.277683
 Nucleus: 27 H  
 Isotope: 1 
 Nuclear Spin:  0.5 
 Prefactor (MHz): 533.551395 
 Raw A tensor (MHz): 
                  0          1          2    
      0      -0.766688   0.338376   0.086454
      1       0.338017   0.804485   0.387498
      2       0.086282   0.387225  -0.874519
 A Tensor eigenvectors:
                   0          1          2    
      0       0.975854   0.197791  -0.092668
      1      -0.212843   0.956386  -0.200061
      2       0.049056   0.214954   0.975391
 A Eigenvalues: 
                  0          1          2    
      0      -0.836079   0.960001  -0.960643
A(iso)  -0.278907
 Nucleus: 29 H  
 Isotope: 1 
 Nuclear Spin:  0.5 
 Prefactor (MHz): 533.551395 
 Raw A tensor (MHz): 
                  0          1          2    
      0      -0.037790  -0.279995  -0.063874
      1      -0.280122   0.675506   0.118315
      2      -0.063881   0.118244  -0.098893
 A Tensor eigenvectors:
                   0          1          2    
      0       0.498196   0.803295   0.326371
      1       0.302427   0.191783  -0.933679
      2      -0.812613   0.563858  -0.147392
 A Eigenvalues: 
                  0          1          2    
      0      -0.103706  -0.149557   0.792086
A(iso)  0.179608
 Nucleus: 30 H  
 Isotope: 1 
 Nuclear Spin:  0.5 
 Prefactor (MHz): 533.551395 
 Raw A tensor (MHz): 
                  0          1          2    
      0      -0.037946  -0.279334   0.065252
      1      -0.279461   0.674662  -0.122049
      2       0.065260  -0.121978  -0.097474
 A Tensor eigenvectors:
                   0          1          2    
      0      -0.497665  -0.803795  -0.325951
      1      -0.305994  -0.188931   0.933099
      2      -0.811602   0.564109  -0.151932
 A Eigenvalues: 
                  0          1          2    
      0      -0.103417  -0.149482   0.792140
A(iso)  0.179747
 Nucleus: 32 H  
 Isotope: 1 
 Nuclear Spin:  0.5 
 Prefactor (MHz): 533.551395 
 Raw A tensor (MHz): 
                  0          1          2    
