-------------------------------------------------------------
----------------------- !PROPERTIES! ------------------------
-------------------------------------------------------------
# -----------------------------------------------------------
$ PAL_Flags
   description: The PAL Flags
   geom. index: 1
   prop. index: 1
        Diskflag:     2
# -----------------------------------------------------------
$ SCF_Energy
   description: The SCF energy
   geom. index: 1
   prop. index: 1
        SCF Energy:    -1159.9170523805
# -----------------------------------------------------------
$ DFT_Energy
   description: The DFT energy
   geom. index: 1
   prop. index: 1
   Number of Alpha Electrons                105.0001738958 
   Number of Beta  Electrons                104.0001646862 
   Total number of  Electrons               209.0003385820 
   Exchange energy                         -131.3482308215 
   Correlation energy                        -8.1612998403 
   Correlation energy NL                      0.0000000000 
   Exchange-Correlation energy             -139.5095306618 
   Embedding correction                       0.0000000000 
   Total DFT Energy (No VdW correction)   -1159.9170523805 
# -----------------------------------------------------------
$ Mayer_Pop
   description: The Mayer population analysis
   geom. index: 1
   prop. index: 1
     Number of atoms                     : 59
     Threshold for printing              : 0.1000000
     Number of bond orders printed       : 65
  NA   - Mulliken gross atomic population
  ZA   - Total nuclear charge
  QA   - Mulliken gross atomic charge
  VA   - Mayer's total valence
  BVA  - Mayer's bonded valence
  FA   - Mayer's free valence
  ATOM       NA         ZA         QA         VA         BVA        FA
  0   0     6.3046     6.0000    -0.3046     3.8888     3.8828     0.0060
  1   0     6.4138     6.0000    -0.4138     3.7220     3.7200     0.0020
  2   0     6.4160     6.0000    -0.4160     3.7254     3.7249     0.0005
  3   0     5.5034     6.0000     0.4966     3.8221     3.7882     0.0339
  4   0     5.6233     6.0000     0.3767     3.9598     3.9451     0.0147
  5   0     6.4483     6.0000    -0.4483     4.2194     4.1838     0.0356
  6   0     5.4444     6.0000     0.5556     3.8675     3.8605     0.0070
  7   0     5.7630     6.0000     0.2370     3.9259     3.8889     0.0370
  8   0     6.3889     6.0000    -0.3889     4.3079     4.2998     0.0081
  9   0     0.8686     1.0000     0.1314     0.9658     0.9656     0.0002
 10   0     0.8669     1.0000     0.1331     0.9662     0.9662     0.0000
 11   0     6.2669     6.0000    -0.2669     3.9804     3.6029     0.3775
 12   0     0.8733     1.0000     0.1267     0.9832     0.9816     0.0016
 13   0     6.2730     6.0000    -0.2730     3.9634     3.9620     0.0014
 14   0     0.8472     1.0000     0.1528     0.9638     0.9629     0.0009
 15   0     0.8477     1.0000     0.1523     0.9640     0.9631     0.0009
 16   0     6.2904     6.0000    -0.2904     3.9003     3.9003     0.0000
 17   0     0.8446     1.0000     0.1554     0.9635     0.9635     0.0000
 18   0     0.8450     1.0000     0.1550     0.9636     0.9636     0.0000
 19   0     6.5109     6.0000    -0.5109     3.9057     3.9057     0.0000
 20   0     0.8404     1.0000     0.1596     0.9653     0.9653     0.0000
 21   0     0.8404     1.0000     0.1596     0.9653     0.9653     0.0000
 22   0     6.3576     6.0000    -0.3576     4.0227     4.0225     0.0002
 23   0     0.8475     1.0000     0.1525     0.9627     0.9626     0.0001
 24   0     0.8475     1.0000     0.1525     0.9627     0.9626     0.0001
 25   0     6.2731     6.0000    -0.2731     4.0251     4.0251     0.0000
 26   0     0.8578     1.0000     0.1422     0.9663     0.9663     0.0000
 27   0     0.8577     1.0000     0.1423     0.9662     0.9662     0.0000
 28   0     6.2635     6.0000    -0.2635     3.8887     3.8887     0.0000
 29   0     0.8555     1.0000     0.1445     0.9670     0.9670     0.0000
 30   0     0.8555     1.0000     0.1445     0.9670     0.9670     0.0000
 31   0     6.5118     6.0000    -0.5118     3.9012     3.9012     0.0000
 32   0     0.8399     1.0000     0.1601     0.9651     0.9651     0.0000
 33   0     0.8399     1.0000     0.1601     0.9651     0.9651     0.0000
 34   0     6.2909     6.0000    -0.2909     3.9169     3.9156     0.0013
 35   0     0.8538     1.0000     0.1462     0.9671     0.9671     0.0000
 36   0     0.8560     1.0000     0.1440     0.9669     0.9669     0.0000
 37   0     5.4163     6.0000     0.5837     3.9351     3.9350     0.0001
 38   0     6.2821     6.0000    -0.2821     4.1965     4.1964     0.0001
 39   0     6.0984     6.0000    -0.0984     4.0950     4.0950     0.0000
 40   0     6.1226     6.0000    -0.1226     4.0765     4.0764     0.0001
 41   0     6.1031     6.0000    -0.1031     4.0997     4.0997     0.0000
 42   0     6.2723     6.0000    -0.2723     4.1806     4.1805     0.0001
 43   0     0.8928     1.0000     0.1072     0.9581     0.9581     0.0000
 44   0     0.8935     1.0000     0.1065     0.9613     0.9613     0.0000
 45   0     0.8797     1.0000     0.1203     0.9603     0.9603     0.0000
 46   0     0.8801     1.0000     0.1199     0.9603     0.9603     0.0000
 47   0     0.8935     1.0000     0.1065     0.9615     0.9615     0.0000
 48   0     5.4084     6.0000     0.5916     3.9292     3.9289     0.0003
 49   0     6.2812     6.0000    -0.2812     4.1934     4.1929     0.0005
 50   0     6.1006     6.0000    -0.1006     4.0992     4.0991     0.0001
 51   0     6.1250     6.0000    -0.1250     4.0763     4.0757     0.0006
 52   0     6.1007     6.0000    -0.1007     4.0953     4.0952     0.0001
 53   0     6.2773     6.0000    -0.2773     4.1977     4.1972     0.0005
 54   0     0.8931     1.0000     0.1069     0.9582     0.9582     0.0000
 55   0     0.8938     1.0000     0.1062     0.9615     0.9615     0.0000
 56   0     0.8829     1.0000     0.1171     0.9609     0.9609     0.0000
 57   0     0.8802     1.0000     0.1198     0.9606     0.9606     0.0000
 58   0     0.8940     1.0000     0.1060     0.9614     0.9614     0.0000
      Bond orders larger than 0.1000000
           Atom A     A.N. of A          Atom B    A.N. of B              Bond order
                0             6               1            6                2.430808
                0             6              48            6                1.023779
                1             6               3            6                0.798950
                2             6               6            6                0.763653
                2             6              34            6                2.486781
                3             6               4            6                1.275578
                3             6               7            6                0.105399
                3             6               8            6                1.435786
                4             6               5            6                1.226142
                4             6               6            6                0.115235
                4             6              11            6                1.292526
                5             6               6            6                1.491462
                5             6               9            1                0.969582
                6             6               7            6                1.334179
                6             6               8            6                0.111393
                7             6               8            6                1.414074
                7             6              22            6                0.962487
                8             6              10            1                0.970986
               11             6              12            1                0.982749
               11             6              13            6                0.998113
               13             6              14            1                0.956150
               13             6              15            1                0.955900
               13             6              16            6                0.981815
               16             6              17            1                0.972499
               16             6              18            1                0.972165
               16             6              19            6                0.961568
               19             6              20            1                0.972827
               19             6              21            1                0.972890
               19             6              35            1                0.967474
               22             6              23            1                0.955376
               22             6              24            1                0.955610
               22             6              25            6                1.023530
               25             6              26            1                0.961537
               25             6              27            1                0.961629
               25             6              28            6                0.985835
               28             6              29            1                0.971849
               28             6              30            1                0.971854
               28             6              31            6                0.954339
               31             6              32            1                0.973158
               31             6              33            1                0.973155
               31             6              36            1                0.967337
               34             6              37            6                1.010891
               37             6              38            6                1.391121
               37             6              42            6                1.385185
               38             6              39            6                1.476746
               38             6              45            1                0.981856
               39             6              40            6                1.452454
               39             6              47            1                0.975816
               40             6              41            6                1.455415
               40             6              43            1                0.965576
               41             6              42            6                1.476374
               41             6              44            1                0.976708
               42             6              46            1                0.979739
               48             6              49            6                1.383305
               48             6              53            6                1.381144
               49             6              50            6                1.478187
               49             6              51            6                0.100728
               49             6              56            1                0.980964
               50             6              51            6                1.453171
               50             6              58            1                0.976611
               51             6              52            6                1.451383
               51             6              54            1                0.965498
               52             6              53            6                1.478080
               52             6              55            1                0.975985
               53             6              57            1                0.982040
# -----------------------------------------------------------
$ Calculation_Info
   description: Details of the calculation
   geom. index: 1
   prop. index: 1
     Multiplicity:                          2
     Charge:                                0
     number of atoms:                       59
     number of electrons:                   0
     number of frozen core electrons:       1
     number of correlated electrons:        0
     number of basis functions:             713
     number of aux C basis functions:       5002
     number of aux J basis functions:       5002
     number of aux JK basis functions:      5002
     number of aux CABS basis functions:    0
     Total Energy                           -1159.917052
# -----------------------------------------------------------
$ SCF_Electric_Properties
   description: The SCF Calculated Electric Properties
   geom. index: 1
   prop. index: 1
       Filename                          : EPRII.scfp 
       Do Dipole Moment Calculation      : true 
       Do Quadrupole Moment Calculation  : false 
       Do Polarizability Calculation     : false 
** Dipole moment part of electric properties **
        Magnitude of dipole moment (Debye) :        0.3507236118
        Electronic Contribution:
                  0    
      0      -0.418548
      1       2.195598
      2       0.047343
        Nuclear Contribution:
                  0    
      0       0.554070
      1      -2.169665
      2      -0.047967
        Total Dipole moment:
                  0    
      0       0.135522
      1       0.025932
      2      -0.000624
# -----------------------------------------------------------
$ EPRNMR_GTensor
   description: Electronic g tensor
   geom. index: 1
   prop. index: 1
 Source density: 1 SCF 
 Spin multiplicity: 2 
 raw g tensor: 
                  0          1          2    
      0       2.002753  -0.000131   0.000001
      1      -0.000083   2.002818  -0.000002
      2      -0.000000  -0.000002   2.002271
 g tensor: 
                  0          1          2    
      0       0.000126   0.803143  -0.595787
      1       0.003410   0.595783   0.803138
      2       0.999994  -0.002133  -0.002664
 G eigenvalues: 
                  0          1          2    
      0       2.002271   2.002673   2.002898
# -----------------------------------------------------------
$ EPRNMR_OrbitalShielding
   description: Orbital contribution to the NMR Shielding tensor (ppm)
   geom. index: 1
   prop. index: 1
 Number of stored nuclei 29
 Source density: 1 SCF 
 Nucleus: 9 H 
 Shielding tensor (ppm): 
                  0          1          2    
      0      30.504146  25.015710  -0.127336
      1      66.848618 114.797121   0.051411
      2      -0.148365   0.072901  97.761412
 P Tensor eigenvectors:
                   0          1          2    
      0      -0.850247  -0.001649  -0.526381
      1       0.526380   0.000959  -0.850249
      2      -0.001907   0.999998  -0.000053
 P Eigenvalues: 
                  0          1          2    
      0      12.745188  97.761674 132.555818
P(iso)  81.020893
 Nucleus: 10 H 
 Shielding tensor (ppm): 
                  0          1          2    
      0      38.889297  17.726333  -0.024363
      1      64.396350 115.671078   0.067029
      2      -0.235578  -0.093834 105.927716
 P Tensor eigenvectors:
                   0          1          2    
      0      -0.849307  -0.000401  -0.527899
      1       0.527896   0.002378  -0.849305
      2      -0.001596   0.999997   0.001808
 P Eigenvalues: 
                  0          1          2    
      0      23.466872 105.927722 131.093496
P(iso)  86.829363
 Nucleus: 12 H 
 Shielding tensor (ppm): 
                  0          1          2    
      0      66.511107 103.318965  -0.263273
      1     -237.107474  63.580719   0.014595
      2       0.556127   0.214593  82.686798
 P Tensor eigenvectors:
                   0          1          2    
      0      -0.000356   0.170716  -0.985320
      1       0.000711   0.985320   0.170716
      2       1.000000  -0.000640  -0.000473
 P Eigenvalues: 
                  0          1          2    
      0      82.686879  41.161347  88.930398
P(iso)  70.926208
 Nucleus: 14 H 
 Shielding tensor (ppm): 
                  0          1          2    
      0      39.195270 -211.982038 -66.790969
      1     291.606592 103.248248 333.215775
      2      55.262812 -243.531894 104.771250
 P Tensor eigenvectors:
                   0          1          2    
      0       0.760342   0.203317   0.616881
      1       0.077791  -0.971414   0.224285
      2      -0.644848   0.122545   0.754423
 P Eigenvalues: 
                  0          1          2    
      0      72.714351  73.933671 100.566746
P(iso)  82.404923
 Nucleus: 15 H 
 Shielding tensor (ppm): 
                  0          1          2    
      0      39.928727 -214.404982  66.803107
      1     295.763103 103.207772 -328.277650
      2     -56.196763 240.268404 106.050178
 P Tensor eigenvectors:
                   0          1          2    
      0       0.751472   0.203990  -0.627438
      1       0.078409  -0.971875  -0.222063
      2       0.655089  -0.117677   0.746331
 P Eigenvalues: 
                  0          1          2    
      0      74.187785  74.164509 100.834383
P(iso)  83.062226
 Nucleus: 17 H 
 Shielding tensor (ppm): 
                  0          1          2    
      0      44.457160 223.695404 143.847911
      1     -342.031007  37.124714 -409.077936
      2     -94.151312 299.372864  42.558508
 P Tensor eigenvectors:
                   0          1          2    
      0       0.742916   0.241181   0.624425
      1       0.290531  -0.956569   0.023807
      2      -0.603048  -0.163728   0.780722
 P Eigenvalues: 
                  0          1          2    
      0      14.562179  45.853499  63.724704
P(iso)  41.380128
 Nucleus: 18 H 
 Shielding tensor (ppm): 
                  0          1          2    
      0      44.239541 226.471522 -143.861640
      1     -347.373081  37.510770 402.696783
      2      95.659811 -294.327833  40.439210
 P Tensor eigenvectors:
                   0          1          2    
      0      -0.733214   0.236602   0.637508
      1      -0.293748  -0.955734   0.016860
      2      -0.613278   0.174904  -0.770259
 P Eigenvalues: 
                  0          1          2    
      0      14.037760  45.206412  62.945350
P(iso)  40.729841
 Nucleus: 20 H 
 Shielding tensor (ppm): 
                  0          1          2    
      0     -14.726141 -316.080816  83.341325
      1     398.316098  75.068698 -466.667217
      2     -61.842589 338.080043  29.229770
 P Tensor eigenvectors:
                   0          1          2    
      0      -0.749954   0.250161   0.612363
      1      -0.106446  -0.959308   0.261530
      2      -0.652869  -0.130952  -0.746065
 P Eigenvalues: 
                  0          1          2    
      0      13.181847  32.070484  44.319996
P(iso)  29.857442
 Nucleus: 21 H 
 Shielding tensor (ppm): 
                  0          1          2    
      0     -15.189077 -311.688689 -81.708222
      1     391.506362  75.770617 471.458812
      2      59.106922 -342.087748  27.327124
 P Tensor eigenvectors:
                   0          1          2    
      0       0.759000   0.249129   0.601542
      1       0.102695  -0.958143   0.267239
      2      -0.642940   0.141059   0.752815
 P Eigenvalues: 
                  0          1          2    
      0      12.053957  31.829397  44.025310
P(iso)  29.302888
 Nucleus: 23 H 
 Shielding tensor (ppm): 
                  0          1          2    
      0      68.909717  74.912934 -149.318006
      1     -157.207883  80.219291 216.031479
      2      98.705996 -158.828344  96.734064
 P Tensor eigenvectors:
                   0          1          2    
      0      -0.719381   0.458951   0.521397
      1      -0.571375  -0.817829  -0.068458
      2      -0.394995   0.347160  -0.850564
 P Eigenvalues: 
                  0          1          2    
      0      41.645562  86.411316 117.806193
P(iso)  81.954357
 Nucleus: 24 H 
 Shielding tensor (ppm): 
                  0          1          2    
      0      68.707034  75.188993 149.027266
      1     -157.152470  79.918031 -216.340067
      2     -98.037479 159.186355  96.979720
 P Tensor eigenvectors:
                   0          1          2    
      0       0.720488   0.459543   0.519342
      1       0.569324  -0.819569  -0.064628
      2      -0.395937  -0.342238   0.852119
 P Eigenvalues: 
                  0          1          2    
      0      41.489973  86.368316 117.746495
P(iso)  81.868261
 Nucleus: 26 H 
 Shielding tensor (ppm): 
                  0          1          2    
      0      55.282442 -204.411146  61.782621
      1     280.816524 103.115708 -323.743841
      2     -51.760214 236.202043 117.588526
 P Tensor eigenvectors:
                   0          1          2    
      0       0.767614   0.173657  -0.616937
      1       0.073899  -0.980154  -0.183948
      2       0.636637  -0.095610   0.765214
 P Eigenvalues: 
                  0          1          2    
      0      85.910221  80.430387 109.646067
P(iso)  91.995559
 Nucleus: 27 H 
 Shielding tensor (ppm): 
                  0          1          2    
      0      55.440803 -204.169563 -61.058385
      1     280.362863 103.481541 324.457785
      2      50.563013 -236.652326 117.340744
 P Tensor eigenvectors:
                   0          1          2    
      0       0.768994   0.173135   0.615364
      1       0.071406  -0.979865   0.186456
      2      -0.635256   0.099443   0.765873
 P Eigenvalues: 
                  0          1          2    
      0      85.993412  80.515875 109.753801
P(iso)  92.087696
 Nucleus: 29 H 
 Shielding tensor (ppm): 
                  0          1          2    
      0      38.447126 212.004067 -128.967389
      1     -330.309296  43.127030 400.998078
      2      83.920843 -291.267167  34.451621
 P Tensor eigenvectors:
                   0          1          2    
      0       0.755018   0.194425  -0.626216
      1       0.266755  -0.963502   0.022477
      2       0.598991   0.184017   0.779325
 P Eigenvalues: 
                  0          1          2    
      0      10.680332  43.751346  61.594100
P(iso)  38.675259
 Nucleus: 30 H 
 Shielding tensor (ppm): 
                  0          1          2    
      0      38.214391 211.732541 128.237787
      1     -329.643067  42.712962 -401.741852
      2     -82.660048 291.734917  34.829423
 P Tensor eigenvectors:
                   0          1          2    
      0       0.756450   0.194701   0.624399
      1       0.264536  -0.964172  -0.019831
      2      -0.598167  -0.180177   0.780854
 P Eigenvalues: 
                  0          1          2    
      0      10.507129  43.711846  61.537802
P(iso)  38.585592
 Nucleus: 32 H 
 Shielding tensor (ppm): 
                  0          1          2    
      0      -2.057117 -307.552896 -59.068144
      1     396.121502  73.384956 461.542489
      2      43.346284 -334.176730  36.584089
 P Tensor eigenvectors:
                   0          1          2    
      0       0.754320   0.199462   0.625473
      1       0.068727  -0.971486   0.226919
      2      -0.652900   0.128182   0.746520
 P Eigenvalues: 
                  0          1          2    
      0      21.390508  36.354054  50.167366
P(iso)  35.970643
 Nucleus: 33 H 
 Shielding tensor (ppm): 
                  0          1          2    
      0      -2.175560 -308.286737  60.013620
      1     397.274868  72.955174 -460.357574
      2     -44.743183 333.030056  36.987526
 P Tensor eigenvectors:
                   0          1          2    
      0      -0.752341   0.200005   0.627678
      1      -0.070902  -0.971848   0.224689
      2      -0.654947  -0.124539  -0.745342
 P Eigenvalues: 
                  0          1          2    
      0      21.359891  36.303662  50.103588
P(iso)  35.922380
 Nucleus: 35 H 
 Shielding tensor (ppm): 
                  0          1          2    
      0     -101.377626 133.935598   0.197130
      1     -269.623115  42.246005  -4.499935
      2       0.688586   2.171599 -111.104737
 P Tensor eigenvectors:
                   0          1          2    
      0       0.327772  -0.018301   0.944580
      1       0.944672  -0.007048  -0.327940
      2       0.012660   0.999808   0.014978
 P Eigenvalues: 
                  0          1          2    
      0     -15.246707 -111.111162 -43.878489
P(iso)  -56.745453
 Nucleus: 36 H 
 Shielding tensor (ppm): 
                  0          1          2    
      0     -106.245329 113.458371  -0.191126
      1     -224.375027  50.973816  -0.416790
      2       0.416158  -0.224511 -110.292600
 P Tensor eigenvectors:
                   0          1          2    
      0       0.386759   0.000521  -0.922181
      1       0.922180  -0.001795   0.386757
      2      -0.001454  -0.999998  -0.001174
 P Eigenvalues: 
                  0          1          2    
      0     -12.102662 -110.293244 -43.168207
P(iso)  -55.188038
 Nucleus: 43 H 
 Shielding tensor (ppm): 
                  0          1          2    
      0      40.913123  16.348280  -0.357345
      1       1.945042 -329.306433   0.047704
      2       0.460713   0.072234 -238.033697
 P Tensor eigenvectors:
                   0          1          2    
      0       0.999997  -0.002258   0.000266
      1      -0.000264   0.000746   1.000000
      2       0.002259   0.999997  -0.000745
 P Eigenvalues: 
                  0          1          2    
      0      40.907072 -238.032500 -329.301579
P(iso)  -175.475669
 Nucleus: 44 H 
 Shielding tensor (ppm): 
                  0          1          2    
      0      13.183376 -746.882777   0.201648
      1     430.822928 -141.820357   0.293679
      2       0.043501  -0.350131 -118.588988
 P Tensor eigenvectors:
                   0          1          2    
      0      -0.000645  -0.984972   0.172711
      1       0.000186  -0.172711  -0.984972
      2       1.000000  -0.000604   0.000295
 P Eigenvalues: 
                  0          1          2    
      0     -118.589064 -45.206975 -83.429930
P(iso)  -82.408656
 Nucleus: 45 H 
 Shielding tensor (ppm): 
                  0          1          2    
      0       3.101157 749.866789  -0.242215
      1     -503.291889 183.410042  -0.278658
      2       0.042972   0.365949 116.468125
 P Tensor eigenvectors:
                   0          1          2    
      0      -0.000510  -0.970903   0.239473
      1       0.000248  -0.239474  -0.970903
      2       1.000000  -0.000436   0.000363
 P Eigenvalues: 
                  0          1          2    
      0     116.468191  70.771423 115.739710
P(iso)  100.993108
 Nucleus: 46 H 
 Shielding tensor (ppm): 
                  0          1          2    
      0      18.495959 -714.616702   0.442716
      1     452.540047 167.673338   0.286820
      2      -0.324357  -0.423285 113.991212
 P Tensor eigenvectors:
                   0          1          2    
      0      -0.000751  -0.983906  -0.178685
      1       0.000692   0.178685  -0.983906
      2       0.999999  -0.000863   0.000546
 P Eigenvalues: 
                  0          1          2    
      0     113.991137  69.334553 116.834820
P(iso)  100.053503
 Nucleus: 47 H 
 Shielding tensor (ppm): 
                  0          1          2    
      0      -3.251599 773.580229  -0.587134
      1     -443.876307 -125.051660  -0.258770
      2       0.455141   0.392100 -117.450610
 P Tensor eigenvectors:
                   0          1          2    
      0      -0.000586  -0.992268  -0.124116
      1       0.000831   0.124115  -0.992267
      2       0.999999  -0.000685   0.000752
 P Eigenvalues: 
                  0          1          2    
      0     -117.450548 -45.732934 -82.570387
P(iso)  -81.917956
 Nucleus: 54 H 
 Shielding tensor (ppm): 
                  0          1          2    
      0      40.389201  50.679709  -0.177732
      1     -10.064354 -326.915950   0.075998
      2       0.075623   0.081673 -236.413225
 P Tensor eigenvectors:
                   0          1          2    
      0       0.998781   0.000375   0.049370
      1      -0.049369  -0.001030   0.998780
      2       0.000426  -0.999999  -0.001010
 P Eigenvalues: 
                  0          1          2    
      0      37.491155 -236.413097 -324.018032
P(iso)  -174.313325
 Nucleus: 55 H 
 Shielding tensor (ppm): 
                  0          1          2    
      0      -8.135844 782.409144  -0.669253
      1     -449.279228 -109.537007   0.025825
      2       0.372870  -0.035251 -109.359758
 P Tensor eigenvectors:
                   0          1          2    
      0       0.000055  -0.994993  -0.099948
      1       0.000850   0.099948  -0.994992
      2       1.000000  -0.000030   0.000851
 P Eigenvalues: 
                  0          1          2    
      0     -109.359766 -42.277688 -75.395155
P(iso)  -75.677536
 Nucleus: 56 H 
 Shielding tensor (ppm): 
                  0          1          2    
      0      20.192918 -726.764218   0.434395
      1     454.067842 153.918713   0.029778
      2      -0.211893  -0.008794 106.525668
 P Tensor eigenvectors:
                   0          1          2    
      0      -0.000167  -0.988048  -0.154149
      1       0.000594   0.154148  -0.988048
      2       1.000000  -0.000256   0.000562
 P Eigenvalues: 
                  0          1          2    
      0     106.525685  64.903823 109.207791
P(iso)  93.545766
 Nucleus: 57 H 
 Shielding tensor (ppm): 
                  0          1          2    
      0       3.742285 726.186864  -0.510513
      1     -493.811634 193.199378   0.008017
      2       0.329645  -0.086238 124.440878
 P Tensor eigenvectors:
                   0          1          2    
      0       0.000136   0.965879  -0.258992
      1       0.000715   0.258992   0.965879
      2       1.000000  -0.000317  -0.000655
 P Eigenvalues: 
                  0          1          2    
      0     124.440853  74.580452 122.361236
P(iso)  107.127514
 Nucleus: 58 H 
 Shielding tensor (ppm): 
                  0          1          2    
      0      18.362212 -726.768192   0.440070
      1     419.746165 -155.903487   0.038407
      2      -0.231883   0.070524 -124.591033
 P Tensor eigenvectors:
                   0          1          2    
      0      -0.000027  -0.980377   0.197131
      1       0.000619  -0.197131  -0.980377
      2       1.000000   0.000096   0.000612
 P Eigenvalues: 
                  0          1          2    
      0     -124.590978 -47.745755 -89.795574
P(iso)  -87.377436
# -----------------------------------------------------------
$ EPRNMR_ATensor
   description: Hyperfine A tensor
   geom. index: 1
   prop. index: 1
 Number of stored nuclei 29
 Source density: 1 SCF 
 Spin multiplicity: 2 
 Nucleus: 9 H  
 Isotope: 1 
 Nuclear Spin:  0.5 
 Prefactor (MHz): 533.551395 
 Raw A tensor (MHz): 
                  0          1          2    
      0     -16.040837   6.269389  -0.015787
      1       6.272139 -12.846419  -0.022971
      2      -0.015788  -0.022978 -17.220674
 A Tensor eigenvectors:
                   0          1          2    
      0       0.613643   0.002195   0.789581
      1       0.789578   0.002105  -0.613647
      2      -0.003009   0.999995  -0.000441
 A Eigenvalues: 
                  0          1          2    
      0      -7.972567 -17.220757 -20.914607
A(iso)  -15.369310
 Nucleus: 10 H  
 Isotope: 1 
 Nuclear Spin:  0.5 
 Prefactor (MHz): 533.551395 
 Raw A tensor (MHz): 
                  0          1          2    
      0       8.444623  -2.304150   0.006158
      1      -2.305292   6.745090  -0.006322
      2       0.006161  -0.006323   4.569396
 A Tensor eigenvectors:
                   0          1          2    
      0       0.000374   0.571834  -0.820370
      1       0.003302   0.820364   0.571831
      2       0.999994  -0.002923  -0.001581
 A Eigenvalues: 
                  0          1          2    
      0       4.569378   5.138473  10.051258
A(iso)  6.586370
 Nucleus: 12 H  
 Isotope: 1 
 Nuclear Spin:  0.5 
 Prefactor (MHz): 533.551395 
 Raw A tensor (MHz): 
                  0          1          2    
      0     -19.848476   1.840271   0.011104
      1       1.838494 -73.882640   0.080744
      2       0.011120   0.080762 -48.393462
 A Tensor eigenvectors:
                   0          1          2    
      0       0.999422   0.000590  -0.033997
      1       0.033999  -0.003125   0.999417
      2       0.000484  -0.999995  -0.003143
 A Eigenvalues: 
                  0          1          2    
      0     -19.785927 -48.393216 -73.945435
A(iso)  -47.374859
 Nucleus: 14 H  
 Isotope: 1 
 Nuclear Spin:  0.5 
 Prefactor (MHz): 533.551395 
 Raw A tensor (MHz): 
                  0          1          2    
      0      70.391030   3.571995   1.979653
      1       3.570924  72.326850   1.953097
      2       1.978143   1.953280  67.265228
 A Tensor eigenvectors:
                   0          1          2    
      0      -0.382216   0.711055   0.590180
      1      -0.071916  -0.659624   0.748147
      2       0.921270   0.243510   0.303255
 A Eigenvalues: 
                  0          1          2    
      0      66.291943  67.755553  75.935612
A(iso)  69.994369
 Nucleus: 15 H  
 Isotope: 1 
 Nuclear Spin:  0.5 
 Prefactor (MHz): 533.551395 
 Raw A tensor (MHz): 
                  0          1          2    
      0      69.375302   3.566385  -1.972993
      1       3.565296  71.179872  -1.958388
      2      -1.971456  -1.958575  66.143898
 A Tensor eigenvectors:
                   0          1          2    
      0       0.362824   0.716629   0.595652
      1       0.087274  -0.662532   0.743931
      2       0.927762  -0.217931  -0.302926
 A Eigenvalues: 
                  0          1          2    
      0      65.188555  66.678366  74.832152
A(iso)  68.899691
 Nucleus: 17 H  
 Isotope: 1 
 Nuclear Spin:  0.5 
 Prefactor (MHz): 533.551395 
 Raw A tensor (MHz): 
                  0          1          2    
      0      -2.261323  -2.067773   0.664460
      1      -2.067529   1.761195  -1.360880
      2       0.663861  -1.359756  -2.791341
 A Tensor eigenvectors:
                   0          1          2    
      0      -0.379872  -0.682056  -0.624897
      1       0.890139  -0.453330  -0.046315
      2      -0.251695  -0.573839   0.779332
 A Eigenvalues: 
                  0          1          2    
      0       3.027180  -3.075664  -3.242984
A(iso)  -1.097156
 Nucleus: 18 H  
 Isotope: 1 
 Nuclear Spin:  0.5 
 Prefactor (MHz): 533.551395 
 Raw A tensor (MHz): 
                  0          1          2    
      0      -2.238837  -2.095361  -0.625345
      1      -2.095116   1.777430   1.274947
      2      -0.624771   1.273849  -2.829022
 A Tensor eigenvectors:
                   0          1          2    
      0      -0.384187  -0.674328   0.630621
      1       0.892608  -0.445816   0.067081
      2       0.235906   0.588669   0.773187
 A Eigenvalues: 
                  0          1          2    
      0       3.015312  -3.077540  -3.228200
A(iso)  -1.096810
 Nucleus: 20 H  
 Isotope: 1 
 Nuclear Spin:  0.5 
 Prefactor (MHz): 533.551395 
 Raw A tensor (MHz): 
                  0          1          2    
      0       0.032693   0.255819  -0.097240
      1       0.256167   2.153029  -0.386858
      2      -0.097394  -0.386667   0.063780
 A Tensor eigenvectors:
                   0          1          2    
      0       0.604631  -0.787382   0.120213
      1      -0.214065  -0.015264   0.976700
      2      -0.767201  -0.616277  -0.177780
 A Eigenvalues: 
                  0          1          2    
      0       0.045135  -0.050574   2.254941
A(iso)  0.749834
 Nucleus: 21 H  
 Isotope: 1 
 Nuclear Spin:  0.5 
 Prefactor (MHz): 533.551395 
 Raw A tensor (MHz): 
                  0          1          2    
      0       0.028248   0.246977   0.094991
      1       0.247326   2.165299   0.363824
      2       0.095140   0.363636   0.057999
 A Tensor eigenvectors:
                   0          1          2    
      0      -0.589337   0.799568  -0.115645
      1       0.203003   0.008009  -0.979145
      2      -0.781967  -0.600522  -0.167035
 A Eigenvalues: 
                  0          1          2    
      0       0.047513  -0.052512   2.256545
A(iso)  0.750515
 Nucleus: 23 H  
 Isotope: 1 
 Nuclear Spin:  0.5 
 Prefactor (MHz): 533.551395 
 Raw A tensor (MHz): 
                  0          1          2    
      0      25.139369  -1.519604  -0.905061
      1      -1.519120  25.172259   0.471259
      2      -0.904448   0.471435  23.827698
 A Tensor eigenvectors:
                   0          1          2    
      0      -0.604758   0.396049   0.690951
      1      -0.301798   0.688911  -0.659029
      2      -0.737011  -0.607081  -0.297097
 A Eigenvalues: 
                  0          1          2    
      0      23.278431  23.883282  26.977613
A(iso)  24.713108
 Nucleus: 24 H  
 Isotope: 1 
 Nuclear Spin:  0.5 
 Prefactor (MHz): 533.551395 
 Raw A tensor (MHz): 
                  0          1          2    
      0      25.183768  -1.515409   0.913289
      1      -1.514928  25.219438  -0.478427
      2       0.912674  -0.478603  23.884489
 A Tensor eigenvectors:
                   0          1          2    
      0       0.606627   0.394583   0.690150
      1       0.299571   0.690674  -0.658200
      2      -0.736383   0.606031   0.300776
 A Eigenvalues: 
                  0          1          2    
      0      23.327169  23.933798  27.026729
A(iso)  24.762565
 Nucleus: 26 H  
 Isotope: 1 
 Nuclear Spin:  0.5 
 Prefactor (MHz): 533.551395 
 Raw A tensor (MHz): 
                  0          1          2    
      0      -0.821933   0.338079  -0.083598
      1       0.337615   0.758722  -0.392525
      2      -0.083367  -0.392269  -0.925831
 A Tensor eigenvectors:
                   0          1          2    
      0       0.978224   0.196441   0.066998
      1      -0.206145   0.957106   0.203601
      2      -0.024129  -0.212978   0.976759
 A Eigenvalues: 
                  0          1          2    
      0      -0.891043   0.915315  -1.013315
A(iso)  -0.329681
 Nucleus: 27 H  
 Isotope: 1 
 Nuclear Spin:  0.5 
 Prefactor (MHz): 533.551395 
 Raw A tensor (MHz): 
                  0          1          2    
      0      -0.824615   0.337717   0.082997
      1       0.337253   0.760675   0.387258
      2       0.082768   0.387000  -0.930628
 A Tensor eigenvectors:
                   0          1          2    
      0       0.977956   0.195952  -0.072150
      1      -0.206640   0.957892  -0.199355
      2       0.030048   0.209869   0.977268
 A Eigenvalues: 
                  0          1          2    
      0      -0.893356   0.914470  -1.015683
A(iso)  -0.331523
 Nucleus: 29 H  
 Isotope: 1 
 Nuclear Spin:  0.5 
 Prefactor (MHz): 533.551395 
 Raw A tensor (MHz): 
                  0          1          2    
      0      -0.036305  -0.282126  -0.059531
      1      -0.282284   0.681957   0.120425
      2      -0.059542   0.120336  -0.093575
 A Tensor eigenvectors:
                   0          1          2    
      0       0.417922   0.848066   0.325768
      1       0.282322   0.219593  -0.933849
      2      -0.863502   0.482247  -0.147655
 A Eigenvalues: 
                  0          1          2    
      0      -0.104076  -0.143300   0.799453
A(iso)  0.184026
 Nucleus: 30 H  
 Isotope: 1 
 Nuclear Spin:  0.5 
 Prefactor (MHz): 533.551395 
 Raw A tensor (MHz): 
                  0          1          2    
      0      -0.036468  -0.281412   0.060638
      1      -0.281570   0.681473  -0.123337
      2       0.060651  -0.123248  -0.092329
 A Tensor eigenvectors:
                   0          1          2    
      0       0.418402   0.848045  -0.325205
      1       0.285438   0.217138   0.933475
      2       0.862244  -0.483394  -0.151213
 A Eigenvalues: 
                  0          1          2    
      0      -0.103672  -0.143179   0.799528
A(iso)  0.184225
