-------------------------------------------------------------
----------------------- !PROPERTIES! ------------------------
-------------------------------------------------------------
# -----------------------------------------------------------
$ PAL_Flags
   description: The PAL Flags
   geom. index: 1
   prop. index: 1
        Diskflag:     2
# -----------------------------------------------------------
$ SCF_Energy
   description: The SCF energy
   geom. index: 1
   prop. index: 1
        SCF Energy:    -1159.9156853073
# -----------------------------------------------------------
$ DFT_Energy
   description: The DFT energy
   geom. index: 1
   prop. index: 1
   Number of Alpha Electrons                105.0001813777 
   Number of Beta  Electrons                104.0001708773 
   Total number of  Electrons               209.0003522549 
   Exchange energy                         -131.3505989052 
   Correlation energy                        -8.1627730388 
   Correlation energy NL                      0.0000000000 
   Exchange-Correlation energy             -139.5133719439 
   Embedding correction                       0.0000000000 
   Total DFT Energy (No VdW correction)   -1159.9156853073 
# -----------------------------------------------------------
$ Mayer_Pop
   description: The Mayer population analysis
   geom. index: 1
   prop. index: 1
     Number of atoms                     : 59
     Threshold for printing              : 0.1000000
     Number of bond orders printed       : 70
  NA   - Mulliken gross atomic population
  ZA   - Total nuclear charge
  QA   - Mulliken gross atomic charge
  VA   - Mayer's total valence
  BVA  - Mayer's bonded valence
  FA   - Mayer's free valence
  ATOM       NA         ZA         QA         VA         BVA        FA
  0   0     6.3073     6.0000    -0.3073     3.8931     3.8874     0.0057
  1   0     6.4157     6.0000    -0.4157     3.7273     3.7254     0.0019
  2   0     6.4221     6.0000    -0.4221     3.7310     3.7306     0.0004
  3   0     5.4958     6.0000     0.5042     3.8308     3.7975     0.0333
  4   0     5.6190     6.0000     0.3810     3.9676     3.9535     0.0141
  5   0     6.4532     6.0000    -0.4532     4.2284     4.1950     0.0334
  6   0     5.4401     6.0000     0.5599     3.8783     3.8720     0.0063
  7   0     5.7564     6.0000     0.2436     3.9303     3.8940     0.0363
  8   0     6.3943     6.0000    -0.3943     4.3186     4.3111     0.0075
  9   0     0.8704     1.0000     0.1296     0.9665     0.9664     0.0001
 10   0     0.8687     1.0000     0.1313     0.9668     0.9668     0.0000
 11   0     6.2630     6.0000    -0.2630     3.9859     3.6142     0.3717
 12   0     0.8747     1.0000     0.1253     0.9833     0.9817     0.0016
 13   0     6.2691     6.0000    -0.2691     3.9679     3.9665     0.0014
 14   0     0.8499     1.0000     0.1501     0.9645     0.9635     0.0010
 15   0     0.8502     1.0000     0.1498     0.9646     0.9636     0.0010
 16   0     6.2829     6.0000    -0.2829     3.9012     3.9012     0.0000
 17   0     0.8475     1.0000     0.1525     0.9642     0.9642     0.0000
 18   0     0.8476     1.0000     0.1524     0.9643     0.9643     0.0000
 19   0     6.5079     6.0000    -0.5079     3.9065     3.9065     0.0000
 20   0     0.8426     1.0000     0.1574     0.9659     0.9659     0.0000
 21   0     0.8426     1.0000     0.1574     0.9659     0.9659     0.0000
 22   0     6.3544     6.0000    -0.3544     4.0263     4.0261     0.0002
 23   0     0.8501     1.0000     0.1499     0.9635     0.9634     0.0001
 24   0     0.8500     1.0000     0.1500     0.9634     0.9633     0.0001
 25   0     6.2680     6.0000    -0.2680     4.0299     4.0299     0.0000
 26   0     0.8606     1.0000     0.1394     0.9669     0.9669     0.0000
 27   0     0.8605     1.0000     0.1395     0.9668     0.9668     0.0000
 28   0     6.2546     6.0000    -0.2546     3.8894     3.8894     0.0000
 29   0     0.8584     1.0000     0.1416     0.9677     0.9677     0.0000
 30   0     0.8584     1.0000     0.1416     0.9677     0.9677     0.0000
 31   0     6.5089     6.0000    -0.5089     3.9018     3.9018     0.0000
 32   0     0.8421     1.0000     0.1579     0.9657     0.9657     0.0000
 33   0     0.8421     1.0000     0.1579     0.9657     0.9657     0.0000
 34   0     6.2890     6.0000    -0.2890     3.9213     3.9203     0.0010
 35   0     0.8554     1.0000     0.1446     0.9675     0.9675     0.0000
 36   0     0.8576     1.0000     0.1424     0.9672     0.9672     0.0000
 37   0     5.4079     6.0000     0.5921     3.9450     3.9450     0.0000
 38   0     6.2822     6.0000    -0.2822     4.2005     4.2004     0.0001
 39   0     6.0979     6.0000    -0.0979     4.0978     4.0978     0.0000
 40   0     6.1213     6.0000    -0.1213     4.0785     4.0784     0.0001
 41   0     6.1022     6.0000    -0.1022     4.1024     4.1024     0.0000
 42   0     6.2734     6.0000    -0.2734     4.1864     4.1863     0.0001
 43   0     0.8945     1.0000     0.1055     0.9585     0.9585     0.0000
 44   0     0.8950     1.0000     0.1050     0.9617     0.9617     0.0000
 45   0     0.8814     1.0000     0.1186     0.9607     0.9607     0.0000
 46   0     0.8818     1.0000     0.1182     0.9607     0.9607     0.0000
 47   0     0.8950     1.0000     0.1050     0.9619     0.9619     0.0000
 48   0     5.4014     6.0000     0.5986     3.9386     3.9384     0.0002
 49   0     6.2833     6.0000    -0.2833     4.1992     4.1988     0.0004
 50   0     6.0986     6.0000    -0.0986     4.1018     4.1017     0.0001
 51   0     6.1236     6.0000    -0.1236     4.0782     4.0776     0.0006
 52   0     6.0997     6.0000    -0.0997     4.0982     4.0981     0.0001
 53   0     6.2780     6.0000    -0.2780     4.2018     4.2013     0.0005
 54   0     0.8948     1.0000     0.1052     0.9586     0.9586     0.0000
 55   0     0.8952     1.0000     0.1048     0.9619     0.9619     0.0000
 56   0     0.8844     1.0000     0.1156     0.9613     0.9613     0.0000
 57   0     0.8817     1.0000     0.1183     0.9610     0.9610     0.0000
 58   0     0.8955     1.0000     0.1045     0.9618     0.9618     0.0000
      Bond orders larger than 0.1000000
           Atom A     A.N. of A          Atom B    A.N. of B              Bond order
                0             6               1            6                2.427867
                0             6              48            6                1.026519
                1             6               3            6                0.794364
                2             6               6            6                0.759704
                2             6              34            6                2.484652
                3             6               4            6                1.278913
                3             6               7            6                0.110249
                3             6               8            6                1.436686
                4             6               5            6                1.222451
                4             6               6            6                0.120446
                4             6              11            6                1.296588
                5             6               6            6                1.495306
                5             6               9            1                0.970834
                6             6               7            6                1.337263
                6             6               8            6                0.113449
                7             6               8            6                1.414182
                7             6              22            6                0.963437
                8             6              10            1                0.972387
               11             6              12            1                0.983144
               11             6              13            6                1.000482
               13             6              14            1                0.954999
               13             6              15            1                0.954864
               13             6              16            6                0.982344
               16             6              17            1                0.972142
               16             6              18            1                0.971989
               16             6              19            6                0.961376
               19             6              20            1                0.972823
               19             6              21            1                0.972850
               19             6              35            1                0.967317
               22             6              23            1                0.954984
               22             6              24            1                0.955199
               22             6              25            6                1.024829
               25             6              26            1                0.960725
               25             6              27            1                0.960807
               25             6              28            6                0.987747
               28             6              29            1                0.971214
               28             6              30            1                0.971227
               28             6              31            6                0.954058
               31             6              32            1                0.973155
               31             6              33            1                0.973157
               31             6              36            1                0.967164
               34             6              37            6                1.013078
               37             6              38            6                1.391267
               37             6              39            6                0.101050
               37             6              42            6                1.386237
               38             6              39            6                1.476306
               38             6              40            6                0.100296
               38             6              45            1                0.982744
               39             6              40            6                1.452488
               39             6              47            1                0.976377
               40             6              41            6                1.455184
               40             6              42            6                0.101340
               40             6              43            1                0.965952
               41             6              42            6                1.476156
               41             6              44            1                0.977225
               42             6              46            1                0.980541
               48             6              49            6                1.384550
               48             6              52            6                0.100578
               48             6              53            6                1.381030
               49             6              50            6                1.477906
               49             6              51            6                0.103260
               49             6              56            1                0.981741
               50             6              51            6                1.452952
               50             6              58            1                0.977118
               51             6              52            6                1.451321
               51             6              53            6                0.100279
               51             6              54            1                0.965898
               52             6              53            6                1.477768
               52             6              55            1                0.976538
               53             6              57            1                0.982851
# -----------------------------------------------------------
$ Calculation_Info
   description: Details of the calculation
   geom. index: 1
   prop. index: 1
     Multiplicity:                          2
     Charge:                                0
     number of atoms:                       59
     number of electrons:                   0
     number of frozen core electrons:       1
     number of correlated electrons:        0
     number of basis functions:             713
     number of aux C basis functions:       5002
     number of aux J basis functions:       5002
     number of aux JK basis functions:      5002
     number of aux CABS basis functions:    0
     Total Energy                           -1159.915685
# -----------------------------------------------------------
$ SCF_Electric_Properties
   description: The SCF Calculated Electric Properties
   geom. index: 1
   prop. index: 1
       Filename                          : EPRII.scfp 
       Do Dipole Moment Calculation      : true 
       Do Quadrupole Moment Calculation  : false 
       Do Polarizability Calculation     : false 
** Dipole moment part of electric properties **
        Magnitude of dipole moment (Debye) :        0.3833001655
        Electronic Contribution:
                  0    
      0      -0.488148
      1       2.194703
      2       0.024421
        Nuclear Contribution:
                  0    
      0       0.635940
      1      -2.164747
      2      -0.024952
        Total Dipole moment:
                  0    
      0       0.147793
      1       0.029956
      2      -0.000531
# -----------------------------------------------------------
$ EPRNMR_GTensor
   description: Electronic g tensor
   geom. index: 1
   prop. index: 1
 Source density: 1 SCF 
 Spin multiplicity: 2 
 raw g tensor: 
                  0          1          2    
      0       2.002783  -0.000115   0.000001
      1      -0.000070   2.002794  -0.000002
      2      -0.000000  -0.000002   2.002186
 g tensor: 
                  0          1          2    
      0      -0.000084   0.728081  -0.685491
      1       0.003110   0.685488   0.728077
      2       0.999995  -0.002071  -0.002322
 G eigenvalues: 
                  0          1          2    
      0       2.002186   2.002696   2.002881
# -----------------------------------------------------------
$ EPRNMR_OrbitalShielding
   description: Orbital contribution to the NMR Shielding tensor (ppm)
   geom. index: 1
   prop. index: 1
 Number of stored nuclei 29
 Source density: 1 SCF 
 Nucleus: 9 H 
 Shielding tensor (ppm): 
                  0          1          2    
      0      27.764968  -5.817373   0.019901
      1      -5.230058  26.193669  -0.023424
      2       0.026123  -0.024490  19.139020
 P Tensor eigenvectors:
                   0          1          2    
      0      -0.000910   0.659536  -0.751673
      1       0.002619   0.751672   0.659532
      2       0.999996  -0.001369  -0.002412
 P Eigenvalues: 
                  0          1          2    
      0      19.138935  21.400345  32.558377
P(iso)  24.365886
 Nucleus: 10 H 
 Shielding tensor (ppm): 
                  0          1          2    
      0      28.631719  -5.921378   0.015527
      1      -5.692546  25.982016  -0.017784
      2       0.018002  -0.018165  18.869999
 P Tensor eigenvectors:
                   0          1          2    
      0      -0.000385   0.625163  -0.780494
      1       0.002187   0.780493   0.625161
      2       0.999998  -0.001467  -0.001668
 P Eigenvalues: 
                  0          1          2    
      0      18.869952  21.350748  33.263033
P(iso)  24.494578
 Nucleus: 12 H 
 Shielding tensor (ppm): 
                  0          1          2    
      0      23.396939   2.583659  -0.011737
      1       1.617299  32.722413  -0.043450
      2      -0.003537  -0.046443  19.627843
 P Tensor eigenvectors:
                   0          1          2    
      0       0.000186  -0.979463  -0.201625
      1       0.003384   0.201624  -0.979457
      2       0.999994  -0.000500   0.003352
 P Eigenvalues: 
                  0          1          2    
      0      19.627689  22.946422  33.173084
P(iso)  25.249065
 Nucleus: 14 H 
 Shielding tensor (ppm): 
                  0          1          2    
      0      29.152731  -1.357483   3.223528
      1      -0.630847  30.528191   0.395663
      2       4.016454   1.376516  27.626590
 P Tensor eigenvectors:
                   0          1          2    
      0      -0.616376  -0.003075  -0.787446
      1      -0.199382   0.968016   0.152287
      2       0.761792   0.250869  -0.597275
 P Eigenvalues: 
                  0          1          2    
      0      24.408685  30.776264  32.122563
P(iso)  29.102504
 Nucleus: 15 H 
 Shielding tensor (ppm): 
                  0          1          2    
      0      29.206200  -1.402416  -3.207018
      1      -0.671377  30.529585  -0.414792
      2      -4.009889  -1.394501  27.566511
 P Tensor eigenvectors:
                   0          1          2    
      0       0.610454   0.014895  -0.791911
      1       0.204725   0.962880   0.175926
      2       0.765136  -0.269519   0.584745
 P Eigenvalues: 
                  0          1          2    
      0      24.388276  30.782820  32.131201
P(iso)  29.100765
 Nucleus: 17 H 
 Shielding tensor (ppm): 
                  0          1          2    
      0      30.996002   0.966565   4.481233
      1       0.485108  30.297388   0.548356
      2       4.373720  -0.742260  28.244119
 P Tensor eigenvectors:
                   0          1          2    
      0      -0.595835   0.053807   0.801302
      1       0.083058  -0.988274   0.128122
      2       0.798800   0.142894   0.584379
 P Eigenvalues: 
                  0          1          2    
      0      24.936006  30.275757  34.325746
P(iso)  29.845836
 Nucleus: 18 H 
 Shielding tensor (ppm): 
                  0          1          2    
      0      31.064517   0.929562  -4.483112
      1       0.453129  30.299239  -0.558298
      2      -4.366139   0.721245  28.170688
 P Tensor eigenvectors:
                   0          1          2    
      0       0.589894  -0.055692  -0.805558
      1      -0.076043   0.989354  -0.124083
      2       0.803892   0.134453   0.579379
 P Eigenvalues: 
                  0          1          2    
      0      24.921578  30.274887  34.337980
P(iso)  29.844815
 Nucleus: 20 H 
 Shielding tensor (ppm): 
                  0          1          2    
      0      30.151111   1.601921  -3.882400
      1       2.343205  31.107845  -2.654005
      2      -3.173069  -2.218707  30.857600
 P Tensor eigenvectors:
                   0          1          2    
      0       0.726181   0.400941  -0.558486
      1       0.058642  -0.845502  -0.530742
      2       0.684997  -0.352664   0.637500
 P Eigenvalues: 
                  0          1          2    
      0      26.948549  29.130227  36.037780
P(iso)  30.705519
 Nucleus: 21 H 
 Shielding tensor (ppm): 
                  0          1          2    
      0      30.095583   1.622979   3.854032
      1       2.351986  31.149830   2.676347
      2       3.136845   2.230800  30.869086
 P Tensor eigenvectors:
                   0          1          2    
      0       0.731438   0.398891   0.553068
      1       0.053014  -0.841869   0.537072
      2      -0.679844   0.363514   0.636922
 P Eigenvalues: 
                  0          1          2    
      0      26.957015  29.122092  36.035393
P(iso)  30.704833
 Nucleus: 23 H 
 Shielding tensor (ppm): 
                  0          1          2    
      0      29.206554   1.971842  -3.350790
      1       1.302487  31.252594  -0.223792
      2      -4.473084   0.884385  25.791516
 P Tensor eigenvectors:
                   0          1          2    
      0       0.550565  -0.488649  -0.676831
      1      -0.132575   0.749307  -0.648816
      2       0.824198   0.446947   0.347760
 P Eigenvalues: 
                  0          1          2    
      0      23.061220  30.404211  32.785233
P(iso)  28.750221
 Nucleus: 24 H 
 Shielding tensor (ppm): 
                  0          1          2    
      0      29.195803   1.982619   3.343917
      1       1.321075  31.244992   0.201817
      2       4.468988  -0.909253  25.811369
 P Tensor eigenvectors:
                   0          1          2    
      0      -0.551825  -0.487199  -0.676850
      1       0.136380   0.747965  -0.649576
      2       0.822733  -0.450761  -0.346301
 P Eigenvalues: 
                  0          1          2    
      0      23.067927  30.404975  32.779263
P(iso)  28.750722
 Nucleus: 26 H 
 Shielding tensor (ppm): 
                  0          1          2    
      0      30.585031  -0.893720  -3.804459
      1      -0.727392  31.412072  -0.196569
      2      -3.719498  -1.443803  27.878148
 P Tensor eigenvectors:
                   0          1          2    
      0       0.570613  -0.004924  -0.821204
      1       0.165870   0.980063   0.109378
      2       0.804293  -0.198626   0.560054
 P Eigenvalues: 
                  0          1          2    
      0      25.031415  31.592419  33.251416
P(iso)  29.958417
 Nucleus: 27 H 
 Shielding tensor (ppm): 
                  0          1          2    
      0      30.573218  -0.877168   3.809594
      1      -0.709812  31.419977   0.180730
      2       3.723687   1.429315  27.885593
 P Tensor eigenvectors:
                   0          1          2    
      0      -0.571852  -0.006324  -0.820332
      1      -0.162471   0.981036   0.105696
      2       0.804107   0.193722  -0.562035
 P Eigenvalues: 
                  0          1          2    
      0      25.035963  31.593907  33.248918
P(iso)  29.959596
 Nucleus: 29 H 
 Shielding tensor (ppm): 
                  0          1          2    
      0      30.954460   0.354788  -4.665071
      1       0.120999  30.990801   0.443385
      2      -4.273872   1.200683  28.214191
 P Tensor eigenvectors:
                   0          1          2    
      0       0.589325  -0.148056   0.794214
      1      -0.122244  -0.988087  -0.093490
      2       0.798594  -0.041992  -0.600404
 P Eigenvalues: 
                  0          1          2    
      0      24.805667  31.067352  34.286433
P(iso)  30.053151
 Nucleus: 30 H 
 Shielding tensor (ppm): 
                  0          1          2    
      0      30.938551   0.373780   4.666972
      1       0.138267  30.982911  -0.454768
      2       4.275968  -1.213162  28.237773
 P Tensor eigenvectors:
                   0          1          2    
      0      -0.590712  -0.148653   0.793071
      1       0.125561  -0.987845  -0.091638
      2       0.797053   0.045448   0.602197
 P Eigenvalues: 
                  0          1          2    
      0      24.807965  31.065917  34.285352
P(iso)  30.053078
 Nucleus: 32 H 
 Shielding tensor (ppm): 
                  0          1          2    
      0      30.325563   1.647682   4.013449
      1       2.520866  30.899896   2.360879
      2       3.336734   1.989463  30.753754
 P Tensor eigenvectors:
                   0          1          2    
      0       0.733541   0.333651   0.592110
      1      -0.012581  -0.864389   0.502666
      2      -0.679529   0.376175   0.629867
 P Eigenvalues: 
                  0          1          2    
      0      26.858308  29.121016  35.999888
P(iso)  30.659737
 Nucleus: 33 H 
 Shielding tensor (ppm): 
                  0          1          2    
      0      30.342030   1.634499  -4.023143
      1       2.511544  30.882774  -2.355255
      2      -3.349791  -1.985525  30.754866
 P Tensor eigenvectors:
                   0          1          2    
      0       0.731960   0.334515  -0.593577
      1      -0.009652  -0.866003  -0.499945
      2       0.681279  -0.371669   0.630651
 P Eigenvalues: 
                  0          1          2    
      0      26.856292  29.123040  36.000337
P(iso)  30.659890
 Nucleus: 35 H 
 Shielding tensor (ppm): 
                  0          1          2    
      0      29.702548  -2.471596   0.023971
      1      -3.860669  35.908918  -0.060820
      2       0.030761  -0.057403  25.728080
 P Tensor eigenvectors:
                   0          1          2    
      0      -0.003003  -0.917793   0.397048
      1       0.004866  -0.397058  -0.917780
      2       0.999984  -0.000824   0.005658
 P Eigenvalues: 
                  0          1          2    
      0      25.727710  28.373428  37.238408
P(iso)  30.446515
 Nucleus: 36 H 
 Shielding tensor (ppm): 
                  0          1          2    
      0      29.043183  -1.916485   0.007462
      1      -3.182503  36.600699  -0.026462
      2       0.010151  -0.025248  25.691551
 P Tensor eigenvectors:
                   0          1          2    
      0      -0.001003  -0.953422   0.301638
      1       0.002135  -0.301639  -0.953420
      2       0.999997  -0.000312   0.002338
 P Eigenvalues: 
                  0          1          2    
      0      25.691487  28.264397  37.379549
P(iso)  30.445144
 Nucleus: 43 H 
 Shielding tensor (ppm): 
                  0          1          2    
      0      24.145318  -0.028674   0.000134
      1      -0.024412  27.371566  -0.006297
      2       0.000017  -0.006231  21.428009
 P Tensor eigenvectors:
                   0          1          2    
      0      -0.000019  -0.999967   0.008185
      1       0.001055  -0.008185  -0.999966
      2       0.999999  -0.000010   0.001055
 P Eigenvalues: 
                  0          1          2    
      0      21.428003  24.145100  27.371791
P(iso)  24.314964
 Nucleus: 44 H 
 Shielding tensor (ppm): 
                  0          1          2    
      0      27.221567   1.642427  -0.001756
      1       1.622097  24.565902  -0.004092
      2      -0.001339  -0.004086  21.200591
 P Tensor eigenvectors:
                   0          1          2    
      0      -0.000079  -0.429680  -0.902981
      1       0.001255   0.902981  -0.429679
      2       0.999999  -0.001168   0.000468
 P Eigenvalues: 
                  0          1          2    
      0      21.200586  23.789595  27.997879
P(iso)  24.329353
 Nucleus: 45 H 
 Shielding tensor (ppm): 
                  0          1          2    
      0      27.479580   3.492321  -0.002181
      1       2.517711  24.524916  -0.005191
      2      -0.000128  -0.004641  20.101165
 P Tensor eigenvectors:
                   0          1          2    
      0      -0.000403  -0.536519  -0.843888
      1       0.001392   0.843887  -0.536519
      2       0.999999  -0.001390   0.000407
 P Eigenvalues: 
                  0          1          2    
      0      20.101159  22.654314  29.350188
P(iso)  24.035220
 Nucleus: 46 H 
 Shielding tensor (ppm): 
                  0          1          2    
      0      28.388220  -2.812485   0.002386
      1      -1.924088  23.867012  -0.006201
      2       0.001227  -0.004600  19.787720
 P Tensor eigenvectors:
                   0          1          2    
      0       0.000187   0.401202  -0.915990
      1       0.001448   0.915989   0.401202
      2       0.999999  -0.001401  -0.000410
 P Eigenvalues: 
                  0          1          2    
      0      19.787713  22.854089  29.401150
P(iso)  24.014317
 Nucleus: 47 H 
 Shielding tensor (ppm): 
                  0          1          2    
      0      27.210371  -1.357462   0.001670
      1      -1.357373  24.481136  -0.003592
      2       0.002368  -0.003412  21.259294
 P Tensor eigenvectors:
                   0          1          2    
      0      -0.000094   0.381463  -0.924384
      1       0.001047   0.924384   0.381462
      2       0.999999  -0.000932  -0.000486
 P Eigenvalues: 
                  0          1          2    
      0      21.259290  23.920980  27.770532
P(iso)  24.316934
 Nucleus: 54 H 
 Shielding tensor (ppm): 
                  0          1          2    
      0      24.172283  -0.214152   0.000317
      1      -0.214698  27.344189  -0.006463
      2       0.000132  -0.006479  21.235088
 P Tensor eigenvectors:
                   0          1          2    
      0      -0.000001  -0.997743   0.067148
      1       0.001059  -0.067148  -0.997742
      2       0.999999   0.000070   0.001057
 P Eigenvalues: 
                  0          1          2    
      0      21.235081  24.157853  27.358626
P(iso)  24.250520
 Nucleus: 55 H 
 Shielding tensor (ppm): 
                  0          1          2    
      0      27.367053  -1.267920   0.001523
      1      -1.257198  24.323268  -0.003617
      2       0.002024  -0.003525  21.041737
 P Tensor eigenvectors:
                   0          1          2    
      0      -0.000063   0.339485  -0.940612
      1       0.001063   0.940611   0.339485
      2       0.999999  -0.000979  -0.000420
 P Eigenvalues: 
                  0          1          2    
      0      21.041733  23.867737  27.822587
P(iso)  24.244019
 Nucleus: 56 H 
 Shielding tensor (ppm): 
                  0          1          2    
      0      28.392827  -2.696281   0.001089
      1      -1.822434  23.839550  -0.007582
      2      -0.001388  -0.005399  20.001105
 P Tensor eigenvectors:
                   0          1          2    
      0       0.000557   0.388643  -0.921388
      1       0.002042   0.921386   0.388643
      2       0.999998  -0.002098  -0.000280
 P Eigenvalues: 
                  0          1          2    
      0      20.001092  22.909193  29.323197
P(iso)  24.077827
 Nucleus: 57 H 
 Shielding tensor (ppm): 
                  0          1          2    
      0      27.323982   3.526937  -0.002406
      1       2.617209  24.689557  -0.005051
      2      -0.000345  -0.004927  20.248192
 P Tensor eigenvectors:
                   0          1          2    
      0      -0.000411  -0.557700  -0.830042
      1       0.001411   0.830041  -0.557700
      2       0.999999  -0.001400   0.000446
 P Eigenvalues: 
                  0          1          2    
      0      20.248185  22.664729  29.348816
P(iso)  24.087244
 Nucleus: 58 H 
 Shielding tensor (ppm): 
                  0          1          2    
      0      26.993837   1.739549  -0.002016
      1       1.705622  24.761925  -0.004818
      2      -0.001950  -0.005070  21.012591
 P Tensor eigenvectors:
                   0          1          2    
      0      -0.000055  -0.477933  -0.878396
      1       0.001341   0.878396  -0.477932
      2       0.999999  -0.001205   0.000593
 P Eigenvalues: 
                  0          1          2    
      0      21.012585  23.825410  27.930359
P(iso)  24.256118
# -----------------------------------------------------------
$ EPRNMR_ATensor
   description: Hyperfine A tensor
   geom. index: 1
   prop. index: 1
 Number of stored nuclei 29
 Source density: 1 SCF 
 Spin multiplicity: 2 
 Nucleus: 9 H  
 Isotope: 1 
 Nuclear Spin:  0.5 
 Prefactor (MHz): 533.551395 
 Raw A tensor (MHz): 
                  0          1          2    
      0     -15.024756   5.988165  -0.015629
      1       5.990874 -12.260192  -0.016567
      2      -0.015635  -0.016571 -16.433878
 A Tensor eigenvectors:
                   0          1          2    
      0       0.622525   0.001133   0.782599
      1       0.782596   0.002343  -0.622526
      2      -0.002539   0.999997   0.000572
 A Eigenvalues: 
                  0          1          2    
      0      -7.495462 -16.433935 -19.789429
A(iso)  -14.572942
 Nucleus: 10 H  
 Isotope: 1 
 Nuclear Spin:  0.5 
 Prefactor (MHz): 533.551395 
 Raw A tensor (MHz): 
                  0          1          2    
      0       7.877041  -2.147468   0.006540
      1      -2.148624   6.412996  -0.007181
      2       0.006544  -0.007181   4.122928
 A Tensor eigenvectors:
                   0          1          2    
      0       0.000111   0.581962  -0.813216
      1       0.003240   0.813212   0.581959
      2       0.999995  -0.002699  -0.001795
 A Eigenvalues: 
                  0          1          2    
      0       4.122906   4.875672   9.414388
A(iso)  6.137655
 Nucleus: 12 H  
 Isotope: 1 
 Nuclear Spin:  0.5 
 Prefactor (MHz): 533.551395 
 Raw A tensor (MHz): 
                  0          1          2    
      0     -20.072029   1.629647   0.012522
      1       1.627924 -73.266799   0.080774
      2       0.012532   0.080784 -48.459058
 A Tensor eigenvectors:
                   0          1          2    
      0       0.999532   0.000626  -0.030591
      1       0.030593  -0.003215   0.999527
      2       0.000527  -0.999995  -0.003232
 A Eigenvalues: 
                  0          1          2    
      0     -20.022195 -48.458806 -73.316885
A(iso)  -47.265962
 Nucleus: 14 H  
 Isotope: 1 
 Nuclear Spin:  0.5 
 Prefactor (MHz): 533.551395 
 Raw A tensor (MHz): 
                  0          1          2    
      0      72.259295   3.527468   1.954084
      1       3.526392  74.050057   1.913348
      2       1.952575   1.913536  69.071632
 A Tensor eigenvectors:
                   0          1          2    
      0      -0.371040   0.712051   0.596082
      1      -0.077941  -0.663517   0.744090
      2       0.925340   0.229628   0.301689
 A Eigenvalues: 
                  0          1          2    
      0      68.127407  69.602647  77.650930
A(iso)  71.793661
 Nucleus: 15 H  
 Isotope: 1 
 Nuclear Spin:  0.5 
 Prefactor (MHz): 533.551395 
 Raw A tensor (MHz): 
                  0          1          2    
      0      71.805146   3.518584  -1.962540
      1       3.517505  73.523072  -1.931918
      2      -1.961015  -1.932105  68.581921
 A Tensor eigenvectors:
                   0          1          2    
      0       0.362312   0.714397   0.598638
      1       0.087903  -0.665604   0.741110
      2       0.927902  -0.215891  -0.303954
 A Eigenvalues: 
                  0          1          2    
      0      67.633070  69.120194  77.156876
A(iso)  71.303380
 Nucleus: 17 H  
 Isotope: 1 
 Nuclear Spin:  0.5 
 Prefactor (MHz): 533.551395 
 Raw A tensor (MHz): 
                  0          1          2    
      0      -2.328047  -2.063613   0.660010
      1      -2.063379   1.686086  -1.351944
      2       0.659421  -1.350826  -2.867207
 A Tensor eigenvectors:
                   0          1          2    
      0       0.379840   0.693783  -0.611872
      1      -0.890556   0.453201  -0.038972
      2       0.250263   0.559710   0.789996
 A Eigenvalues: 
                  0          1          2    
      0       2.945586  -3.143336  -3.311418
A(iso)  -1.169723
 Nucleus: 18 H  
 Isotope: 1 
 Nuclear Spin:  0.5 
 Prefactor (MHz): 533.551395 
 Raw A tensor (MHz): 
                  0          1          2    
      0      -2.316913  -2.078839  -0.634580
      1      -2.078604   1.703483   1.295601
      2      -0.634004   1.294495  -2.894085
 A Tensor eigenvectors:
                   0          1          2    
      0      -0.381907  -0.691615   0.613039
      1       0.892563  -0.448082   0.050528
      2       0.239745   0.566473   0.788435
 A Eigenvalues: 
                  0          1          2    
      0       2.940412  -3.143737  -3.304190
A(iso)  -1.169172
 Nucleus: 20 H  
 Isotope: 1 
 Nuclear Spin:  0.5 
 Prefactor (MHz): 533.551395 
 Raw A tensor (MHz): 
                  0          1          2    
      0       0.078252   0.259616  -0.102688
      1       0.259962   2.201150  -0.387623
      2      -0.102839  -0.387433   0.109298
 A Tensor eigenvectors:
                   0          1          2    
      0      -0.679545  -0.723404   0.122088
      1      -0.048584   0.210425   0.976402
      2      -0.732023   0.657577  -0.178139
 A Eigenvalues: 
                  0          1          2    
      0      -0.012749   0.097107   2.304342
A(iso)  0.796233
 Nucleus: 21 H  
 Isotope: 1 
 Nuclear Spin:  0.5 
 Prefactor (MHz): 533.551395 
 Raw A tensor (MHz): 
                  0          1          2    
      0       0.076457   0.255771   0.100652
      1       0.256117   2.209616   0.369643
      2       0.100799   0.369454   0.104440
 A Tensor eigenvectors:
                   0          1          2    
      0       0.687710   0.716012  -0.119923
      1       0.041495  -0.203684  -0.978157
      2      -0.724799   0.667712  -0.169787
 A Eigenvalues: 
                  0          1          2    
      0      -0.013205   0.098571   2.305147
A(iso)  0.796838
 Nucleus: 23 H  
 Isotope: 1 
 Nuclear Spin:  0.5 
 Prefactor (MHz): 533.551395 
 Raw A tensor (MHz): 
                  0          1          2    
      0      25.842701  -1.505433  -0.897764
      1      -1.504943  25.854845   0.466586
      2      -0.897147   0.466755  24.517440
 A Tensor eigenvectors:
                   0          1          2    
      0      -0.598112   0.402188   0.693185
      1      -0.295081   0.693668  -0.657078
      2      -0.745110  -0.597553  -0.296213
 A Eigenvalues: 
                  0          1          2    
      0      23.981975  24.579980  27.653032
A(iso)  25.404995
 Nucleus: 24 H  
 Isotope: 1 
 Nuclear Spin:  0.5 
 Prefactor (MHz): 533.551395 
 Raw A tensor (MHz): 
                  0          1          2    
      0      25.873587  -1.500701   0.906691
      1      -1.500215  25.885710  -0.474600
      2       0.906073  -0.474769  24.559037
 A Tensor eigenvectors:
                   0          1          2    
      0       0.599484   0.401142   0.692606
      1       0.291942   0.696132  -0.655874
      2      -0.745244   0.595387   0.300210
 A Eigenvalues: 
                  0          1          2    
      0      24.016008  24.614943  27.687384
A(iso)  25.439445
 Nucleus: 26 H  
 Isotope: 1 
 Nuclear Spin:  0.5 
 Prefactor (MHz): 533.551395 
 Raw A tensor (MHz): 
                  0          1          2    
      0      -0.829026   0.335118  -0.084363
      1       0.334655   0.756092  -0.399101
      2      -0.084132  -0.398846  -0.938526
 A Tensor eigenvectors:
                   0          1          2    
      0       0.978617   0.194361   0.067319
      1      -0.204231   0.957061   0.205726
      2      -0.024443  -0.215076   0.976291
 A Eigenvalues: 
                  0          1          2    
      0      -0.896792   0.913705  -1.028373
A(iso)  -0.337153
 Nucleus: 27 H  
 Isotope: 1 
 Nuclear Spin:  0.5 
 Prefactor (MHz): 533.551395 
 Raw A tensor (MHz): 
                  0          1          2    
      0      -0.830928   0.334945   0.083269
      1       0.334482   0.759075   0.391875
      2       0.083040   0.391619  -0.943573
 A Tensor eigenvectors:
                   0          1          2    
      0       0.978442   0.193971  -0.070894
      1      -0.204477   0.958064  -0.200754
      2       0.028981   0.210923   0.977073
 A Eigenvalues: 
                  0          1          2    
      0      -0.898401   0.913038  -1.030062
A(iso)  -0.338475
 Nucleus: 29 H  
 Isotope: 1 
 Nuclear Spin:  0.5 
 Prefactor (MHz): 533.551395 
 Raw A tensor (MHz): 
                  0          1          2    
      0      -0.027306  -0.282473  -0.061519
      1      -0.282632   0.698581   0.122138
      2      -0.061529   0.122048  -0.086908
 A Tensor eigenvectors:
                   0          1          2    
      0       0.465217   0.823829   0.323851
      1       0.293927   0.201330  -0.934384
      2      -0.834973   0.529880  -0.148483
 A Eigenvalues: 
                  0          1          2    
      0      -0.095551  -0.136011   0.815929
A(iso)  0.194789
 Nucleus: 30 H  
 Isotope: 1 
 Nuclear Spin:  0.5 
 Prefactor (MHz): 533.551395 
 Raw A tensor (MHz): 
                  0          1          2    
      0      -0.027381  -0.281814   0.062907
      1      -0.281973   0.697789  -0.125911
      2       0.062919  -0.125821  -0.085403
