-------------------------------------------------------------
----------------------- !PROPERTIES! ------------------------
-------------------------------------------------------------
# -----------------------------------------------------------
$ PAL_Flags
   description: The PAL Flags
   geom. index: 1
   prop. index: 1
        Diskflag:     2
# -----------------------------------------------------------
$ SCF_Energy
   description: The SCF energy
   geom. index: 1
   prop. index: 1
        SCF Energy:    -1159.9156805811
# -----------------------------------------------------------
$ DFT_Energy
   description: The DFT energy
   geom. index: 1
   prop. index: 1
   Number of Alpha Electrons                105.0001814228 
   Number of Beta  Electrons                104.0001709126 
   Total number of  Electrons               209.0003523354 
   Exchange energy                         -131.3504593049 
   Correlation energy                        -8.1627596209 
   Correlation energy NL                      0.0000000000 
   Exchange-Correlation energy             -139.5132189258 
   Embedding correction                       0.0000000000 
   Total DFT Energy (No VdW correction)   -1159.9156805811 
# -----------------------------------------------------------
$ Mayer_Pop
   description: The Mayer population analysis
   geom. index: 1
   prop. index: 1
     Number of atoms                     : 59
     Threshold for printing              : 0.1000000
     Number of bond orders printed       : 70
  NA   - Mulliken gross atomic population
  ZA   - Total nuclear charge
  QA   - Mulliken gross atomic charge
  VA   - Mayer's total valence
  BVA  - Mayer's bonded valence
  FA   - Mayer's free valence
  ATOM       NA         ZA         QA         VA         BVA        FA
  0   0     6.3020     6.0000    -0.3020     3.8940     3.8883     0.0057
  1   0     6.4206     6.0000    -0.4206     3.7275     3.7256     0.0019
  2   0     6.4158     6.0000    -0.4158     3.7314     3.7310     0.0004
  3   0     5.4978     6.0000     0.5022     3.8312     3.7978     0.0334
  4   0     5.6200     6.0000     0.3800     3.9674     3.9532     0.0142
  5   0     6.4529     6.0000    -0.4529     4.2283     4.1943     0.0340
  6   0     5.4392     6.0000     0.5608     3.8787     3.8722     0.0065
  7   0     5.7550     6.0000     0.2450     3.9301     3.8937     0.0364
  8   0     6.3940     6.0000    -0.3940     4.3187     4.3111     0.0076
  9   0     0.8705     1.0000     0.1295     0.9665     0.9663     0.0002
 10   0     0.8688     1.0000     0.1312     0.9668     0.9668     0.0000
 11   0     6.2637     6.0000    -0.2637     3.9860     3.6139     0.3721
 12   0     0.8746     1.0000     0.1254     0.9833     0.9817     0.0016
 13   0     6.2690     6.0000    -0.2690     3.9680     3.9666     0.0014
 14   0     0.8499     1.0000     0.1501     0.9645     0.9635     0.0010
 15   0     0.8502     1.0000     0.1498     0.9646     0.9636     0.0010
 16   0     6.2828     6.0000    -0.2828     3.9012     3.9012     0.0000
 17   0     0.8475     1.0000     0.1525     0.9642     0.9642     0.0000
 18   0     0.8476     1.0000     0.1524     0.9642     0.9642     0.0000
 19   0     6.5080     6.0000    -0.5080     3.9065     3.9065     0.0000
 20   0     0.8425     1.0000     0.1575     0.9659     0.9659     0.0000
 21   0     0.8425     1.0000     0.1575     0.9659     0.9659     0.0000
 22   0     6.3542     6.0000    -0.3542     4.0262     4.0260     0.0002
 23   0     0.8502     1.0000     0.1498     0.9635     0.9634     0.0001
 24   0     0.8502     1.0000     0.1498     0.9635     0.9634     0.0001
 25   0     6.2679     6.0000    -0.2679     4.0299     4.0299     0.0000
 26   0     0.8606     1.0000     0.1394     0.9669     0.9669     0.0000
 27   0     0.8605     1.0000     0.1395     0.9669     0.9669     0.0000
 28   0     6.2547     6.0000    -0.2547     3.8894     3.8894     0.0000
 29   0     0.8584     1.0000     0.1416     0.9677     0.9677     0.0000
 30   0     0.8584     1.0000     0.1416     0.9677     0.9677     0.0000
 31   0     6.5092     6.0000    -0.5092     3.9017     3.9017     0.0000
 32   0     0.8420     1.0000     0.1580     0.9657     0.9657     0.0000
 33   0     0.8420     1.0000     0.1580     0.9657     0.9657     0.0000
 34   0     6.2947     6.0000    -0.2947     3.9208     3.9198     0.0010
 35   0     0.8554     1.0000     0.1446     0.9675     0.9675     0.0000
 36   0     0.8575     1.0000     0.1425     0.9672     0.9672     0.0000
 37   0     5.4104     6.0000     0.5896     3.9457     3.9457     0.0000
 38   0     6.2829     6.0000    -0.2829     4.2006     4.2005     0.0001
 39   0     6.0970     6.0000    -0.0970     4.0978     4.0978     0.0000
 40   0     6.1201     6.0000    -0.1201     4.0785     4.0784     0.0001
 41   0     6.1013     6.0000    -0.1013     4.1025     4.1025     0.0000
 42   0     6.2740     6.0000    -0.2740     4.1864     4.1863     0.0001
 43   0     0.8946     1.0000     0.1054     0.9585     0.9585     0.0000
 44   0     0.8950     1.0000     0.1050     0.9617     0.9617     0.0000
 45   0     0.8812     1.0000     0.1188     0.9607     0.9607     0.0000
 46   0     0.8816     1.0000     0.1184     0.9607     0.9607     0.0000
 47   0     0.8950     1.0000     0.1050     0.9619     0.9619     0.0000
 48   0     5.4007     6.0000     0.5993     3.9383     3.9381     0.0002
 49   0     6.2830     6.0000    -0.2830     4.1991     4.1986     0.0005
 50   0     6.0989     6.0000    -0.0989     4.1018     4.1017     0.0001
 51   0     6.1231     6.0000    -0.1231     4.0782     4.0776     0.0006
 52   0     6.0998     6.0000    -0.0998     4.0981     4.0980     0.0001
 53   0     6.2776     6.0000    -0.2776     4.2018     4.2013     0.0005
 54   0     0.8950     1.0000     0.1050     0.9586     0.9586     0.0000
 55   0     0.8954     1.0000     0.1046     0.9619     0.9619     0.0000
 56   0     0.8846     1.0000     0.1154     0.9613     0.9613     0.0000
 57   0     0.8819     1.0000     0.1181     0.9610     0.9610     0.0000
 58   0     0.8957     1.0000     0.1043     0.9618     0.9618     0.0000
      Bond orders larger than 0.1000000
           Atom A     A.N. of A          Atom B    A.N. of B              Bond order
                0             6               1            6                2.428173
                0             6              48            6                1.026632
                1             6               3            6                0.794571
                2             6               6            6                0.760269
                2             6              34            6                2.484522
                3             6               4            6                1.278878
                3             6               7            6                0.110237
                3             6               8            6                1.436854
                4             6               5            6                1.222661
                4             6               6            6                0.120450
                4             6              11            6                1.296437
                5             6               6            6                1.494701
                5             6               9            1                0.970887
                6             6               7            6                1.337285
                6             6               8            6                0.113605
                7             6               8            6                1.413917
                7             6              22            6                0.963264
                8             6              10            1                0.972404
               11             6              12            1                0.983100
               11             6              13            6                1.000510
               13             6              14            1                0.955008
               13             6              15            1                0.954871
               13             6              16            6                0.982324
               16             6              17            1                0.972143
               16             6              18            1                0.971989
               16             6              19            6                0.961378
               19             6              20            1                0.972813
               19             6              21            1                0.972840
               19             6              35            1                0.967293
               22             6              23            1                0.955047
               22             6              24            1                0.955260
               22             6              25            6                1.024869
               25             6              26            1                0.960734
               25             6              27            1                0.960817
               25             6              28            6                0.987715
               28             6              29            1                0.971221
               28             6              30            1                0.971234
               28             6              31            6                0.954062
               31             6              32            1                0.973129
               31             6              33            1                0.973131
               31             6              36            1                0.967142
               34             6              37            6                1.013256
               37             6              38            6                1.391578
               37             6              39            6                0.101019
               37             6              42            6                1.386535
               38             6              39            6                1.476334
               38             6              40            6                0.100365
               38             6              45            1                0.982666
               39             6              40            6                1.452394
               39             6              47            1                0.976380
               40             6              41            6                1.455100
               40             6              42            6                0.101401
               40             6              43            1                0.965995
               41             6              42            6                1.476182
               41             6              44            1                0.977235
               42             6              46            1                0.980481
               48             6              49            6                1.384363
               48             6              52            6                0.100573
               48             6              53            6                1.380868
               49             6              50            6                1.477878
               49             6              51            6                0.103254
               49             6              56            1                0.981835
               50             6              51            6                1.452932
               50             6              58            1                0.977184
               51             6              52            6                1.451274
               51             6              53            6                0.100292
               51             6              54            1                0.965969
               52             6              53            6                1.477723
               52             6              55            1                0.976602
               53             6              57            1                0.982942
# -----------------------------------------------------------
$ Calculation_Info
   description: Details of the calculation
   geom. index: 1
   prop. index: 1
     Multiplicity:                          2
     Charge:                                0
     number of atoms:                       59
     number of electrons:                   0
     number of frozen core electrons:       1
     number of correlated electrons:        0
     number of basis functions:             713
     number of aux C basis functions:       5002
     number of aux J basis functions:       5002
     number of aux JK basis functions:      5002
     number of aux CABS basis functions:    0
     Total Energy                           -1159.915681
# -----------------------------------------------------------
$ SCF_Electric_Properties
   description: The SCF Calculated Electric Properties
   geom. index: 1
   prop. index: 1
       Filename                          : EPRII_i.scfp 
       Do Dipole Moment Calculation      : true 
       Do Quadrupole Moment Calculation  : false 
       Do Polarizability Calculation     : false 
** Dipole moment part of electric properties **
        Magnitude of dipole moment (Debye) :        0.3511417750
        Electronic Contribution:
                  0    
      0      -0.499990
      1       2.189281
      2       0.024396
        Nuclear Contribution:
                  0    
      0       0.635940
      1      -2.164747
      2      -0.024952
        Total Dipole moment:
                  0    
      0       0.135950
      1       0.024534
      2      -0.000556
# -----------------------------------------------------------
$ EPRNMR_GTensor
   description: Electronic g tensor
   geom. index: 1
   prop. index: 1
 Source density: 1 SCF 
 Spin multiplicity: 2 
 raw g tensor: 
                  0          1          2    
      0       2.002793  -0.000111   0.000001
      1      -0.000054   2.002779  -0.000002
      2      -0.000000  -0.000002   2.002186
 g tensor: 
                  0          1          2    
      0      -0.000104   0.677518  -0.735506
      1       0.003112   0.735503   0.677515
      2       0.999995  -0.002219  -0.002185
 G eigenvalues: 
                  0          1          2    
      0       2.002186   2.002703   2.002869
# -----------------------------------------------------------
$ EPRNMR_OrbitalShielding
   description: Orbital contribution to the NMR Shielding tensor (ppm)
   geom. index: 1
   prop. index: 1
 Number of stored nuclei 29
 Source density: 1 SCF 
 Nucleus: 9 H 
 Shielding tensor (ppm): 
                  0          1          2    
      0      27.797596  -5.758995   0.019751
      1      -5.179706  26.216662  -0.023143
      2       0.025942  -0.024266  19.188161
 P Tensor eigenvectors:
                   0          1          2    
      0      -0.000933   0.658630  -0.752466
      1       0.002583   0.752466   0.658626
      2       0.999996  -0.001330  -0.002403
 P Eigenvalues: 
                  0          1          2    
      0      19.188077  21.481273  32.533069
P(iso)  24.400806
 Nucleus: 10 H 
 Shielding tensor (ppm): 
                  0          1          2    
      0      28.607445  -5.965413   0.015793
      1      -5.726536  25.967390  -0.017865
      2       0.018335  -0.018131  18.865488
 P Tensor eigenvectors:
                   0          1          2    
      0      -0.000424   0.626107  -0.779737
      1       0.002160   0.779736   0.626105
      2       0.999998  -0.001419  -0.001683
 P Eigenvalues: 
                  0          1          2    
      0      18.865442  21.294326  33.280556
P(iso)  24.480108
 Nucleus: 12 H 
 Shielding tensor (ppm): 
                  0          1          2    
      0      23.382817   2.585857  -0.011690
      1       1.667684  32.745447  -0.043370
      2      -0.003738  -0.046322  19.589951
 P Tensor eigenvectors:
                   0          1          2    
      0       0.000195  -0.979054  -0.203602
      1       0.003359   0.203602  -0.979048
      2       0.999994  -0.000493   0.003329
 P Eigenvalues: 
                  0          1          2    
      0      19.589798  22.923045  33.205372
P(iso)  25.239405
 Nucleus: 14 H 
 Shielding tensor (ppm): 
                  0          1          2    
      0      29.156237  -1.343904   3.236856
      1      -0.599889  30.540493   0.389520
      2       3.992681   1.398759  27.647732
 P Tensor eigenvectors:
                   0          1          2    
      0      -0.617044  -0.015299  -0.786780
      1      -0.198212   0.970597   0.136578
      2       0.761557   0.240224  -0.601933
 P Eigenvalues: 
                  0          1          2    
      0      24.430799  30.792485  32.121179
P(iso)  29.114821
 Nucleus: 15 H 
 Shielding tensor (ppm): 
                  0          1          2    
      0      29.209694  -1.388827  -3.220641
      1      -0.640247  30.541874  -0.408543
      2      -3.986826  -1.416811  27.587760
 P Tensor eigenvectors:
                   0          1          2    
      0       0.611111   0.002729  -0.791540
      1       0.203571   0.965815   0.160498
      2       0.764920  -0.259217   0.589665
 P Eigenvalues: 
                  0          1          2    
      0      24.410105  30.800106  32.129117
P(iso)  29.113109
 Nucleus: 17 H 
 Shielding tensor (ppm): 
                  0          1          2    
      0      30.991174   0.938319   4.491039
      1       0.497397  30.295554   0.548087
      2       4.354783  -0.777058  28.158342
 P Tensor eigenvectors:
                   0          1          2    
      0      -0.592455   0.052069   0.803919
      1       0.083387  -0.988585   0.125483
      2       0.801276   0.141380   0.581350
 P Eigenvalues: 
                  0          1          2    
      0      24.882017  30.277939  34.285113
P(iso)  29.815023
 Nucleus: 18 H 
 Shielding tensor (ppm): 
                  0          1          2    
      0      31.059621   0.900973  -4.492648
      1       0.465519  30.297512  -0.558336
      2      -4.347493   0.755440  28.084333
 P Tensor eigenvectors:
                   0          1          2    
      0       0.586506   0.053876   0.808151
      1      -0.076383  -0.989659   0.121411
      2       0.806335  -0.132937  -0.576325
 P Eigenvalues: 
                  0          1          2    
      0      24.866672  30.276998  34.297796
P(iso)  29.813822
 Nucleus: 20 H 
 Shielding tensor (ppm): 
                  0          1          2    
      0      30.121856   1.607726  -3.885077
      1       2.349781  31.111337  -2.653803
      2      -3.166270  -2.237877  30.827164
 P Tensor eigenvectors:
                   0          1          2    
      0       0.726042   0.402828  -0.557308
      1       0.058767  -0.843836  -0.533374
      2       0.685134  -0.354501   0.636333
 P Eigenvalues: 
                  0          1          2    
      0      26.920655  29.113476  36.026226
P(iso)  30.686786
 Nucleus: 21 H 
 Shielding tensor (ppm): 
                  0          1          2    
      0      30.066335   1.628669   3.856701
      1       2.358460  31.153389   2.676063
      2       3.129874   2.249781  30.838323
 P Tensor eigenvectors:
                   0          1          2    
      0       0.731281   0.400800   0.551895
      1       0.053180  -0.840180   0.539694
      2      -0.680001   0.365318   0.635722
 P Eigenvalues: 
                  0          1          2    
      0      26.929082  29.105141  36.023824
P(iso)  30.686016
 Nucleus: 23 H 
 Shielding tensor (ppm): 
                  0          1          2    
      0      29.234102   1.985068  -3.328745
      1       1.280468  31.253298  -0.203405
      2      -4.531483   0.942243  25.852463
 P Tensor eigenvectors:
                   0          1          2    
      0       0.551884  -0.478610  -0.682902
      1      -0.136434   0.756051  -0.640135
      2       0.822684   0.446451   0.351954
 P Eigenvalues: 
                  0          1          2    
      0      23.085400  30.461561  32.792901
P(iso)  28.779954
 Nucleus: 24 H 
 Shielding tensor (ppm): 
                  0          1          2    
      0      29.223386   1.995853   3.321800
      1       1.299406  31.245258   0.181385
      2       4.527710  -0.966916  25.872460
 P Tensor eigenvectors:
                   0          1          2    
      0      -0.553129  -0.477087  -0.682962
      1       0.140253   0.754760  -0.640833
      2       0.821205  -0.450250  -0.350567
 P Eigenvalues: 
                  0          1          2    
      0      23.091755  30.462366  32.786984
P(iso)  28.780368
 Nucleus: 26 H 
 Shielding tensor (ppm): 
                  0          1          2    
      0      30.609161  -0.905616  -3.794884
      1      -0.757348  31.407602  -0.195607
      2      -3.727049  -1.422119  27.916972
 P Tensor eigenvectors:
                   0          1          2    
      0       0.571400   0.002694  -0.820668
      1       0.167585   0.978540   0.119895
      2       0.803379  -0.206039   0.558686
 P Eigenvalues: 
                  0          1          2    
      0      25.064009  31.585365  33.284361
P(iso)  29.977912
 Nucleus: 27 H 
 Shielding tensor (ppm): 
                  0          1          2    
      0      30.597373  -0.889082   3.800129
      1      -0.739694  31.415438   0.179865
      2       3.731681   1.407883  27.924471
 P Tensor eigenvectors:
                   0          1          2    
      0      -0.572640   0.001307  -0.819806
      1      -0.164183   0.979556   0.116245
      2       0.803198   0.201165  -0.560718
 P Eigenvalues: 
                  0          1          2    
      0      25.068343  31.586931  33.282008
P(iso)  29.979094
 Nucleus: 29 H 
 Shielding tensor (ppm): 
                  0          1          2    
      0      30.981202   0.363468  -4.656334
      1       0.109651  30.995026   0.447559
      2      -4.274079   1.204579  28.264364
 P Tensor eigenvectors:
                   0          1          2    
      0       0.589959  -0.149109   0.793546
      1      -0.123326  -0.987910  -0.093944
      2       0.797959  -0.042441  -0.601215
 P Eigenvalues: 
                  0          1          2    
      0      24.850376  31.072250  34.317966
P(iso)  30.080197
 Nucleus: 30 H 
 Shielding tensor (ppm): 
                  0          1          2    
      0      30.965301   0.382444   4.658213
      1       0.126897  30.987099  -0.458840
      2       4.276402  -1.216827  28.287913
 P Tensor eigenvectors:
                   0          1          2    
      0      -0.591345  -0.149703   0.792401
      1       0.126640  -0.987665  -0.092086
      2       0.796413   0.045895   0.603010
 P Eigenvalues: 
                  0          1          2    
      0      24.852508  31.070804  34.317001
P(iso)  30.080104
 Nucleus: 32 H 
 Shielding tensor (ppm): 
                  0          1          2    
      0      30.339373   1.645243   4.009860
      1       2.511186  30.899104   2.360283
      2       3.311242   1.992350  30.768546
 P Tensor eigenvectors:
                   0          1          2    
      0       0.733382   0.334600   0.591771
      1      -0.011014  -0.864524   0.502471
      2      -0.679727   0.375021   0.630341
 P Eigenvalues: 
                  0          1          2    
      0      26.887176  29.123226  35.996622
P(iso)  30.669008
 Nucleus: 33 H 
 Shielding tensor (ppm): 
                  0          1          2    
      0      30.355782   1.632078  -4.019542
      1       2.501955  30.881963  -2.354643
      2      -3.324126  -1.988330  30.769715
 P Tensor eigenvectors:
                   0          1          2    
      0       0.731801   0.335466  -0.593237
      1      -0.008081  -0.866131  -0.499752
      2       0.681471  -0.370513   0.631124
 P Eigenvalues: 
                  0          1          2    
      0      26.885224  29.125227  35.997009
P(iso)  30.669153
 Nucleus: 35 H 
 Shielding tensor (ppm): 
                  0          1          2    
      0      29.673150  -2.478277   0.024071
      1      -3.856966  35.903217  -0.060937
      2       0.030726  -0.057682  25.661875
 P Tensor eigenvectors:
                   0          1          2    
      0      -0.002986  -0.918153   0.396214
      1       0.004861  -0.396224  -0.918141
      2       0.999984  -0.000816   0.005646
 P Eigenvalues: 
                  0          1          2    
      0      25.661504  28.346503  37.230234
P(iso)  30.412747
 Nucleus: 36 H 
 Shielding tensor (ppm): 
                  0          1          2    
      0      29.054595  -1.914075   0.007509
      1      -3.193615  36.597936  -0.026522
      2       0.010281  -0.025282  25.670473
 P Tensor eigenvectors:
                   0          1          2    
      0      -0.001019  -0.953140   0.302527
      1       0.002132  -0.302528  -0.953138
      2       0.999997  -0.000326   0.002340
 P Eigenvalues: 
                  0          1          2    
      0      25.670409  28.272174  37.380420
P(iso)  30.441001
 Nucleus: 43 H 
 Shielding tensor (ppm): 
                  0          1          2    
      0      24.152121  -0.023643   0.000176
      1      -0.022104  27.311425  -0.006266
      2       0.000026  -0.006203  21.386469
 P Tensor eigenvectors:
                   0          1          2    
      0      -0.000029  -0.999974   0.007224
      1       0.001053  -0.007224  -0.999973
      2       0.999999  -0.000022   0.001053
 P Eigenvalues: 
                  0          1          2    
      0      21.386462  24.151956  27.311597
P(iso)  24.283338
 Nucleus: 44 H 
 Shielding tensor (ppm): 
                  0          1          2    
      0      27.214420   1.651950  -0.001669
      1       1.602608  24.555808  -0.004370
      2      -0.001314  -0.004301  21.000250
 P Tensor eigenvectors:
                   0          1          2    
      0      -0.000087  -0.429011  -0.903299
      1       0.001261   0.903298  -0.429011
      2       0.999999  -0.001177   0.000462
 P Eigenvalues: 
                  0          1          2    
      0      21.000245  23.783908  27.986326
P(iso)  24.256826
 Nucleus: 45 H 
 Shielding tensor (ppm): 
                  0          1          2    
      0      27.473747   3.543539  -0.002235
      1       2.594978  24.469359  -0.004787
      2      -0.000188  -0.004453  20.146062
 P Tensor eigenvectors:
                   0          1          2    
      0      -0.000394  -0.537061  -0.843543
      1       0.001354   0.843542  -0.537061
      2       0.999999  -0.001354   0.000395
 P Eigenvalues: 
                  0          1          2    
      0      20.146056  22.554974  29.388138
P(iso)  24.029723
 Nucleus: 46 H 
 Shielding tensor (ppm): 
                  0          1          2    
      0      28.386778  -2.836505   0.002399
      1      -1.998429  23.810475  -0.006354
      2       0.001093  -0.004396  19.828049
 P Tensor eigenvectors:
                   0          1          2    
      0       0.000215   0.402699  -0.915332
      1       0.001501   0.915331   0.402699
      2       0.999999  -0.001460  -0.000407
 P Eigenvalues: 
                  0          1          2    
      0      19.828041  22.770431  29.426830
P(iso)  24.008434
 Nucleus: 47 H 
 Shielding tensor (ppm): 
                  0          1          2    
      0      27.201710  -1.356282   0.001764
      1      -1.339006  24.470658  -0.003679
      2       0.002378  -0.003629  21.042345
 P Tensor eigenvectors:
                   0          1          2    
      0      -0.000106   0.379792  -0.925072
      1       0.001022   0.925071   0.379792
      2       0.999999  -0.000905  -0.000486
 P Eigenvalues: 
                  0          1          2    
      0      21.042341  23.917644  27.754729
P(iso)  24.238238
 Nucleus: 54 H 
 Shielding tensor (ppm): 
                  0          1          2    
      0      24.198415  -0.216147   0.000248
      1      -0.215180  27.368639  -0.006127
      2       0.000103  -0.006091  21.608105
 P Tensor eigenvectors:
                   0          1          2    
      0       0.000019  -0.997716   0.067552
      1       0.001062  -0.067552  -0.997715
      2       0.999999   0.000091   0.001058
 P Eigenvalues: 
                  0          1          2    
      0      21.608099  24.183811  27.383249
P(iso)  24.391720
 Nucleus: 55 H 
 Shielding tensor (ppm): 
                  0          1          2    
      0      27.364933  -1.257845   0.001459
      1      -1.259639  24.352390  -0.003558
      2       0.001979  -0.003305  21.275970
 P Tensor eigenvectors:
                   0          1          2    
      0      -0.000051   0.341056  -0.940043
      1       0.001095   0.940042   0.341056
      2       0.999999  -0.001012  -0.000422
 P Eigenvalues: 
                  0          1          2    
      0      21.275966  23.895686  27.821642
P(iso)  24.331098
 Nucleus: 56 H 
 Shielding tensor (ppm): 
                  0          1          2    
      0      28.401078  -2.672371   0.001071
      1      -1.763265  23.888788  -0.007616
      2      -0.001243  -0.005574  19.804049
 P Tensor eigenvectors:
                   0          1          2    
      0       0.000492   0.386753  -0.922183
      1       0.001903   0.922181   0.386753
      2       0.999998  -0.001945  -0.000282
 P Eigenvalues: 
                  0          1          2    
      0      19.804036  22.981738  29.308141
P(iso)  24.031305
 Nucleus: 57 H 
 Shielding tensor (ppm): 
                  0          1          2    
      0      27.338917   3.485124  -0.002384
      1       2.554774  24.727610  -0.005588
      2      -0.000380  -0.005313  19.990149
 P Tensor eigenvectors:
                   0          1          2    
      0      -0.000379  -0.556606  -0.830777
      1       0.001396   0.830775  -0.556606
      2       0.999999  -0.001370   0.000462
 P Eigenvalues: 
                  0          1          2    
      0      19.990142  22.743684  29.322850
P(iso)  24.018892
 Nucleus: 58 H 
 Shielding tensor (ppm): 
                  0          1          2    
      0      26.995532   1.719462  -0.002044
      1       1.707421  24.787785  -0.004501
      2      -0.001924  -0.004818  21.239481
 P Tensor eigenvectors:
                   0          1          2    
      0      -0.000053  -0.478861  -0.877891
      1       0.001336   0.877890  -0.478860
      2       0.999999  -0.001198   0.000593
 P Eigenvalues: 
                  0          1          2    
      0      21.239475  23.853423  27.929900
P(iso)  24.340933
# -----------------------------------------------------------
$ EPRNMR_ATensor
   description: Hyperfine A tensor
   geom. index: 1
   prop. index: 1
 Number of stored nuclei 29
 Source density: 1 SCF 
 Spin multiplicity: 2 
 Nucleus: 9 H  
 Isotope: 1 
 Nuclear Spin:  0.5 
 Prefactor (MHz): 533.551395 
 Raw A tensor (MHz): 
                  0          1          2    
      0     -15.350063   6.061046  -0.015838
      1       6.063742 -12.526232  -0.016659
      2      -0.015843  -0.016663 -16.746113
 A Tensor eigenvectors:
                   0          1          2    
      0       0.621740   0.001107   0.783223
      1       0.783220   0.002358  -0.621741
      2      -0.002535   0.999997   0.000600
 A Eigenvalues: 
                  0          1          2    
      0      -7.713451 -16.746170 -20.162787
A(iso)  -14.874136
 Nucleus: 10 H  
 Isotope: 1 
 Nuclear Spin:  0.5 
 Prefactor (MHz): 533.551395 
 Raw A tensor (MHz): 
                  0          1          2    
      0       8.053440  -2.178544   0.006627
      1      -2.179707   6.550858  -0.007116
      2       0.006631  -0.007116   4.288778
 A Tensor eigenvectors:
                   0          1          2    
      0       0.000135   0.580512  -0.814252
      1       0.003276   0.814247   0.580509
      2       0.999995  -0.002746  -0.001792
 A Eigenvalues: 
                  0          1          2    
      0       4.288756   4.997154   9.607166
A(iso)  6.297692
 Nucleus: 12 H  
 Isotope: 1 
 Nuclear Spin:  0.5 
 Prefactor (MHz): 533.551395 
 Raw A tensor (MHz): 
                  0          1          2    
      0     -20.081908   1.633010   0.012524
      1       1.631290 -73.322160   0.080863
      2       0.012535   0.080873 -48.488372
 A Tensor eigenvectors:
                   0          1          2    
      0       0.999531   0.000626  -0.030628
      1       0.030630  -0.003215   0.999526
      2       0.000527  -0.999995  -0.003233
 A Eigenvalues: 
                  0          1          2    
      0     -20.031911 -48.488120 -73.372409
A(iso)  -47.297480
 Nucleus: 14 H  
 Isotope: 1 
 Nuclear Spin:  0.5 
 Prefactor (MHz): 533.551395 
 Raw A tensor (MHz): 
                  0          1          2    
      0      72.302301   3.525951   1.954209
      1       3.524875  74.099136   1.915553
      2       1.952700   1.915742  69.113735
 A Tensor eigenvectors:
                   0          1          2    
      0      -0.370411   0.712667   0.595736
      1      -0.078717  -0.663134   0.744350
      2       0.925526   0.228821   0.301732
 A Eigenvalues: 
                  0          1          2    
      0      68.169182  69.649082  77.696907
A(iso)  71.838391
 Nucleus: 15 H  
 Isotope: 1 
 Nuclear Spin:  0.5 
 Prefactor (MHz): 533.551395 
 Raw A tensor (MHz): 
                  0          1          2    
      0      71.847756   3.517064  -1.962671
      1       3.515985  73.571782  -1.934158
      2      -1.961146  -1.934346  68.623646
 A Tensor eigenvectors:
                   0          1          2    
      0       0.361709   0.714993   0.598291
      1       0.088653  -0.665213   0.741372
      2       0.928067  -0.215120  -0.303999
 A Eigenvalues: 
                  0          1          2    
      0      67.674411  69.166308  77.202465
A(iso)  71.347728
 Nucleus: 17 H  
 Isotope: 1 
 Nuclear Spin:  0.5 
 Prefactor (MHz): 533.551395 
 Raw A tensor (MHz): 
                  0          1          2    
      0      -2.330541  -2.064772   0.660289
      1      -2.064538   1.685011  -1.352752
      2       0.659700  -1.351633  -2.870414
 A Tensor eigenvectors:
                   0          1          2    
      0       0.379878   0.694501  -0.611033
      1      -0.890537   0.453284  -0.038440
      2       0.250275   0.558750   0.790671
 A Eigenvalues: 
                  0          1          2    
      0       2.945369  -3.146683  -3.314631
A(iso)  -1.171982
 Nucleus: 18 H  
 Isotope: 1 
 Nuclear Spin:  0.5 
 Prefactor (MHz): 533.551395 
 Raw A tensor (MHz): 
                  0          1          2    
      0      -2.319395  -2.080004  -0.634847
      1      -2.079769   1.702426   1.296378
      2      -0.634271   1.295271  -2.897299
 A Tensor eigenvectors:
                   0          1          2    
      0      -0.381944  -0.692355   0.612179
      1       0.892544  -0.448181   0.049988
      2       0.239758   0.565489   0.789138
 A Eigenvalues: 
                  0          1          2    
      0       2.940199  -3.147074  -3.307393
A(iso)  -1.171423
 Nucleus: 20 H  
 Isotope: 1 
 Nuclear Spin:  0.5 
 Prefactor (MHz): 533.551395 
 Raw A tensor (MHz): 
                  0          1          2    
      0       0.078649   0.259553  -0.102671
      1       0.259899   2.202997  -0.387854
      2      -0.102822  -0.387664   0.109767
 A Tensor eigenvectors:
                   0          1          2    
      0      -0.679607  -0.723364   0.121981
      1      -0.048630   0.210342   0.976418
      2      -0.731963   0.657648  -0.178127
 A Eigenvalues: 
                  0          1          2    
      0      -0.012315   0.097539   2.306189
A(iso)  0.797138
 Nucleus: 21 H  
 Isotope: 1 
 Nuclear Spin:  0.5 
 Prefactor (MHz): 533.551395 
 Raw A tensor (MHz): 
                  0          1          2    
      0       0.076859   0.255705   0.100635
      1       0.256052   2.211470   0.369863
      2       0.100783   0.369674   0.104910
 A Tensor eigenvectors:
                   0          1          2    
      0       0.687771   0.715972  -0.119816
      1       0.041543  -0.203601  -0.978172
      2      -0.724738   0.667780  -0.169775
 A Eigenvalues: 
                  0          1          2    
      0      -0.012765   0.099007   2.306997
A(iso)  0.797746
 Nucleus: 23 H  
 Isotope: 1 
 Nuclear Spin:  0.5 
 Prefactor (MHz): 533.551395 
 Raw A tensor (MHz): 
                  0          1          2    
      0      25.839832  -1.504712  -0.898740
      1      -1.504221  25.857756   0.467115
      2      -0.898124   0.467284  24.519219
 A Tensor eigenvectors:
                   0          1          2    
      0      -0.598842   0.402156   0.692574
      1      -0.294867   0.693316  -0.657546
      2      -0.744609  -0.597983  -0.296604
 A Eigenvalues: 
                  0          1          2    
      0      23.981804  24.581985  27.653018
A(iso)  25.405602
 Nucleus: 24 H  
 Isotope: 1 
 Nuclear Spin:  0.5 
 Prefactor (MHz): 533.551395 
 Raw A tensor (MHz): 
                  0          1          2    
      0      25.870739  -1.499982   0.907655
      1      -1.499495  25.888632  -0.475139
      2       0.907038  -0.475309  24.560857
 A Tensor eigenvectors:
                   0          1          2    
      0       0.600217   0.401102   0.691994
      1       0.291736   0.695779  -0.656340
      2      -0.744735   0.595826   0.300603
 A Eigenvalues: 
                  0          1          2    
      0      24.015867  24.616960  27.687401
A(iso)  25.440076
 Nucleus: 26 H  
 Isotope: 1 
 Nuclear Spin:  0.5 
 Prefactor (MHz): 533.551395 
 Raw A tensor (MHz): 
                  0          1          2    
      0      -0.829221   0.336693  -0.084541
      1       0.336230   0.753328  -0.398390
      2      -0.084309  -0.398135  -0.938785
 A Tensor eigenvectors:
                   0          1          2    
      0       0.978454   0.195420   0.066622
      1      -0.205117   0.956871   0.205731
      2      -0.023545  -0.214963   0.976338
 A Eigenvalues: 
                  0          1          2    
      0      -0.897710   0.911464  -1.028431
A(iso)  -0.338226
 Nucleus: 27 H  
 Isotope: 1 
 Nuclear Spin:  0.5 
 Prefactor (MHz): 533.551395 
 Raw A tensor (MHz): 
                  0          1          2    
      0      -0.831124   0.336524   0.083442
      1       0.336060   0.756310   0.391174
      2       0.083213   0.390919  -0.943823
 A Tensor eigenvectors:
                   0          1          2    
      0       0.978281   0.195023  -0.070231
      1      -0.205367   0.957875  -0.200748
      2       0.028122   0.210811   0.977122
 A Eigenvalues: 
                  0          1          2    
      0      -0.899321   0.910802  -1.030118
A(iso)  -0.339546
 Nucleus: 29 H  
 Isotope: 1 
 Nuclear Spin:  0.5 
 Prefactor (MHz): 533.551395 
 Raw A tensor (MHz): 
                  0          1          2    
      0      -0.027832  -0.282588  -0.061588
      1      -0.282747   0.698462   0.122090
      2      -0.061598   0.122000  -0.086877
 A Tensor eigenvectors:
                   0          1          2    
      0       0.460598   0.826429   0.323827
      1       0.292777   0.202957  -0.934393
      2      -0.837933   0.525189  -0.148478
 A Eigenvalues: 
                  0          1          2    
      0      -0.095608  -0.136472   0.815834
A(iso)  0.194585
 Nucleus: 30 H  
 Isotope: 1 
 Nuclear Spin:  0.5 
 Prefactor (MHz): 533.551395 
 Raw A tensor (MHz): 
                  0          1          2    
      0      -0.027911  -0.281927   0.062975
      1      -0.282087   0.697666  -0.125862
