-------------------------------------------------------------
----------------------- !PROPERTIES! ------------------------
-------------------------------------------------------------
# -----------------------------------------------------------
$ PAL_Flags
   description: The PAL Flags
   geom. index: 1
   prop. index: 1
        Diskflag:     2
# -----------------------------------------------------------
$ SCF_Energy
   description: The SCF energy
   geom. index: 1
   prop. index: 1
        SCF Energy:    -1159.9157081742
# -----------------------------------------------------------
$ DFT_Energy
   description: The DFT energy
   geom. index: 1
   prop. index: 1
   Number of Alpha Electrons                105.0001814312 
   Number of Beta  Electrons                104.0001709117 
   Total number of  Electrons               209.0003523429 
   Exchange energy                         -131.3504311690 
   Correlation energy                        -8.1627448260 
   Correlation energy NL                      0.0000000000 
   Exchange-Correlation energy             -139.5131759950 
   Embedding correction                       0.0000000000 
   Total DFT Energy (No VdW correction)   -1159.9157081742 
# -----------------------------------------------------------
$ Mayer_Pop
   description: The Mayer population analysis
   geom. index: 1
   prop. index: 1
     Number of atoms                     : 59
     Threshold for printing              : 0.1000000
     Number of bond orders printed       : 70
  NA   - Mulliken gross atomic population
  ZA   - Total nuclear charge
  QA   - Mulliken gross atomic charge
  VA   - Mayer's total valence
  BVA  - Mayer's bonded valence
  FA   - Mayer's free valence
  ATOM       NA         ZA         QA         VA         BVA        FA
  0   0     6.3071     6.0000    -0.3071     3.8935     3.8877     0.0058
  1   0     6.4155     6.0000    -0.4155     3.7276     3.7257     0.0019
  2   0     6.4216     6.0000    -0.4216     3.7313     3.7309     0.0004
  3   0     5.4960     6.0000     0.5040     3.8312     3.7977     0.0335
  4   0     5.6192     6.0000     0.3808     3.9675     3.9532     0.0143
  5   0     6.4532     6.0000    -0.4532     4.2284     4.1940     0.0344
  6   0     5.4404     6.0000     0.5596     3.8786     3.8720     0.0066
  7   0     5.7563     6.0000     0.2437     3.9301     3.8936     0.0365
  8   0     6.3941     6.0000    -0.3941     4.3186     4.3109     0.0077
  9   0     0.8704     1.0000     0.1296     0.9665     0.9663     0.0002
 10   0     0.8687     1.0000     0.1313     0.9668     0.9668     0.0000
 11   0     6.2631     6.0000    -0.2631     3.9859     3.6135     0.3724
 12   0     0.8748     1.0000     0.1252     0.9833     0.9817     0.0016
 13   0     6.2690     6.0000    -0.2690     3.9679     3.9665     0.0014
 14   0     0.8500     1.0000     0.1500     0.9645     0.9635     0.0010
 15   0     0.8502     1.0000     0.1498     0.9646     0.9636     0.0010
 16   0     6.2829     6.0000    -0.2829     3.9012     3.9012     0.0000
 17   0     0.8475     1.0000     0.1525     0.9642     0.9642     0.0000
 18   0     0.8477     1.0000     0.1523     0.9643     0.9643     0.0000
 19   0     6.5079     6.0000    -0.5079     3.9065     3.9065     0.0000
 20   0     0.8426     1.0000     0.1574     0.9659     0.9659     0.0000
 21   0     0.8426     1.0000     0.1574     0.9659     0.9659     0.0000
 22   0     6.3544     6.0000    -0.3544     4.0263     4.0261     0.0002
 23   0     0.8501     1.0000     0.1499     0.9635     0.9634     0.0001
 24   0     0.8501     1.0000     0.1499     0.9634     0.9633     0.0001
 25   0     6.2680     6.0000    -0.2680     4.0299     4.0299     0.0000
 26   0     0.8606     1.0000     0.1394     0.9669     0.9669     0.0000
 27   0     0.8605     1.0000     0.1395     0.9669     0.9669     0.0000
 28   0     6.2546     6.0000    -0.2546     3.8894     3.8894     0.0000
 29   0     0.8584     1.0000     0.1416     0.9677     0.9677     0.0000
 30   0     0.8584     1.0000     0.1416     0.9677     0.9677     0.0000
 31   0     6.5090     6.0000    -0.5090     3.9018     3.9018     0.0000
 32   0     0.8421     1.0000     0.1579     0.9657     0.9657     0.0000
 33   0     0.8421     1.0000     0.1579     0.9657     0.9657     0.0000
 34   0     6.2893     6.0000    -0.2893     3.9215     3.9204     0.0011
 35   0     0.8554     1.0000     0.1446     0.9675     0.9675     0.0000
 36   0     0.8576     1.0000     0.1424     0.9672     0.9672     0.0000
 37   0     5.4081     6.0000     0.5919     3.9449     3.9449     0.0000
 38   0     6.2823     6.0000    -0.2823     4.2006     4.2005     0.0001
 39   0     6.0978     6.0000    -0.0978     4.0977     4.0977     0.0000
 40   0     6.1212     6.0000    -0.1212     4.0784     4.0783     0.0001
 41   0     6.1021     6.0000    -0.1021     4.1024     4.1024     0.0000
 42   0     6.2734     6.0000    -0.2734     4.1864     4.1863     0.0001
 43   0     0.8945     1.0000     0.1055     0.9585     0.9585     0.0000
 44   0     0.8950     1.0000     0.1050     0.9617     0.9617     0.0000
 45   0     0.8814     1.0000     0.1186     0.9607     0.9607     0.0000
 46   0     0.8818     1.0000     0.1182     0.9607     0.9607     0.0000
 47   0     0.8950     1.0000     0.1050     0.9619     0.9619     0.0000
 48   0     5.4016     6.0000     0.5984     3.9386     3.9384     0.0002
 49   0     6.2833     6.0000    -0.2833     4.1991     4.1986     0.0005
 50   0     6.0986     6.0000    -0.0986     4.1018     4.1017     0.0001
 51   0     6.1234     6.0000    -0.1234     4.0782     4.0776     0.0006
 52   0     6.0996     6.0000    -0.0996     4.0982     4.0981     0.0001
 53   0     6.2780     6.0000    -0.2780     4.2018     4.2013     0.0005
 54   0     0.8948     1.0000     0.1052     0.9586     0.9586     0.0000
 55   0     0.8953     1.0000     0.1047     0.9619     0.9619     0.0000
 56   0     0.8844     1.0000     0.1156     0.9613     0.9613     0.0000
 57   0     0.8817     1.0000     0.1183     0.9610     0.9610     0.0000
 58   0     0.8955     1.0000     0.1045     0.9618     0.9618     0.0000
      Bond orders larger than 0.1000000
           Atom A     A.N. of A          Atom B    A.N. of B              Bond order
                0             6               1            6                2.428077
                0             6              48            6                1.026581
                1             6               3            6                0.794631
                2             6               6            6                0.760114
                2             6              34            6                2.484685
                3             6               4            6                1.278763
                3             6               7            6                0.110196
                3             6               8            6                1.436820
                4             6               5            6                1.222648
                4             6               6            6                0.120408
                4             6              11            6                1.296312
                5             6               6            6                1.494523
                5             6               9            1                0.970852
                6             6               7            6                1.337523
                6             6               8            6                0.113520
                7             6               8            6                1.413848
                7             6              22            6                0.963373
                8             6              10            1                0.972416
               11             6              12            1                0.983159
               11             6              13            6                1.000452
               13             6              14            1                0.955022
               13             6              15            1                0.954885
               13             6              16            6                0.982346
               16             6              17            1                0.972150
               16             6              18            1                0.971996
               16             6              19            6                0.961369
               19             6              20            1                0.972821
               19             6              21            1                0.972848
               19             6              35            1                0.967307
               22             6              23            1                0.955008
               22             6              24            1                0.955222
               22             6              25            6                1.024844
               25             6              26            1                0.960730
               25             6              27            1                0.960812
               25             6              28            6                0.987729
               28             6              29            1                0.971221
               28             6              30            1                0.971234
               28             6              31            6                0.954050
               31             6              32            1                0.973146
               31             6              33            1                0.973148
               31             6              36            1                0.967151
               34             6              37            6                1.013134
               37             6              38            6                1.391240
               37             6              39            6                0.101030
               37             6              42            6                1.386196
               38             6              39            6                1.476322
               38             6              40            6                0.100319
               38             6              45            1                0.982749
               39             6              40            6                1.452448
               39             6              47            1                0.976382
               40             6              41            6                1.455164
               40             6              42            6                0.101354
               40             6              43            1                0.965961
               41             6              42            6                1.476171
               41             6              44            1                0.977234
               42             6              46            1                0.980555
               48             6              49            6                1.384538
               48             6              52            6                0.100562
               48             6              53            6                1.381026
               49             6              50            6                1.477897
               49             6              51            6                0.103274
               49             6              56            1                0.981761
               50             6              51            6                1.452940
               50             6              58            1                0.977136
               51             6              52            6                1.451282
               51             6              53            6                0.100305
               51             6              54            1                0.965917
               52             6              53            6                1.477758
               52             6              55            1                0.976552
               53             6              57            1                0.982865
# -----------------------------------------------------------
$ Calculation_Info
   description: Details of the calculation
   geom. index: 1
   prop. index: 1
     Multiplicity:                          2
     Charge:                                0
     number of atoms:                       59
     number of electrons:                   0
     number of frozen core electrons:       1
     number of correlated electrons:        0
     number of basis functions:             713
     number of aux C basis functions:       5002
     number of aux J basis functions:       5002
     number of aux JK basis functions:      5002
     number of aux CABS basis functions:    0
     Total Energy                           -1159.915708
# -----------------------------------------------------------
$ SCF_Electric_Properties
   description: The SCF Calculated Electric Properties
   geom. index: 1
   prop. index: 1
       Filename                          : EPRII.scfp 
       Do Dipole Moment Calculation      : true 
       Do Quadrupole Moment Calculation  : false 
       Do Polarizability Calculation     : false 
** Dipole moment part of electric properties **
        Magnitude of dipole moment (Debye) :        0.3734278054
        Electronic Contribution:
                  0    
      0      -0.491794
      1       2.193131
      2       0.024423
        Nuclear Contribution:
                  0    
      0       0.635940
      1      -2.164747
      2      -0.024952
        Total Dipole moment:
                  0    
      0       0.144146
      1       0.028384
      2      -0.000529
# -----------------------------------------------------------
$ EPRNMR_GTensor
   description: Electronic g tensor
   geom. index: 1
   prop. index: 1
 Source density: 1 SCF 
 Spin multiplicity: 2 
 raw g tensor: 
                  0          1          2    
      0       2.002750  -0.000131   0.000001
      1      -0.000082   2.002819  -0.000002
      2      -0.000000  -0.000002   2.002271
 g tensor: 
                  0          1          2    
      0       0.000015   0.808325  -0.588736
      1       0.003226   0.588733   0.808321
      2       0.999995  -0.001912  -0.002599
 G eigenvalues: 
                  0          1          2    
      0       2.002271   2.002672   2.002896
# -----------------------------------------------------------
$ EPRNMR_OrbitalShielding
   description: Orbital contribution to the NMR Shielding tensor (ppm)
   geom. index: 1
   prop. index: 1
 Number of stored nuclei 29
 Source density: 1 SCF 
 Nucleus: 9 H 
 Shielding tensor (ppm): 
                  0          1          2    
      0      31.445124  24.878979  -0.120155
      1      67.054280 114.939234   0.021622
      2      -0.179851   0.044300  98.346678
 P Tensor eigenvectors:
                   0          1          2    
      0      -0.848848  -0.001296  -0.528636
      1       0.528634   0.001719  -0.848848
      2      -0.002008   0.999998   0.000774
 P Eigenvalues: 
                  0          1          2    
      0      13.524383  98.346912 132.859742
P(iso)  81.577012
 Nucleus: 10 H 
 Shielding tensor (ppm): 
                  0          1          2    
      0      39.727059  18.759300  -0.056676
      1      63.518791 115.868841   0.036340
      2      -0.222672  -0.045168 106.359166
 P Tensor eigenvectors:
                   0          1          2    
      0      -0.851420  -0.000562  -0.524485
      1       0.524482   0.002520  -0.851418
      2      -0.001800   0.999997   0.001851
 P Eigenvalues: 
                  0          1          2    
      0      23.930413 106.359224 131.665429
P(iso)  87.318355
 Nucleus: 12 H 
 Shielding tensor (ppm): 
                  0          1          2    
      0      66.509040 102.202794  -0.247932
      1     -236.066759  63.842153  -0.034916
      2       0.598990   0.204730  82.867804
 P Tensor eigenvectors:
                   0          1          2    
      0      -0.000675   0.173067  -0.984910
      1       0.000656   0.984910   0.173066
      2       1.000000  -0.000529  -0.000778
 P Eigenvalues: 
                  0          1          2    
      0      82.867722  41.104102  89.247173
P(iso)  71.072999
 Nucleus: 14 H 
 Shielding tensor (ppm): 
                  0          1          2    
      0      40.024617 -210.605956 -64.315262
      1     291.441412 102.977237 328.261048
      2      53.468014 -240.089150 105.024880
 P Tensor eigenvectors:
                   0          1          2    
      0       0.756720   0.199269   0.622629
      1       0.072467  -0.972111   0.223046
      2      -0.649710   0.123663   0.750056
 P Eigenvalues: 
                  0          1          2    
      0      73.407796  73.983217 100.635722
P(iso)  82.675578
 Nucleus: 15 H 
 Shielding tensor (ppm): 
                  0          1          2    
      0      40.377288 -211.542641  65.007307
      1     293.219589 102.665259 -325.906846
      2     -54.905214 238.603266 105.920697
 P Tensor eigenvectors:
                   0          1          2    
      0       0.752469   0.199547  -0.627672
      1       0.074914  -0.972745  -0.219443
      2       0.654354  -0.118103   0.746909
 P Eigenvalues: 
                  0          1          2    
      0      74.089737  74.108382 100.765125
P(iso)  82.987748
 Nucleus: 17 H 
 Shielding tensor (ppm): 
                  0          1          2    
      0      43.908488 223.079719 139.961501
      1     -342.369552  37.183180 -403.431448
      2     -91.734308 295.177484  42.383844
 P Tensor eigenvectors:
                   0          1          2    
      0       0.739183   0.235603   0.630951
      1       0.287452  -0.957569   0.020805
      2      -0.609081  -0.165989   0.775544
 P Eigenvalues: 
                  0          1          2    
      0      14.680818  45.519806  63.274888
P(iso)  41.158504
 Nucleus: 18 H 
 Shielding tensor (ppm): 
                  0          1          2    
      0      43.788344 223.917466 -140.738193
      1     -344.571066  37.726805 400.454834
      2      93.577227 -292.773802  41.017160
 P Tensor eigenvectors:
                   0          1          2    
      0      -0.734584   0.233419   0.637104
      1      -0.291009  -0.956604   0.014940
      2      -0.612944   0.174428  -0.770633
 P Eigenvalues: 
                  0          1          2    
      0      14.414347  45.210140  62.907822
P(iso)  40.844103
 Nucleus: 20 H 
 Shielding tensor (ppm): 
                  0          1          2    
      0     -15.246617 -311.029045  80.519787
      1     392.899991  74.416904 -462.585380
      2     -60.048350 334.903782  27.932786
 P Tensor eigenvectors:
                   0          1          2    
      0      -0.751726   0.247874   0.611119
      1      -0.103647  -0.959565   0.261712
      2      -0.651280  -0.133395  -0.747021
 P Eigenvalues: 
                  0          1          2    
      0      11.814300  31.587303  43.701469
P(iso)  29.034357
 Nucleus: 21 H 
 Shielding tensor (ppm): 
                  0          1          2    
      0     -15.502114 -309.175914 -78.719435
      1     389.815575  75.173650 464.713684
      2      57.433928 -336.943626  26.577782
 P Tensor eigenvectors:
                   0          1          2    
      0       0.756117   0.247399   0.605873
      1       0.099683  -0.958528   0.266998
      2      -0.646801   0.141486   0.749420
 P Eigenvalues: 
                  0          1          2    
      0      11.252886  31.455125  43.541307
P(iso)  28.749772
 Nucleus: 23 H 
 Shielding tensor (ppm): 
                  0          1          2    
      0      69.060360  73.861642 -147.185171
      1     -156.377419  80.208402 213.967967
      2      97.431062 -157.358198  97.149131
 P Tensor eigenvectors:
                   0          1          2    
      0      -0.718754   0.457522   0.523514
      1      -0.571804  -0.817334  -0.070749
      2      -0.395516   0.350198  -0.849075
 P Eigenvalues: 
                  0          1          2    
      0      41.845181  86.633926 117.938786
P(iso)  82.139298
 Nucleus: 24 H 
 Shielding tensor (ppm): 
                  0          1          2    
      0      68.925982  74.340962 146.824096
      1     -156.522192  79.889178 -214.136678
      2     -96.665489 157.657629  97.444660
 P Tensor eigenvectors:
                   0          1          2    
      0       0.719523   0.457953   0.522079
      1       0.569588  -0.819246  -0.066379
      2      -0.397312  -0.345131   0.850310
 P Eigenvalues: 
                  0          1          2    
      0      41.746550  86.616467 117.896804
P(iso)  82.086607
 Nucleus: 26 H 
 Shielding tensor (ppm): 
                  0          1          2    
      0      55.423249 -202.516866  60.436555
      1     279.298096 102.805263 -320.717225
      2     -50.918992 234.071885 117.283164
 P Tensor eigenvectors:
                   0          1          2    
      0       0.766738   0.171473  -0.618635
      1       0.071370  -0.980462  -0.183307
      2       0.637980  -0.096397   0.763996
 P Eigenvalues: 
                  0          1          2    
      0      85.754813  80.291529 109.465335
P(iso)  91.837225
 Nucleus: 27 H 
 Shielding tensor (ppm): 
                  0          1          2    
      0      55.520153 -202.438144 -59.537908
      1     279.039189 103.232568 321.294358
      2      49.513311 -234.363232 116.924341
 P Tensor eigenvectors:
                   0          1          2    
      0       0.767801   0.171134   0.617410
      1       0.068355  -0.980046   0.186645
      2      -0.637032   0.101104   0.764179
 P Eigenvalues: 
                  0          1          2    
      0      85.799535  80.340548 109.536979
P(iso)  91.892354
 Nucleus: 29 H 
 Shielding tensor (ppm): 
                  0          1          2    
      0      38.471876 210.301750 -126.862832
      1     -328.674728  43.172623 396.563632
      2      82.842564 -288.126016  35.152894
 P Tensor eigenvectors:
                   0          1          2    
      0       0.753178   0.193339  -0.628763
      1       0.266780  -0.963476   0.023307
      2       0.601292   0.185296   0.777248
 P Eigenvalues: 
                  0          1          2    
      0      11.280327  43.835666  61.681399
P(iso)  38.932464
 Nucleus: 30 H 
 Shielding tensor (ppm): 
                  0          1          2    
      0      38.317589 210.333722 125.929935
      1     -328.320673  42.664828 -397.154458
      2     -81.303321 288.496387  35.654508
 P Tensor eigenvectors:
                   0          1          2    
      0       0.754278   0.193580   0.627369
      1       0.263993  -0.964320  -0.019847
      2      -0.601142  -0.180592   0.778469
 P Eigenvalues: 
                  0          1          2    
      0      11.172910  43.815558  61.648457
P(iso)  38.878975
 Nucleus: 32 H 
 Shielding tensor (ppm): 
                  0          1          2    
      0      -3.125163 -304.095174 -57.816340
      1     392.259468  73.099481 455.805762
      2      42.767128 -329.864117  35.069101
 P Tensor eigenvectors:
                   0          1          2    
      0       0.753315   0.201269   0.626104
      1       0.068076  -0.970769   0.230157
      2      -0.654126   0.130758   0.744997
 P Eigenvalues: 
                  0          1          2    
      0      19.899489  35.752901  49.391030
P(iso)  35.014473
 Nucleus: 33 H 
 Shielding tensor (ppm): 
                  0          1          2    
      0      -3.188410 -304.568277  59.088613
      1     393.089192  72.544332 -454.977678
      2     -44.549757 328.943294  35.631201
 P Tensor eigenvectors:
                   0          1          2    
      0      -0.751769   0.201659   0.627835
      1      -0.070942  -0.971300   0.227033
      2      -0.655600  -0.126136  -0.744499
 P Eigenvalues: 
                  0          1          2    
      0      19.902627  35.727543  49.356955
P(iso)  34.995708
 Nucleus: 35 H 
 Shielding tensor (ppm): 
                  0          1          2    
      0     -101.783063 131.994908  -0.120905
      1     -265.659088  42.531320  -2.474860
      2       0.749755   0.844667 -109.968278
 P Tensor eigenvectors:
                   0          1          2    
      0       0.331452  -0.009167   0.943428
      1       0.943460  -0.001768  -0.331481
      2       0.004707   0.999956   0.008062
 P Eigenvalues: 
                  0          1          2    
      0     -15.131093 -109.972162 -44.116767
P(iso)  -56.406674
 Nucleus: 36 H 
 Shielding tensor (ppm): 
                  0          1          2    
      0     -105.853470 112.483707  -0.240207
      1     -222.804751  50.710239  -0.535712
      2       0.511539  -0.258434 -108.853521
 P Tensor eigenvectors:
                   0          1          2    
      0       0.386636   0.000814  -0.922232
      1       0.922231  -0.002120   0.386633
      2      -0.001640  -0.999997  -0.001571
 P Eigenvalues: 
                  0          1          2    
      0     -12.030314 -108.854516 -43.111922
P(iso)  -54.665584
 Nucleus: 43 H 
 Shielding tensor (ppm): 
                  0          1          2    
      0      41.032678  17.838805  -0.285631
      1       1.670706 -326.235433   0.089025
      2       0.374027   0.110931 -235.256731
 P Tensor eigenvectors:
                   0          1          2    
      0       0.999997  -0.001851   0.001781
      1      -0.001779   0.001179   0.999998
      2       0.001853   0.999998  -0.001175
 P Eigenvalues: 
                  0          1          2    
      0      40.996031 -235.255881 -326.199637
P(iso)  -173.486495
 Nucleus: 44 H 
 Shielding tensor (ppm): 
                  0          1          2    
      0      13.899713 -741.690039   0.575924
      1     428.577122 -141.013998   0.262928
      2      -0.197278  -0.287728 -117.269882
 P Tensor eigenvectors:
                   0          1          2    
      0      -0.000553  -0.984618   0.174721
      1       0.000704  -0.174722  -0.984618
      2       1.000000  -0.000421   0.000789
 P Eigenvalues: 
                  0          1          2    
      0     -117.269958 -44.695452 -82.418757
P(iso)  -81.461389
 Nucleus: 45 H 
 Shielding tensor (ppm): 
                  0          1          2    
      0       3.451622 744.530268  -0.605706
      1     -500.242335 182.813926  -0.270364
      2       0.303502   0.276506 116.019020
 P Tensor eigenvectors:
                   0          1          2    
      0      -0.000430  -0.970766   0.240029
      1       0.000749  -0.240030  -0.970765
      2       1.000000  -0.000238   0.000830
 P Eigenvalues: 
                  0          1          2    
      0     116.019092  70.707490 115.557987
P(iso)  100.761523
 Nucleus: 46 H 
 Shielding tensor (ppm): 
                  0          1          2    
      0      19.075750 -711.275649   0.736069
      1     450.377961 165.923244   0.218845
      2      -0.501492  -0.388947 112.931591
 P Tensor eigenvectors:
                   0          1          2    
      0      -0.000646  -0.984312  -0.176437
      1       0.001096   0.176436  -0.984312
      2       0.999999  -0.000829   0.000965
 P Eigenvalues: 
                  0          1          2    
      0     112.931463  68.956917 116.042206
P(iso)  99.310195
 Nucleus: 47 H 
 Shielding tensor (ppm): 
                  0          1          2    
      0      -3.183435 769.546676  -0.889452
      1     -441.998660 -122.730234  -0.215329
      2       0.608606   0.341080 -115.510974
 P Tensor eigenvectors:
                   0          1          2    
      0      -0.000499  -0.992421  -0.122887
      1       0.001218   0.122886  -0.992420
      2       0.999999  -0.000645   0.001147
 P Eigenvalues: 
                  0          1          2    
      0     -115.510863 -44.935009 -80.978772
P(iso)  -80.474881
 Nucleus: 54 H 
 Shielding tensor (ppm): 
                  0          1          2    
      0      40.378563  54.218197  -0.147626
      1     -10.998623 -323.892062   0.090016
      2       0.131038   0.106676 -233.776587
 P Tensor eigenvectors:
                   0          1          2    
      0       0.998542   0.000577   0.053976
      1      -0.053975  -0.001230   0.998542
      2       0.000642  -0.999999  -0.001197
 P Eigenvalues: 
                  0          1          2    
      0      36.987837 -233.776411 -320.501511
P(iso)  -172.430029
 Nucleus: 55 H 
 Shielding tensor (ppm): 
                  0          1          2    
      0      -8.434160 779.593912  -0.798375
      1     -448.235803 -106.390942  -0.055015
      2       0.476429   0.099033 -107.107264
 P Tensor eigenvectors:
                   0          1          2    
      0      -0.000122  -0.995290  -0.096942
      1       0.001040   0.096941  -0.995290
      2       0.999999  -0.000222   0.001024
 P Eigenvalues: 
                  0          1          2    
      0     -107.107219 -41.325808 -73.499340
P(iso)  -73.977455
 Nucleus: 56 H 
 Shielding tensor (ppm): 
                  0          1          2    
      0      20.833294 -725.192608   0.582466
      1     452.954634 151.472237   0.090702
      2      -0.331498  -0.148567 104.968229
 P Tensor eigenvectors:
                   0          1          2    
      0      -0.000320  -0.988607  -0.150522
      1       0.000821   0.150522  -0.988606
      2       1.000000  -0.000440   0.000763
 P Eigenvalues: 
                  0          1          2    
      0     104.968195  64.304171 108.001394
P(iso)  92.424587
 Nucleus: 57 H 
 Shielding tensor (ppm): 
                  0          1          2    
      0       4.040729 720.476758  -0.655566
      1     -490.923199 193.279198  -0.093609
      2       0.397732   0.025703 124.421193
 P Tensor eigenvectors:
                   0          1          2    
      0      -0.000047  -0.965359   0.260925
      1       0.000893  -0.260925  -0.965359
      2       1.000000   0.000187   0.000874
 P Eigenvalues: 
                  0          1          2    
      0     124.421190  74.745888 122.574043
P(iso)  107.247040
 Nucleus: 58 H 
 Shielding tensor (ppm): 
                  0          1          2    
      0      19.367591 -721.027747   0.614600
      1     417.465266 -156.017383   0.115223
      2      -0.297104  -0.051584 -123.737612
 P Tensor eigenvectors:
                   0          1          2    
      0      -0.000195  -0.979622   0.200848
      1       0.000831  -0.200848  -0.979622
      2       1.000000  -0.000024   0.000853
 P Eigenvalues: 
                  0          1          2    
      0     -123.737588 -47.435001 -89.214814
P(iso)  -86.795801
# -----------------------------------------------------------
$ EPRNMR_ATensor
   description: Hyperfine A tensor
   geom. index: 1
   prop. index: 1
 Number of stored nuclei 29
 Source density: 1 SCF 
 Spin multiplicity: 2 
 Nucleus: 9 H  
 Isotope: 1 
 Nuclear Spin:  0.5 
 Prefactor (MHz): 533.551395 
 Raw A tensor (MHz): 
                  0          1          2    
      0     -15.553812   6.107004  -0.015970
      1       6.109705 -12.683966  -0.016734
      2      -0.015975  -0.016738 -16.937857
 A Tensor eigenvectors:
                   0          1          2    
      0       0.620992   0.001091   0.783816
      1       0.783813   0.002368  -0.620992
      2      -0.002533   0.999997   0.000616
 A Eigenvalues: 
                  0          1          2    
      0      -7.844199 -16.937914 -20.393521
A(iso)  -15.058545
 Nucleus: 10 H  
 Isotope: 1 
 Nuclear Spin:  0.5 
 Prefactor (MHz): 533.551395 
 Raw A tensor (MHz): 
                  0          1          2    
      0       8.155037  -2.203076   0.006696
      1      -2.204228   6.634416  -0.007084
      2       0.006700  -0.007084   4.385882
 A Tensor eigenvectors:
                   0          1          2    
      0       0.000152   0.580420  -0.814318
      1       0.003299   0.814313   0.580417
      2       0.999995  -0.002775  -0.001791
 A Eigenvalues: 
                  0          1          2    
      0       4.385860   5.063605   9.725870
A(iso)  6.391778
 Nucleus: 12 H  
 Isotope: 1 
 Nuclear Spin:  0.5 
 Prefactor (MHz): 533.551395 
 Raw A tensor (MHz): 
                  0          1          2    
      0     -20.100774   1.634471   0.012527
      1       1.632751 -73.362707   0.080907
      2       0.012538   0.080917 -48.516248
 A Tensor eigenvectors:
                   0          1          2    
      0       0.999530   0.000626  -0.030643
      1       0.030645  -0.003215   0.999525
      2       0.000527  -0.999995  -0.003233
 A Eigenvalues: 
                  0          1          2    
      0     -20.050708 -48.515996 -73.413026
A(iso)  -47.326576
 Nucleus: 14 H  
 Isotope: 1 
 Nuclear Spin:  0.5 
 Prefactor (MHz): 533.551395 
 Raw A tensor (MHz): 
                  0          1          2    
      0      72.311769   3.525563   1.952785
      1       3.524488  74.114777   1.916997
      2       1.951277   1.917185  69.122356
 A Tensor eigenvectors:
                   0          1          2    
      0      -0.369603   0.713355   0.595414
      1      -0.079450  -0.662703   0.744656
      2       0.925787   0.227921   0.301613
 A Eigenvalues: 
                  0          1          2    
      0      68.178703  69.660686  77.709514
A(iso)  71.849634
 Nucleus: 15 H  
 Isotope: 1 
 Nuclear Spin:  0.5 
 Prefactor (MHz): 533.551395 
 Raw A tensor (MHz): 
                  0          1          2    
      0      71.857077   3.516688  -1.961248
      1       3.515610  73.587303  -1.935651
      2      -1.959724  -1.935838  68.632182
 A Tensor eigenvectors:
                   0          1          2    
      0       0.360913   0.715667   0.597966
      1       0.089372  -0.664772   0.741681
      2       0.928307  -0.214241  -0.303885
 A Eigenvalues: 
                  0          1          2    
      0      67.683788  69.177829  77.214945
A(iso)  71.358854
 Nucleus: 17 H  
 Isotope: 1 
 Nuclear Spin:  0.5 
 Prefactor (MHz): 533.551395 
 Raw A tensor (MHz): 
                  0          1          2    
      0      -2.331890  -2.065624   0.660571
      1      -2.065390   1.684695  -1.353132
      2       0.659982  -1.352013  -2.872196
 A Tensor eigenvectors:
                   0          1          2    
      0       0.379914   0.694566  -0.610937
      1      -0.890524   0.453312  -0.038412
      2       0.250265   0.558647   0.790747
 A Eigenvalues: 
                  0          1          2    
      0       2.945613  -3.148465  -3.316538
A(iso)  -1.173130
 Nucleus: 18 H  
 Isotope: 1 
 Nuclear Spin:  0.5 
 Prefactor (MHz): 533.551395 
 Raw A tensor (MHz): 
                  0          1          2    
      0      -2.320742  -2.080860  -0.635119
      1      -2.080624   1.702111   1.296740
      2      -0.634543   1.295633  -2.899089
 A Tensor eigenvectors:
                   0          1          2    
      0      -0.381980  -0.692422   0.612081
      1       0.892531  -0.448210   0.049959
      2       0.239748   0.565384   0.789216
 A Eigenvalues: 
                  0          1          2    
      0       2.940437  -3.148858  -3.309299
A(iso)  -1.172573
 Nucleus: 20 H  
 Isotope: 1 
 Nuclear Spin:  0.5 
 Prefactor (MHz): 533.551395 
 Raw A tensor (MHz): 
                  0          1          2    
      0       0.078724   0.259522  -0.102672
      1       0.259868   2.204106  -0.387998
      2      -0.102824  -0.387808   0.109899
 A Tensor eigenvectors:
                   0          1          2    
      0      -0.679680  -0.723307   0.121912
      1      -0.048644   0.210285   0.976429
      2      -0.731894   0.657729  -0.178111
 A Eigenvalues: 
                  0          1          2    
      0      -0.012220   0.097656   2.307294
A(iso)  0.797576
 Nucleus: 21 H  
 Isotope: 1 
 Nuclear Spin:  0.5 
 Prefactor (MHz): 533.551395 
 Raw A tensor (MHz): 
                  0          1          2    
      0       0.076936   0.255673   0.100637
      1       0.256020   2.212582   0.369999
      2       0.100785   0.369810   0.105043
 A Tensor eigenvectors:
                   0          1          2    
      0       0.687842   0.715915  -0.119747
      1       0.041559  -0.203544  -0.978183
      2      -0.724670   0.667859  -0.169759
 A Eigenvalues: 
                  0          1          2    
      0      -0.012669   0.099126   2.308104
A(iso)  0.798187
 Nucleus: 23 H  
 Isotope: 1 
 Nuclear Spin:  0.5 
 Prefactor (MHz): 533.551395 
 Raw A tensor (MHz): 
                  0          1          2    
      0      25.855040  -1.504718  -0.899839
      1      -1.504228  25.878414   0.467958
      2      -0.899223   0.468128  24.537970
 A Tensor eigenvectors:
                   0          1          2    
      0      -0.599427   0.402291   0.691989
      1      -0.294517   0.693021  -0.658014
      2      -0.744276  -0.598234  -0.296934
 A Eigenvalues: 
                  0          1          2    
      0      23.998837  24.600905  27.671683
A(iso)  25.423808
 Nucleus: 24 H  
 Isotope: 1 
 Nuclear Spin:  0.5 
 Prefactor (MHz): 533.551395 
 Raw A tensor (MHz): 
                  0          1          2    
      0      25.885982  -1.499985   0.908751
      1      -1.499499  25.909310  -0.475995
      2       0.908132  -0.476166  24.579663
 A Tensor eigenvectors:
                   0          1          2    
      0       0.600805   0.401231   0.691409
      1       0.291393   0.695484  -0.656804
      2      -0.744394   0.596083   0.300935
 A Eigenvalues: 
                  0          1          2    
      0      24.032939  24.635910  27.706106
A(iso)  25.458318
 Nucleus: 26 H  
 Isotope: 1 
 Nuclear Spin:  0.5 
 Prefactor (MHz): 533.551395 
 Raw A tensor (MHz): 
                  0          1          2    
      0      -0.828502   0.338123  -0.084693
      1       0.337659   0.751591  -0.397847
      2      -0.084460  -0.397592  -0.938279
 A Tensor eigenvectors:
                   0          1          2    
      0       0.978321   0.196397   0.065700
      1      -0.205877   0.956684   0.205839
      2      -0.022428  -0.214902   0.976378
 A Eigenvalues: 
                  0          1          2    
      0      -0.897658   0.910250  -1.027783
A(iso)  -0.338397
 Nucleus: 27 H  
 Isotope: 1 
 Nuclear Spin:  0.5 
 Prefactor (MHz): 533.551395 
 Raw A tensor (MHz): 
                  0          1          2    
      0      -0.830411   0.337958   0.083587
      1       0.337493   0.754567   0.390641
      2       0.083358   0.390384  -0.943317
 A Tensor eigenvectors:
                   0          1          2    
      0       0.978151   0.195996  -0.069323
      1      -0.206131   0.957690  -0.200849
      2       0.027024   0.210751   0.977166
 A Eigenvalues: 
                  0          1          2    
      0      -0.899275   0.909586  -1.029471
A(iso)  -0.339720
 Nucleus: 29 H  
 Isotope: 1 
 Nuclear Spin:  0.5 
 Prefactor (MHz): 533.551395 
 Raw A tensor (MHz): 
                  0          1          2    
      0      -0.028532  -0.282689  -0.061610
      1      -0.282849   0.698283   0.122080
      2      -0.061621   0.121990  -0.087103
 A Tensor eigenvectors:
                   0          1          2    
      0       0.456576   0.828688   0.323751
      1       0.291733   0.204325  -0.934421
      2      -0.840494   0.521083  -0.148466
 A Eigenvalues: 
                  0          1          2    
      0      -0.095935  -0.137076   0.815660
A(iso)  0.194216
 Nucleus: 30 H  
 Isotope: 1 
 Nuclear Spin:  0.5 
 Prefactor (MHz): 533.551395 
 Raw A tensor (MHz): 
                  0          1          2    
      0      -0.028613  -0.282029   0.062998
