-------------------------------------------------------------
----------------------- !PROPERTIES! ------------------------
-------------------------------------------------------------
# -----------------------------------------------------------
$ PAL_Flags
   description: The PAL Flags
   geom. index: 1
   prop. index: 1
        Diskflag:     2
# -----------------------------------------------------------
$ SCF_Energy
   description: The SCF energy
   geom. index: 1
   prop. index: 1
        SCF Energy:     -621.8598323604
# -----------------------------------------------------------
$ DFT_Energy
   description: The DFT energy
   geom. index: 1
   prop. index: 1
   Number of Alpha Electrons                 59.0001086716 
   Number of Beta  Electrons                 58.0001026421 
   Total number of  Electrons               117.0002113138 
   Exchange energy                          -71.6224120430 
   Correlation energy                        -4.5074644946 
   Correlation energy NL                      0.0000000000 
   Exchange-Correlation energy              -76.1298765377 
   Embedding correction                       0.0000000000 
   Total DFT Energy (No VdW correction)    -621.8598323604 
# -----------------------------------------------------------
$ Mayer_Pop
   description: The Mayer population analysis
   geom. index: 1
   prop. index: 1
     Number of atoms                     : 37
     Threshold for printing              : 0.1000000
     Number of bond orders printed       : 37
  NA   - Mulliken gross atomic population
  ZA   - Total nuclear charge
  QA   - Mulliken gross atomic charge
  VA   - Mayer's total valence
  BVA  - Mayer's bonded valence
  FA   - Mayer's free valence
  ATOM       NA         ZA         QA         VA         BVA        FA
  0   0     5.3802     6.0000     0.6198     2.9160     2.9156     0.0004
  1   0     5.9726     6.0000     0.0274     3.9076     3.8728     0.0348
  2   0     5.9153     6.0000     0.0847     4.0918     4.0777     0.0141
  3   0     6.0035     6.0000    -0.0035     3.8792     3.8436     0.0356
  4   0     6.0430     6.0000    -0.0430     3.8466     3.8402     0.0064
  5   0     6.0854     6.0000    -0.0854     4.1594     4.1192     0.0402
  6   0     5.9733     6.0000     0.0267     3.9816     3.9740     0.0076
  7   0     1.0529     1.0000    -0.0529     1.0004     1.0003     0.0001
  8   0     1.0432     1.0000    -0.0432     0.9850     0.9850     0.0000
  9   0     6.0734     6.0000    -0.0734     3.9308     3.5226     0.4082
 10   0     1.0380     1.0000    -0.0380     0.9907     0.9893     0.0014
 11   0     5.9708     6.0000     0.0292     4.0140     4.0124     0.0016
 12   0     0.9720     1.0000     0.0280     0.9632     0.9620     0.0012
 13   0     0.9720     1.0000     0.0280     0.9632     0.9620     0.0012
 14   0     6.0406     6.0000    -0.0406     4.1298     4.1298     0.0000
 15   0     0.9884     1.0000     0.0116     0.9638     0.9638     0.0000
 16   0     0.9884     1.0000     0.0116     0.9638     0.9638     0.0000
 17   0     5.9965     6.0000     0.0035     4.0179     4.0179     0.0000
 18   0     0.9821     1.0000     0.0179     0.9776     0.9776     0.0000
 19   0     0.9821     1.0000     0.0179     0.9776     0.9776     0.0000
 20   0     5.9570     6.0000     0.0430     4.0239     4.0237     0.0002
 21   0     0.9690     1.0000     0.0310     0.9695     0.9694     0.0001
 22   0     0.9691     1.0000     0.0309     0.9700     0.9699     0.0001
 23   0     6.0350     6.0000    -0.0350     4.1125     4.1125     0.0000
 24   0     0.9858     1.0000     0.0142     0.9632     0.9632     0.0000
 25   0     0.9856     1.0000     0.0144     0.9630     0.9630     0.0000
 26   0     6.0253     6.0000    -0.0253     4.1191     4.1191     0.0000
 27   0     0.9940     1.0000     0.0060     0.9676     0.9676     0.0000
 28   0     0.9940     1.0000     0.0060     0.9677     0.9677     0.0000
 29   0     5.9970     6.0000     0.0030     4.0165     4.0165     0.0000
 30   0     0.9835     1.0000     0.0165     0.9772     0.9772     0.0000
 31   0     0.9835     1.0000     0.0165     0.9772     0.9772     0.0000
 32   0     6.5938     6.0000    -0.5938     3.4058     3.4046     0.0012
 33   0     1.0307     1.0000    -0.0307     1.0298     1.0298     0.0000
 34   0     0.9868     1.0000     0.0132     0.9734     0.9734     0.0000
 35   0     0.9873     1.0000     0.0127     0.9735     0.9735     0.0000
 36   0     1.0488     1.0000    -0.0488     0.9759     0.9758     0.0001
      Bond orders larger than 0.1000000
           Atom A     A.N. of A          Atom B    A.N. of B              Bond order
                0             6               4            6                0.902588
                0             6              32            6                2.144234
                1             6               2            6                1.293647
                1             6               6            6                1.470657
                1             6              36            1                0.931639
                2             6               3            6                1.303573
                2             6               9            6                1.305563
                3             6               4            6                1.446582
                3             6               7            1                0.925819
                4             6               5            6                1.364699
                5             6               6            6                1.410024
                5             6              20            6                1.092243
                6             6               8            1                0.918369
                9             6              10            1                0.930178
                9             6              11            6                1.081807
               11             6              12            1                0.913457
               11             6              13            1                0.913396
               11             6              14            6                1.070820
               14             6              15            1                0.944227
               14             6              16            1                0.944204
               14             6              17            6                1.106425
               17             6              18            1                0.965674
               17             6              19            1                0.965678
               17             6              34            1                0.961347
               20             6              21            1                0.898152
               20             6              22            1                0.898169
               20             6              23            6                1.100458
               23             6              24            1                0.930129
               23             6              25            1                0.929703
               23             6              26            6                1.076097
               26             6              27            1                0.941187
               26             6              28            1                0.941172
               26             6              29            6                1.105900
               29             6              30            1                0.966233
               29             6              31            1                0.966228
               29             6              35            1                0.961794
               32             6              33            1                1.116297
# -----------------------------------------------------------
$ Calculation_Info
   description: Details of the calculation
   geom. index: 1
   prop. index: 1
     Multiplicity:                          2
     Charge:                                0
     number of atoms:                       37
     number of electrons:                   0
     number of frozen core electrons:       1
     number of correlated electrons:        0
     number of basis functions:             329
     number of aux C basis functions:       2196
     number of aux J basis functions:       2196
     number of aux JK basis functions:      2196
     number of aux CABS basis functions:    0
     Total Energy                           -621.859832
# -----------------------------------------------------------
$ SCF_Electric_Properties
   description: The SCF Calculated Electric Properties
   geom. index: 1
   prop. index: 1
       Filename                          : cc-pVDZ.scfp 
       Do Dipole Moment Calculation      : true 
       Do Quadrupole Moment Calculation  : false 
       Do Polarizability Calculation     : false 
** Dipole moment part of electric properties **
        Magnitude of dipole moment (Debye) :        0.3730665196
        Electronic Contribution:
                  0    
      0      -4.830149
      1       2.150493
      2      -0.059574
        Nuclear Contribution:
                  0    
      0       4.976905
      1      -2.150009
      2       0.061751
        Total Dipole moment:
                  0    
      0       0.146756
      1       0.000484
      2       0.002177
# -----------------------------------------------------------
$ EPRNMR_GTensor
   description: Electronic g tensor
   geom. index: 1
   prop. index: 1
 Source density: 1 SCF 
 Spin multiplicity: 2 
 raw g tensor: 
                  0          1          2    
      0       2.002776   0.000050   0.000011
      1       0.000048   2.002768  -0.000002
      2       0.000011  -0.000003   2.002179
 g tensor: 
                  0          1          2    
      0      -0.018981  -0.677787  -0.735013
      1       0.005412   0.735065  -0.677975
      2       0.999805  -0.016847  -0.010284
 G eigenvalues: 
                  0          1          2    
      0       2.002178   2.002723   2.002821
# -----------------------------------------------------------
$ EPRNMR_OrbitalShielding
   description: Orbital contribution to the NMR Shielding tensor (ppm)
   geom. index: 1
   prop. index: 1
 Number of stored nuclei 21
 Source density: 1 SCF 
 Nucleus: 7 H 
 Shielding tensor (ppm): 
                  0          1          2    
      0      26.625403   5.413001   0.100316
      1       4.893227  26.713662   0.059967
      2       0.108672   0.070730  19.794182
 P Tensor eigenvectors:
                   0          1          2    
      0      -0.018573   0.713322   0.700590
      1       0.004444  -0.700645   0.713496
      2       0.999818   0.016365   0.009844
 P Eigenvalues: 
                  0          1          2    
      0      19.792525  21.516935  31.823786
P(iso)  24.377749
 Nucleus: 8 H 
 Shielding tensor (ppm): 
                  0          1          2    
      0      27.331200   3.869310   0.130830
      1       4.504073  26.691451   0.062897
      2       0.111746   0.054195  19.995363
 P Tensor eigenvectors:
                   0          1          2    
      0      -0.018131   0.675091   0.737512
      1       0.002530  -0.737600   0.675233
      2       0.999832   0.014108   0.011665
 P Eigenvalues: 
                  0          1          2    
      0      19.993332  22.813274  31.211407
P(iso)  24.672671
 Nucleus: 10 H 
 Shielding tensor (ppm): 
                  0          1          2    
      0      24.143989  -0.461435   0.025829
      1      -0.123405  31.779815  -0.038799
      2       0.032836  -0.044253  22.672456
 P Tensor eigenvectors:
                   0          1          2    
      0      -0.019046  -0.999198   0.035209
      1       0.003952  -0.035290  -0.999369
      2       0.999811  -0.018895   0.004621
 P Eigenvalues: 
                  0          1          2    
      0      22.671731  24.133403  31.791127
P(iso)  26.198754
 Nucleus: 12 H 
 Shielding tensor (ppm): 
                  0          1          2    
      0      28.513261   1.407142   3.096509
      1       0.784898  30.336421  -0.499945
      2       3.888603  -1.313703  28.103085
 P Tensor eigenvectors:
                   0          1          2    
      0      -0.667331  -0.048124   0.743205
      1       0.225132  -0.964259   0.139711
      2       0.709919   0.260553   0.654315
 P Eigenvalues: 
                  0          1          2    
      0      24.470547  30.650378  31.831841
P(iso)  28.984255
 Nucleus: 13 H 
 Shielding tensor (ppm): 
                  0          1          2    
      0      28.807749   1.348418  -3.078073
      1       0.741554  30.361643   0.507170
      2      -3.869010   1.343358  27.774785
 P Tensor eigenvectors:
                   0          1          2    
      0       0.636193  -0.023838   0.771162
      1      -0.219111  -0.963950   0.150965
      2       0.739763  -0.265013  -0.618482
 P Eigenvalues: 
                  0          1          2    
      0      24.456255  30.655952  31.831969
P(iso)  28.981392
 Nucleus: 15 H 
 Shielding tensor (ppm): 
                  0          1          2    
      0      30.574862  -0.378966   4.492755
      1      -0.063631  29.771003  -0.576778
      2       4.411727   0.583723  28.920245
 P Tensor eigenvectors:
                   0          1          2    
      0      -0.640172  -0.011784   0.768141
      1      -0.021741  -0.999204  -0.033448
      2       0.767924  -0.038113   0.639406
 P Eigenvalues: 
                  0          1          2    
      0      25.214993  29.768931  34.282186
P(iso)  29.755370
 Nucleus: 16 H 
 Shielding tensor (ppm): 
                  0          1          2    
      0      30.950931  -0.389683  -4.410544
      1      -0.120028  29.770450   0.562402
      2      -4.327272  -0.602998  28.541610
 P Tensor eigenvectors:
                   0          1          2    
      0       0.606900  -0.013874   0.794657
      1       0.027525  -0.998881  -0.038461
      2       0.794301   0.045215  -0.605839
 P Eigenvalues: 
                  0          1          2    
      0      25.208393  29.768416  34.286182
P(iso)  29.754331
 Nucleus: 18 H 
 Shielding tensor (ppm): 
                  0          1          2    
      0      29.770645  -1.576318  -3.699854
      1      -2.286339  30.702867   2.555858
      2      -3.119389   2.165242  30.553454
 P Tensor eigenvectors:
                   0          1          2    
      0      -0.734463   0.388075  -0.556742
      1       0.046215   0.847066   0.529475
      2      -0.677073  -0.363150   0.640073
 P Eigenvalues: 
                  0          1          2    
      0      26.723772  28.781782  35.521411
P(iso)  30.342322
 Nucleus: 19 H 
 Shielding tensor (ppm): 
                  0          1          2    
      0      29.488277  -1.459242   3.662653
      1      -2.154448  30.668253  -2.650039
      2       3.087860  -2.227517  30.871178
 P Tensor eigenvectors:
                   0          1          2    
      0      -0.761977   0.372984   0.529409
      1       0.051181   0.849615  -0.524915
      2       0.645578   0.372877   0.666477
 P Eigenvalues: 
                  0          1          2    
      0      26.726805  28.780783  35.520120
P(iso)  30.342569
 Nucleus: 21 H 
 Shielding tensor (ppm): 
                  0          1          2    
      0      28.389779  -1.720374  -3.315784
      1      -1.293921  31.183222  -0.003097
      2      -4.789265  -1.041828  26.504134
 P Tensor eigenvectors:
                   0          1          2    
      0       0.616402   0.444569  -0.649928
      1       0.155186   0.740604   0.653776
      2       0.771988  -0.503848   0.387519
 P Eigenvalues: 
                  0          1          2    
      0      23.062922  30.656227  32.357987
P(iso)  28.692378
 Nucleus: 22 H 
 Shielding tensor (ppm): 
                  0          1          2    
      0      28.200207  -1.811470   3.385332
      1      -1.312183  31.257970  -0.059543
      2       4.844045   0.930333  26.587042
 P Tensor eigenvectors:
                   0          1          2    
      0      -0.631036   0.455890  -0.627661
      1      -0.150411   0.721841   0.675516
      2       0.761032   0.520682  -0.386937
 P Eigenvalues: 
                  0          1          2    
      0      22.986864  30.608916  32.449440
P(iso)  28.681740
 Nucleus: 24 H 
 Shielding tensor (ppm): 
                  0          1          2    
      0      30.133779   0.387024  -3.752920
      1       0.438641  31.257767   0.134926
      2      -3.727686   1.372067  28.230838
 P Tensor eigenvectors:
                   0          1          2    
      0       0.606395  -0.148594   0.781156
      1      -0.130476  -0.987663  -0.086591
      2       0.784385  -0.049414  -0.618302
 P Eigenvalues: 
                  0          1          2    
      0      25.204418  31.365354  33.052612
P(iso)  29.874128
 Nucleus: 25 H 
 Shielding tensor (ppm): 
                  0          1          2    
      0      29.947721   0.432043   3.816783
      1       0.448591  31.246827  -0.136133
      2       3.791562  -1.342790  28.387740
 P Tensor eigenvectors:
                   0          1          2    
      0      -0.624763  -0.144285   0.767368
      1       0.130512  -0.988250  -0.079558
      2       0.769830   0.050446   0.636252
 P Eigenvalues: 
                  0          1          2    
      0      25.165631  31.356426  33.060231
P(iso)  29.860763
 Nucleus: 27 H 
 Shielding tensor (ppm): 
                  0          1          2    
      0      30.661885  -0.098602  -4.485801
      1       0.008077  30.640318  -0.563227
      2      -4.267688  -1.218314  28.458511
 P Tensor eigenvectors:
                   0          1          2    
      0       0.605730  -0.193156  -0.771869
      1       0.122817   0.981158  -0.149148
      2       0.786134  -0.004455   0.618040
 P Eigenvalues: 
                  0          1          2    
      0      24.952834  30.658490  34.149390
P(iso)  29.920238
 Nucleus: 28 H 
 Shielding tensor (ppm): 
                  0          1          2    
      0      30.439939  -0.144376   4.546929
      1      -0.010032  30.641457   0.554503
      2       4.329069   1.209330  28.681723
 P Tensor eigenvectors:
                   0          1          2    
      0      -0.625775  -0.190174  -0.756465
      1      -0.122478   0.981749  -0.145492
      2       0.770328   0.001605  -0.637646
 P Eigenvalues: 
                  0          1          2    
      0      24.942689  30.663063  34.157368
P(iso)  29.921040
 Nucleus: 30 H 
 Shielding tensor (ppm): 
                  0          1          2    
      0      29.861155  -1.720949   3.924160
      1      -2.512643  30.387761  -2.237044
      2       3.324825  -1.893604  30.798446
 P Tensor eigenvectors:
                   0          1          2    
      0       0.773718  -0.243317   0.584942
      1       0.092638  -0.869929  -0.484398
      2      -0.626720  -0.428975   0.650540
 P Eigenvalues: 
                  0          1          2    
      0      26.655125  28.751199  35.641037
P(iso)  30.349120
 Nucleus: 31 H 
 Shielding tensor (ppm): 
                  0          1          2    
      0      30.051041  -1.761113  -3.943455
      1      -2.561989  30.384042   2.162477
      2      -3.344769   1.846816  30.614572
 P Tensor eigenvectors:
                   0          1          2    
      0      -0.757136   0.254207  -0.601768
      1      -0.091947   0.870540   0.483432
      2      -0.646755  -0.421354   0.635743
 P Eigenvalues: 
                  0          1          2    
      0      26.658135  28.756780  35.634740
P(iso)  30.349885
 Nucleus: 33 H 
 Shielding tensor (ppm): 
                  0          1          2    
      0      35.455301  -0.401605   0.238777
      1      -0.892649  25.569520  -0.026105
      2       0.214991  -0.012375  24.002150
 P Tensor eigenvectors:
                   0          1          2    
      0      -0.019781   0.061095  -0.997936
      1       0.004188   0.998128   0.061024
      2       0.999796  -0.002972  -0.020000
 P Eigenvalues: 
                  0          1          2    
      0      23.997631  25.527514  35.501827
P(iso)  28.342324
 Nucleus: 34 H 
 Shielding tensor (ppm): 
                  0          1          2    
      0      29.288969   2.622539   0.060928
      1       3.979950  35.286985   0.048236
      2       0.057087   0.020717  25.812568
 P Tensor eigenvectors:
                   0          1          2    
      0      -0.020181   0.909909   0.414317
      1       0.003394  -0.414336   0.910117
      2       0.999791   0.019774   0.005274
 P Eigenvalues: 
                  0          1          2    
      0      25.811493  27.829681  36.747347
P(iso)  30.129507
 Nucleus: 35 H 
 Shielding tensor (ppm): 
                  0          1          2    
      0      28.462301   1.794664   0.040154
      1       3.067784  36.156335   0.050819
      2       0.043385   0.036864  25.768727
 P Tensor eigenvectors:
                   0          1          2    
      0      -0.014793   0.957653   0.287544
      1      -0.000716  -0.287585   0.957755
      2       0.999890   0.013962   0.004939
 P Eigenvalues: 
                  0          1          2    
      0      25.768075  27.759726  36.859562
P(iso)  30.129121
 Nucleus: 36 H 
 Shielding tensor (ppm): 
                  0          1          2    
      0      23.604892   0.722387   0.037937
      1       0.290781  29.412627  -0.028926
      2       0.039840  -0.020292  21.346397
 P Tensor eigenvectors:
                   0          1          2    
      0      -0.018149  -0.996453  -0.082175
      1       0.004198   0.082112  -0.996614
      2       0.999826  -0.018432   0.002693
 P Eigenvalues: 
                  0          1          2    
      0      21.345588  23.561888  29.456440
P(iso)  24.787972
# -----------------------------------------------------------
$ EPRNMR_ATensor
   description: Hyperfine A tensor
   geom. index: 1
   prop. index: 1
 Number of stored nuclei 21
 Source density: 1 SCF 
 Spin multiplicity: 2 
 Nucleus: 7 H  
 Isotope: 1 
 Nuclear Spin:  0.5 
 Prefactor (MHz): 533.551395 
 Raw A tensor (MHz): 
                  0          1          2    
      0     -14.473386  -6.450633   0.066652
      1      -6.453198 -12.378846  -0.131116
      2       0.066668  -0.131066 -16.341357
 A Tensor eigenvectors:
                   0          1          2    
      0      -0.647872  -0.017001   0.761559
      1       0.761599   0.005404   0.648026
      2      -0.015133   0.999841   0.009447
 A Eigenvalues: 
                  0          1          2    
      0      -6.887593 -16.343198 -19.962798
A(iso)  -14.397863
 Nucleus: 8 H  
 Isotope: 1 
 Nuclear Spin:  0.5 
 Prefactor (MHz): 533.551395 
 Raw A tensor (MHz): 
                  0          1          2    
      0       7.371565   2.216925   0.054116
      1       2.216538   6.634796   0.027397
      2       0.054121   0.027402   3.829585
 A Tensor eigenvectors:
                   0          1          2    
      0      -0.018126   0.646333   0.762840
      1       0.004560  -0.762904   0.646495
      2       0.999825   0.015196   0.010881
 A Eigenvalues: 
                  0          1          2    
      0       3.828729   4.756261   9.250955
A(iso)  5.945315
 Nucleus: 10 H  
 Isotope: 1 
 Nuclear Spin:  0.5 
 Prefactor (MHz): 533.551395 
 Raw A tensor (MHz): 
                  0          1          2    
      0     -17.511082  -2.030657   0.599910
      1      -2.028305 -73.795249   0.077590
      2       0.599902   0.077538 -47.811377
 A Tensor eigenvectors:
                   0          1          2    
      0       0.999160  -0.019485  -0.036048
      1      -0.035967   0.004510  -0.999343
      2       0.019635   0.999800   0.003805
 A Eigenvalues: 
                  0          1          2    
      0     -17.426279 -47.822719 -73.868710
A(iso)  -46.372569
 Nucleus: 12 H  
 Isotope: 1 
 Nuclear Spin:  0.5 
 Prefactor (MHz): 533.551395 
 Raw A tensor (MHz): 
                  0          1          2    
      0      64.269482  -3.760875   2.040153
      1      -3.759309  66.486095  -2.193767
      2       2.038451  -2.193747  61.268947
 A Tensor eigenvectors:
                   0          1          2    
      0      -0.371032  -0.727081   0.577658
      1       0.100360  -0.649813  -0.753439
      2       0.923181  -0.221576   0.314071
 A Eigenvalues: 
                  0          1          2    
      0      60.211042  61.530462  70.283020
A(iso)  64.008175
 Nucleus: 13 H  
 Isotope: 1 
 Nuclear Spin:  0.5 
 Prefactor (MHz): 533.551395 
 Raw A tensor (MHz): 
                  0          1          2    
      0      64.190017  -3.858843  -1.878434
      1      -3.857259  66.265532   1.993430
      2      -1.876738   1.993351  60.819853
 A Tensor eigenvectors:
                   0          1          2    
      0       0.330635  -0.736236   0.590454
      1      -0.094484  -0.648321  -0.755482
      2       0.939017   0.194000  -0.283920
 A Eigenvalues: 
                  0          1          2    
      0      59.958350  61.287444  70.029608
A(iso)  63.758467
 Nucleus: 15 H  
 Isotope: 1 
 Nuclear Spin:  0.5 
 Prefactor (MHz): 533.551395 
 Raw A tensor (MHz): 
                  0          1          2    
      0      -2.298418   2.263662   0.721372
      1       2.263668   1.929349   1.445781
      2       0.720962   1.444743  -2.871496
 A Tensor eigenvectors:
                   0          1          2    
      0       0.596120   0.388707  -0.702529
      1      -0.450125   0.886353   0.108470
      2       0.664852   0.251565   0.703340
 A Eigenvalues: 
                  0          1          2    
      0      -3.203343   3.332104  -3.369327
A(iso)  -1.080189
 Nucleus: 16 H  
 Isotope: 1 
 Nuclear Spin:  0.5 
 Prefactor (MHz): 533.551395 
 Raw A tensor (MHz): 
                  0          1          2    
      0      -2.236387   2.318036  -0.709316
      1       2.318087   1.905558  -1.382278
      2      -0.708912  -1.381249  -2.907337
 A Tensor eigenvectors:
                   0          1          2    
      0       0.616121   0.399303   0.678935
      1      -0.453758   0.884504  -0.108428
      2      -0.643816  -0.241268   0.726148
 A Eigenvalues: 
                  0          1          2    
      0      -3.202565   3.328777  -3.364379
A(iso)  -1.079389
 Nucleus: 18 H  
 Isotope: 1 
 Nuclear Spin:  0.5 
 Prefactor (MHz): 533.551395 
 Raw A tensor (MHz): 
                  0          1          2    
      0       0.008025  -0.249748  -0.110266
      1      -0.249914   2.270341   0.385528
      2      -0.110383   0.385397   0.031545
 A Tensor eigenvectors:
                   0          1          2    
      0      -0.726883   0.677627  -0.111637
      1      -0.195191  -0.047995   0.979590
      2       0.658439   0.733838   0.167153
 A Eigenvalues: 
                  0          1          2    
      0       0.040046  -0.094722   2.364586
A(iso)  0.769970
 Nucleus: 19 H  
 Isotope: 1 
 Nuclear Spin:  0.5 
 Prefactor (MHz): 533.551395 
 Raw A tensor (MHz): 
                  0          1          2    
      0      -0.003959  -0.231340   0.110737
      1      -0.231499   2.264009  -0.410596
      2       0.110855  -0.410459   0.044329
 A Tensor eigenvectors:
                   0          1          2    
      0       0.697118  -0.709380   0.103954
      1       0.199485   0.052647  -0.978486
      2       0.688645   0.702857   0.178212
 A Eigenvalues: 
                  0          1          2    
      0       0.038415  -0.097399   2.363362
A(iso)  0.768126
 Nucleus: 21 H  
 Isotope: 1 
 Nuclear Spin:  0.5 
 Prefactor (MHz): 533.551395 
 Raw A tensor (MHz): 
                  0          1          2    
      0      22.895484   1.626473  -0.902959
      1       1.625915  23.105486  -0.512164
      2      -0.902367  -0.512306  21.611416
 A Tensor eigenvectors:
                   0          1          2    
      0       0.626555   0.393212   0.672914
      1      -0.317701  -0.659552   0.681217
      2       0.711685  -0.640606  -0.288322
 A Eigenvalues: 
                  0          1          2    
      0      21.045519  21.638299  24.928568
A(iso)  22.537462
 Nucleus: 22 H  
 Isotope: 1 
 Nuclear Spin:  0.5 
 Prefactor (MHz): 533.551395 
 Raw A tensor (MHz): 
                  0          1          2    
      0      22.383869   1.617994   0.919737
      1       1.617424  22.608498   0.547669
      2       0.919141   0.547833  21.157451
 A Tensor eigenvectors:
                   0          1          2    
      0      -0.638527   0.380753   0.668812
      1       0.318264  -0.660605   0.679933
      2       0.700708   0.647014   0.300635
 A Eigenvalues: 
                  0          1          2    
      0      20.568515  21.139460  24.441843
A(iso)  22.049939
 Nucleus: 24 H  
 Isotope: 1 
 Nuclear Spin:  0.5 
 Prefactor (MHz): 533.551395 
 Raw A tensor (MHz): 
                  0          1          2    
      0      -0.780833  -0.405519  -0.103451
      1      -0.405288   0.913723   0.409191
      2      -0.103272   0.408894  -0.875714
 A Tensor eigenvectors:
                   0          1          2    
      0       0.964496  -0.149795  -0.217508
      1       0.242835   0.179231   0.953366
      2      -0.103826  -0.972336   0.209243
 A Eigenvalues: 
                  0          1          2    
      0      -0.871756  -0.967012   1.095945
A(iso)  -0.247608
 Nucleus: 25 H  
 Isotope: 1 
 Nuclear Spin:  0.5 
 Prefactor (MHz): 533.551395 
 Raw A tensor (MHz): 
                  0          1          2    
      0      -0.772138  -0.392128   0.103704
      1      -0.391888   0.910958  -0.422585
      2       0.103532  -0.422309  -0.854347
 A Tensor eigenvectors:
                   0          1          2    
      0       0.966155  -0.146721   0.212172
      1       0.237953   0.189295  -0.952652
      2       0.099611   0.970897   0.217801
 A Eigenvalues: 
                  0          1          2    
      0      -0.857981  -0.952347   1.094801
A(iso)  -0.238509
 Nucleus: 27 H  
 Isotope: 1 
 Nuclear Spin:  0.5 
 Prefactor (MHz): 533.551395 
 Raw A tensor (MHz): 
                  0          1          2    
      0      -0.077696   0.273683  -0.062744
      1       0.273760   0.713219  -0.125475
      2      -0.062756  -0.125405  -0.124808
 A Tensor eigenvectors:
                   0          1          2    
      0       0.495969  -0.815568   0.298100
      1      -0.283094   0.172674   0.943420
      2      -0.820897  -0.552298  -0.145242
 A Eigenvalues: 
                  0          1          2    
      0      -0.130128  -0.178184   0.819027
A(iso)  0.170238
 Nucleus: 28 H  
 Isotope: 1 
 Nuclear Spin:  0.5 
 Prefactor (MHz): 533.551395 
 Raw A tensor (MHz): 
                  0          1          2    
      0      -0.074943   0.272014   0.063274
      1       0.272088   0.715765   0.134094
      2       0.063285   0.134021  -0.117375
 A Tensor eigenvectors:
                   0          1          2    
      0      -0.471498   0.830593  -0.296318
      1       0.284863  -0.174550  -0.942542
      2      -0.834591  -0.528817  -0.154305
 A Eigenvalues: 
                  0          1          2    
      0      -0.127356  -0.172442   0.823245
A(iso)  0.174482
 Nucleus: 30 H  
 Isotope: 1 
 Nuclear Spin:  0.5 
 Prefactor (MHz): 533.551395 
 Raw A tensor (MHz): 
                  0          1          2    
      0      -0.114423  -0.011521   0.002622
      1      -0.011498   0.386754  -0.066871
      2       0.002620  -0.066845  -0.119910
 A Tensor eigenvectors:
                   0          1          2    
      0       0.996552  -0.079700   0.023052
      1       0.033050   0.126498  -0.991416
      2       0.076100   0.988760   0.128696
 A Eigenvalues: 
                  0          1          2    
      0      -0.114604  -0.128673   0.395699
A(iso)  0.050807
 Nucleus: 31 H  
 Isotope: 1 
 Nuclear Spin:  0.5 
 Prefactor (MHz): 533.551395 
 Raw A tensor (MHz): 
                  0          1          2    
      0      -0.112808  -0.013226  -0.002790
      1      -0.013203   0.388909   0.066398
      2      -0.002787   0.066368  -0.118603
 A Tensor eigenvectors:
                   0          1          2    
      0       0.996722  -0.076487  -0.026378
      1       0.035853   0.125291   0.991472
      2      -0.072530  -0.989167   0.127623
 A Eigenvalues: 
                  0          1          2    
      0      -0.113080  -0.127226   0.397803
A(iso)  0.052499
 Nucleus: 33 H  
 Isotope: 1 
 Nuclear Spin:  0.5 
 Prefactor (MHz): 533.551395 
 Raw A tensor (MHz): 
                  0          1          2    
      0       2.005606   0.135586  -0.021490
      1       0.135359   4.261201  -0.004747
      2      -0.021487  -0.004743   2.823534
 A Tensor eigenvectors:
                   0          1          2    
      0       0.997888  -0.025306  -0.059827
      1      -0.059701   0.005689  -0.998200
      2       0.025601   0.999664   0.004166
 A Eigenvalues: 
                  0          1          2    
      0       1.996956   2.824051   4.269333
A(iso)  3.030113
 Nucleus: 34 H  
 Isotope: 1 
 Nuclear Spin:  0.5 
 Prefactor (MHz): 533.551395 
 Raw A tensor (MHz): 
                  0          1          2    
      0      -0.796761   0.287894  -0.000166
      1       0.287891   0.744756   0.000290
      2      -0.000166   0.000289  -0.819652
 A Tensor eigenvectors:
                   0          1          2    
      0       0.177786   0.007277  -0.984042
      1       0.984069  -0.001154   0.177783
      2       0.000158  -0.999973  -0.007366
 A Eigenvalues: 
                  0          1          2    
      0       0.796768  -0.819651  -0.848774
A(iso)  -0.290552
 Nucleus: 35 H  
 Isotope: 1 
 Nuclear Spin:  0.5 
 Prefactor (MHz): 533.551395 
 Raw A tensor (MHz): 
                  0          1          2    
      0      -0.128586   0.056089   0.000013
      1       0.056111   0.241151   0.000773
      2       0.000013   0.000772  -0.133355
 A Tensor eigenvectors:
                   0          1          2    
      0      -0.028343   0.988767   0.146753
      1       0.002181  -0.146750   0.989171
      2       0.999596   0.028356   0.002003
 A Eigenvalues: 
                  0          1          2    
      0      -0.133354  -0.136913   0.249477
A(iso)  -0.006930
 Nucleus: 36 H  
 Isotope: 1 
 Nuclear Spin:  0.5 
 Prefactor (MHz): 533.551395 
 Raw A tensor (MHz): 
                  0          1          2    
      0      -6.673809  -1.698650   0.191529
      1      -1.696257 -19.108077  -0.019025
      2       0.191517  -0.019071 -16.452729
 A Tensor eigenvectors:
                   0          1          2    
      0      -0.990940  -0.018737   0.132994
      1       0.132926   0.004825   0.991114
      2      -0.019212   0.999813  -0.002290
 A Eigenvalues: 
                  0          1          2    
      0      -6.442551 -16.456410 -19.335653
A(iso)  -14.078205
# -------------------------------------------------------------
----------------------- !GEOMETRIES! ------------------------
# -------------------------------------------------------------
------------------------ !GEOMETRY! -------------------------
    Number of atoms:    37 
    Geometry Index:     1 
    Coordinates:
               0 C     -2.934073386122   -0.018765607331   -0.033820568442
               1 C      1.296326273183    0.061617285530    0.042355298923
               2 C      0.590315539750    1.299012026609    0.023646251892
               3 C     -0.830012156955    1.218757760864   -0.002082941921
               4 C     -1.498941257480   -0.010709998098   -0.008375689856
               5 C     -0.774369934396   -1.238299669698    0.010896252806
               6 C      0.629304520868   -1.156514483637    0.035977975919
               7 H     -1.426643023280    2.131592335984   -0.017243433832
               8 H      1.218067936985   -2.074806162377    0.050924511558
               9 C      1.286598637378    2.534947597924    0.031265526131
              10 H      2.380845550828    2.491530128308    0.052873970590
              11 C      0.640773683255    3.887236695559    0.012786545614
              12 H     -0.012358444795    3.982869128980   -0.879700411167
              13 H     -0.049609556980    3.989014483663    0.876092402336
              14 C      1.643396976273    5.048244094755    0.030136835497
              15 H      2.282865100538    4.958143914585    0.927400198203
              16 H      2.320747724974    4.952085932365   -0.838264373246
              17 C      0.972654764292    6.422996142904    0.011072652705
              18 H      0.314264659244    6.559972199290    0.886339282326
              19 H      0.351320224537    6.553366061007   -0.891860439582
              20 C     -1.525236371535   -2.553953156010    0.005144436598
              21 H     -2.211934470258   -2.565965695448    0.872442778373
              22 H     -2.196234662496   -2.567265243330   -0.874138148028
              23 C     -0.682959351801   -3.832514631094    0.013733137815
              24 H     -0.008492076551   -3.844031336889   -0.862466467881
              25 H     -0.029866376312   -3.846911744295    0.905937020057
              26 C     -1.540345933948   -5.103811603084    0.002012080703
              27 H     -2.217941994954   -5.093519776011    0.875899343736
              28 H     -2.195918054080   -5.092106275069   -0.888500196764
              29 C     -0.711165333078   -6.390339862232    0.011268629890
              30 H     -0.071580725683   -6.448752360862    0.909013624868
              31 H     -0.048194507912   -6.446329735141   -0.869486351134
              32 C     -4.149636927015   -0.020449037570   -0.056777772465
              33 H     -5.221733888175   -0.017268798568   -0.080212931545
              34 H      1.717398605755    7.235047285840    0.023637902100
              35 H     -1.353741979300   -7.285749880179    0.001613313580
              36 H      2.389514035248    0.078500952757    0.062394233640
