-------------------------------------------------------------
----------------------- !PROPERTIES! ------------------------
-------------------------------------------------------------
# -----------------------------------------------------------
$ PAL_Flags
   description: The PAL Flags
   geom. index: 1
   prop. index: 1
        Diskflag:     2
# -----------------------------------------------------------
$ SCF_Energy
   description: The SCF energy
   geom. index: 1
   prop. index: 1
        SCF Energy:     -621.8598313375
# -----------------------------------------------------------
$ DFT_Energy
   description: The DFT energy
   geom. index: 1
   prop. index: 1
   Number of Alpha Electrons                 59.0001086724 
   Number of Beta  Electrons                 58.0001026442 
   Total number of  Electrons               117.0002113166 
   Exchange energy                          -71.6224402084 
   Correlation energy                        -4.5074662310 
   Correlation energy NL                      0.0000000000 
   Exchange-Correlation energy              -76.1299064394 
   Embedding correction                       0.0000000000 
   Total DFT Energy (No VdW correction)    -621.8598313375 
# -----------------------------------------------------------
$ Mayer_Pop
   description: The Mayer population analysis
   geom. index: 1
   prop. index: 1
     Number of atoms                     : 37
     Threshold for printing              : 0.1000000
     Number of bond orders printed       : 37
  NA   - Mulliken gross atomic population
  ZA   - Total nuclear charge
  QA   - Mulliken gross atomic charge
  VA   - Mayer's total valence
  BVA  - Mayer's bonded valence
  FA   - Mayer's free valence
  ATOM       NA         ZA         QA         VA         BVA        FA
  0   0     5.3802     6.0000     0.6198     2.9160     2.9156     0.0004
  1   0     5.9726     6.0000     0.0274     3.9076     3.8728     0.0348
  2   0     5.9153     6.0000     0.0847     4.0918     4.0777     0.0141
  3   0     6.0035     6.0000    -0.0035     3.8792     3.8436     0.0356
  4   0     6.0430     6.0000    -0.0430     3.8466     3.8402     0.0064
  5   0     6.0854     6.0000    -0.0854     4.1594     4.1192     0.0402
  6   0     5.9733     6.0000     0.0267     3.9816     3.9740     0.0076
  7   0     1.0529     1.0000    -0.0529     1.0004     1.0003     0.0001
  8   0     1.0432     1.0000    -0.0432     0.9850     0.9850     0.0000
  9   0     6.0734     6.0000    -0.0734     3.9308     3.5227     0.4081
 10   0     1.0380     1.0000    -0.0380     0.9907     0.9893     0.0014
 11   0     5.9708     6.0000     0.0292     4.0140     4.0124     0.0016
 12   0     0.9720     1.0000     0.0280     0.9632     0.9620     0.0012
 13   0     0.9720     1.0000     0.0280     0.9632     0.9620     0.0012
 14   0     6.0406     6.0000    -0.0406     4.1298     4.1298     0.0000
 15   0     0.9884     1.0000     0.0116     0.9638     0.9638     0.0000
 16   0     0.9884     1.0000     0.0116     0.9638     0.9638     0.0000
 17   0     5.9965     6.0000     0.0035     4.0179     4.0179     0.0000
 18   0     0.9821     1.0000     0.0179     0.9776     0.9776     0.0000
 19   0     0.9821     1.0000     0.0179     0.9776     0.9776     0.0000
 20   0     5.9570     6.0000     0.0430     4.0239     4.0236     0.0003
 21   0     0.9690     1.0000     0.0310     0.9695     0.9694     0.0001
 22   0     0.9691     1.0000     0.0309     0.9700     0.9699     0.0001
 23   0     6.0351     6.0000    -0.0351     4.1125     4.1125     0.0000
 24   0     0.9858     1.0000     0.0142     0.9632     0.9632     0.0000
 25   0     0.9856     1.0000     0.0144     0.9630     0.9630     0.0000
 26   0     6.0253     6.0000    -0.0253     4.1191     4.1191     0.0000
 27   0     0.9940     1.0000     0.0060     0.9676     0.9676     0.0000
 28   0     0.9940     1.0000     0.0060     0.9677     0.9677     0.0000
 29   0     5.9970     6.0000     0.0030     4.0165     4.0165     0.0000
 30   0     0.9835     1.0000     0.0165     0.9772     0.9772     0.0000
 31   0     0.9835     1.0000     0.0165     0.9772     0.9772     0.0000
 32   0     6.5937     6.0000    -0.5937     3.4058     3.4046     0.0012
 33   0     1.0307     1.0000    -0.0307     1.0298     1.0298     0.0000
 34   0     0.9868     1.0000     0.0132     0.9734     0.9734     0.0000
 35   0     0.9873     1.0000     0.0127     0.9735     0.9735     0.0000
 36   0     1.0488     1.0000    -0.0488     0.9759     0.9758     0.0001
      Bond orders larger than 0.1000000
           Atom A     A.N. of A          Atom B    A.N. of B              Bond order
                0             6               4            6                0.902578
                0             6              32            6                2.144231
                1             6               2            6                1.293623
                1             6               6            6                1.470669
                1             6              36            1                0.931642
                2             6               3            6                1.303544
                2             6               9            6                1.305613
                3             6               4            6                1.446600
                3             6               7            1                0.925821
                4             6               5            6                1.364682
                5             6               6            6                1.410007
                5             6              20            6                1.092246
                6             6               8            1                0.918370
                9             6              10            1                0.930179
                9             6              11            6                1.081808
               11             6              12            1                0.913456
               11             6              13            1                0.913396
               11             6              14            6                1.070820
               14             6              15            1                0.944226
               14             6              16            1                0.944204
               14             6              17            6                1.106426
               17             6              18            1                0.965674
               17             6              19            1                0.965677
               17             6              34            1                0.961347
               20             6              21            1                0.898152
               20             6              22            1                0.898169
               20             6              23            6                1.100457
               23             6              24            1                0.930129
               23             6              25            1                0.929703
               23             6              26            6                1.076098
               26             6              27            1                0.941186
               26             6              28            1                0.941172
               26             6              29            6                1.105901
               29             6              30            1                0.966232
               29             6              31            1                0.966228
               29             6              35            1                0.961794
               32             6              33            1                1.116294
# -----------------------------------------------------------
$ Calculation_Info
   description: Details of the calculation
   geom. index: 1
   prop. index: 1
     Multiplicity:                          2
     Charge:                                0
     number of atoms:                       37
     number of electrons:                   0
     number of frozen core electrons:       1
     number of correlated electrons:        0
     number of basis functions:             329
     number of aux C basis functions:       2196
     number of aux J basis functions:       2196
     number of aux JK basis functions:      2196
     number of aux CABS basis functions:    0
     Total Energy                           -621.859831
# -----------------------------------------------------------
$ SCF_Electric_Properties
   description: The SCF Calculated Electric Properties
   geom. index: 1
   prop. index: 1
       Filename                          : cc-pVDZ.scfp 
       Do Dipole Moment Calculation      : true 
       Do Quadrupole Moment Calculation  : false 
       Do Polarizability Calculation     : false 
** Dipole moment part of electric properties **
        Magnitude of dipole moment (Debye) :        0.3723008977
        Electronic Contribution:
                  0    
      0      -4.830450
      1       2.150518
      2      -0.059580
        Nuclear Contribution:
                  0    
      0       4.976905
      1      -2.150009
      2       0.061751
        Total Dipole moment:
                  0    
      0       0.146454
      1       0.000509
      2       0.002171
# -----------------------------------------------------------
$ EPRNMR_GTensor
   description: Electronic g tensor
   geom. index: 1
   prop. index: 1
 Source density: 1 SCF 
 Spin multiplicity: 2 
 raw g tensor: 
                  0          1          2    
      0       2.002735   0.000010   0.000009
      1       0.000033   2.002831  -0.000002
      2       0.000009  -0.000003   2.002260
 g tensor: 
                  0          1          2    
      0      -0.019161  -0.978072  -0.207383
      1       0.005014   0.207325  -0.978259
      2       0.999804  -0.019784   0.000931
 G eigenvalues: 
                  0          1          2    
      0       2.002259   2.002730   2.002836
# -----------------------------------------------------------
$ EPRNMR_OrbitalShielding
   description: Orbital contribution to the NMR Shielding tensor (ppm)
   geom. index: 1
   prop. index: 1
 Number of stored nuclei 21
 Source density: 1 SCF 
 Nucleus: 7 H 
 Shielding tensor (ppm): 
                  0          1          2    
      0      35.029678  21.749698  -0.456853
      1     -101.467358  63.166054  -2.101384
      2      -0.249633   0.659279  62.806923
 P Tensor eigenvectors:
                   0          1          2    
      0       0.484769   0.017081  -0.874475
      1       0.874642  -0.009220   0.484682
      2       0.000216  -0.999812  -0.019410
 P Eigenvalues: 
                  0          1          2    
      0      22.753366  62.810176  75.439114
P(iso)  53.667552
 Nucleus: 8 H 
 Shielding tensor (ppm): 
                  0          1          2    
      0      42.487843   9.952571  -0.090935
      1     -90.442169  31.133218  -1.684221
      2       0.520867   0.073912  43.204967
 P Tensor eigenvectors:
                   0          1          2    
      0       0.243717  -0.021005   0.969619
      1       0.969834   0.000158  -0.243767
      2       0.004967   0.999779   0.020410
 P Eigenvalues: 
                  0          1          2    
      0      12.775815  43.195634  60.854578
P(iso)  38.942009
 Nucleus: 10 H 
 Shielding tensor (ppm): 
                  0          1          2    
      0      69.853626 -222.655404   1.758341
      1     310.296245 -20.522662   6.159444
      2      -0.322023  -4.100035  24.141374
 P Tensor eigenvectors:
                   0          1          2    
      0      -0.019287  -0.346842   0.937725
      1       0.003925  -0.937919  -0.346833
      2       0.999806  -0.003009   0.019451
 P Eigenvalues: 
                  0          1          2    
      0      24.131441  18.867656  30.473242
P(iso)  24.490779
 Nucleus: 12 H 
 Shielding tensor (ppm): 
                  0          1          2    
      0      41.687473 203.849301 -93.386721
      1     -287.549116  68.418705 -331.731621
      2      75.582182 242.024227  83.443162
 P Tensor eigenvectors:
                   0          1          2    
      0      -0.746490   0.220845   0.627678
      1       0.190402   0.974766  -0.116523
      2       0.637573  -0.032528   0.769703
 P Eigenvalues: 
                  0          1          2    
      0      69.110625  52.084836  72.353878
P(iso)  64.516446
 Nucleus: 13 H 
 Shielding tensor (ppm): 
                  0          1          2    
      0      41.171599 214.493259  89.677591
      1     -301.828392  69.271067 319.090658
      2     -74.478548 -232.806408  83.523312
 P Tensor eigenvectors:
                   0          1          2    
      0      -0.718835   0.219295  -0.659686
      1       0.184257   0.975105   0.123370
      2      -0.670318   0.032870   0.741346
 P Eigenvalues: 
                  0          1          2    
      0      69.389471  52.134867  72.441640
P(iso)  64.655326
 Nucleus: 15 H 
 Shielding tensor (ppm): 
                  0          1          2    
      0      44.597862 -267.936697 160.653309
      1     368.853951  -3.798682 408.550370
      2     -106.760607 -298.382862  14.719884
 P Tensor eigenvectors:
                   0          1          2    
      0      -0.710438   0.307607   0.632974
      1       0.278604   0.948868  -0.148421
      2       0.646264  -0.070905   0.759813
 P Eigenvalues: 
                  0          1          2    
      0       3.479965  21.741876  30.297223
P(iso)  18.506355
 Nucleus: 16 H 
 Shielding tensor (ppm): 
                  0          1          2    
      0      46.621359 -281.538476 -156.810566
      1     386.713770  -4.783818 -392.273022
      2     104.754900 286.783936  13.186797
 P Tensor eigenvectors:
                   0          1          2    
      0       0.682377   0.304059   0.664762
      1      -0.272779   0.949616  -0.154343
      2       0.678198   0.076014  -0.730937
 P Eigenvalues: 
                  0          1          2    
      0       3.265523  21.623073  30.135743
P(iso)  18.341446
 Nucleus: 18 H 
 Shielding tensor (ppm): 
                  0          1          2    
      0     -19.510472 321.073111 102.967731
      1     -407.364008  57.330788 454.300849
      2     -77.383338 -327.983897  14.289899
 P Tensor eigenvectors:
                   0          1          2    
      0       0.726844   0.273872   0.629835
      1      -0.155771   0.958893  -0.237192
      2       0.668905  -0.074291  -0.739627
 P Eigenvalues: 
                  0          1          2    
      0       6.524563  19.149503  26.436149
P(iso)  17.370072
 Nucleus: 19 H 
 Shielding tensor (ppm): 
                  0          1          2    
      0     -18.525594 306.375100 -106.897198
      1     -387.513967  56.262827 -471.038022
      2      79.302933 340.554345  14.126459
 P Tensor eigenvectors:
                   0          1          2    
      0      -0.753839   0.270886   0.598621
      1       0.161167   0.959461  -0.231216
      2       0.636987   0.077822   0.766937
 P Eigenvalues: 
                  0          1          2    
      0       6.378291  19.106849  26.378553
P(iso)  17.287897
 Nucleus: 21 H 
 Shielding tensor (ppm): 
                  0          1          2    
      0      68.491119 -125.801866 -96.290760
      1     193.478497  30.649688 -216.843492
      2      58.080165 159.750682  65.168801
 P Tensor eigenvectors:
                   0          1          2    
      0      -0.693748   0.364679  -0.621066
      1       0.357802   0.922901   0.142236
      2      -0.625053   0.123542   0.770744
 P Eigenvalues: 
                  0          1          2    
      0      41.748867  50.755460  71.805280
P(iso)  54.769869
 Nucleus: 22 H 
 Shielding tensor (ppm): 
                  0          1          2    
      0      67.972065 -121.953734  96.388478
      1     188.942632  31.015632 219.777284
      2     -59.057267 -161.149919  65.936958
 P Tensor eigenvectors:
                   0          1          2    
      0      -0.703834   0.367345   0.608010
      1       0.362451   0.921824  -0.137370
      2       0.610940  -0.123688   0.781955
 P Eigenvalues: 
                  0          1          2    
      0      42.198033  50.840326  71.886297
P(iso)  54.974885
 Nucleus: 24 H 
 Shielding tensor (ppm): 
                  0          1          2    
      0      58.783163 209.141778  24.820266
      1     -291.124599  51.886244 320.824411
      2     -26.108749 -234.195611  80.352075
 P Tensor eigenvectors:
                   0          1          2    
      0       0.744695   0.034826   0.666496
      1      -0.046240   0.998930  -0.000531
      2       0.665801   0.030423  -0.745509
 P Eigenvalues: 
                  0          1          2    
      0      67.846919  51.700228  71.474334
P(iso)  63.673827
 Nucleus: 25 H 
 Shielding tensor (ppm): 
                  0          1          2    
      0      58.054152 203.378232 -26.255088
      1     -283.276546  51.465816 -327.627077
      2      26.722442 238.946730  80.060705
 P Tensor eigenvectors:
                   0          1          2    
      0      -0.760362   0.037297   0.648427
      1       0.049037   0.998797   0.000053
      2       0.647645  -0.031837   0.761277
 P Eigenvalues: 
                  0          1          2    
      0      67.201406  51.347015  71.032253
P(iso)  63.193558
 Nucleus: 27 H 
 Shielding tensor (ppm): 
                  0          1          2    
      0      37.522979 -257.575510 -83.624883
      1     367.402220  18.274542 -396.772478
      2      50.986421 287.628794  21.535057
 P Tensor eigenvectors:
                   0          1          2    
      0       0.726654   0.142355   0.672093
      1      -0.149081   0.987659  -0.048011
      2       0.670633   0.065308  -0.738909
 P Eigenvalues: 
                  0          1          2    
      0      13.013793  26.776468  37.542317
P(iso)  25.777526
 Nucleus: 28 H 
 Shielding tensor (ppm): 
                  0          1          2    
      0      37.228109 -250.337424  84.757602
      1     357.390450  18.600553 406.078211
      2     -51.785941 -294.248379  22.554052
 P Tensor eigenvectors:
                   0          1          2    
      0      -0.743113   0.144849   0.653301
      1       0.151073   0.987401  -0.047083
      2       0.651890  -0.063708   0.755633
 P Eigenvalues: 
                  0          1          2    
      0      13.589798  26.979584  37.813332
P(iso)  26.127571
 Nucleus: 30 H 
 Shielding tensor (ppm): 
                  0          1          2    
      0      -4.622040 288.555596 -25.116841
      1     -384.352544  40.602493 -463.283198
      2      20.399432 334.771315   9.968290
 P Tensor eigenvectors:
                   0          1          2    
      0      -0.767868   0.115701   0.630073
      1       0.034375   0.989579  -0.139825
      2       0.639685   0.085709   0.763844
 P Eigenvalues: 
                  0          1          2    
      0       3.421614  17.857165  24.669964
P(iso)  15.316248
 Nucleus: 31 H 
 Shielding tensor (ppm): 
                  0          1          2    
      0      -4.111848 297.276678  24.151378
      1     -396.382572  40.877036 453.870074
      2     -19.967476 -327.981663  10.429556
 P Tensor eigenvectors:
                   0          1          2    
      0      -0.751526   0.116839  -0.649274
      1       0.033031   0.989621   0.139853
      2      -0.658876  -0.083657   0.747586
 P Eigenvalues: 
                  0          1          2    
      0       4.042045  18.127542  25.025157
P(iso)  15.731581
 Nucleus: 33 H 
 Shielding tensor (ppm): 
                  0          1          2    
      0      50.727559 -24.129419   3.726426
      1      21.216790 -91.764606   0.431729
      2       1.261425  -0.398858 -76.910588
 P Tensor eigenvectors:
                   0          1          2    
      0       0.918116   0.000116  -0.396311
      1       0.396112  -0.031992   0.917645
      2      -0.012572  -0.999488  -0.029418
 P Eigenvalues: 
                  0          1          2    
      0      27.232746 -76.925307 -68.255075
P(iso)  -39.315878
 Nucleus: 34 H 
 Shielding tensor (ppm): 
                  0          1          2    
      0     -105.586523 -123.654774   1.170601
      1     261.067722  16.363497   5.092978
      2      -0.543281  -3.395443 -133.554100
 P Tensor eigenvectors:
                   0          1          2    
      0       0.246290   0.022040   0.968946
      1      -0.969148  -0.004414   0.246441
      2       0.009709  -0.999747   0.020273
 P Eigenvalues: 
                  0          1          2    
      0     -23.861666 -133.557293 -65.358167
P(iso)  -74.259042
 Nucleus: 35 H 
 Shielding tensor (ppm): 
                  0          1          2    
      0     -113.685384 -159.977436   0.384729
      1     255.395730  35.538054   4.599967
      2      -0.194107  -3.295120 -124.240453
 P Tensor eigenvectors:
                   0          1          2    
      0       0.396125   0.027807   0.917776
      1      -0.917677  -0.021621   0.396737
      2       0.030875  -0.999379   0.016954
 P Eigenvalues: 
                  0          1          2    
      0     -22.750221 -124.192071 -55.445491
P(iso)  -67.462594
 Nucleus: 36 H 
 Shielding tensor (ppm): 
                  0          1          2    
      0      73.695803 -41.052426   0.850094
      1      32.526324 -19.671821   0.795012
      2       1.057109  -0.602031  25.647191
 P Tensor eigenvectors:
                   0          1          2    
      0       0.491882  -0.015090   0.870531
      1       0.870661   0.007523  -0.491826
      2       0.000872   0.999858   0.016839
 P Eigenvalues: 
                  0          1          2    
      0      -0.732096  25.629211  54.774058
P(iso)  26.557058
# -----------------------------------------------------------
$ EPRNMR_ATensor
   description: Hyperfine A tensor
   geom. index: 1
   prop. index: 1
 Number of stored nuclei 21
 Source density: 1 SCF 
 Spin multiplicity: 2 
 Nucleus: 7 H  
 Isotope: 1 
 Nuclear Spin:  0.5 
 Prefactor (MHz): 533.551395 
 Raw A tensor (MHz): 
                  0          1          2    
      0     -14.482739  -6.451520   0.066658
      1      -6.454086 -12.386154  -0.131143
      2       0.066674  -0.131093 -16.350879
 A Tensor eigenvectors:
                   0          1          2    
      0      -0.647821  -0.017002   0.761602
      1       0.761642   0.005404   0.647976
      2      -0.015132   0.999841   0.009448
 A Eigenvalues: 
                  0          1          2    
      0      -6.894883 -16.352721 -19.972168
A(iso)  -14.406591
 Nucleus: 8 H  
 Isotope: 1 
 Nuclear Spin:  0.5 
 Prefactor (MHz): 533.551395 
 Raw A tensor (MHz): 
                  0          1          2    
      0       7.376824   2.217644   0.054132
      1       2.217257   6.638155   0.027415
      2       0.054136   0.027420   3.833776
 A Tensor eigenvectors:
                   0          1          2    
      0      -0.018125   0.646194   0.762958
      1       0.004559  -0.763022   0.646356
      2       0.999825   0.015193   0.010884
 A Eigenvalues: 
                  0          1          2    
      0       3.832920   4.759706   9.256130
A(iso)  5.949585
 Nucleus: 10 H  
 Isotope: 1 
 Nuclear Spin:  0.5 
 Prefactor (MHz): 533.551395 
 Raw A tensor (MHz): 
                  0          1          2    
      0     -17.498030  -2.030207   0.599805
      1      -2.027855 -73.774908   0.077586
      2       0.599797   0.077534 -47.793676
 A Tensor eigenvectors:
                   0          1          2    
      0       0.999160  -0.019485  -0.036045
      1      -0.035964   0.004510  -0.999343
      2       0.019635   0.999800   0.003805
 A Eigenvalues: 
                  0          1          2    
      0     -17.413253 -47.805016 -73.848346
A(iso)  -46.355538
 Nucleus: 12 H  
 Isotope: 1 
 Nuclear Spin:  0.5 
 Prefactor (MHz): 533.551395 
 Raw A tensor (MHz): 
                  0          1          2    
      0      64.259784  -3.760553   2.040593
      1      -3.758988  66.476003  -2.193741
      2       2.038891  -2.193721  61.259814
 A Tensor eigenvectors:
                   0          1          2    
      0      -0.371230  -0.726972   0.577668
      1       0.100242  -0.649865  -0.753410
      2       0.923114  -0.221782   0.314123
 A Eigenvalues: 
                  0          1          2    
      0      60.201501  61.521078  70.273022
A(iso)  63.998534
 Nucleus: 13 H  
 Isotope: 1 
 Nuclear Spin:  0.5 
 Prefactor (MHz): 533.551395 
 Raw A tensor (MHz): 
                  0          1          2    
      0      64.180338  -3.858526  -1.878898
      1      -3.856941  66.255422   1.993423
      2      -1.877202   1.993344  60.810663
 A Tensor eigenvectors:
                   0          1          2    
      0       0.330835  -0.736136   0.590467
      1      -0.094367  -0.648372  -0.755453
      2       0.938958   0.194210  -0.283971
 A Eigenvalues: 
                  0          1          2    
      0      59.948792  61.278040  70.019592
A(iso)  63.748808
 Nucleus: 15 H  
 Isotope: 1 
 Nuclear Spin:  0.5 
 Prefactor (MHz): 533.551395 
 Raw A tensor (MHz): 
                  0          1          2    
      0      -2.297488   2.263536   0.721286
      1       2.263542   1.930000   1.445701
      2       0.720877   1.444662  -2.870625
 A Tensor eigenvectors:
                   0          1          2    
      0       0.596282   0.388715  -0.702388
      1      -0.450148   0.886353   0.108378
      2       0.664691   0.251554   0.703495
 A Eigenvalues: 
                  0          1          2    
      0      -3.202447   3.332673  -3.368338
A(iso)  -1.079371
 Nucleus: 16 H  
 Isotope: 1 
 Nuclear Spin:  0.5 
 Prefactor (MHz): 533.551395 
 Raw A tensor (MHz): 
                  0          1          2    
      0      -2.235469   2.317907  -0.709227
      1       2.317958   1.906206  -1.382202
      2      -0.708823  -1.381172  -2.906465
 A Tensor eigenvectors:
                   0          1          2    
      0       0.616279   0.399311   0.678786
      1      -0.453781   0.884503  -0.108334
      2      -0.643648  -0.241257   0.726301
 A Eigenvalues: 
                  0          1          2    
      0      -3.201675   3.329341  -3.363394
A(iso)  -1.078576
 Nucleus: 18 H  
 Isotope: 1 
 Nuclear Spin:  0.5 
 Prefactor (MHz): 533.551395 
 Raw A tensor (MHz): 
                  0          1          2    
      0       0.007872  -0.249738  -0.110276
      1      -0.249904   2.270111   0.385530
      2      -0.110392   0.385399   0.031405
 A Tensor eigenvectors:
                   0          1          2    
      0      -0.726881   0.677629  -0.111637
      1      -0.195196  -0.048000   0.979589
      2       0.658439   0.733836   0.167160
 A Eigenvalues: 
                  0          1          2    
      0       0.039908  -0.094878   2.364358
A(iso)  0.769796
 Nucleus: 19 H  
 Isotope: 1 
 Nuclear Spin:  0.5 
 Prefactor (MHz): 533.551395 
 Raw A tensor (MHz): 
                  0          1          2    
      0      -0.004116  -0.231329   0.110746
      1      -0.231488   2.263775  -0.410597
      2       0.110863  -0.410460   0.044187
 A Tensor eigenvectors:
                   0          1          2    
      0       0.697115  -0.709383   0.103954
      1       0.199490   0.052652  -0.978484
      2       0.688646   0.702854   0.178219
 A Eigenvalues: 
                  0          1          2    
      0       0.038273  -0.097558   2.363131
A(iso)  0.767949
 Nucleus: 21 H  
 Isotope: 1 
 Nuclear Spin:  0.5 
 Prefactor (MHz): 533.551395 
 Raw A tensor (MHz): 
                  0          1          2    
      0      22.906073   1.626874  -0.902684
      1       1.626316  23.117259  -0.512522
      2      -0.902092  -0.512664  21.621676
 A Tensor eigenvectors:
                   0          1          2    
      0       0.626432   0.393619   0.672791
      1      -0.317389  -0.659533   0.681381
      2       0.711932  -0.640375  -0.288222
 A Eigenvalues: 
                  0          1          2    
      0      21.056308  21.648619  24.940081
A(iso)  22.548336
 Nucleus: 22 H  
 Isotope: 1 
 Nuclear Spin:  0.5 
 Prefactor (MHz): 533.551395 
 Raw A tensor (MHz): 
                  0          1          2    
      0      22.394244   1.618386   0.919468
      1       1.617816  22.620062   0.548033
      2       0.918872   0.548197  21.167478
 A Tensor eigenvectors:
                   0          1          2    
      0      -0.638401   0.381179   0.668690
      1       0.317936  -0.660593   0.680098
      2       0.700971   0.646776   0.300533
 A Eigenvalues: 
                  0          1          2    
      0      20.579083  21.149567  24.453134
A(iso)  22.060595
 Nucleus: 24 H  
 Isotope: 1 
 Nuclear Spin:  0.5 
 Prefactor (MHz): 533.551395 
 Raw A tensor (MHz): 
                  0          1          2    
      0      -0.781230  -0.405717  -0.103483
      1      -0.405486   0.913770   0.409302
      2      -0.103303   0.409005  -0.876074
 A Tensor eigenvectors:
                   0          1          2    
      0       0.964491  -0.149765  -0.217548
      1       0.242869   0.179239   0.953356
      2      -0.103786  -0.972339   0.209247
 A Eigenvalues: 
                  0          1          2    
      0      -0.872219  -0.967397   1.096083
A(iso)  -0.247844
 Nucleus: 25 H  
 Isotope: 1 
 Nuclear Spin:  0.5 
 Prefactor (MHz): 533.551395 
 Raw A tensor (MHz): 
                  0          1          2    
      0      -0.772540  -0.392321   0.103734
      1      -0.392081   0.910996  -0.422702
      2       0.103561  -0.422426  -0.854707
 A Tensor eigenvectors:
                   0          1          2    
      0       0.966157  -0.146656   0.212212
      1       0.237979   0.189313  -0.952642
      2       0.099536   0.970903   0.217807
 A Eigenvalues: 
                  0          1          2    
      0      -0.858446  -0.952735   1.094930
A(iso)  -0.238750
 Nucleus: 27 H  
 Isotope: 1 
 Nuclear Spin:  0.5 
 Prefactor (MHz): 533.551395 
 Raw A tensor (MHz): 
                  0          1          2    
      0      -0.077716   0.273741  -0.062757
      1       0.273818   0.713388  -0.125487
      2      -0.062769  -0.125418  -0.124806
 A Tensor eigenvectors:
                   0          1          2    
      0       0.495737  -0.815711   0.298095
      1      -0.283032   0.172758   0.943423
      2      -0.821059  -0.552060  -0.145230
 A Eigenvalues: 
                  0          1          2    
      0      -0.130130  -0.178217   0.819213
A(iso)  0.170289
 Nucleus: 28 H  
 Isotope: 1 
 Nuclear Spin:  0.5 
 Prefactor (MHz): 533.551395 
 Raw A tensor (MHz): 
                  0          1          2    
      0      -0.074960   0.272072   0.063285
      1       0.272146   0.715938   0.134109
      2       0.063297   0.134035  -0.117369
 A Tensor eigenvectors:
                   0          1          2    
      0      -0.471244   0.830739  -0.296314
      1       0.284796  -0.174640  -0.942545
      2      -0.834757  -0.528558  -0.154293
 A Eigenvalues: 
                  0          1          2    
      0      -0.127355  -0.172471   0.823435
A(iso)  0.174536
 Nucleus: 30 H  
 Isotope: 1 
 Nuclear Spin:  0.5 
 Prefactor (MHz): 533.551395 
 Raw A tensor (MHz): 
                  0          1          2    
      0      -0.114424  -0.011533   0.002620
      1      -0.011509   0.386837  -0.066883
      2       0.002617  -0.066857  -0.119905
 A Tensor eigenvectors:
                   0          1          2    
      0       0.996574  -0.079418   0.023070
      1       0.033033   0.126509  -0.991415
      2       0.075818   0.988781   0.128699
 A Eigenvalues: 
                  0          1          2    
      0      -0.114607  -0.128669   0.395784
A(iso)  0.050836
 Nucleus: 31 H  
 Isotope: 1 
 Nuclear Spin:  0.5 
 Prefactor (MHz): 533.551395 
 Raw A tensor (MHz): 
                  0          1          2    
      0      -0.112810  -0.013238  -0.002787
      1      -0.013215   0.388991   0.066410
      2      -0.002784   0.066380  -0.118598
 A Tensor eigenvectors:
                   0          1          2    
      0       0.996742  -0.076219  -0.026396
      1       0.035838   0.125302   0.991471
      2      -0.072262  -0.989187   0.127625
 A Eigenvalues: 
                  0          1          2    
      0      -0.113083  -0.127221   0.397888
A(iso)  0.052528
 Nucleus: 33 H  
 Isotope: 1 
 Nuclear Spin:  0.5 
 Prefactor (MHz): 533.551395 
 Raw A tensor (MHz): 
                  0          1          2    
      0       2.027031   0.135575  -0.021729
      1       0.135347   4.292845  -0.004745
      2      -0.021725  -0.004740   2.855553
 A Tensor eigenvectors:
                   0          1          2    
      0       0.997905  -0.025270  -0.059555
      1      -0.059430   0.005685  -0.998216
      2       0.025564   0.999664   0.004172
 A Eigenvalues: 
                  0          1          2    
      0       2.018414   2.856075   4.300940
A(iso)  3.058476
 Nucleus: 34 H  
 Isotope: 1 
 Nuclear Spin:  0.5 
 Prefactor (MHz): 533.551395 
 Raw A tensor (MHz): 
                  0          1          2    
      0      -0.796690   0.287896  -0.000165
      1       0.287893   0.744773   0.000290
      2      -0.000166   0.000290  -0.819591
 A Tensor eigenvectors:
                   0          1          2    
      0       0.177793   0.007272  -0.984041
      1       0.984068  -0.001153   0.177789
      2       0.000158  -0.999973  -0.007362
 A Eigenvalues: 
                  0          1          2    
      0       0.796787  -0.819590  -0.848705
A(iso)  -0.290503
 Nucleus: 35 H  
 Isotope: 1 
 Nuclear Spin:  0.5 
 Prefactor (MHz): 533.551395 
 Raw A tensor (MHz): 
                  0          1          2    
      0      -0.128634   0.056094   0.000012
      1       0.056117   0.241161   0.000773
      2       0.000012   0.000772  -0.133391
 A Tensor eigenvectors:
                   0          1          2    
      0      -0.028303   0.988769   0.146745
      1       0.002175  -0.146743   0.989172
      2       0.999597   0.028316   0.002003
 A Eigenvalues: 
                  0          1          2    
      0      -0.133389  -0.136961   0.249487
A(iso)  -0.006954
 Nucleus: 36 H  
 Isotope: 1 
 Nuclear Spin:  0.5 
 Prefactor (MHz): 533.551395 
 Raw A tensor (MHz): 
                  0          1          2    
      0      -6.680882  -1.698385   0.191579
      1      -1.695991 -19.119458  -0.019013
      2       0.191567  -0.019059 -16.462701
 A Tensor eigenvectors:
                   0          1          2    
      0      -0.990948  -0.018737   0.132931
      1       0.132863   0.004825   0.991123
      2      -0.019212   0.999813  -0.002292
 A Eigenvalues: 
                  0          1          2    
      0      -6.449769 -16.466383 -19.346888
A(iso)  -14.087680
# -------------------------------------------------------------
----------------------- !GEOMETRIES! ------------------------
# -------------------------------------------------------------
------------------------ !GEOMETRY! -------------------------
    Number of atoms:    37 
    Geometry Index:     1 
    Coordinates:
               0 C     -2.934073386122   -0.018765607331   -0.033820568442
               1 C      1.296326273183    0.061617285530    0.042355298923
               2 C      0.590315539750    1.299012026609    0.023646251892
               3 C     -0.830012156955    1.218757760864   -0.002082941921
               4 C     -1.498941257480   -0.010709998098   -0.008375689856
               5 C     -0.774369934396   -1.238299669698    0.010896252806
               6 C      0.629304520868   -1.156514483637    0.035977975919
               7 H     -1.426643023280    2.131592335984   -0.017243433832
               8 H      1.218067936985   -2.074806162377    0.050924511558
               9 C      1.286598637378    2.534947597924    0.031265526131
              10 H      2.380845550828    2.491530128308    0.052873970590
              11 C      0.640773683255    3.887236695559    0.012786545614
              12 H     -0.012358444795    3.982869128980   -0.879700411167
              13 H     -0.049609556980    3.989014483663    0.876092402336
              14 C      1.643396976273    5.048244094755    0.030136835497
              15 H      2.282865100538    4.958143914585    0.927400198203
              16 H      2.320747724974    4.952085932365   -0.838264373246
              17 C      0.972654764292    6.422996142904    0.011072652705
              18 H      0.314264659244    6.559972199290    0.886339282326
              19 H      0.351320224537    6.553366061007   -0.891860439582
              20 C     -1.525236371535   -2.553953156010    0.005144436598
              21 H     -2.211934470258   -2.565965695448    0.872442778373
              22 H     -2.196234662496   -2.567265243330   -0.874138148028
              23 C     -0.682959351801   -3.832514631094    0.013733137815
              24 H     -0.008492076551   -3.844031336889   -0.862466467881
              25 H     -0.029866376312   -3.846911744295    0.905937020057
              26 C     -1.540345933948   -5.103811603084    0.002012080703
              27 H     -2.217941994954   -5.093519776011    0.875899343736
              28 H     -2.195918054080   -5.092106275069   -0.888500196764
              29 C     -0.711165333078   -6.390339862232    0.011268629890
              30 H     -0.071580725683   -6.448752360862    0.909013624868
              31 H     -0.048194507912   -6.446329735141   -0.869486351134
              32 C     -4.149636927015   -0.020449037570   -0.056777772465
              33 H     -5.221733888175   -0.017268798568   -0.080212931545
              34 H      1.717398605755    7.235047285840    0.023637902100
              35 H     -1.353741979300   -7.285749880179    0.001613313580
              36 H      2.389514035248    0.078500952757    0.062394233640
