-------------------------------------------------------------
----------------------- !PROPERTIES! ------------------------
-------------------------------------------------------------
# -----------------------------------------------------------
$ PAL_Flags
   description: The PAL Flags
   geom. index: 1
   prop. index: 1
        Diskflag:     2
# -----------------------------------------------------------
$ SCF_Energy
   description: The SCF energy
   geom. index: 1
   prop. index: 1
        SCF Energy:     -621.8598340892
# -----------------------------------------------------------
$ DFT_Energy
   description: The DFT energy
   geom. index: 1
   prop. index: 1
   Number of Alpha Electrons                 59.0001086731 
   Number of Beta  Electrons                 58.0001026446 
   Total number of  Electrons               117.0002113177 
   Exchange energy                          -71.6224222062 
   Correlation energy                        -4.5074651079 
   Correlation energy NL                      0.0000000000 
   Exchange-Correlation energy              -76.1298873141 
   Embedding correction                       0.0000000000 
   Total DFT Energy (No VdW correction)    -621.8598340892 
# -----------------------------------------------------------
$ Mayer_Pop
   description: The Mayer population analysis
   geom. index: 1
   prop. index: 1
     Number of atoms                     : 37
     Threshold for printing              : 0.1000000
     Number of bond orders printed       : 37
  NA   - Mulliken gross atomic population
  ZA   - Total nuclear charge
  QA   - Mulliken gross atomic charge
  VA   - Mayer's total valence
  BVA  - Mayer's bonded valence
  FA   - Mayer's free valence
  ATOM       NA         ZA         QA         VA         BVA        FA
  0   0     5.3802     6.0000     0.6198     2.9160     2.9156     0.0004
  1   0     5.9727     6.0000     0.0273     3.9076     3.8728     0.0348
  2   0     5.9153     6.0000     0.0847     4.0918     4.0777     0.0141
  3   0     6.0035     6.0000    -0.0035     3.8792     3.8436     0.0356
  4   0     6.0429     6.0000    -0.0429     3.8467     3.8403     0.0064
  5   0     6.0854     6.0000    -0.0854     4.1594     4.1192     0.0402
  6   0     5.9733     6.0000     0.0267     3.9816     3.9740     0.0076
  7   0     1.0529     1.0000    -0.0529     1.0004     1.0003     0.0001
  8   0     1.0432     1.0000    -0.0432     0.9850     0.9850     0.0000
  9   0     6.0734     6.0000    -0.0734     3.9308     3.5227     0.4081
 10   0     1.0380     1.0000    -0.0380     0.9907     0.9893     0.0014
 11   0     5.9708     6.0000     0.0292     4.0140     4.0124     0.0016
 12   0     0.9720     1.0000     0.0280     0.9632     0.9620     0.0012
 13   0     0.9720     1.0000     0.0280     0.9632     0.9620     0.0012
 14   0     6.0406     6.0000    -0.0406     4.1298     4.1298     0.0000
 15   0     0.9884     1.0000     0.0116     0.9638     0.9638     0.0000
 16   0     0.9884     1.0000     0.0116     0.9638     0.9638     0.0000
 17   0     5.9965     6.0000     0.0035     4.0179     4.0179     0.0000
 18   0     0.9821     1.0000     0.0179     0.9776     0.9776     0.0000
 19   0     0.9821     1.0000     0.0179     0.9776     0.9776     0.0000
 20   0     5.9570     6.0000     0.0430     4.0239     4.0236     0.0003
 21   0     0.9690     1.0000     0.0310     0.9695     0.9694     0.0001
 22   0     0.9691     1.0000     0.0309     0.9700     0.9699     0.0001
 23   0     6.0351     6.0000    -0.0351     4.1125     4.1125     0.0000
 24   0     0.9858     1.0000     0.0142     0.9632     0.9632     0.0000
 25   0     0.9856     1.0000     0.0144     0.9630     0.9630     0.0000
 26   0     6.0253     6.0000    -0.0253     4.1191     4.1191     0.0000
 27   0     0.9940     1.0000     0.0060     0.9676     0.9676     0.0000
 28   0     0.9940     1.0000     0.0060     0.9677     0.9677     0.0000
 29   0     5.9970     6.0000     0.0030     4.0165     4.0165     0.0000
 30   0     0.9835     1.0000     0.0165     0.9772     0.9772     0.0000
 31   0     0.9835     1.0000     0.0165     0.9772     0.9772     0.0000
 32   0     6.5938     6.0000    -0.5938     3.4058     3.4046     0.0012
 33   0     1.0307     1.0000    -0.0307     1.0298     1.0298     0.0000
 34   0     0.9868     1.0000     0.0132     0.9734     0.9734     0.0000
 35   0     0.9873     1.0000     0.0127     0.9735     0.9735     0.0000
 36   0     1.0488     1.0000    -0.0488     0.9759     0.9758     0.0001
      Bond orders larger than 0.1000000
           Atom A     A.N. of A          Atom B    A.N. of B              Bond order
                0             6               4            6                0.902591
                0             6              32            6                2.144243
                1             6               2            6                1.293632
                1             6               6            6                1.470662
                1             6              36            1                0.931645
                2             6               3            6                1.303560
                2             6               9            6                1.305587
                3             6               4            6                1.446592
                3             6               7            1                0.925820
                4             6               5            6                1.364689
                5             6               6            6                1.410014
                5             6              20            6                1.092246
                6             6               8            1                0.918371
                9             6              10            1                0.930180
                9             6              11            6                1.081808
               11             6              12            1                0.913456
               11             6              13            1                0.913396
               11             6              14            6                1.070820
               14             6              15            1                0.944227
               14             6              16            1                0.944204
               14             6              17            6                1.106426
               17             6              18            1                0.965674
               17             6              19            1                0.965678
               17             6              34            1                0.961347
               20             6              21            1                0.898151
               20             6              22            1                0.898168
               20             6              23            6                1.100457
               23             6              24            1                0.930129
               23             6              25            1                0.929703
               23             6              26            6                1.076098
               26             6              27            1                0.941186
               26             6              28            1                0.941172
               26             6              29            6                1.105901
               29             6              30            1                0.966232
               29             6              31            1                0.966228
               29             6              35            1                0.961794
               32             6              33            1                1.116294
# -----------------------------------------------------------
$ Calculation_Info
   description: Details of the calculation
   geom. index: 1
   prop. index: 1
     Multiplicity:                          2
     Charge:                                0
     number of atoms:                       37
     number of electrons:                   0
     number of frozen core electrons:       1
     number of correlated electrons:        0
     number of basis functions:             329
     number of aux C basis functions:       2196
     number of aux J basis functions:       2196
     number of aux JK basis functions:      2196
     number of aux CABS basis functions:    0
     Total Energy                           -621.859834
# -----------------------------------------------------------
$ SCF_Electric_Properties
   description: The SCF Calculated Electric Properties
   geom. index: 1
   prop. index: 1
       Filename                          : cc-pVDZ_i.scfp 
       Do Dipole Moment Calculation      : true 
       Do Quadrupole Moment Calculation  : false 
       Do Polarizability Calculation     : false 
** Dipole moment part of electric properties **
        Magnitude of dipole moment (Debye) :        0.3720166969
        Electronic Contribution:
                  0    
      0      -4.830562
      1       2.150525
      2      -0.059582
        Nuclear Contribution:
                  0    
      0       4.976905
      1      -2.150009
      2       0.061751
        Total Dipole moment:
                  0    
      0       0.146343
      1       0.000515
      2       0.002169
# -----------------------------------------------------------
$ EPRNMR_GTensor
   description: Electronic g tensor
   geom. index: 1
   prop. index: 1
 Source density: 1 SCF 
 Spin multiplicity: 2 
 raw g tensor: 
                  0          1          2    
      0       2.002776   0.000051   0.000011
      1       0.000048   2.002768  -0.000002
      2       0.000011  -0.000003   2.002179
 g tensor: 
                  0          1          2    
      0      -0.018982  -0.677232  -0.735524
      1       0.005412   0.735576  -0.677420
      2       0.999805  -0.016839  -0.010297
 G eigenvalues: 
                  0          1          2    
      0       2.002179   2.002723   2.002822
# -----------------------------------------------------------
$ EPRNMR_OrbitalShielding
   description: Orbital contribution to the NMR Shielding tensor (ppm)
   geom. index: 1
   prop. index: 1
 Number of stored nuclei 21
 Source density: 1 SCF 
 Nucleus: 7 H 
 Shielding tensor (ppm): 
                  0          1          2    
      0      26.625479   5.413381   0.100225
      1       4.893126  26.713469   0.059965
      2       0.108613   0.070753  19.797533
 P Tensor eigenvectors:
                   0          1          2    
      0      -0.018571   0.713316   0.700596
      1       0.004443  -0.700651   0.713490
      2       0.999818   0.016363   0.009842
 P Eigenvalues: 
                  0          1          2    
      0      19.795877  21.516738  31.823866
P(iso)  24.378827
 Nucleus: 8 H 
 Shielding tensor (ppm): 
                  0          1          2    
      0      27.332994   3.868542   0.130920
      1       4.505070  26.690549   0.062857
      2       0.111792   0.054153  19.992975
 P Tensor eigenvectors:
                   0          1          2    
      0      -0.018135   0.674961   0.737630
      1       0.002539  -0.737718   0.675104
      2       0.999832   0.014116   0.011665
 P Eigenvalues: 
                  0          1          2    
      0      19.990943  22.813507  31.212068
P(iso)  24.672173
 Nucleus: 10 H 
 Shielding tensor (ppm): 
                  0          1          2    
      0      24.143423  -0.461591   0.025953
      1      -0.123260  31.780331  -0.038793
      2       0.032878  -0.044283  22.669099
 P Tensor eigenvectors:
                   0          1          2    
      0      -0.019067  -0.999198   0.035201
      1       0.003951  -0.035283  -0.999370
      2       0.999810  -0.018916   0.004621
 P Eigenvalues: 
                  0          1          2    
      0      22.668372  24.132841  31.791641
P(iso)  26.197618
 Nucleus: 12 H 
 Shielding tensor (ppm): 
                  0          1          2    
      0      28.513506   1.407082   3.097146
      1       0.784992  30.336451  -0.499951
      2       3.888017  -1.314736  28.103224
 P Tensor eigenvectors:
                   0          1          2    
      0      -0.667318  -0.048360   0.743201
      1       0.225185  -0.964285   0.139447
      2       0.709915   0.260413   0.654375
 P Eigenvalues: 
                  0          1          2    
      0      24.470527  30.650687  31.831967
P(iso)  28.984394
 Nucleus: 13 H 
 Shielding tensor (ppm): 
                  0          1          2    
      0      28.807965   1.348311  -3.078769
      1       0.741663  30.361665   0.507213
      2      -3.868445   1.344398  27.774901
 P Tensor eigenvectors:
                   0          1          2    
      0       0.636181  -0.024089   0.771163
      1      -0.219164  -0.963981   0.150690
      2       0.739757  -0.264877  -0.618546
 P Eigenvalues: 
                  0          1          2    
      0      24.456165  30.656265  31.832101
P(iso)  28.981510
 Nucleus: 15 H 
 Shielding tensor (ppm): 
                  0          1          2    
      0      30.574915  -0.379167   4.493105
      1      -0.063416  29.770951  -0.576818
      2       4.411637   0.585012  28.917519
 P Tensor eigenvectors:
                   0          1          2    
      0      -0.640060  -0.011681   0.768236
      1      -0.021816  -0.999205  -0.033368
      2       0.768015  -0.038118   0.639297
 P Eigenvalues: 
                  0          1          2    
      0      25.213249  29.768932  34.281204
P(iso)  29.754462
 Nucleus: 16 H 
 Shielding tensor (ppm): 
                  0          1          2    
      0      30.950996  -0.389822  -4.410766
      1      -0.119816  29.770401   0.562468
      2      -4.327073  -0.604332  28.538882
 P Tensor eigenvectors:
                   0          1          2    
      0       0.606784  -0.013773   0.794747
      1       0.027598  -0.998882  -0.038382
      2       0.794388   0.045223  -0.605725
 P Eigenvalues: 
                  0          1          2    
      0      25.206649  29.768429  34.285202
P(iso)  29.753426
 Nucleus: 18 H 
 Shielding tensor (ppm): 
                  0          1          2    
      0      29.770519  -1.576525  -3.699580
      1      -2.286126  30.702784   2.555771
      2      -3.118782   2.165383  30.552455
 P Tensor eigenvectors:
                   0          1          2    
      0      -0.734400   0.388195  -0.556742
      1       0.046292   0.847025   0.529534
      2      -0.677136  -0.363117   0.640026
 P Eigenvalues: 
                  0          1          2    
      0      26.723678  28.781431  35.520650
P(iso)  30.341919
 Nucleus: 19 H 
 Shielding tensor (ppm): 
                  0          1          2    
      0      29.488195  -1.459443   3.662427
      1      -2.154243  30.668177  -2.649935
      2       3.087298  -2.227655  30.870150
 P Tensor eigenvectors:
                   0          1          2    
      0      -0.761918   0.373102   0.529411
      1       0.051255   0.849575  -0.524972
      2       0.645643   0.372851   0.666429
 P Eigenvalues: 
                  0          1          2    
      0      26.726712  28.780452  35.519359
P(iso)  30.342174
 Nucleus: 21 H 
 Shielding tensor (ppm): 
                  0          1          2    
      0      28.390542  -1.720098  -3.315730
      1      -1.294385  31.182610  -0.003323
      2      -4.789443  -1.042840  26.506007
 P Tensor eigenvectors:
                   0          1          2    
      0       0.616443   0.444152  -0.650174
      1       0.155289   0.740929   0.653383
      2       0.771934  -0.503739   0.387769
 P Eigenvalues: 
                  0          1          2    
      0      23.064057  30.656981  32.358120
P(iso)  28.693053
 Nucleus: 22 H 
 Shielding tensor (ppm): 
                  0          1          2    
      0      28.200993  -1.811210   3.385203
      1      -1.312658  31.257350  -0.059294
      2       4.844177   0.931365  26.588898
 P Tensor eigenvectors:
                   0          1          2    
      0      -0.631074   0.455520  -0.627891
      1      -0.150515   0.722140   0.675173
      2       0.760980   0.520592  -0.387161
 P Eigenvalues: 
                  0          1          2    
      0      22.988039  30.609704  32.449497
P(iso)  28.682414
 Nucleus: 24 H 
 Shielding tensor (ppm): 
                  0          1          2    
      0      30.134416   0.387046  -3.752791
      1       0.438309  31.257667   0.135081
      2      -3.726784   1.373810  28.231914
 P Tensor eigenvectors:
                   0          1          2    
      0       0.606387  -0.148989   0.781087
      1      -0.130598  -0.987611  -0.086995
      2       0.784372  -0.049256  -0.618332
 P Eigenvalues: 
                  0          1          2    
      0      25.205620  31.365350  33.053027
P(iso)  29.874666
 Nucleus: 25 H 
 Shielding tensor (ppm): 
                  0          1          2    
      0      29.948370   0.432107   3.816649
      1       0.448255  31.246698  -0.136327
      2       3.790620  -1.344519  28.388807
 P Tensor eigenvectors:
                   0          1          2    
      0      -0.624755  -0.144680   0.767300
      1       0.130636  -0.988200  -0.079965
      2       0.769815   0.050278   0.636283
 P Eigenvalues: 
                  0          1          2    
      0      25.166848  31.356403  33.060624
P(iso)  29.861292
 Nucleus: 27 H 
 Shielding tensor (ppm): 
                  0          1          2    
      0      30.662091  -0.098125  -4.485746
      1       0.007759  30.640122  -0.563288
      2      -4.267262  -1.219780  28.458380
 P Tensor eigenvectors:
                   0          1          2    
      0       0.605694  -0.193337  -0.771852
      1       0.122917   0.981122  -0.149299
      2       0.786146  -0.004444   0.618025
 P Eigenvalues: 
                  0          1          2    
      0      24.952912  30.658295  34.149386
P(iso)  29.920198
 Nucleus: 28 H 
 Shielding tensor (ppm): 
                  0          1          2    
      0      30.440186  -0.143935   4.546829
      1      -0.010360  30.641273   0.554558
      2       4.328635   1.210794  28.681594
 P Tensor eigenvectors:
                   0          1          2    
      0      -0.625738  -0.190353  -0.756451
      1      -0.122578   0.981714  -0.145642
      2       0.770342   0.001590  -0.637629
 P Eigenvalues: 
                  0          1          2    
      0      24.942821  30.662885  34.157347
P(iso)  29.921018
 Nucleus: 30 H 
 Shielding tensor (ppm): 
                  0          1          2    
      0      29.860619  -1.720988   3.924408
      1      -2.512713  30.387669  -2.237068
      2       3.323388  -1.895031  30.797863
 P Tensor eigenvectors:
                   0          1          2    
      0       0.773717  -0.243471   0.584880
      1       0.092517  -0.869886  -0.484499
      2      -0.626740  -0.428976   0.650520
 P Eigenvalues: 
                  0          1          2    
      0      26.655226  28.750295  35.640630
P(iso)  30.348717
 Nucleus: 31 H 
 Shielding tensor (ppm): 
                  0          1          2    
      0      30.050491  -1.761184  -3.943675
      1      -2.562055  30.383962   2.162475
      2      -3.343332   1.848254  30.614020
 P Tensor eigenvectors:
                   0          1          2    
      0      -0.757132   0.254363  -0.601706
      1      -0.091825   0.870496   0.483534
      2      -0.646776  -0.421350   0.635724
 P Eigenvalues: 
                  0          1          2    
      0      26.658258  28.755891  35.634324
P(iso)  30.349491
 Nucleus: 33 H 
 Shielding tensor (ppm): 
                  0          1          2    
      0      35.455460  -0.401604   0.238714
      1      -0.892962  25.570820  -0.026112
      2       0.214966  -0.012358  24.005276
 P Tensor eigenvectors:
                   0          1          2    
      0      -0.019782   0.061116  -0.997935
      1       0.004187   0.998126   0.061044
      2       0.999796  -0.002971  -0.020001
 P Eigenvalues: 
                  0          1          2    
      0      24.000757  25.528789  35.502011
P(iso)  28.343852
 Nucleus: 34 H 
 Shielding tensor (ppm): 
                  0          1          2    
      0      29.289027   2.622687   0.060970
      1       3.980153  35.286875   0.048243
      2       0.057126   0.020694  25.811101
 P Tensor eigenvectors:
                   0          1          2    
      0      -0.020187   0.909900   0.414335
      1       0.003397  -0.414355   0.910109
      2       0.999790   0.019780   0.005274
 P Eigenvalues: 
                  0          1          2    
      0      25.810025  27.829583  36.747394
P(iso)  30.129001
 Nucleus: 35 H 
 Shielding tensor (ppm): 
                  0          1          2    
      0      28.461962   1.794535   0.040181
      1       3.067712  36.155928   0.050804
      2       0.043422   0.036849  25.765772
 P Tensor eigenvectors:
                   0          1          2    
      0      -0.014791   0.957655   0.287537
      1      -0.000715  -0.287579   0.957757
      2       0.999890   0.013961   0.004938
 P Eigenvalues: 
                  0          1          2    
      0      25.765120  27.759436  36.859106
P(iso)  30.127887
 Nucleus: 36 H 
 Shielding tensor (ppm): 
                  0          1          2    
      0      23.603562   0.721642   0.038176
      1       0.289633  29.413543  -0.028991
      2       0.039957  -0.020350  21.339085
 P Tensor eigenvectors:
                   0          1          2    
      0      -0.018180  -0.996468  -0.081981
      1       0.004201   0.081918  -0.996630
      2       0.999826  -0.018463   0.002696
 P Eigenvalues: 
                  0          1          2    
      0      21.338271  23.560741  29.457178
P(iso)  24.785397
# -----------------------------------------------------------
$ EPRNMR_ATensor
   description: Hyperfine A tensor
   geom. index: 1
   prop. index: 1
 Number of stored nuclei 21
 Source density: 1 SCF 
 Spin multiplicity: 2 
 Nucleus: 7 H  
 Isotope: 1 
 Nuclear Spin:  0.5 
 Prefactor (MHz): 533.551395 
 Raw A tensor (MHz): 
                  0          1          2    
      0     -14.478170  -6.451052   0.066657
      1      -6.453617 -12.382726  -0.131129
      2       0.066672  -0.131079 -16.346315
 A Tensor eigenvectors:
                   0          1          2    
      0      -0.647850  -0.017001   0.761578
      1       0.761618   0.005404   0.648004
      2      -0.015133   0.999841   0.009448
 A Eigenvalues: 
                  0          1          2    
      0      -6.891439 -16.348157 -19.967616
A(iso)  -14.402404
 Nucleus: 8 H  
 Isotope: 1 
 Nuclear Spin:  0.5 
 Prefactor (MHz): 533.551395 
 Raw A tensor (MHz): 
                  0          1          2    
      0       7.374113   2.217237   0.054124
      1       2.216850   6.636342   0.027405
      2       0.054129   0.027410   3.831592
 A Tensor eigenvectors:
                   0          1          2    
      0      -0.018125   0.646258   0.762904
      1       0.004559  -0.762968   0.646420
      2       0.999825   0.015195   0.010883
 A Eigenvalues: 
                  0          1          2    
      0       3.830736   4.757918   9.253393
A(iso)  5.947349
 Nucleus: 10 H  
 Isotope: 1 
 Nuclear Spin:  0.5 
 Prefactor (MHz): 533.551395 
 Raw A tensor (MHz): 
                  0          1          2    
      0     -17.504297  -2.030392   0.599861
      1      -2.028040 -73.784964   0.077588
      2       0.599853   0.077537 -47.802447
 A Tensor eigenvectors:
                   0          1          2    
      0       0.999160  -0.019485  -0.036046
      1      -0.035965   0.004510  -0.999343
      2       0.019635   0.999800   0.003805
 A Eigenvalues: 
                  0          1          2    
      0     -17.419510 -47.813788 -73.858410
A(iso)  -46.363903
 Nucleus: 12 H  
 Isotope: 1 
 Nuclear Spin:  0.5 
 Prefactor (MHz): 533.551395 
 Raw A tensor (MHz): 
                  0          1          2    
      0      64.264594  -3.760707   2.040401
      1      -3.759142  66.480980  -2.193761
      2       2.038699  -2.193740  61.264346
 A Tensor eigenvectors:
                   0          1          2    
      0      -0.371138  -0.727022   0.577664
      1       0.100298  -0.649842  -0.753423
      2       0.923145  -0.221685   0.314100
 A Eigenvalues: 
                  0          1          2    
      0      60.206215  61.525732  70.277973
A(iso)  64.003307
 Nucleus: 13 H  
 Isotope: 1 
 Nuclear Spin:  0.5 
 Prefactor (MHz): 533.551395 
 Raw A tensor (MHz): 
                  0          1          2    
      0      64.185136  -3.858678  -1.878694
      1      -3.857093  66.260404   1.993433
      2      -1.876998   1.993355  60.815217
 A Tensor eigenvectors:
                   0          1          2    
      0       0.330742  -0.736182   0.590462
      1      -0.094422  -0.648349  -0.755465
      2       0.938986   0.194112  -0.283948
 A Eigenvalues: 
                  0          1          2    
      0      59.953511  61.282700  70.024546
A(iso)  63.753586
 Nucleus: 15 H  
 Isotope: 1 
 Nuclear Spin:  0.5 
 Prefactor (MHz): 533.551395 
 Raw A tensor (MHz): 
                  0          1          2    
      0      -2.297947   2.263599   0.721330
      1       2.263605   1.929673   1.445742
      2       0.720921   1.444704  -2.871057
 A Tensor eigenvectors:
                   0          1          2    
      0       0.596205   0.388712  -0.702455
      1      -0.450138   0.886353   0.108421
      2       0.664767   0.251560   0.703422
 A Eigenvalues: 
                  0          1          2    
      0      -3.202892   3.332389  -3.368828
A(iso)  -1.079777
 Nucleus: 16 H  
 Isotope: 1 
 Nuclear Spin:  0.5 
 Prefactor (MHz): 533.551395 
 Raw A tensor (MHz): 
                  0          1          2    
      0      -2.235922   2.317972  -0.709272
      1       2.318022   1.905880  -1.382241
      2      -0.708868  -1.381212  -2.906898
 A Tensor eigenvectors:
                   0          1          2    
      0       0.616204   0.399307   0.678857
      1      -0.453771   0.884503  -0.108378
      2      -0.643727  -0.241263   0.726229
 A Eigenvalues: 
                  0          1          2    
      0      -3.202117   3.329060  -3.363883
A(iso)  -1.078980
 Nucleus: 18 H  
 Isotope: 1 
 Nuclear Spin:  0.5 
 Prefactor (MHz): 533.551395 
 Raw A tensor (MHz): 
                  0          1          2    
      0       0.007942  -0.249743  -0.110270
      1      -0.249909   2.270222   0.385530
      2      -0.110387   0.385399   0.031469
 A Tensor eigenvectors:
                   0          1          2    
      0      -0.726883   0.677627  -0.111637
      1      -0.195193  -0.047998   0.979590
      2       0.658438   0.733838   0.167157
 A Eigenvalues: 
                  0          1          2    
      0       0.039971  -0.094805   2.364468
A(iso)  0.769878
 Nucleus: 19 H  
 Isotope: 1 
 Nuclear Spin:  0.5 
 Prefactor (MHz): 533.551395 
 Raw A tensor (MHz): 
                  0          1          2    
      0      -0.004044  -0.231334   0.110741
      1      -0.231493   2.263888  -0.410598
      2       0.110858  -0.410461   0.044251
 A Tensor eigenvectors:
                   0          1          2    
      0       0.697118  -0.709380   0.103954
      1       0.199487   0.052650  -0.978485
      2       0.688645   0.702857   0.178215
 A Eigenvalues: 
                  0          1          2    
      0       0.038337  -0.097484   2.363243
A(iso)  0.768032
 Nucleus: 21 H  
 Isotope: 1 
 Nuclear Spin:  0.5 
 Prefactor (MHz): 533.551395 
 Raw A tensor (MHz): 
                  0          1          2    
      0      22.900761   1.626660  -0.902827
      1       1.626102  23.111311  -0.512330
      2      -0.902235  -0.512473  21.616515
 A Tensor eigenvectors:
                   0          1          2    
      0       0.626490   0.393412   0.672857
      1      -0.317546  -0.659547   0.681294
      2       0.711811  -0.640487  -0.288273
 A Eigenvalues: 
                  0          1          2    
      0      21.050879  21.643437  24.934271
A(iso)  22.542862
 Nucleus: 22 H  
 Isotope: 1 
 Nuclear Spin:  0.5 
 Prefactor (MHz): 533.551395 
 Raw A tensor (MHz): 
                  0          1          2    
      0      22.389039   1.618177   0.919609
      1       1.617607  22.614218   0.547838
      2       0.919013   0.548002  21.162434
 A Tensor eigenvectors:
                   0          1          2    
      0      -0.638461   0.380963   0.668756
      1       0.318101  -0.660604   0.680010
      2       0.700842   0.646892   0.300585
 A Eigenvalues: 
                  0          1          2    
      0      20.573765  21.144491  24.447434
A(iso)  22.055230
 Nucleus: 24 H  
 Isotope: 1 
 Nuclear Spin:  0.5 
 Prefactor (MHz): 533.551395 
 Raw A tensor (MHz): 
                  0          1          2    
      0      -0.781024  -0.405612  -0.103464
      1      -0.405381   0.913761   0.409247
      2      -0.103285   0.408950  -0.875886
 A Tensor eigenvectors:
                   0          1          2    
      0       0.964496  -0.149768  -0.217525
      1       0.242846   0.179238   0.953362
      2      -0.103794  -0.972339   0.209245
 A Eigenvalues: 
                  0          1          2    
      0      -0.871978  -0.967197   1.096026
A(iso)  -0.247716
 Nucleus: 25 H  
 Isotope: 1 
 Nuclear Spin:  0.5 
 Prefactor (MHz): 533.551395 
 Raw A tensor (MHz): 
                  0          1          2    
      0      -0.772332  -0.392219   0.103717
      1      -0.391979   0.910992  -0.422644
      2       0.103544  -0.422368  -0.854520
 A Tensor eigenvectors:
                   0          1          2    
      0       0.966159  -0.146676   0.212188
      1       0.237960   0.189307  -0.952648
      2       0.099562   0.970901   0.217804
 A Eigenvalues: 
                  0          1          2    
      0      -0.858204  -0.952533   1.094877
A(iso)  -0.238620
 Nucleus: 27 H  
 Isotope: 1 
 Nuclear Spin:  0.5 
 Prefactor (MHz): 533.551395 
 Raw A tensor (MHz): 
                  0          1          2    
      0      -0.077702   0.273712  -0.062751
      1       0.273789   0.713303  -0.125481
      2      -0.062763  -0.125411  -0.124804
 A Tensor eigenvectors:
                   0          1          2    
      0       0.495865  -0.815632   0.298099
      1      -0.283067   0.172713   0.943421
      2      -0.820970  -0.552191  -0.145236
 A Eigenvalues: 
                  0          1          2    
      0      -0.130126  -0.178197   0.819120
A(iso)  0.170265
 Nucleus: 28 H  
 Isotope: 1 
 Nuclear Spin:  0.5 
 Prefactor (MHz): 533.551395 
 Raw A tensor (MHz): 
                  0          1          2    
      0      -0.074948   0.272043   0.063280
      1       0.272117   0.715851   0.134101
      2       0.063291   0.134027  -0.117370
 A Tensor eigenvectors:
                   0          1          2    
      0      -0.471384   0.830658  -0.296317
      1       0.284833  -0.174591  -0.942543
      2      -0.834666  -0.528701  -0.154299
 A Eigenvalues: 
                  0          1          2    
      0      -0.127352  -0.172454   0.823340
A(iso)  0.174511
 Nucleus: 30 H  
 Isotope: 1 
 Nuclear Spin:  0.5 
 Prefactor (MHz): 533.551395 
 Raw A tensor (MHz): 
                  0          1          2    
      0      -0.114424  -0.011527   0.002621
      1      -0.011503   0.386795  -0.066877
      2       0.002619  -0.066851  -0.119908
 A Tensor eigenvectors:
                   0          1          2    
      0       0.996563  -0.079563   0.023061
      1       0.033042   0.126503  -0.991416
      2       0.075963   0.988770   0.128697
 A Eigenvalues: 
                  0          1          2    
      0      -0.114605  -0.128671   0.395741
A(iso)  0.050821
 Nucleus: 31 H  
 Isotope: 1 
 Nuclear Spin:  0.5 
 Prefactor (MHz): 533.551395 
 Raw A tensor (MHz): 
                  0          1          2    
      0      -0.112809  -0.013231  -0.002788
      1      -0.013209   0.388949   0.066404
      2      -0.002785   0.066374  -0.118601
 A Tensor eigenvectors:
                   0          1          2    
      0       0.996731  -0.076356  -0.026386
      1       0.035846   0.125296   0.991472
      2      -0.072399  -0.989177   0.127624
 A Eigenvalues: 
                  0          1          2    
      0      -0.113082  -0.127224   0.397845
A(iso)  0.052513
 Nucleus: 33 H  
 Isotope: 1 
 Nuclear Spin:  0.5 
 Prefactor (MHz): 533.551395 
 Raw A tensor (MHz): 
                  0          1          2    
      0       2.016309   0.135580  -0.021606
      1       0.135352   4.276839  -0.004746
      2      -0.021603  -0.004741   2.839364
 A Tensor eigenvectors:
                   0          1          2    
      0       0.997896  -0.025289  -0.059695
      1      -0.059569   0.005687  -0.998208
      2       0.025583   0.999664   0.004169
 A Eigenvalues: 
                  0          1          2    
      0       2.007675   2.839884   4.284953
A(iso)  3.044171
 Nucleus: 34 H  
 Isotope: 1 
 Nuclear Spin:  0.5 
 Prefactor (MHz): 533.551395 
 Raw A tensor (MHz): 
                  0          1          2    
      0      -0.796721   0.287895  -0.000165
      1       0.287892   0.744770   0.000290
      2      -0.000166   0.000290  -0.819617
 A Tensor eigenvectors:
                   0          1          2    
      0       0.177790   0.007274  -0.984042
      1       0.984069  -0.001153   0.177786
      2       0.000158  -0.999973  -0.007363
 A Eigenvalues: 
                  0          1          2    
      0       0.796783  -0.819616  -0.848735
A(iso)  -0.290523
 Nucleus: 35 H  
 Isotope: 1 
 Nuclear Spin:  0.5 
 Prefactor (MHz): 533.551395 
 Raw A tensor (MHz): 
                  0          1          2    
      0      -0.128613   0.056091   0.000013
      1       0.056114   0.241152   0.000773
      2       0.000013   0.000772  -0.133376
 A Tensor eigenvectors:
                   0          1          2    
      0      -0.028323   0.988768   0.146749
      1       0.002178  -0.146747   0.989172
      2       0.999596   0.028336   0.002003
 A Eigenvalues: 
                  0          1          2    
      0      -0.133374  -0.136940   0.249479
A(iso)  -0.006945
 Nucleus: 36 H  
 Isotope: 1 
 Nuclear Spin:  0.5 
 Prefactor (MHz): 533.551395 
 Raw A tensor (MHz): 
                  0          1          2    
      0      -6.677374  -1.698540   0.191556
      1      -1.696146 -19.113892  -0.019019
      2       0.191545  -0.019066 -16.457882
 A Tensor eigenvectors:
                   0          1          2    
      0      -0.990944  -0.018737   0.132963
      1       0.132895   0.004825   0.991118
      2      -0.019212   0.999813  -0.002291
 A Eigenvalues: 
                  0          1          2    
      0      -6.446184 -16.461564 -19.341400
A(iso)  -14.083049
# -------------------------------------------------------------
----------------------- !GEOMETRIES! ------------------------
# -------------------------------------------------------------
------------------------ !GEOMETRY! -------------------------
    Number of atoms:    37 
    Geometry Index:     1 
    Coordinates:
               0 C     -2.934073386122   -0.018765607331   -0.033820568442
               1 C      1.296326273183    0.061617285530    0.042355298923
               2 C      0.590315539750    1.299012026609    0.023646251892
               3 C     -0.830012156955    1.218757760864   -0.002082941921
               4 C     -1.498941257480   -0.010709998098   -0.008375689856
               5 C     -0.774369934396   -1.238299669698    0.010896252806
               6 C      0.629304520868   -1.156514483637    0.035977975919
               7 H     -1.426643023280    2.131592335984   -0.017243433832
               8 H      1.218067936985   -2.074806162377    0.050924511558
               9 C      1.286598637378    2.534947597924    0.031265526131
              10 H      2.380845550828    2.491530128308    0.052873970590
              11 C      0.640773683255    3.887236695559    0.012786545614
              12 H     -0.012358444795    3.982869128980   -0.879700411167
              13 H     -0.049609556980    3.989014483663    0.876092402336
              14 C      1.643396976273    5.048244094755    0.030136835497
              15 H      2.282865100538    4.958143914585    0.927400198203
              16 H      2.320747724974    4.952085932365   -0.838264373246
              17 C      0.972654764292    6.422996142904    0.011072652705
              18 H      0.314264659244    6.559972199290    0.886339282326
              19 H      0.351320224537    6.553366061007   -0.891860439582
              20 C     -1.525236371535   -2.553953156010    0.005144436598
              21 H     -2.211934470258   -2.565965695448    0.872442778373
              22 H     -2.196234662496   -2.567265243330   -0.874138148028
              23 C     -0.682959351801   -3.832514631094    0.013733137815
              24 H     -0.008492076551   -3.844031336889   -0.862466467881
              25 H     -0.029866376312   -3.846911744295    0.905937020057
              26 C     -1.540345933948   -5.103811603084    0.002012080703
              27 H     -2.217941994954   -5.093519776011    0.875899343736
              28 H     -2.195918054080   -5.092106275069   -0.888500196764
              29 C     -0.711165333078   -6.390339862232    0.011268629890
              30 H     -0.071580725683   -6.448752360862    0.909013624868
              31 H     -0.048194507912   -6.446329735141   -0.869486351134
              32 C     -4.149636927015   -0.020449037570   -0.056777772465
              33 H     -5.221733888175   -0.017268798568   -0.080212931545
              34 H      1.717398605755    7.235047285840    0.023637902100
              35 H     -1.353741979300   -7.285749880179    0.001613313580
              36 H      2.389514035248    0.078500952757    0.062394233640
