-------------------------------------------------------------
----------------------- !PROPERTIES! ------------------------
-------------------------------------------------------------
# -----------------------------------------------------------
$ PAL_Flags
   description: The PAL Flags
   geom. index: 1
   prop. index: 1
        Diskflag:     2
# -----------------------------------------------------------
$ SCF_Energy
   description: The SCF energy
   geom. index: 1
   prop. index: 1
        SCF Energy:     -621.8598320404
# -----------------------------------------------------------
$ DFT_Energy
   description: The DFT energy
   geom. index: 1
   prop. index: 1
   Number of Alpha Electrons                 59.0001087051 
   Number of Beta  Electrons                 58.0001026527 
   Total number of  Electrons               117.0002113579 
   Exchange energy                          -71.6223885750 
   Correlation energy                        -4.5074607448 
   Correlation energy NL                      0.0000000000 
   Exchange-Correlation energy              -76.1298493198 
   Embedding correction                       0.0000000000 
   Total DFT Energy (No VdW correction)    -621.8598320404 
# -----------------------------------------------------------
$ Mayer_Pop
   description: The Mayer population analysis
   geom. index: 1
   prop. index: 1
     Number of atoms                     : 37
     Threshold for printing              : 0.1000000
     Number of bond orders printed       : 37
  NA   - Mulliken gross atomic population
  ZA   - Total nuclear charge
  QA   - Mulliken gross atomic charge
  VA   - Mayer's total valence
  BVA  - Mayer's bonded valence
  FA   - Mayer's free valence
  ATOM       NA         ZA         QA         VA         BVA        FA
  0   0     5.3802     6.0000     0.6198     2.9160     2.9156     0.0004
  1   0     5.9727     6.0000     0.0273     3.9077     3.8729     0.0348
  2   0     5.9153     6.0000     0.0847     4.0918     4.0777     0.0141
  3   0     6.0035     6.0000    -0.0035     3.8792     3.8436     0.0356
  4   0     6.0430     6.0000    -0.0430     3.8468     3.8404     0.0064
  5   0     6.0854     6.0000    -0.0854     4.1594     4.1192     0.0402
  6   0     5.9734     6.0000     0.0266     3.9816     3.9739     0.0077
  7   0     1.0529     1.0000    -0.0529     1.0004     1.0003     0.0001
  8   0     1.0432     1.0000    -0.0432     0.9850     0.9850     0.0000
  9   0     6.0734     6.0000    -0.0734     3.9308     3.5227     0.4081
 10   0     1.0380     1.0000    -0.0380     0.9908     0.9894     0.0014
 11   0     5.9707     6.0000     0.0293     4.0139     4.0123     0.0016
 12   0     0.9720     1.0000     0.0280     0.9632     0.9620     0.0012
 13   0     0.9720     1.0000     0.0280     0.9632     0.9620     0.0012
 14   0     6.0406     6.0000    -0.0406     4.1299     4.1299     0.0000
 15   0     0.9884     1.0000     0.0116     0.9638     0.9638     0.0000
 16   0     0.9884     1.0000     0.0116     0.9638     0.9638     0.0000
 17   0     5.9965     6.0000     0.0035     4.0179     4.0179     0.0000
 18   0     0.9821     1.0000     0.0179     0.9776     0.9776     0.0000
 19   0     0.9821     1.0000     0.0179     0.9776     0.9776     0.0000
 20   0     5.9570     6.0000     0.0430     4.0240     4.0237     0.0003
 21   0     0.9690     1.0000     0.0310     0.9696     0.9695     0.0001
 22   0     0.9691     1.0000     0.0309     0.9700     0.9699     0.0001
 23   0     6.0350     6.0000    -0.0350     4.1124     4.1124     0.0000
 24   0     0.9858     1.0000     0.0142     0.9632     0.9632     0.0000
 25   0     0.9856     1.0000     0.0144     0.9630     0.9630     0.0000
 26   0     6.0253     6.0000    -0.0253     4.1191     4.1191     0.0000
 27   0     0.9940     1.0000     0.0060     0.9676     0.9676     0.0000
 28   0     0.9940     1.0000     0.0060     0.9677     0.9677     0.0000
 29   0     5.9970     6.0000     0.0030     4.0165     4.0165     0.0000
 30   0     0.9835     1.0000     0.0165     0.9772     0.9772     0.0000
 31   0     0.9835     1.0000     0.0165     0.9772     0.9772     0.0000
 32   0     6.5938     6.0000    -0.5938     3.4057     3.4044     0.0013
 33   0     1.0307     1.0000    -0.0307     1.0298     1.0298     0.0000
 34   0     0.9868     1.0000     0.0132     0.9734     0.9734     0.0000
 35   0     0.9873     1.0000     0.0127     0.9735     0.9735     0.0000
 36   0     1.0488     1.0000    -0.0488     0.9759     0.9758     0.0001
      Bond orders larger than 0.1000000
           Atom A     A.N. of A          Atom B    A.N. of B              Bond order
                0             6               4            6                0.902592
                0             6              32            6                2.144207
                1             6               2            6                1.293619
                1             6               6            6                1.470686
                1             6              36            1                0.931638
                2             6               3            6                1.303455
                2             6               9            6                1.305661
                3             6               4            6                1.446655
                3             6               7            1                0.925825
                4             6               5            6                1.364681
                5             6               6            6                1.409998
                5             6              20            6                1.092243
                6             6               8            1                0.918377
                9             6              10            1                0.930159
                9             6              11            6                1.081802
               11             6              12            1                0.913459
               11             6              13            1                0.913400
               11             6              14            6                1.070816
               14             6              15            1                0.944242
               14             6              16            1                0.944200
               14             6              17            6                1.106419
               17             6              18            1                0.965682
               17             6              19            1                0.965674
               17             6              34            1                0.961352
               20             6              21            1                0.898136
               20             6              22            1                0.898164
               20             6              23            6                1.100460
               23             6              24            1                0.930106
               23             6              25            1                0.929744
               23             6              26            6                1.076068
               26             6              27            1                0.941199
               26             6              28            1                0.941185
               26             6              29            6                1.105887
               29             6              30            1                0.966243
               29             6              31            1                0.966217
               29             6              35            1                0.961805
               32             6              33            1                1.116296
# -----------------------------------------------------------
$ Calculation_Info
   description: Details of the calculation
   geom. index: 1
   prop. index: 1
     Multiplicity:                          2
     Charge:                                0
     number of atoms:                       37
     number of electrons:                   0
     number of frozen core electrons:       1
     number of correlated electrons:        0
     number of basis functions:             329
     number of aux C basis functions:       2196
     number of aux J basis functions:       2196
     number of aux JK basis functions:      2196
     number of aux CABS basis functions:    0
     Total Energy                           -621.859832
# -----------------------------------------------------------
$ SCF_Electric_Properties
   description: The SCF Calculated Electric Properties
   geom. index: 1
   prop. index: 1
       Filename                          : cc-pVDZ.scfp 
       Do Dipole Moment Calculation      : true 
       Do Quadrupole Moment Calculation  : false 
       Do Polarizability Calculation     : false 
** Dipole moment part of electric properties **
        Magnitude of dipole moment (Debye) :        0.3718814470
        Electronic Contribution:
                  0    
      0      -4.829166
      1       2.149934
      2      -0.068518
        Nuclear Contribution:
                  0    
      0       4.975457
      1      -2.149424
      2       0.070609
        Total Dipole moment:
                  0    
      0       0.146291
      1       0.000510
      2       0.002092
# -----------------------------------------------------------
$ EPRNMR_GTensor
   description: Electronic g tensor
   geom. index: 1
   prop. index: 1
 Source density: 1 SCF 
 Spin multiplicity: 2 
 raw g tensor: 
                  0          1          2    
      0       2.002735   0.000010   0.000009
      1       0.000033   2.002831  -0.000002
      2       0.000009  -0.000003   2.002260
 g tensor: 
                  0          1          2    
      0      -0.018521  -0.978055  -0.207522
      1       0.004834   0.207468  -0.978230
      2       0.999817  -0.019121   0.000885
 G eigenvalues: 
                  0          1          2    
      0       2.002259   2.002730   2.002836
# -----------------------------------------------------------
$ EPRNMR_OrbitalShielding
   description: Orbital contribution to the NMR Shielding tensor (ppm)
   geom. index: 1
   prop. index: 1
 Number of stored nuclei 21
 Source density: 1 SCF 
 Nucleus: 7 H 
 Shielding tensor (ppm): 
                  0          1          2    
      0      35.037018  21.741567  -0.486677
      1     -101.469230  63.156491  -2.013228
      2      -0.207248   0.576822  62.806024
 P Tensor eigenvectors:
                   0          1          2    
      0       0.484652   0.017270  -0.874537
      1       0.874705  -0.007668   0.484594
      2       0.001663  -0.999821  -0.018823
 P Eigenvalues: 
                  0          1          2    
      0      22.750154  62.809290  75.440089
P(iso)  53.666511
 Nucleus: 8 H 
 Shielding tensor (ppm): 
                  0          1          2    
      0      42.495759   9.942058  -0.068644
      1     -90.437392  31.120924  -1.637502
      2       0.454450   0.111332  43.197940
 P Tensor eigenvectors:
                   0          1          2    
      0       0.243649  -0.019957   0.969658
      1       0.969856   0.001142  -0.243675
      2       0.003756   0.999800   0.019633
 P Eigenvalues: 
                  0          1          2    
      0      12.769767  43.190039  60.854817
P(iso)  38.938208
 Nucleus: 10 H 
 Shielding tensor (ppm): 
                  0          1          2    
      0      69.857170 -222.667969   1.684248
      1     310.319051 -20.512344   5.924119
      2      -0.308986  -3.957664  24.150658
 P Tensor eigenvectors:
                   0          1          2    
      0      -0.018550  -0.346790   0.937759
      1       0.003751  -0.937938  -0.346782
      2       0.999821  -0.002915   0.018699
 P Eigenvalues: 
                  0          1          2    
      0      24.141526  18.872959  30.480998
P(iso)  24.498495
 Nucleus: 12 H 
 Shielding tensor (ppm): 
                  0          1          2    
      0      41.618656 203.882781 -93.380969
      1     -287.553978  68.399197 -331.816026
      2      75.589383 242.053679  83.372819
 P Tensor eigenvectors:
                   0          1          2    
      0      -0.746539   0.220922   0.627593
      1       0.190399   0.974753  -0.116643
      2       0.637517  -0.032414   0.769754
 P Eigenvalues: 
                  0          1          2    
      0      69.024591  52.053250  72.312830
P(iso)  64.463557
 Nucleus: 13 H 
 Shielding tensor (ppm): 
                  0          1          2    
      0      41.234554 214.488777  89.650584
      1     -301.867522  69.276699 319.047238
      2     -74.448155 -232.802882  83.582913
 P Tensor eigenvectors:
                   0          1          2    
      0      -0.718785   0.219106  -0.659804
      1       0.184166   0.975144   0.123195
      2      -0.670396   0.032963   0.741271
 P Eigenvalues: 
                  0          1          2    
      0      69.462681  52.158658  72.472827
P(iso)  64.698056
 Nucleus: 15 H 
 Shielding tensor (ppm): 
                  0          1          2    
      0      44.673358 -268.017313 160.632940
      1     368.866853  -3.803720 408.645093
      2     -106.726373 -298.478730  14.826338
 P Tensor eigenvectors:
                   0          1          2    
      0      -0.710496   0.307732   0.632848
      1       0.278493   0.948852  -0.148732
      2       0.646248  -0.070570   0.759857
 P Eigenvalues: 
                  0          1          2    
      0       3.569109  21.779599  30.347268
P(iso)  18.565326
 Nucleus: 16 H 
 Shielding tensor (ppm): 
                  0          1          2    
      0      46.566166 -281.513130 -156.815812
      1     386.752033  -4.777173 -392.190851
      2     104.781722 286.697557  13.106813
 P Tensor eigenvectors:
                   0          1          2    
      0       0.682281   0.303927   0.664922
      1      -0.272850   0.949636  -0.154094
      2       0.678267   0.076288  -0.730845
 P Eigenvalues: 
                  0          1          2    
      0       3.203054  21.594594  30.098157
P(iso)  18.298602
 Nucleus: 18 H 
 Shielding tensor (ppm): 
                  0          1          2    
      0     -19.458705 321.081597 103.063071
      1     -407.419494  57.303687 454.355288
      2     -77.491107 -328.021386  14.376189
 P Tensor eigenvectors:
                   0          1          2    
      0       0.726827   0.273790   0.629890
      1      -0.155939   0.958943  -0.236880
      2       0.668884  -0.073946  -0.739680
 P Eigenvalues: 
                  0          1          2    
      0       6.586307  19.170776  26.464088
P(iso)  17.407057
 Nucleus: 19 H 
 Shielding tensor (ppm): 
                  0          1          2    
      0     -18.605986 306.316275 -106.824023
      1     -387.379100  56.282843 -471.081636
      2      79.210371 340.580934  14.001382
 P Tensor eigenvectors:
                   0          1          2    
      0      -0.753978   0.270985   0.598402
      1       0.161032   0.959399  -0.231564
      2       0.636857   0.078232   0.767003
 P Eigenvalues: 
                  0          1          2    
      0       6.279284  19.069586  26.329369
P(iso)  17.226080
 Nucleus: 21 H 
 Shielding tensor (ppm): 
                  0          1          2    
      0      68.551650 -125.915331 -96.236979
      1     193.633181  30.673897 -216.672415
      2      58.077849 159.645272  65.195895
 P Tensor eigenvectors:
                   0          1          2    
      0      -0.693237   0.364584  -0.621692
      1       0.357824   0.922895   0.142218
      2      -0.625608   0.123866   0.770242
 P Eigenvalues: 
                  0          1          2    
      0      41.807153  50.781246  71.833043
P(iso)  54.807147
 Nucleus: 22 H 
 Shielding tensor (ppm): 
                  0          1          2    
      0      67.914202 -121.843141  96.389509
      1     188.777682  31.021252 219.989933
      2     -59.022916 -161.288598  65.943392
 P Tensor eigenvectors:
                   0          1          2    
      0      -0.704473   0.367276   0.607311
      1       0.362245   0.921910  -0.137332
      2       0.610325  -0.123248   0.782505
 P Eigenvalues: 
                  0          1          2    
      0      42.169859  50.830678  71.878309
P(iso)  54.959615
 Nucleus: 24 H 
 Shielding tensor (ppm): 
                  0          1          2    
      0      58.694857 209.308403  24.754441
      1     -291.360450  51.881906 320.648155
      2     -26.064082 -234.023172  80.245761
 P Tensor eigenvectors:
                   0          1          2    
      0       0.744233   0.034945   0.667005
      1      -0.046102   0.998936  -0.000896
      2       0.666327   0.030083  -0.745053
 P Eigenvalues: 
                  0          1          2    
      0      67.753561  51.653447  71.415517
P(iso)  63.607508
 Nucleus: 25 H 
 Shielding tensor (ppm): 
                  0          1          2    
      0      58.085835 203.275869 -26.259661
      1     -283.138925  51.449712 -327.783614
      2      26.728532 239.097536  80.091946
 P Tensor eigenvectors:
                   0          1          2    
      0      -0.760674   0.037150   0.648071
      1       0.049039   0.998797   0.000304
      2       0.647280  -0.032012   0.761580
 P Eigenvalues: 
                  0          1          2    
      0      67.222976  51.359882  71.044634
P(iso)  63.209164
 Nucleus: 27 H 
 Shielding tensor (ppm): 
                  0          1          2    
      0      37.649796 -257.823440 -83.560357
      1     367.674733  18.248202 -396.572625
      2      50.929913 287.508102  21.654019
 P Tensor eigenvectors:
                   0          1          2    
      0       0.726226   0.142530   0.672519
      1      -0.148948   0.987656  -0.048475
      2       0.671126   0.064967  -0.738491
 P Eigenvalues: 
                  0          1          2    
      0      13.130774  26.820276  37.600967
P(iso)  25.850672
 Nucleus: 28 H 
 Shielding tensor (ppm): 
                  0          1          2    
      0      37.212239 -250.160793  84.839443
      1     357.149432  18.628378 406.240431
      2     -51.867107 -294.350246  22.551198
 P Tensor eigenvectors:
                   0          1          2    
      0      -0.743445   0.144928   0.652906
      1       0.151264   0.987379  -0.046932
      2       0.651467  -0.063869   0.755984
 P Eigenvalues: 
                  0          1          2    
      0      13.589760  26.983272  37.818784
P(iso)  26.130605
 Nucleus: 30 H 
 Shielding tensor (ppm): 
                  0          1          2    
      0      -4.609138 288.309878 -25.273410
      1     -384.006982  40.567396 -463.636442
      2      20.551340 335.033360  10.027191
 P Tensor eigenvectors:
                   0          1          2    
      0      -0.768373   0.115695   0.629458
      1       0.034665   0.989605  -0.139575
      2       0.639062   0.085426   0.764396
 P Eigenvalues: 
                  0          1          2    
      0       3.441352  17.864784  24.679313
P(iso)  15.328483
 Nucleus: 31 H 
 Shielding tensor (ppm): 
                  0          1          2    
      0      -4.206382 297.427889  24.085648
      1     -396.584834  40.926670 453.603142
      2     -19.878775 -327.781700  10.307219
 P Tensor eigenvectors:
                   0          1          2    
      0      -0.751170   0.117107  -0.649638
      1       0.032888   0.989555   0.140354
      2      -0.659289  -0.084064   0.747176
 P Eigenvalues: 
                  0          1          2    
      0       3.955818  18.092613  24.979076
P(iso)  15.675836
 Nucleus: 33 H 
 Shielding tensor (ppm): 
                  0          1          2    
      0      50.729271 -24.076952   3.583888
      1      21.223125 -91.760784   0.429318
      2       1.341031  -0.393983 -76.906148
 P Tensor eigenvectors:
                   0          1          2    
      0       0.918125   0.001705  -0.396288
      1       0.396165  -0.029246   0.917714
      2      -0.010025  -0.999571  -0.027527
 P Eigenvalues: 
                  0          1          2    
      0      27.269664 -76.925701 -68.281623
P(iso)  -39.312554
 Nucleus: 34 H 
 Shielding tensor (ppm): 
                  0          1          2    
      0     -105.580889 -123.690683   1.227460
      1     261.109134  16.359324   5.506040
      2      -0.537568  -3.627584 -133.556642
 P Tensor eigenvectors:
                   0          1          2    
      0       0.246261   0.023767   0.968912
      1      -0.969147  -0.004724   0.246437
      2       0.010434  -0.999706   0.021870
 P Eigenvalues: 
                  0          1          2    
      0     -23.865923 -133.560443 -65.351841
P(iso)  -74.259402
 Nucleus: 35 H 
 Shielding tensor (ppm): 
                  0          1          2    
      0     -113.641244 -160.163444   0.433036
      1     255.680664  35.519962   4.459449
      2      -0.264066  -3.271408 -124.219808
 P Tensor eigenvectors:
                   0          1          2    
      0       0.395959   0.027338   0.917861
      1      -0.917749  -0.021817   0.396561
      2       0.030866  -0.999388   0.016451
 P Eigenvalues: 
                  0          1          2    
      0     -22.759976 -124.171551 -55.409563
P(iso)  -67.447030
 Nucleus: 36 H 
 Shielding tensor (ppm): 
                  0          1          2    
      0      73.698079 -41.052502   0.865021
      1      32.543043 -19.675019   0.760496
      2       0.958589  -0.580286  25.643860
 P Tensor eigenvectors:
                   0          1          2    
      0       0.491843  -0.015343   0.870549
      1       0.870682   0.006422  -0.491804
      2       0.001955   0.999862   0.016517
 P Eigenvalues: 
                  0          1          2    
      0      -0.729064  25.627323  54.768662
P(iso)  26.555640
# -----------------------------------------------------------
$ EPRNMR_ATensor
   description: Hyperfine A tensor
   geom. index: 1
   prop. index: 1
 Number of stored nuclei 21
 Source density: 1 SCF 
 Spin multiplicity: 2 
 Nucleus: 7 H  
 Isotope: 1 
 Nuclear Spin:  0.5 
 Prefactor (MHz): 533.551395 
 Raw A tensor (MHz): 
                  0          1          2    
      0     -14.479956  -6.454585   0.065173
      1      -6.457150 -12.393472  -0.128917
      2       0.065188  -0.128866 -16.353358
 A Tensor eigenvectors:
                   0          1          2    
      0      -0.648144  -0.016761   0.761333
      1       0.761373   0.005227   0.648293
      2      -0.014846   0.999846   0.009373
 A Eigenvalues: 
                  0          1          2    
      0      -6.895014 -16.355124 -19.976648
A(iso)  -14.408928
 Nucleus: 8 H  
 Isotope: 1 
 Nuclear Spin:  0.5 
 Prefactor (MHz): 533.551395 
 Raw A tensor (MHz): 
                  0          1          2    
      0       7.377082   2.218474   0.052660
      1       2.218087   6.641404   0.028089
      2       0.052665   0.028092   3.835411
 A Tensor eigenvectors:
                   0          1          2    
      0      -0.017025   0.646499   0.762725
      1       0.003452  -0.762793   0.646633
      2       0.999849   0.013642   0.010755
 A Eigenvalues: 
                  0          1          2    
      0       3.834611   4.760844   9.258442
A(iso)  5.951299
 Nucleus: 10 H  
 Isotope: 1 
 Nuclear Spin:  0.5 
 Prefactor (MHz): 533.551395 
 Raw A tensor (MHz): 
                  0          1          2    
      0     -17.494526  -2.030588   0.592145
      1      -2.028236 -73.768063   0.073271
      2       0.592138   0.073220 -47.789131
 A Tensor eigenvectors:
                   0          1          2    
      0       0.999165  -0.019245  -0.036052
      1      -0.035975   0.004326  -0.999343
      2       0.019389   0.999805   0.003630
 A Eigenvalues: 
                  0          1          2    
      0     -17.410009 -47.800212 -73.841498
A(iso)  -46.350573
 Nucleus: 12 H  
 Isotope: 1 
 Nuclear Spin:  0.5 
 Prefactor (MHz): 533.551395 
 Raw A tensor (MHz): 
                  0          1          2    
      0      64.276444  -3.762366   2.039099
      1      -3.760802  66.497066  -2.191836
      2       2.037399  -2.191813  61.277170
 A Tensor eigenvectors:
                   0          1          2    
      0      -0.371653  -0.726828   0.577578
      1       0.099533  -0.649750  -0.753604
      2       0.923021  -0.222591   0.313824
 A Eigenvalues: 
                  0          1          2    
      0      60.220309  61.537985  70.292386
A(iso)  64.016893
 Nucleus: 13 H  
 Isotope: 1 
 Nuclear Spin:  0.5 
 Prefactor (MHz): 533.551395 
 Raw A tensor (MHz): 
                  0          1          2    
      0      64.149411  -3.857566  -1.880893
      1      -3.855980  66.220351   1.995633
      2      -1.879194   1.995557  60.779145
 A Tensor eigenvectors:
                   0          1          2    
      0       0.330651  -0.736133   0.590575
      1      -0.094892  -0.648533  -0.755248
      2       0.938971   0.193683  -0.284291
 A Eigenvalues: 
                  0          1          2    
      0      59.915615  61.246279  69.987013
A(iso)  63.716303
 Nucleus: 15 H  
 Isotope: 1 
 Nuclear Spin:  0.5 
 Prefactor (MHz): 533.551395 
 Raw A tensor (MHz): 
                  0          1          2    
      0      -2.297760   2.263596   0.723312
      1       2.263603   1.929397   1.449192
      2       0.722901   1.448152  -2.869397
 A Tensor eigenvectors:
                   0          1          2    
      0       0.597000   0.388703  -0.701784
      1      -0.450676   0.886196   0.107459
      2       0.663688   0.252124   0.704238
 A Eigenvalues: 
                  0          1          2    
      0      -3.202641   3.334232  -3.369352
A(iso)  -1.079253
 Nucleus: 16 H  
 Isotope: 1 
 Nuclear Spin:  0.5 
 Prefactor (MHz): 533.551395 
 Raw A tensor (MHz): 
                  0          1          2    
      0      -2.234389   2.318785  -0.707469
      1       2.318836   1.907009  -1.378711
      2      -0.707067  -1.377683  -2.907316
 A Tensor eigenvectors:
                   0          1          2    
      0       0.615031   0.399453   0.679834
      1      -0.453264   0.884599  -0.109710
      2      -0.645205  -0.240669   0.725113
 A Eigenvalues: 
                  0          1          2    
      0      -3.201298   3.328885  -3.362283
A(iso)  -1.078232
 Nucleus: 18 H  
 Isotope: 1 
 Nuclear Spin:  0.5 
 Prefactor (MHz): 533.551395 
 Raw A tensor (MHz): 
                  0          1          2    
      0       0.008028  -0.249743  -0.110388
      1      -0.249909   2.269539   0.386988
      2      -0.110505   0.386856   0.031969
 A Tensor eigenvectors:
                   0          1          2    
      0      -0.727076   0.677414  -0.111675
      1      -0.195642  -0.048514   0.979475
      2       0.658092   0.734000   0.167805
 A Eigenvalues: 
                  0          1          2    
      0       0.039945  -0.094720   2.364310
A(iso)  0.769845
 Nucleus: 19 H  
 Isotope: 1 
 Nuclear Spin:  0.5 
 Prefactor (MHz): 533.551395 
 Raw A tensor (MHz): 
                  0          1          2    
      0      -0.004592  -0.230941   0.110543
      1      -0.231101   2.263824  -0.409151
      2       0.110660  -0.409014   0.043413
 A Tensor eigenvectors:
                   0          1          2    
      0       0.696841  -0.709680   0.103767
      1       0.198943   0.052254  -0.978617
      2       0.689082   0.702584   0.177599
 A Eigenvalues: 
                  0          1          2    
      0       0.037986  -0.097899   2.362558
A(iso)  0.767549
 Nucleus: 21 H  
 Isotope: 1 
 Nuclear Spin:  0.5 
 Prefactor (MHz): 533.551395 
 Raw A tensor (MHz): 
                  0          1          2    
      0      22.900078   1.627186  -0.902025
      1       1.626627  23.109534  -0.512559
      2      -0.901432  -0.512702  21.612484
 A Tensor eigenvectors:
                   0          1          2    
      0       0.625640   0.394570   0.672970
      1      -0.316656  -0.659948   0.681321
      2       0.712954  -0.639362  -0.287947
 A Eigenvalues: 
                  0          1          2    
      0      21.048997  21.640036  24.933062
A(iso)  22.540698
 Nucleus: 22 H  
 Isotope: 1 
 Nuclear Spin:  0.5 
 Prefactor (MHz): 533.551395 
 Raw A tensor (MHz): 
                  0          1          2    
      0      22.413306   1.618791   0.920339
      1       1.618221  22.643430   0.548690
      2       0.919743   0.548854  21.190206
 A Tensor eigenvectors:
                   0          1          2    
      0      -0.639239   0.380552   0.668246
      1       0.318330  -0.660079   0.680413
      2       0.700028   0.647670   0.300807
 A Eigenvalues: 
                  0          1          2    
      0      20.599729  21.171706  24.475507
A(iso)  22.082314
 Nucleus: 24 H  
 Isotope: 1 
 Nuclear Spin:  0.5 
 Prefactor (MHz): 533.551395 
 Raw A tensor (MHz): 
                  0          1          2    
      0      -0.780229  -0.405875  -0.103132
      1      -0.405644   0.913635   0.408330
      2      -0.102954   0.408033  -0.875601
 A Tensor eigenvectors:
                   0          1          2    
      0       0.964774  -0.147650  -0.217741
      1       0.242621   0.179346   0.953399
      2      -0.101719  -0.972643   0.208851
 A Eigenvalues: 
                  0          1          2    
      0      -0.871385  -0.966484   1.095674
A(iso)  -0.247398
 Nucleus: 25 H  
 Isotope: 1 
 Nuclear Spin:  0.5 
 Prefactor (MHz): 533.551395 
 Raw A tensor (MHz): 
                  0          1          2    
      0      -0.773279  -0.392305   0.104079
      1      -0.392065   0.910635  -0.423451
      2       0.103905  -0.423175  -0.855025
 A Tensor eigenvectors:
                   0          1          2    
      0       0.965855  -0.148688   0.212169
      1       0.238373   0.189178  -0.952570
      2       0.101498   0.970620   0.218161
 A Eigenvalues: 
                  0          1          2    
      0      -0.859121  -0.953438   1.094891
A(iso)  -0.239223
 Nucleus: 27 H  
 Isotope: 1 
 Nuclear Spin:  0.5 
 Prefactor (MHz): 533.551395 
 Raw A tensor (MHz): 
                  0          1          2    
      0      -0.077518   0.274047  -0.062895
      1       0.274123   0.713718  -0.125854
      2      -0.062907  -0.125784  -0.124689
 A Tensor eigenvectors:
                   0          1          2    
      0       0.495728  -0.815644   0.298294
      1      -0.283438   0.172717   0.943309
      2      -0.820924  -0.552172  -0.145564
 A Eigenvalues: 
                  0          1          2    
      0      -0.130120  -0.178180   0.819811
A(iso)  0.170504
 Nucleus: 28 H  
 Isotope: 1 
 Nuclear Spin:  0.5 
 Prefactor (MHz): 533.551395 
 Raw A tensor (MHz): 
                  0          1          2    
      0      -0.075128   0.272129   0.063256
      1       0.272203   0.716394   0.133815
      2       0.063268   0.133741  -0.117472
 A Tensor eigenvectors:
                   0          1          2    
      0      -0.470814   0.831021  -0.296206
      1       0.284319  -0.174910  -0.942640
      2      -0.835163  -0.528025  -0.153925
 A Eigenvalues: 
                  0          1          2    
      0      -0.127326  -0.172647   0.823767
A(iso)  0.174598
 Nucleus: 30 H  
 Isotope: 1 
 Nuclear Spin:  0.5 
 Prefactor (MHz): 533.551395 
 Raw A tensor (MHz): 
                  0          1          2    
      0      -0.114372  -0.011441   0.002633
      1      -0.011418   0.386848  -0.067141
      2       0.002631  -0.067115  -0.119754
 A Tensor eigenvectors:
                   0          1          2    
      0       0.996458  -0.080910   0.022897
      1       0.033090   0.126979  -0.991353
      2       0.077303   0.988600   0.129206
 A Eigenvalues: 
                  0          1          2    
      0      -0.114548  -0.128590   0.395859
A(iso)  0.050907
 Nucleus: 31 H  
 Isotope: 1 
 Nuclear Spin:  0.5 
 Prefactor (MHz): 533.551395 
 Raw A tensor (MHz): 
                  0          1          2    
      0      -0.112789  -0.013230  -0.002753
      1      -0.013208   0.389007   0.066140
      2      -0.002750   0.066110  -0.118633
 A Tensor eigenvectors:
                   0          1          2    
      0       0.996872  -0.074500  -0.026375
      1       0.035565   0.124859   0.991537
      2      -0.070577  -0.989374   0.127118
 A Eigenvalues: 
                  0          1          2    
      0      -0.113066  -0.127184   0.397834
A(iso)  0.052528
 Nucleus: 33 H  
 Isotope: 1 
 Nuclear Spin:  0.5 
 Prefactor (MHz): 533.551395 
 Raw A tensor (MHz): 
                  0          1          2    
      0       2.033904   0.134760  -0.021742
      1       0.134532   4.303783  -0.004680
      2      -0.021738  -0.004675   2.866541
 A Tensor eigenvectors:
                   0          1          2    
      0       0.997935  -0.025178  -0.059096
      1      -0.058972   0.005617  -0.998244
      2       0.025466   0.999667   0.004121
 A Eigenvalues: 
                  0          1          2    
      0       2.025399   2.867062   4.311767
A(iso)  3.068076
 Nucleus: 34 H  
 Isotope: 1 
 Nuclear Spin:  0.5 
 Prefactor (MHz): 533.551395 
 Raw A tensor (MHz): 
                  0          1          2    
      0      -0.796631   0.287952   0.000080
      1       0.287949   0.744697   0.001347
      2       0.000080   0.001347  -0.819547
 A Tensor eigenvectors:
                   0          1          2    
      0       0.177838   0.005588  -0.984044
      1       0.984059  -0.000167   0.177840
      2       0.000829  -0.999984  -0.005528
 A Eigenvalues: 
                  0          1          2    
      0       0.796736  -0.819547  -0.848670
A(iso)  -0.290494
 Nucleus: 35 H  
 Isotope: 1 
 Nuclear Spin:  0.5 
 Prefactor (MHz): 533.551395 
 Raw A tensor (MHz): 
                  0          1          2    
      0      -0.128640   0.056157  -0.000006
      1       0.056180   0.241155   0.000602
      2      -0.000006   0.000601  -0.133396
 A Tensor eigenvectors:
                   0          1          2    
      0      -0.026266   0.988803   0.146899
      1       0.002331  -0.146889   0.989150
      2       0.999652   0.026324   0.001554
 A Eigenvalues: 
                  0          1          2    
      0      -0.133395  -0.136986   0.249500
A(iso)  -0.006960
 Nucleus: 36 H  
 Isotope: 1 
 Nuclear Spin:  0.5 
 Prefactor (MHz): 533.551395 
 Raw A tensor (MHz): 
                  0          1          2    
      0      -6.681920  -1.697028   0.188912
      1      -1.694633 -19.124061  -0.017316
      2       0.188900  -0.017362 -16.465584
 A Tensor eigenvectors:
                   0          1          2    
      0      -0.990972  -0.018391   0.132800
      1       0.132725   0.005230   0.991139
      2      -0.018923   0.999817  -0.002742
 A Eigenvalues: 
                  0          1          2    
      0      -6.451337 -16.469150 -19.351078
A(iso)  -14.090522
# -------------------------------------------------------------
----------------------- !GEOMETRIES! ------------------------
# -------------------------------------------------------------
------------------------ !GEOMETRY! -------------------------
    Number of atoms:    37 
    Geometry Index:     1 
    Coordinates:
               0 C     -2.933964818967   -0.019155662247   -0.033967899533
               1 C      1.296443607361    0.061824270858    0.040565503671
               2 C      0.590321630323    1.299160937539    0.022548090444
               3 C     -0.830038691281    1.218698837115   -0.002567773078
               4 C     -1.498847243856   -0.010865239574   -0.008782109580
               5 C     -0.774122135875   -1.238368021967    0.009787950680
               6 C      0.629525366121   -1.156382522853    0.034189216931
               7 H     -1.427048142993    2.131304757727   -0.017267003873
               8 H      1.218575276301   -2.074535804246    0.048582838690
               9 C      1.286379118125    2.535197245526    0.030200948538
              10 H      2.380649607140    2.491769518069    0.051081910023
              11 C      0.640531736398    3.887506945931    0.012493156110
              12 H     -0.012375922166    3.983662467442   -0.880091716954
              13 H     -0.049998611352    3.988621596687    0.875731797804
              14 C      1.643345463542    5.048380323491    0.030876223238
              15 H      2.282617436096    4.957557729006    0.928191092418
              16 H      2.320901090036    4.952810679577   -0.837413190482
              17 C      0.972750499887    6.423266950135    0.012627055711
              18 H      0.314169341814    6.559669201613    0.887828469560
              19 H      0.351814281023    6.554369202635   -0.890467887221
              20 C     -1.524725376427   -2.554078779163    0.003957975372
              21 H     -2.212077373185   -2.565707307147    0.870719686083
              22 H     -2.195077663429   -2.567780877484   -0.875815928757
              23 C     -0.682421934756   -3.832632229704    0.013830234157
              24 H     -0.007491762421   -3.844979368604   -0.861978641931
              25 H     -0.029847347570   -3.846602365251    0.906400174417
              26 C     -1.540410270049   -5.103659168379    0.002473868919
              27 H     -2.218501939373   -5.092317957995    0.875945813393
              28 H     -2.195500567004   -5.092126869875   -0.888376029049
              29 C     -0.711859140612   -6.390673175359    0.013110160194
              30 H     -0.072868835505   -6.448664764579    0.911290591225
              31 H     -0.048486968046   -6.447504243222   -0.867273600722
              32 C     -4.149536892222   -0.021066799144   -0.056636918648
              33 H     -5.221656640344   -0.018204185506   -0.079579216000
              34 H      1.717526852222    7.235284444065    0.026000282510
              35 H     -1.354930710965   -7.285723428121    0.003734000418
              36 H      2.389641502009    0.078812633003    0.059985355323
