-------------------------------------------------------------
----------------------- !PROPERTIES! ------------------------
-------------------------------------------------------------
# -----------------------------------------------------------
$ PAL_Flags
   description: The PAL Flags
   geom. index: 1
   prop. index: 1
        Diskflag:     2
# -----------------------------------------------------------
$ SCF_Energy
   description: The SCF energy
   geom. index: 1
   prop. index: 1
        SCF Energy:     -621.8598304216
# -----------------------------------------------------------
$ DFT_Energy
   description: The DFT energy
   geom. index: 1
   prop. index: 1
   Number of Alpha Electrons                 59.0001087047 
   Number of Beta  Electrons                 58.0001026524 
   Total number of  Electrons               117.0002113571 
   Exchange energy                          -71.6223986365 
   Correlation energy                        -4.5074612770 
   Correlation energy NL                      0.0000000000 
   Exchange-Correlation energy              -76.1298599135 
   Embedding correction                       0.0000000000 
   Total DFT Energy (No VdW correction)    -621.8598304216 
# -----------------------------------------------------------
$ Mayer_Pop
   description: The Mayer population analysis
   geom. index: 1
   prop. index: 1
     Number of atoms                     : 37
     Threshold for printing              : 0.1000000
     Number of bond orders printed       : 37
  NA   - Mulliken gross atomic population
  ZA   - Total nuclear charge
  QA   - Mulliken gross atomic charge
  VA   - Mayer's total valence
  BVA  - Mayer's bonded valence
  FA   - Mayer's free valence
  ATOM       NA         ZA         QA         VA         BVA        FA
  0   0     5.3802     6.0000     0.6198     2.9160     2.9156     0.0004
  1   0     5.9726     6.0000     0.0274     3.9077     3.8729     0.0348
  2   0     5.9153     6.0000     0.0847     4.0918     4.0777     0.0141
  3   0     6.0035     6.0000    -0.0035     3.8792     3.8436     0.0356
  4   0     6.0430     6.0000    -0.0430     3.8467     3.8403     0.0064
  5   0     6.0854     6.0000    -0.0854     4.1594     4.1192     0.0402
  6   0     5.9734     6.0000     0.0266     3.9816     3.9740     0.0076
  7   0     1.0529     1.0000    -0.0529     1.0004     1.0003     0.0001
  8   0     1.0432     1.0000    -0.0432     0.9850     0.9850     0.0000
  9   0     6.0734     6.0000    -0.0734     3.9308     3.5227     0.4081
 10   0     1.0380     1.0000    -0.0380     0.9907     0.9893     0.0014
 11   0     5.9707     6.0000     0.0293     4.0139     4.0123     0.0016
 12   0     0.9720     1.0000     0.0280     0.9632     0.9620     0.0012
 13   0     0.9720     1.0000     0.0280     0.9632     0.9620     0.0012
 14   0     6.0406     6.0000    -0.0406     4.1299     4.1299     0.0000
 15   0     0.9884     1.0000     0.0116     0.9638     0.9638     0.0000
 16   0     0.9884     1.0000     0.0116     0.9638     0.9638     0.0000
 17   0     5.9965     6.0000     0.0035     4.0179     4.0179     0.0000
 18   0     0.9821     1.0000     0.0179     0.9776     0.9776     0.0000
 19   0     0.9821     1.0000     0.0179     0.9776     0.9776     0.0000
 20   0     5.9570     6.0000     0.0430     4.0240     4.0237     0.0003
 21   0     0.9690     1.0000     0.0310     0.9696     0.9695     0.0001
 22   0     0.9691     1.0000     0.0309     0.9700     0.9699     0.0001
 23   0     6.0350     6.0000    -0.0350     4.1124     4.1124     0.0000
 24   0     0.9858     1.0000     0.0142     0.9632     0.9632     0.0000
 25   0     0.9856     1.0000     0.0144     0.9630     0.9630     0.0000
 26   0     6.0253     6.0000    -0.0253     4.1191     4.1191     0.0000
 27   0     0.9940     1.0000     0.0060     0.9676     0.9676     0.0000
 28   0     0.9940     1.0000     0.0060     0.9677     0.9677     0.0000
 29   0     5.9970     6.0000     0.0030     4.0165     4.0165     0.0000
 30   0     0.9835     1.0000     0.0165     0.9772     0.9772     0.0000
 31   0     0.9835     1.0000     0.0165     0.9772     0.9772     0.0000
 32   0     6.5938     6.0000    -0.5938     3.4058     3.4046     0.0012
 33   0     1.0307     1.0000    -0.0307     1.0298     1.0298     0.0000
 34   0     0.9868     1.0000     0.0132     0.9734     0.9734     0.0000
 35   0     0.9873     1.0000     0.0127     0.9735     0.9735     0.0000
 36   0     1.0488     1.0000    -0.0488     0.9759     0.9758     0.0001
      Bond orders larger than 0.1000000
           Atom A     A.N. of A          Atom B    A.N. of B              Bond order
                0             6               4            6                0.902587
                0             6              32            6                2.144212
                1             6               2            6                1.293629
                1             6               6            6                1.470682
                1             6              36            1                0.931635
                2             6               3            6                1.303464
                2             6               9            6                1.305641
                3             6               4            6                1.446648
                3             6               7            1                0.925825
                4             6               5            6                1.364689
                5             6               6            6                1.410005
                5             6              20            6                1.092243
                6             6               8            1                0.918377
                9             6              10            1                0.930159
                9             6              11            6                1.081802
               11             6              12            1                0.913460
               11             6              13            1                0.913400
               11             6              14            6                1.070816
               14             6              15            1                0.944242
               14             6              16            1                0.944200
               14             6              17            6                1.106419
               17             6              18            1                0.965682
               17             6              19            1                0.965674
               17             6              34            1                0.961352
               20             6              21            1                0.898136
               20             6              22            1                0.898164
               20             6              23            6                1.100460
               23             6              24            1                0.930106
               23             6              25            1                0.929744
               23             6              26            6                1.076068
               26             6              27            1                0.941199
               26             6              28            1                0.941185
               26             6              29            6                1.105887
               29             6              30            1                0.966243
               29             6              31            1                0.966217
               29             6              35            1                0.961805
               32             6              33            1                1.116296
# -----------------------------------------------------------
$ Calculation_Info
   description: Details of the calculation
   geom. index: 1
   prop. index: 1
     Multiplicity:                          2
     Charge:                                0
     number of atoms:                       37
     number of electrons:                   0
     number of frozen core electrons:       1
     number of correlated electrons:        0
     number of basis functions:             329
     number of aux C basis functions:       2196
     number of aux J basis functions:       2196
     number of aux JK basis functions:      2196
     number of aux CABS basis functions:    0
     Total Energy                           -621.859830
# -----------------------------------------------------------
$ SCF_Electric_Properties
   description: The SCF Calculated Electric Properties
   geom. index: 1
   prop. index: 1
       Filename                          : cc-pVDZ_i.scfp 
       Do Dipole Moment Calculation      : true 
       Do Quadrupole Moment Calculation  : false 
       Do Polarizability Calculation     : false 
** Dipole moment part of electric properties **
        Magnitude of dipole moment (Debye) :        0.3721823460
        Electronic Contribution:
                  0    
      0      -4.829048
      1       2.149936
      2      -0.068516
        Nuclear Contribution:
                  0    
      0       4.975457
      1      -2.149424
      2       0.070609
        Total Dipole moment:
                  0    
      0       0.146409
      1       0.000512
      2       0.002094
# -----------------------------------------------------------
$ EPRNMR_GTensor
   description: Electronic g tensor
   geom. index: 1
   prop. index: 1
 Source density: 1 SCF 
 Spin multiplicity: 2 
 raw g tensor: 
                  0          1          2    
      0       2.002776   0.000050   0.000011
      1       0.000048   2.002769  -0.000002
      2       0.000011  -0.000003   2.002179
 g tensor: 
                  0          1          2    
      0      -0.018926  -0.678191  -0.734642
      1       0.005441   0.734693  -0.678378
      2       0.999806  -0.016836  -0.010215
 G eigenvalues: 
                  0          1          2    
      0       2.002179   2.002723   2.002822
# -----------------------------------------------------------
$ EPRNMR_OrbitalShielding
   description: Orbital contribution to the NMR Shielding tensor (ppm)
   geom. index: 1
   prop. index: 1
 Number of stored nuclei 21
 Source density: 1 SCF 
 Nucleus: 7 H 
 Shielding tensor (ppm): 
                  0          1          2    
      0      26.622681   5.412971   0.099057
      1       4.892990  26.716631   0.059874
      2       0.107691   0.068769  19.796299
 P Tensor eigenvectors:
                   0          1          2    
      0      -0.018477   0.713519   0.700392
      1       0.004503  -0.700445   0.713692
      2       0.999819   0.016341   0.009729
 P Eigenvalues: 
                  0          1          2    
      0      19.794672  21.517167  31.823772
P(iso)  24.378537
 Nucleus: 8 H 
 Shielding tensor (ppm): 
                  0          1          2    
      0      27.330479   3.868317   0.130062
      1       4.503627  26.693778   0.058521
      2       0.107117   0.051756  19.996612
 P Tensor eigenvectors:
                   0          1          2    
      0      -0.018056   0.675215   0.737400
      1       0.002990  -0.737480   0.675362
      2       0.999833   0.014399   0.011297
 P Eigenvalues: 
                  0          1          2    
      0      19.994659  22.814931  31.211279
P(iso)  24.673623
 Nucleus: 10 H 
 Shielding tensor (ppm): 
                  0          1          2    
      0      24.144871  -0.461204   0.028141
      1      -0.122810  31.781321  -0.035601
      2       0.032925  -0.037739  22.671882
 P Tensor eigenvectors:
                   0          1          2    
      0      -0.019975  -0.999182   0.035147
      1       0.003424  -0.035223  -0.999374
      2       0.999795  -0.019843   0.004125
 P Eigenvalues: 
                  0          1          2    
      0      22.671146  24.134370  31.792557
P(iso)  26.199358
 Nucleus: 12 H 
 Shielding tensor (ppm): 
                  0          1          2    
      0      28.517506   1.400739   3.097236
      1       0.780172  30.334763  -0.498954
      2       3.887822  -1.315303  28.106494
 P Tensor eigenvectors:
                   0          1          2    
      0      -0.667246  -0.050942   0.743093
      1       0.224809  -0.964905   0.135715
      2       0.710101   0.257610   0.655281
 P Eigenvalues: 
                  0          1          2    
      0      24.475727  30.648676  31.834360
P(iso)  28.986255
 Nucleus: 13 H 
 Shielding tensor (ppm): 
                  0          1          2    
      0      28.803986   1.353477  -3.078323
      1       0.745338  30.362122   0.507891
      2      -3.868879   1.343317  27.774501
 P Tensor eigenvectors:
                   0          1          2    
      0       0.636396  -0.022048   0.771047
      1      -0.219481  -0.963449   0.153603
      2       0.739478  -0.266983  -0.617975
 P Eigenvalues: 
                  0          1          2    
      0      24.453123  30.656784  31.830702
P(iso)  28.980203
 Nucleus: 15 H 
 Shielding tensor (ppm): 
                  0          1          2    
      0      30.566791  -0.379948   4.495566
      1      -0.064145  29.771292  -0.578091
      2       4.408387   0.584804  28.920450
 P Tensor eigenvectors:
                   0          1          2    
      0      -0.640555  -0.011851   0.767821
      1      -0.021806  -0.999197  -0.033614
      2       0.767602  -0.038275   0.639782
 P Eigenvalues: 
                  0          1          2    
      0      25.212051  29.769194  34.277288
P(iso)  29.752844
 Nucleus: 16 H 
 Shielding tensor (ppm): 
                  0          1          2    
      0      30.960704  -0.389139  -4.407724
      1      -0.120612  29.771132   0.562372
      2      -4.330546  -0.602949  28.536374
 P Tensor eigenvectors:
                   0          1          2    
      0       0.606231  -0.013928   0.795167
      1       0.027489  -0.998882  -0.038454
      2       0.794814   0.045170  -0.605170
 P Eigenvalues: 
                  0          1          2    
      0      25.208453  29.769080  34.290677
P(iso)  29.756070
 Nucleus: 18 H 
 Shielding tensor (ppm): 
                  0          1          2    
      0      29.763767  -1.573035  -3.704346
      1      -2.283309  30.700619   2.556055
      2      -3.119926   2.165232  30.556231
 P Tensor eigenvectors:
                   0          1          2    
      0      -0.734937   0.387654  -0.556410
      1       0.046255   0.847246   0.529184
      2      -0.676556  -0.363180   0.640603
 P Eigenvalues: 
                  0          1          2    
      0      26.718645  28.782243  35.519729
P(iso)  30.340206
 Nucleus: 19 H 
 Shielding tensor (ppm): 
                  0          1          2    
      0      29.491984  -1.464134   3.658984
      1      -2.156916  30.672464  -2.651258
      2       3.085136  -2.228321  30.868594
 P Tensor eigenvectors:
                   0          1          2    
      0      -0.761820   0.373239   0.529456
      1       0.050859   0.849266  -0.525510
      2       0.645789   0.373416   0.665970
 P Eigenvalues: 
                  0          1          2    
      0      26.731238  28.780057  35.521747
P(iso)  30.344348
 Nucleus: 21 H 
 Shielding tensor (ppm): 
                  0          1          2    
      0      28.388772  -1.727803  -3.314011
      1      -1.295484  31.189940  -0.003615
      2      -4.791524  -1.044997  26.493630
 P Tensor eigenvectors:
                   0          1          2    
      0       0.615993   0.447230  -0.648489
      1       0.155302   0.738114   0.656559
      2       0.772292  -0.505147   0.385217
 P Eigenvalues: 
                  0          1          2    
      0      23.055000  30.655443  32.361899
P(iso)  28.690780
 Nucleus: 22 H 
 Shielding tensor (ppm): 
                  0          1          2    
      0      28.199270  -1.803254   3.386172
      1      -1.309410  31.254359  -0.060542
      2       4.839573   0.929055  26.594206
 P Tensor eigenvectors:
                   0          1          2    
      0      -0.631353   0.454800  -0.628132
      1      -0.150158   0.722953   0.674383
      2       0.760819   0.520093  -0.388146
 P Eigenvalues: 
                  0          1          2    
      0      22.993559  30.610706  32.443570
P(iso)  28.682612
 Nucleus: 24 H 
 Shielding tensor (ppm): 
                  0          1          2    
      0      30.144746   0.388403  -3.747693
      1       0.436460  31.254464   0.134202
      2      -3.730844   1.376548  28.226875
 P Tensor eigenvectors:
                   0          1          2    
      0       0.605543  -0.148751   0.781787
      1      -0.130753  -0.987622  -0.086639
      2       0.784998  -0.049758  -0.617497
 P Eigenvalues: 
                  0          1          2    
      0      25.206589  31.362482  33.057013
P(iso)  29.875361
 Nucleus: 25 H 
 Shielding tensor (ppm): 
                  0          1          2    
      0      29.939305   0.430721   3.818968
      1       0.450666  31.245589  -0.138209
      2       3.785882  -1.341549  28.399061
 P Tensor eigenvectors:
                   0          1          2    
      0      -0.625696  -0.144985   0.766475
      1       0.130770  -0.988166  -0.080168
      2       0.769028   0.050071   0.637251
 P Eigenvalues: 
                  0          1          2    
      0      25.170523  31.355277  33.058153
P(iso)  29.861318
 Nucleus: 27 H 
 Shielding tensor (ppm): 
                  0          1          2    
      0      30.660831  -0.104889  -4.489394
      1       0.006258  30.642353  -0.560304
      2      -4.267806  -1.223072  28.447964
 P Tensor eigenvectors:
                   0          1          2    
      0       0.605396  -0.192858  -0.772205
      1       0.123068   0.981213  -0.148575
      2       0.786352  -0.005087   0.617758
 P Eigenvalues: 
                  0          1          2    
      0      24.943386  30.661958  34.145804
P(iso)  29.917049
 Nucleus: 28 H 
 Shielding tensor (ppm): 
                  0          1          2    
      0      30.443398  -0.138732   4.545776
      1      -0.010241  30.643576   0.552468
      2       4.333478   1.201240  28.676756
 P Tensor eigenvectors:
                   0          1          2    
      0      -0.625549  -0.189266  -0.756880
      1      -0.121529   0.981925  -0.145099
      2       0.770662   0.001216  -0.637243
 P Eigenvalues: 
                  0          1          2    
      0      24.940970  30.664138  34.158622
P(iso)  29.921243
 Nucleus: 30 H 
 Shielding tensor (ppm): 
                  0          1          2    
      0      29.844375  -1.720565   3.921834
      1      -2.507297  30.387830  -2.238449
      2       3.323301  -1.890265  30.809872
 P Tensor eigenvectors:
                   0          1          2    
      0       0.775165  -0.241333   0.583847
      1       0.094021  -0.869801  -0.484362
      2      -0.624723  -0.430354   0.651549
 P Eigenvalues: 
                  0          1          2    
      0      26.651812  28.753864  35.636401
P(iso)  30.347359
 Nucleus: 31 H 
 Shielding tensor (ppm): 
                  0          1          2    
      0      30.058220  -1.762955  -3.941577
      1      -2.566082  30.388181   2.162957
      2      -3.340302   1.852064  30.610328
 P Tensor eigenvectors:
                   0          1          2    
      0      -0.756616   0.255336  -0.601944
      1      -0.091424   0.870245   0.484061
      2      -0.647437  -0.421280   0.635097
 P Eigenvalues: 
                  0          1          2    
      0      26.663503  28.755483  35.637743
P(iso)  30.352243
 Nucleus: 33 H 
 Shielding tensor (ppm): 
                  0          1          2    
      0      35.455057  -0.398820   0.234185
      1      -0.893144  25.569165  -0.025340
      2       0.212386  -0.012584  24.002505
 P Tensor eigenvectors:
                   0          1          2    
      0      -0.019454   0.060953  -0.997951
      1       0.004149   0.998136   0.060883
      2       0.999802  -0.002956  -0.019670
 P Eigenvalues: 
                  0          1          2    
      0      23.998128  25.527309  35.501291
P(iso)  28.342242
 Nucleus: 34 H 
 Shielding tensor (ppm): 
                  0          1          2    
      0      29.289253   2.623760   0.064538
      1       3.980259  35.285753   0.056216
      2       0.059826   0.030094  25.812302
 P Tensor eigenvectors:
                   0          1          2    
      0      -0.020262   0.909860   0.414421
      1       0.002516  -0.414459   0.910065
      2       0.999792   0.019483   0.006109
 P Eigenvalues: 
                  0          1          2    
      0      25.811150  27.829126  36.747032
P(iso)  30.129103
 Nucleus: 35 H 
 Shielding tensor (ppm): 
                  0          1          2    
      0      28.464372   1.797725   0.029070
      1       3.071814  36.153800   0.046952
      2       0.047976   0.023437  25.767192
 P Tensor eigenvectors:
                   0          1          2    
      0      -0.014058   0.957529   0.287994
      1      -0.000113  -0.288024   0.957623
      2       0.999901   0.013430   0.004157
 P Eigenvalues: 
                  0          1          2    
      0      25.766642  27.759526  36.859196
P(iso)  30.128455
 Nucleus: 36 H 
 Shielding tensor (ppm): 
                  0          1          2    
      0      23.605067   0.721489   0.039567
      1       0.289708  29.412638  -0.027932
      2       0.040478  -0.016947  21.347362
 P Tensor eigenvectors:
                   0          1          2    
      0      -0.018613  -0.996457  -0.082014
      1       0.003976   0.081953  -0.996628
      2       0.999819  -0.018876   0.002437
 P Eigenvalues: 
                  0          1          2    
      0      21.346529  23.562266  29.456272
P(iso)  24.788356
# -----------------------------------------------------------
$ EPRNMR_ATensor
   description: Hyperfine A tensor
   geom. index: 1
   prop. index: 1
 Number of stored nuclei 21
 Source density: 1 SCF 
 Spin multiplicity: 2 
 Nucleus: 7 H  
 Isotope: 1 
 Nuclear Spin:  0.5 
 Prefactor (MHz): 533.551395 
 Raw A tensor (MHz): 
                  0          1          2    
      0     -14.477286  -6.454235   0.065173
      1      -6.456801 -12.391609  -0.128908
      2       0.065188  -0.128856 -16.350748
 A Tensor eigenvectors:
                   0          1          2    
      0      -0.648164  -0.016761   0.761316
      1       0.761356   0.005228   0.648313
      2      -0.014846   0.999846   0.009373
 A Eigenvalues: 
                  0          1          2    
      0      -6.893157 -16.352514 -19.973972
A(iso)  -14.406548
 Nucleus: 8 H  
 Isotope: 1 
 Nuclear Spin:  0.5 
 Prefactor (MHz): 533.551395 
 Raw A tensor (MHz): 
                  0          1          2    
      0       7.374953   2.218153   0.052653
      1       2.217766   6.640067   0.028081
      2       0.052657   0.028085   3.833797
 A Tensor eigenvectors:
                   0          1          2    
      0      -0.017026   0.646556   0.762676
      1       0.003452  -0.762744   0.646691
      2       0.999849   0.013643   0.010754
 A Eigenvalues: 
                  0          1          2    
      0       3.832997   4.759492   9.256327
A(iso)  5.949606
 Nucleus: 10 H  
 Isotope: 1 
 Nuclear Spin:  0.5 
 Prefactor (MHz): 533.551395 
 Raw A tensor (MHz): 
                  0          1          2    
      0     -17.498166  -2.030753   0.592181
      1      -2.028401 -73.774284   0.073272
      2       0.592174   0.073221 -47.794425
 A Tensor eigenvectors:
                   0          1          2    
      0       0.999165  -0.019246  -0.036053
      1      -0.035976   0.004326  -0.999343
      2       0.019389   0.999805   0.003630
 A Eigenvalues: 
                  0          1          2    
      0     -17.413640 -47.805507 -73.847728
A(iso)  -46.355625
 Nucleus: 12 H  
 Isotope: 1 
 Nuclear Spin:  0.5 
 Prefactor (MHz): 533.551395 
 Raw A tensor (MHz): 
                  0          1          2    
      0      64.279415  -3.762504   2.038987
      1      -3.760940  66.500132  -2.191862
      2       2.037287  -2.191839  61.279948
 A Tensor eigenvectors:
                   0          1          2    
      0      -0.371594  -0.726859   0.577576
      1       0.099568  -0.649736  -0.753611
      2       0.923041  -0.222529   0.313810
 A Eigenvalues: 
                  0          1          2    
      0      60.223199  61.540812  70.295484
A(iso)  64.019832
 Nucleus: 13 H  
 Isotope: 1 
 Nuclear Spin:  0.5 
 Prefactor (MHz): 533.551395 
 Raw A tensor (MHz): 
                  0          1          2    
      0      64.152375  -3.857704  -1.880772
      1      -3.856118  66.223419   1.995652
      2      -1.879073   1.995576  60.781936
 A Tensor eigenvectors:
                   0          1          2    
      0       0.330591  -0.736161   0.590573
      1      -0.094927  -0.648520  -0.755255
      2       0.938988   0.193620  -0.284276
 A Eigenvalues: 
                  0          1          2    
      0      59.918508  61.249109  69.990113
A(iso)  63.719243
 Nucleus: 15 H  
 Isotope: 1 
 Nuclear Spin:  0.5 
 Prefactor (MHz): 533.551395 
 Raw A tensor (MHz): 
                  0          1          2    
      0      -2.298061   2.263647   0.723347
      1       2.263653   1.929196   1.449225
      2       0.722936   1.448185  -2.869682
 A Tensor eigenvectors:
                   0          1          2    
      0       0.596947   0.388701  -0.701830
      1      -0.450670   0.886196   0.107489
      2       0.663740   0.252129   0.704188
 A Eigenvalues: 
                  0          1          2    
      0      -3.202933   3.334067  -3.369681
A(iso)  -1.079516
 Nucleus: 16 H  
 Isotope: 1 
 Nuclear Spin:  0.5 
 Prefactor (MHz): 533.551395 
 Raw A tensor (MHz): 
                  0          1          2    
      0      -2.234686   2.318837  -0.707505
      1       2.318888   1.906808  -1.378742
      2      -0.707103  -1.377714  -2.907602
 A Tensor eigenvectors:
                   0          1          2    
      0       0.614979   0.399451   0.679882
      1      -0.453257   0.884599  -0.109740
      2      -0.645259  -0.240674   0.725064
 A Eigenvalues: 
                  0          1          2    
      0      -3.201590   3.328721  -3.362611
A(iso)  -1.078494
 Nucleus: 18 H  
 Isotope: 1 
 Nuclear Spin:  0.5 
 Prefactor (MHz): 533.551395 
 Raw A tensor (MHz): 
                  0          1          2    
      0       0.008075  -0.249749  -0.110385
      1      -0.249914   2.269617   0.386989
      2      -0.110503   0.386858   0.032011
 A Tensor eigenvectors:
                   0          1          2    
      0      -0.727079   0.677410  -0.111675
      1      -0.195641  -0.048513   0.979475
      2       0.658089   0.734004   0.167802
 A Eigenvalues: 
                  0          1          2    
      0       0.039986  -0.094672   2.364389
A(iso)  0.769901
 Nucleus: 19 H  
 Isotope: 1 
 Nuclear Spin:  0.5 
 Prefactor (MHz): 533.551395 
 Raw A tensor (MHz): 
                  0          1          2    
      0      -0.004545  -0.230947   0.110541
      1      -0.231106   2.263902  -0.409153
      2       0.110658  -0.409016   0.043454
 A Tensor eigenvectors:
                   0          1          2    
      0       0.696846  -0.709675   0.103767
      1       0.198942   0.052254  -0.978617
      2       0.689078   0.702589   0.177597
 A Eigenvalues: 
                  0          1          2    
      0       0.038027  -0.097852   2.362636
A(iso)  0.767604
 Nucleus: 21 H  
 Isotope: 1 
 Nuclear Spin:  0.5 
 Prefactor (MHz): 533.551395 
 Raw A tensor (MHz): 
                  0          1          2    
      0      22.896314   1.627013  -0.902092
      1       1.626453  23.105325  -0.512405
      2      -0.901499  -0.512548  21.608821
 A Tensor eigenvectors:
                   0          1          2    
      0       0.625675   0.394435   0.673017
      1      -0.316763  -0.659957   0.681262
      2       0.712876  -0.639436  -0.287976
 A Eigenvalues: 
                  0          1          2    
      0      21.045179  21.636374  24.928906
A(iso)  22.536820
 Nucleus: 22 H  
 Isotope: 1 
 Nuclear Spin:  0.5 
 Prefactor (MHz): 533.551395 
 Raw A tensor (MHz): 
                  0          1          2    
      0      22.409608   1.618621   0.920404
      1       1.618051  22.639283   0.548534
      2       0.919809   0.548697  21.186614
 A Tensor eigenvectors:
                   0          1          2    
      0      -0.639274   0.380412   0.668293
      1       0.318442  -0.660086   0.680354
      2       0.699945   0.647745   0.300837
 A Eigenvalues: 
                  0          1          2    
      0      20.595978  21.168108  24.471418
A(iso)  22.078501
 Nucleus: 24 H  
 Isotope: 1 
 Nuclear Spin:  0.5 
 Prefactor (MHz): 533.551395 
 Raw A tensor (MHz): 
                  0          1          2    
      0      -0.780048  -0.405790  -0.103112
      1      -0.405559   0.913643   0.408284
      2      -0.102933   0.407987  -0.875434
 A Tensor eigenvectors:
                   0          1          2    
      0       0.964786  -0.147602  -0.217721
      1       0.242592   0.179357   0.953405
      2      -0.101675  -0.972648   0.208848
 A Eigenvalues: 
                  0          1          2    
      0      -0.871176  -0.966304   1.095642
A(iso)  -0.247280
 Nucleus: 25 H  
 Isotope: 1 
 Nuclear Spin:  0.5 
 Prefactor (MHz): 533.551395 
 Raw A tensor (MHz): 
                  0          1          2    
      0      -0.773099  -0.392221   0.104058
      1      -0.391981   0.910644  -0.423403
      2       0.103885  -0.423126  -0.854861
 A Tensor eigenvectors:
                   0          1          2    
      0       0.965865  -0.148651   0.212149
      1       0.238346   0.189185  -0.952576
      2       0.101466   0.970624   0.218157
 A Eigenvalues: 
                  0          1          2    
      0      -0.858915  -0.953261   1.094858
A(iso)  -0.239106
 Nucleus: 27 H  
 Isotope: 1 
 Nuclear Spin:  0.5 
 Prefactor (MHz): 533.551395 
 Raw A tensor (MHz): 
                  0          1          2    
      0      -0.077509   0.274020  -0.062889
      1       0.274097   0.713645  -0.125847
      2      -0.062902  -0.125778  -0.124690
 A Tensor eigenvectors:
                   0          1          2    
      0       0.495839  -0.815576   0.298296
      1      -0.283466   0.172677   0.943308
      2      -0.820848  -0.552285  -0.145568
 A Eigenvalues: 
                  0          1          2    
      0      -0.130118  -0.178166   0.819729
A(iso)  0.170482
 Nucleus: 28 H  
 Isotope: 1 
 Nuclear Spin:  0.5 
 Prefactor (MHz): 533.551395 
 Raw A tensor (MHz): 
                  0          1          2    
      0      -0.075119   0.272102   0.063251
      1       0.272177   0.716320   0.133807
      2       0.063263   0.133734  -0.117474
 A Tensor eigenvectors:
                   0          1          2    
      0      -0.470935   0.830952  -0.296207
      1       0.284348  -0.174867  -0.942639
      2      -0.835084  -0.528148  -0.153929
 A Eigenvalues: 
                  0          1          2    
      0      -0.127324  -0.172634   0.823684
A(iso)  0.174576
 Nucleus: 30 H  
 Isotope: 1 
 Nuclear Spin:  0.5 
 Prefactor (MHz): 533.551395 
 Raw A tensor (MHz): 
                  0          1          2    
      0      -0.114371  -0.011436   0.002634
      1      -0.011413   0.386814  -0.067136
      2       0.002632  -0.067110  -0.119755
 A Tensor eigenvectors:
                   0          1          2    
      0       0.996451  -0.081009   0.022889
      1       0.033094   0.126974  -0.991354
      2       0.077402   0.988592   0.129205
 A Eigenvalues: 
                  0          1          2    
      0      -0.114545  -0.128590   0.395824
A(iso)  0.050896
 Nucleus: 31 H  
 Isotope: 1 
 Nuclear Spin:  0.5 
 Prefactor (MHz): 533.551395 
 Raw A tensor (MHz): 
                  0          1          2    
      0      -0.112788  -0.013225  -0.002754
      1      -0.013202   0.388973   0.066135
      2      -0.002751   0.066105  -0.118635
 A Tensor eigenvectors:
                   0          1          2    
      0       0.996866  -0.074592  -0.026367
      1       0.035569   0.124854   0.991537
      2      -0.070668  -0.989367   0.127116
 A Eigenvalues: 
                  0          1          2    
      0      -0.113064  -0.127184   0.397799
A(iso)  0.052517
 Nucleus: 33 H  
 Isotope: 1 
 Nuclear Spin:  0.5 
 Prefactor (MHz): 533.551395 
 Raw A tensor (MHz): 
                  0          1          2    
      0       2.026987   0.134766  -0.021653
      1       0.134538   4.292933  -0.004681
      2      -0.021650  -0.004676   2.855609
 A Tensor eigenvectors:
                   0          1          2    
      0       0.997928  -0.025193  -0.059200
      1      -0.059076   0.005619  -0.998238
      2       0.025481   0.999667   0.004119
 A Eigenvalues: 
                  0          1          2    
      0       2.018469   2.856129   4.300931
A(iso)  3.058510
 Nucleus: 34 H  
 Isotope: 1 
 Nuclear Spin:  0.5 
 Prefactor (MHz): 533.551395 
 Raw A tensor (MHz): 
                  0          1          2    
      0      -0.796650   0.287952   0.000080
      1       0.287949   0.744701   0.001347
      2       0.000079   0.001347  -0.819563
 A Tensor eigenvectors:
                   0          1          2    
      0       0.177836   0.005589  -0.984044
      1       0.984060  -0.000167   0.177838
      2       0.000829  -0.999984  -0.005529
 A Eigenvalues: 
                  0          1          2    
      0       0.796739  -0.819564  -0.848688
A(iso)  -0.290504
 Nucleus: 35 H  
 Isotope: 1 
 Nuclear Spin:  0.5 
 Prefactor (MHz): 533.551395 
 Raw A tensor (MHz): 
                  0          1          2    
      0      -0.128629   0.056154  -0.000006
      1       0.056177   0.241141   0.000602
      2      -0.000006   0.000601  -0.133390
 A Tensor eigenvectors:
                   0          1          2    
      0      -0.026280   0.988802   0.146901
      1       0.002333  -0.146891   0.989150
      2       0.999652   0.026338   0.001553
 A Eigenvalues: 
                  0          1          2    
      0      -0.133388  -0.136974   0.249485
A(iso)  -0.006959
 Nucleus: 36 H  
 Isotope: 1 
 Nuclear Spin:  0.5 
 Prefactor (MHz): 533.551395 
 Raw A tensor (MHz): 
                  0          1          2    
      0      -6.680052  -1.697113   0.188894
      1      -1.694718 -19.120490  -0.017321
      2       0.188883  -0.017367 -16.462692
 A Tensor eigenvectors:
                   0          1          2    
      0      -0.990969  -0.018391   0.132824
      1       0.132749   0.005230   0.991136
      2      -0.018923   0.999817  -0.002742
 A Eigenvalues: 
                  0          1          2    
      0      -6.449417 -16.466257 -19.347559
A(iso)  -14.087745
# -------------------------------------------------------------
----------------------- !GEOMETRIES! ------------------------
# -------------------------------------------------------------
------------------------ !GEOMETRY! -------------------------
    Number of atoms:    37 
    Geometry Index:     1 
    Coordinates:
               0 C     -2.933964818967   -0.019155662247   -0.033967899533
               1 C      1.296443607361    0.061824270858    0.040565503671
               2 C      0.590321630323    1.299160937539    0.022548090444
               3 C     -0.830038691281    1.218698837115   -0.002567773078
               4 C     -1.498847243856   -0.010865239574   -0.008782109580
               5 C     -0.774122135875   -1.238368021967    0.009787950680
               6 C      0.629525366121   -1.156382522853    0.034189216931
               7 H     -1.427048142993    2.131304757727   -0.017267003873
               8 H      1.218575276301   -2.074535804246    0.048582838690
               9 C      1.286379118125    2.535197245526    0.030200948538
              10 H      2.380649607140    2.491769518069    0.051081910023
              11 C      0.640531736398    3.887506945931    0.012493156110
              12 H     -0.012375922166    3.983662467442   -0.880091716954
              13 H     -0.049998611352    3.988621596687    0.875731797804
              14 C      1.643345463542    5.048380323491    0.030876223238
              15 H      2.282617436096    4.957557729006    0.928191092418
              16 H      2.320901090036    4.952810679577   -0.837413190482
              17 C      0.972750499887    6.423266950135    0.012627055711
              18 H      0.314169341814    6.559669201613    0.887828469560
              19 H      0.351814281023    6.554369202635   -0.890467887221
              20 C     -1.524725376427   -2.554078779163    0.003957975372
              21 H     -2.212077373185   -2.565707307147    0.870719686083
              22 H     -2.195077663429   -2.567780877484   -0.875815928757
              23 C     -0.682421934756   -3.832632229704    0.013830234157
              24 H     -0.007491762421   -3.844979368604   -0.861978641931
              25 H     -0.029847347570   -3.846602365251    0.906400174417
              26 C     -1.540410270049   -5.103659168379    0.002473868919
              27 H     -2.218501939373   -5.092317957995    0.875945813393
              28 H     -2.195500567004   -5.092126869875   -0.888376029049
              29 C     -0.711859140612   -6.390673175359    0.013110160194
              30 H     -0.072868835505   -6.448664764579    0.911290591225
              31 H     -0.048486968046   -6.447504243222   -0.867273600722
              32 C     -4.149536892222   -0.021066799144   -0.056636918648
              33 H     -5.221656640344   -0.018204185506   -0.079579216000
              34 H      1.717526852222    7.235284444065    0.026000282510
              35 H     -1.354930710965   -7.285723428121    0.003734000418
              36 H      2.389641502009    0.078812633003    0.059985355323
