-------------------------------------------------------------
----------------------- !PROPERTIES! ------------------------
-------------------------------------------------------------
# -----------------------------------------------------------
$ PAL_Flags
   description: The PAL Flags
   geom. index: 1
   prop. index: 1
        Diskflag:     2
# -----------------------------------------------------------
$ SCF_Energy
   description: The SCF energy
   geom. index: 1
   prop. index: 1
        SCF Energy:     -621.9221684046
# -----------------------------------------------------------
$ DFT_Energy
   description: The DFT energy
   geom. index: 1
   prop. index: 1
   Number of Alpha Electrons                 59.0000752165 
   Number of Beta  Electrons                 58.0000657779 
   Total number of  Electrons               117.0001409944 
   Exchange energy                          -71.5710176692 
   Correlation energy                        -4.5090826612 
   Correlation energy NL                      0.0000000000 
   Exchange-Correlation energy              -76.0801003304 
   Embedding correction                       0.0000000000 
   Total DFT Energy (No VdW correction)    -621.9221684046 
# -----------------------------------------------------------
$ Mayer_Pop
   description: The Mayer population analysis
   geom. index: 1
   prop. index: 1
     Number of atoms                     : 37
     Threshold for printing              : 0.1000000
     Number of bond orders printed       : 42
  NA   - Mulliken gross atomic population
  ZA   - Total nuclear charge
  QA   - Mulliken gross atomic charge
  VA   - Mayer's total valence
  BVA  - Mayer's bonded valence
  FA   - Mayer's free valence
  ATOM       NA         ZA         QA         VA         BVA        FA
  0   0     6.0034     6.0000    -0.0034     3.8130     3.8127     0.0003
  1   0     6.3683     6.0000    -0.3683     4.2336     4.1986     0.0350
  2   0     5.3606     6.0000     0.6394     3.7501     3.7364     0.0137
  3   0     6.4746     6.0000    -0.4746     4.2655     4.2283     0.0372
  4   0     5.5465     6.0000     0.4535     3.9185     3.9121     0.0064
  5   0     5.7607     6.0000     0.2393     3.8746     3.8340     0.0406
  6   0     6.2177     6.0000    -0.2177     4.1928     4.1849     0.0079
  7   0     0.8709     1.0000     0.1291     0.9636     0.9634     0.0002
  8   0     0.8850     1.0000     0.1150     0.9687     0.9687     0.0000
  9   0     6.3201     6.0000    -0.3201     4.0360     3.6155     0.4205
 10   0     0.8783     1.0000     0.1217     0.9714     0.9696     0.0018
 11   0     6.2669     6.0000    -0.2669     3.9514     3.9499     0.0015
 12   0     0.8473     1.0000     0.1527     0.9641     0.9631     0.0010
 13   0     0.8481     1.0000     0.1519     0.9643     0.9633     0.0010
 14   0     6.2940     6.0000    -0.2940     3.9050     3.9050     0.0000
 15   0     0.8448     1.0000     0.1552     0.9633     0.9633     0.0000
 16   0     0.8451     1.0000     0.1549     0.9634     0.9634     0.0000
 17   0     6.5099     6.0000    -0.5099     3.9035     3.9035     0.0000
 18   0     0.8399     1.0000     0.1601     0.9652     0.9652     0.0000
 19   0     0.8400     1.0000     0.1600     0.9652     0.9652     0.0000
 20   0     6.3740     6.0000    -0.3740     4.0340     4.0338     0.0002
 21   0     0.8434     1.0000     0.1566     0.9614     0.9613     0.0001
 22   0     0.8436     1.0000     0.1564     0.9614     0.9613     0.0001
 23   0     6.2742     6.0000    -0.2742     4.0147     4.0147     0.0000
 24   0     0.8583     1.0000     0.1417     0.9662     0.9662     0.0000
 25   0     0.8585     1.0000     0.1415     0.9662     0.9662     0.0000
 26   0     6.2660     6.0000    -0.2660     3.8953     3.8953     0.0000
 27   0     0.8545     1.0000     0.1455     0.9669     0.9669     0.0000
 28   0     0.8544     1.0000     0.1456     0.9668     0.9668     0.0000
 29   0     6.5121     6.0000    -0.5121     3.8981     3.8981     0.0000
 30   0     0.8404     1.0000     0.1596     0.9652     0.9652     0.0000
 31   0     0.8404     1.0000     0.1596     0.9652     0.9652     0.0000
 32   0     6.5335     6.0000    -0.5335     3.8973     3.8960     0.0013
 33   0     0.8177     1.0000     0.1823     0.9769     0.9769     0.0000
 34   0     0.8537     1.0000     0.1463     0.9669     0.9669     0.0000
 35   0     0.8545     1.0000     0.1455     0.9665     0.9665     0.0000
 36   0     0.8987     1.0000     0.1013     0.9618     0.9616     0.0002
      Bond orders larger than 0.1000000
           Atom A     A.N. of A          Atom B    A.N. of B              Bond order
                0             6               4            6                0.906536
                0             6              32            6                2.707793
                1             6               2            6                1.247090
                1             6               5            6                0.113688
                1             6               6            6                1.517515
                1             6               9            6                0.164648
                1             6              36            1                0.981092
                2             6               3            6                1.258513
                2             6               4            6                0.117569
                2             6               6            6                0.106148
                2             6               9            6                1.196761
                3             6               4            6                1.452408
                3             6               7            1                0.979597
                3             6               9            6                0.115698
                4             6               5            6                1.345905
                5             6               6            6                1.391541
                5             6              20            6                0.953029
                6             6               8            1                0.975990
                9             6              10            1                1.005609
                9             6              11            6                0.996527
               11             6              12            1                0.957414
               11             6              13            1                0.957115
               11             6              14            6                0.977639
               14             6              15            1                0.973325
               14             6              16            1                0.973190
               14             6              17            6                0.962646
               17             6              18            1                0.971951
               17             6              19            1                0.972007
               17             6              34            1                0.967850
               20             6              21            1                0.956128
               20             6              22            1                0.956042
               20             6              23            6                1.010830
               23             6              24            1                0.962585
               23             6              25            1                0.962435
               23             6              26            6                0.988664
               26             6              27            1                0.971956
               26             6              28            1                0.971929
               26             6              29            6                0.954006
               29             6              30            1                0.972876
               29             6              31            1                0.972842
               29             6              35            1                0.968036
               32             6              33            1                0.983206
# -----------------------------------------------------------
$ Calculation_Info
   description: Details of the calculation
   geom. index: 1
   prop. index: 1
     Multiplicity:                          2
     Charge:                                0
     number of atoms:                       37
     number of electrons:                   0
     number of frozen core electrons:       1
     number of correlated electrons:        0
     number of basis functions:             419
     number of aux C basis functions:       2878
     number of aux J basis functions:       2878
     number of aux JK basis functions:      2878
     number of aux CABS basis functions:    0
     Total Energy                           -621.922168
# -----------------------------------------------------------
$ SCF_Electric_Properties
   description: The SCF Calculated Electric Properties
   geom. index: 1
   prop. index: 1
       Filename                          : EPRII.scfp 
       Do Dipole Moment Calculation      : true 
       Do Quadrupole Moment Calculation  : false 
       Do Polarizability Calculation     : false 
** Dipole moment part of electric properties **
        Magnitude of dipole moment (Debye) :        0.5096316580
        Electronic Contribution:
                  0    
      0      -4.849635
      1       2.152888
      2      -0.108655
        Nuclear Contribution:
                  0    
      0       5.050103
      1      -2.154920
      2       0.111634
        Total Dipole moment:
                  0    
      0       0.200468
      1      -0.002032
      2       0.002979
# -----------------------------------------------------------
$ EPRNMR_GTensor
   description: Electronic g tensor
   geom. index: 1
   prop. index: 1
 Source density: 1 SCF 
 Spin multiplicity: 2 
 raw g tensor: 
                  0          1          2    
      0       2.002716   0.000088   0.000008
      1       0.000046   2.002827  -0.000001
      2       0.000007  -0.000000   2.002258
 g tensor: 
                  0          1          2    
      0      -0.016383  -0.904955  -0.425191
      1       0.002971   0.425203  -0.905093
      2       0.999861  -0.016092  -0.004277
 G eigenvalues: 
                  0          1          2    
      0       2.002258   2.002685   2.002859
# -----------------------------------------------------------
$ EPRNMR_OrbitalShielding
   description: Orbital contribution to the NMR Shielding tensor (ppm)
   geom. index: 1
   prop. index: 1
 Number of stored nuclei 21
 Source density: 1 SCF 
 Nucleus: 7 H 
 Shielding tensor (ppm): 
                  0          1          2    
      0      30.547108  22.994469  -0.673863
      1     -100.331645  60.724157  -1.621587
      2       0.001113   0.247535  60.972288
 P Tensor eigenvectors:
                   0          1          2    
      0       0.483341   0.018171  -0.875244
      1       0.875403  -0.001825   0.483391
      2       0.007186  -0.999833  -0.016790
 P Eigenvalues: 
                  0          1          2    
      0      20.940522  60.974521  70.328510
P(iso)  50.747851
 Nucleus: 8 H 
 Shielding tensor (ppm): 
                  0          1          2    
      0      37.780167  11.538190   0.038818
      1     -89.810462  29.642355  -1.539150
      2       0.094035   0.376103  41.404489
 P Tensor eigenvectors:
                   0          1          2    
      0       0.239431  -0.016001   0.970781
      1       0.970903   0.008577  -0.239320
      2      -0.004497   0.999835   0.017589
 P Eigenvalues: 
                  0          1          2    
      0      11.918521  41.401338  55.507153
P(iso)  36.275671
 Nucleus: 10 H 
 Shielding tensor (ppm): 
                  0          1          2    
      0      65.984497 -223.701291   1.490211
      1     311.585078 -21.460454   5.095143
      2      -0.529262  -3.482089  22.633069
 P Tensor eigenvectors:
                   0          1          2    
      0      -0.015808  -0.342839   0.939261
      1       0.003648  -0.939392  -0.342825
      2       0.999868  -0.001992   0.016101
 P Eigenvalues: 
                  0          1          2    
      0      22.628943  17.125393  27.402777
P(iso)  22.385704
 Nucleus: 12 H 
 Shielding tensor (ppm): 
                  0          1          2    
      0      38.977505 206.556444 -95.939529
      1     -286.838776  66.697218 -336.524606
      2      76.194098 245.935767  81.817042
 P Tensor eigenvectors:
                   0          1          2    
      0      -0.751670   0.223489   0.620520
      1       0.191387   0.974267  -0.119059
      2       0.631160  -0.029266   0.775100
 P Eigenvalues: 
                  0          1          2    
      0      67.032908  50.557290  69.901567
P(iso)  62.497255
 Nucleus: 13 H 
 Shielding tensor (ppm): 
                  0          1          2    
      0      39.368661 218.556725  91.192421
      1     -303.536191  67.993623 321.065642
      2     -74.219021 -234.876844  82.887780
 P Tensor eigenvectors:
                   0          1          2    
      0       0.719625   0.219972   0.658598
      1      -0.182985   0.975043  -0.125725
      2       0.669818   0.030039  -0.741917
 P Eigenvalues: 
                  0          1          2    
      0      68.660005  51.031896  70.558163
P(iso)  63.416688
 Nucleus: 15 H 
 Shielding tensor (ppm): 
                  0          1          2    
      0      43.799172 -272.721707 162.756260
      1     368.436936  -2.602493 414.133156
      2     -107.667711 -303.024389  13.057630
 P Tensor eigenvectors:
                   0          1          2    
      0      -0.716336   0.305824   0.627164
      1       0.275620   0.949755  -0.148321
      2       0.641012  -0.066611   0.764635
 P Eigenvalues: 
                  0          1          2    
      0       3.079599  21.456702  29.718008
P(iso)  18.084770
 Nucleus: 16 H 
 Shielding tensor (ppm): 
                  0          1          2    
      0      45.118248 -287.789585 -158.066711
      1     389.318656  -3.786973 -394.188097
      2     105.453214 288.182575  10.006245
 P Tensor eigenvectors:
                   0          1          2    
      0       0.683286   0.299885   0.665725
      1      -0.269601   0.950955  -0.151658
      2       0.678554   0.075854  -0.730623
 P Eigenvalues: 
                  0          1          2    
      0       1.692102  20.800840  28.844578
P(iso)  17.112507
 Nucleus: 18 H 
 Shielding tensor (ppm): 
                  0          1          2    
      0     -15.100524 328.083976 105.070325
      1     -412.828943  56.658751 458.450229
      2     -77.496879 -331.861112  17.769927
 P Tensor eigenvectors:
                   0          1          2    
      0       0.726362   0.270622   0.631792
      1      -0.156655   0.960213  -0.231194
      2       0.669221  -0.068957  -0.739857
 P Eigenvalues: 
                  0          1          2    
      0      11.156921  20.300603  27.870630
P(iso)  19.776051
 Nucleus: 19 H 
 Shielding tensor (ppm): 
                  0          1          2    
      0     -14.787216 311.014496 -108.536082
      1     -389.228107  55.685757 -477.124675
      2      78.697437 345.986100  16.166724
 P Tensor eigenvectors:
                   0          1          2    
      0      -0.757286   0.268726   0.595235
      1       0.161148   0.960128  -0.228441
      2       0.632889   0.077074   0.770396
 P Eigenvalues: 
                  0          1          2    
      0       9.912596  19.859491  27.293179
P(iso)  19.021755
 Nucleus: 21 H 
 Shielding tensor (ppm): 
                  0          1          2    
      0      65.507149 -128.630345 -96.691112
      1     194.753168  30.507001 -218.061369
      2      58.887684 160.579029  62.773215
 P Tensor eigenvectors:
                   0          1          2    
      0      -0.695639   0.360162  -0.621586
      1       0.354516   0.924658   0.139018
      2      -0.624824   0.123656   0.770911
 P Eigenvalues: 
                  0          1          2    
      0      40.035634  49.305055  69.446676
P(iso)  52.929122
 Nucleus: 22 H 
 Shielding tensor (ppm): 
                  0          1          2    
      0      64.435823 -123.749955  97.003720
      1     188.753797  30.779102 222.718140
      2     -59.714145 -163.146467  63.407408
 P Tensor eigenvectors:
                   0          1          2    
      0      -0.710836   0.362751   0.602598
      1       0.357964   0.924069  -0.134009
      2       0.605454  -0.120450   0.786713
 P Eigenvalues: 
                  0          1          2    
      0      40.068063  49.211138  69.343132
P(iso)  52.874111
 Nucleus: 24 H 
 Shielding tensor (ppm): 
                  0          1          2    
      0      56.107643 212.867292  25.750656
      1     -291.985810  50.885167 322.620109
      2     -25.424092 -235.392932  78.220604
 P Tensor eigenvectors:
                   0          1          2    
      0       0.745548   0.038797   0.665321
      1      -0.046557   0.998897  -0.006077
      2       0.664823   0.026445  -0.746532
 P Eigenvalues: 
                  0          1          2    
      0      66.078265  50.150468  68.984681
P(iso)  61.737805
 Nucleus: 25 H 
 Shielding tensor (ppm): 
                  0          1          2    
      0      56.016855 206.007244 -27.513477
      1     -282.647661  50.408958 -330.670374
      2      26.270816 241.528019  78.550310
 P Tensor eigenvectors:
                   0          1          2    
      0      -0.764067   0.039843   0.643905
      1       0.049953   0.998748  -0.002524
      2       0.643200  -0.030237   0.765101
 P Eigenvalues: 
                  0          1          2    
      0      65.996842  50.087341  68.891939
P(iso)  61.658708
 Nucleus: 27 H 
 Shielding tensor (ppm): 
                  0          1          2    
      0      36.276486 -263.384876 -83.805875
      1     369.077120  18.518472 -399.762547
      2      50.539566 290.239021  19.145333
 P Tensor eigenvectors:
                   0          1          2    
      0       0.728344   0.137982   0.671175
      1      -0.144649   0.988403  -0.046229
      2       0.669770   0.063414  -0.739856
 P Eigenvalues: 
                  0          1          2    
      0      11.467654  26.117776  36.354860
P(iso)  24.646763
 Nucleus: 28 H 
 Shielding tensor (ppm): 
                  0          1          2    
      0      35.300916 -254.237047  85.656182
      1     356.833841  19.108735 410.484286
      2     -52.011792 -297.851619  19.559748
 P Tensor eigenvectors:
                   0          1          2    
      0      -0.747786   0.139892   0.649035
      1       0.148192   0.988057  -0.042224
      2       0.647190  -0.064607   0.759586
 P Eigenvalues: 
                  0          1          2    
      0      11.502583  26.114430  36.352386
P(iso)  24.656466
 Nucleus: 30 H 
 Shielding tensor (ppm): 
                  0          1          2    
      0      -0.447278 294.796811 -25.462827
      1     -386.376872  40.008115 -469.568446
      2      19.241139 340.219096  13.288714
 P Tensor eigenvectors:
                   0          1          2    
      0      -0.770745   0.109899   0.627595
      1       0.033703   0.990665  -0.132087
      2       0.636252   0.080654   0.767254
 P Eigenvalues: 
                  0          1          2    
      0       7.815484  18.984809  26.049258
P(iso)  17.616517
 Nucleus: 31 H 
 Shielding tensor (ppm): 
                  0          1          2    
      0      -0.502161 305.213203  23.441889
      1     -400.671511  40.698806 457.480571
      2     -17.549602 -331.269631  12.913400
 P Tensor eigenvectors:
                   0          1          2    
      0       0.750982   0.112191   0.650722
      1      -0.030241   0.990270  -0.135832
      2       0.659630  -0.082328  -0.747068
 P Eigenvalues: 
                  0          1          2    
      0       7.941901  19.042448  26.125697
P(iso)  17.703349
 Nucleus: 33 H 
 Shielding tensor (ppm): 
                  0          1          2    
      0      49.753319 -22.645488   2.783776
      1      21.109964 -96.547254   0.396964
      2       1.825454  -0.337497 -83.553091
 P Tensor eigenvectors:
                   0          1          2    
      0       0.931990   0.011471  -0.362303
      1       0.362435  -0.012945   0.931919
      2       0.006000  -0.999850  -0.016223
 P Eigenvalues: 
                  0          1          2    
      0      30.037804 -83.589595 -76.795235
P(iso)  -43.449009
 Nucleus: 34 H 
 Shielding tensor (ppm): 
                  0          1          2    
      0     -100.739199 -129.337829   1.797461
      1     263.143147  17.182554   8.506466
      2      -0.652156  -5.603845 -129.834117
 P Tensor eigenvectors:
                   0          1          2    
      0       0.253094   0.036597   0.966749
      1      -0.967285  -0.008435   0.253554
      2       0.017434  -0.999294   0.033265
 P Eigenvalues: 
                  0          1          2    
      0     -23.217099 -129.843413 -60.330250
P(iso)  -71.130254
 Nucleus: 35 H 
 Shielding tensor (ppm): 
                  0          1          2    
      0     -108.868056 -164.284194   0.628903
      1     256.361391  36.120297   3.756700
      2      -0.521945  -3.111614 -120.603363
 P Tensor eigenvectors:
                   0          1          2    
      0      -0.016186   0.404831   0.914248
      1       0.002312  -0.914351   0.404917
      2       0.999866   0.008668   0.013864
 P Eigenvalues: 
                  0          1          2    
      0     -120.603136 -21.741094 -51.006892
P(iso)  -64.450374
 Nucleus: 36 H 
 Shielding tensor (ppm): 
                  0          1          2    
      0      69.335554 -40.371308   1.004229
      1      33.517066 -20.826222   0.655329
      2       0.372344  -0.481207  24.117321
 P Tensor eigenvectors:
                   0          1          2    
      0       0.507867  -0.018834   0.861230
      1       0.861382  -0.000057  -0.507958
      2       0.009616   0.999823   0.016194
 P Eigenvalues: 
                  0          1          2    
      0      -0.557069  24.107422  49.076301
P(iso)  24.208884
# -----------------------------------------------------------
$ EPRNMR_ATensor
   description: Hyperfine A tensor
   geom. index: 1
   prop. index: 1
 Number of stored nuclei 21
 Source density: 1 SCF 
 Spin multiplicity: 2 
 Nucleus: 7 H  
 Isotope: 1 
 Nuclear Spin:  0.5 
 Prefactor (MHz): 533.551395 
 Raw A tensor (MHz): 
                  0          1          2    
      0     -15.909156  -6.674902   0.051351
      1      -6.677651 -13.529138  -0.103364
      2       0.051369  -0.103312 -17.651213
 A Tensor eigenvectors:
                   0          1          2    
      0      -0.642001  -0.012796   0.766597
      1       0.766617   0.004352   0.642090
      2      -0.011552   0.999909   0.007016
 A Eigenvalues: 
                  0          1          2    
      0      -7.936348 -17.652319 -21.500839
A(iso)  -15.696502
 Nucleus: 8 H  
 Isotope: 1 
 Nuclear Spin:  0.5 
 Prefactor (MHz): 533.551395 
 Raw A tensor (MHz): 
                  0          1          2    
      0       8.005631   2.302734   0.048515
      1       2.302582   7.146294   0.025807
      2       0.048517   0.025809   4.374284
 A Tensor eigenvectors:
                   0          1          2    
      0      -0.015748   0.638806   0.769207
      1       0.003773  -0.769259   0.638926
      2       0.999869   0.012964   0.009704
 A Eigenvalues: 
                  0          1          2    
      0       4.373618   5.233705   9.918887
A(iso)  6.508737
 Nucleus: 10 H  
 Isotope: 1 
 Nuclear Spin:  0.5 
 Prefactor (MHz): 533.551395 
 Raw A tensor (MHz): 
                  0          1          2    
      0     -20.437981  -1.965903   0.504572
      1      -1.963231 -77.458166   0.056231
      2       0.504578   0.056166 -50.718699
 A Tensor eigenvectors:
                   0          1          2    
      0       0.999272  -0.016441  -0.034440
      1      -0.034390   0.003312  -0.999403
      2       0.016546   0.999859   0.002744
 A Eigenvalues: 
                  0          1          2    
      0     -20.362061 -50.726810 -77.525975
A(iso)  -49.538282
 Nucleus: 12 H  
 Isotope: 1 
 Nuclear Spin:  0.5 
 Prefactor (MHz): 533.551395 
 Raw A tensor (MHz): 
                  0          1          2    
      0      74.832658  -3.753643   2.161958
      1      -3.752165  77.048339  -2.176154
      2       2.160182  -2.176243  71.754440
 A Tensor eigenvectors:
                   0          1          2    
      0      -0.403032  -0.707836   0.580115
      1       0.073514  -0.656868  -0.750414
      2       0.912228  -0.259794   0.316775
 A Eigenvalues: 
                  0          1          2    
      0      70.624500  72.143118  80.867818
A(iso)  74.545146
 Nucleus: 13 H  
 Isotope: 1 
 Nuclear Spin:  0.5 
 Prefactor (MHz): 533.551395 
 Raw A tensor (MHz): 
                  0          1          2    
      0      73.590767  -3.842346  -1.996420
      1      -3.840815  75.556242   1.987642
      2      -1.994629   1.987693  70.051196
 A Tensor eigenvectors:
                   0          1          2    
      0       0.349261  -0.722536   0.596622
      1      -0.079984  -0.657384  -0.749299
      2       0.933605   0.213981  -0.287390
 A Eigenvalues: 
                  0          1          2    
      0      69.134592  70.686560  79.377053
A(iso)  73.066068
 Nucleus: 15 H  
 Isotope: 1 
 Nuclear Spin:  0.5 
 Prefactor (MHz): 533.551395 
 Raw A tensor (MHz): 
                  0          1          2    
      0      -2.428744   2.236424   0.719532
      1       2.236244   1.833544   1.449342
      2       0.719019   1.448217  -2.951085
 A Tensor eigenvectors:
                   0          1          2    
      0      -0.384205   0.551892  -0.740136
      1      -0.887749  -0.440999   0.131995
      2      -0.253552   0.707768   0.659375
 A Eigenvalues: 
                  0          1          2    
      0       3.214653  -3.292534  -3.468404
A(iso)  -1.182095
 Nucleus: 16 H  
 Isotope: 1 
 Nuclear Spin:  0.5 
 Prefactor (MHz): 533.551395 
 Raw A tensor (MHz): 
                  0          1          2    
      0      -2.353665   2.305244  -0.678303
      1       2.305106   1.814875  -1.329634
      2      -0.677817  -1.328536  -3.004917
 A Tensor eigenvectors:
                   0          1          2    
      0      -0.397224   0.545260   0.738176
      1      -0.887455  -0.433097  -0.157642
      2       0.233746  -0.717717   0.655930
 A Eigenvalues: 
                  0          1          2    
      0       3.196350  -3.291529  -3.448528
A(iso)  -1.181236
 Nucleus: 18 H  
 Isotope: 1 
 Nuclear Spin:  0.5 
 Prefactor (MHz): 533.551395 
 Raw A tensor (MHz): 
                  0          1          2    
      0       0.039297  -0.258017  -0.099888
      1      -0.258295   2.292962   0.393886
      2      -0.100031   0.393697   0.072948
 A Tensor eigenvectors:
                   0          1          2    
      0      -0.653380   0.748309   0.114579
      1       0.055537   0.198326  -0.978561
      2      -0.754990  -0.633009  -0.171141
 A Eigenvalues: 
                  0          1          2    
      0      -0.047478   0.060624   2.392061
A(iso)  0.801736
 Nucleus: 19 H  
 Isotope: 1 
 Nuclear Spin:  0.5 
 Prefactor (MHz): 533.551395 
 Raw A tensor (MHz): 
                  0          1          2    
      0       0.023899  -0.232783   0.098994
      1      -0.233055   2.295676  -0.400311
      2       0.099135  -0.400116   0.078977
 A Tensor eigenvectors:
                   0          1          2    
      0       0.670173  -0.734944  -0.103560
      1      -0.060537  -0.193193   0.979291
      2      -0.739732  -0.650025  -0.173964
 A Eigenvalues: 
                  0          1          2    
      0      -0.052804   0.059955   2.391401
A(iso)  0.799517
 Nucleus: 21 H  
 Isotope: 1 
 Nuclear Spin:  0.5 
 Prefactor (MHz): 533.551395 
 Raw A tensor (MHz): 
                  0          1          2    
      0      26.476744   1.634867  -0.939729
      1       1.634351  26.678215  -0.519486
      2      -0.939099  -0.519681  25.128975
 A Tensor eigenvectors:
                   0          1          2    
      0       0.607813   0.418846   0.674634
      1      -0.287461  -0.675900   0.678620
      2       0.740223  -0.606405  -0.290419
 A Eigenvalues: 
                  0          1          2    
      0      24.559507  25.198946  28.525482
A(iso)  26.094645
 Nucleus: 22 H  
 Isotope: 1 
 Nuclear Spin:  0.5 
 Prefactor (MHz): 533.551395 
 Raw A tensor (MHz): 
                  0          1          2    
      0      26.226062   1.626425   0.961559
      1       1.625905  26.473966   0.553953
      2       0.960931   0.554163  24.964300
 A Tensor eigenvectors:
                   0          1          2    
      0      -0.625425   0.403783   0.667684
      1       0.290955  -0.673297   0.679718
      2       0.724009   0.619379   0.303614
 A Eigenvalues: 
                  0          1          2    
      0      24.356719  24.988887  28.318722
A(iso)  25.888109
 Nucleus: 24 H  
 Isotope: 1 
 Nuclear Spin:  0.5 
 Prefactor (MHz): 533.551395 
 Raw A tensor (MHz): 
                  0          1          2    
      0      -0.818132  -0.411739  -0.098805
      1      -0.411410   0.878116   0.403201
      2      -0.098566   0.402902  -0.918919
 A Tensor eigenvectors:
                   0          1          2    
      0       0.969706  -0.106407  -0.219882
      1       0.236628   0.185709   0.953687
      2      -0.060645  -0.976826   0.205262
 A Eigenvalues: 
                  0          1          2    
      0      -0.912365  -1.006282   1.059712
A(iso)  -0.286311
 Nucleus: 25 H  
 Isotope: 1 
 Nuclear Spin:  0.5 
 Prefactor (MHz): 533.551395 
 Raw A tensor (MHz): 
                  0          1          2    
      0      -0.819561  -0.398080   0.102916
      1      -0.397743   0.872079  -0.425320
      2       0.102677  -0.425035  -0.903756
 A Tensor eigenvectors:
                   0          1          2    
      0       0.968857  -0.124990   0.213762
      1       0.235177   0.194226  -0.952349
      2       0.077516   0.972961   0.217571
 A Eigenvalues: 
                  0          1          2    
      0      -0.907898  -1.001827   1.058487
A(iso)  -0.283746
 Nucleus: 27 H  
 Isotope: 1 
 Nuclear Spin:  0.5 
 Prefactor (MHz): 533.551395 
 Raw A tensor (MHz): 
                  0          1          2    
      0      -0.079258   0.274897  -0.058150
      1       0.275000   0.720752  -0.129869
      2      -0.058168  -0.129778  -0.120905
 A Tensor eigenvectors:
                   0          1          2    
      0      -0.408711   0.863433   0.295701
      1       0.264490  -0.198038   0.943836
      2       0.873499   0.463966  -0.147429
 A Eigenvalues: 
                  0          1          2    
      0      -0.132974  -0.173616   0.827179
A(iso)  0.173530
 Nucleus: 28 H  
 Isotope: 1 
 Nuclear Spin:  0.5 
 Prefactor (MHz): 533.551395 
 Raw A tensor (MHz): 
                  0          1          2    
      0      -0.079287   0.271646   0.057705
      1       0.271746   0.724180   0.134050
      2       0.057723   0.133954  -0.116207
 A Tensor eigenvectors:
                   0          1          2    
      0      -0.382210   0.876776  -0.291857
      1       0.260492  -0.200800  -0.944364
      2      -0.886600  -0.436971  -0.151645
 A Eigenvalues: 
                  0          1          2    
      0      -0.130671  -0.170316   0.829673
A(iso)  0.176229
 Nucleus: 30 H  
 Isotope: 1 
 Nuclear Spin:  0.5 
 Prefactor (MHz): 533.551395 
 Raw A tensor (MHz): 
                  0          1          2    
      0      -0.114083  -0.011384   0.002538
      1      -0.011327   0.387003  -0.067748
      2       0.002530  -0.067718  -0.119256
 A Tensor eigenvectors:
                   0          1          2    
      0       0.996994  -0.074059   0.022761
      1       0.032167   0.128399  -0.991201
      2       0.070484   0.988954   0.130395
 A Eigenvalues: 
                  0          1          2    
      0      -0.114269  -0.128238   0.396172
A(iso)  0.051222
 Nucleus: 31 H  
 Isotope: 1 
 Nuclear Spin:  0.5 
 Prefactor (MHz): 533.551395 
 Raw A tensor (MHz): 
                  0          1          2    
      0      -0.113465  -0.013418  -0.002405
      1      -0.013362   0.388461   0.064536
      2      -0.002397   0.064502  -0.119692
 A Tensor eigenvectors:
                   0          1          2    
      0       0.998312  -0.051597  -0.026663
      1       0.032826   0.122556   0.991919
      2      -0.047912  -0.991120   0.124042
 A Eigenvalues: 
                  0          1          2    
      0      -0.113790  -0.127793   0.396887
A(iso)  0.051768
 Nucleus: 33 H  
 Isotope: 1 
 Nuclear Spin:  0.5 
 Prefactor (MHz): 533.551395 
 Raw A tensor (MHz): 
                  0          1          2    
      0       2.568217   0.117001  -0.017596
      1       0.116724   4.880428  -0.004295
      2      -0.017594  -0.004291   3.405386
 A Tensor eigenvectors:
                   0          1          2    
      0       0.998520  -0.020372  -0.050434
      1      -0.050352   0.004528  -0.998721
      2       0.020574   0.999782   0.003495
 A Eigenvalues: 
                  0          1          2    
      0       2.561968   3.405725   4.886338
A(iso)  3.618010
 Nucleus: 34 H  
 Isotope: 1 
 Nuclear Spin:  0.5 
 Prefactor (MHz): 533.551395 
 Raw A tensor (MHz): 
                  0          1          2    
      0      -0.839005   0.275029   0.002389
      1       0.274943   0.701260   0.007050
      2       0.002388   0.007050  -0.860820
 A Tensor eigenvectors:
                   0          1          2    
      0      -0.170663  -0.043074   0.984387
      1      -0.985319   0.012093  -0.170295
      2      -0.004569  -0.998999  -0.044506
 A Eigenvalues: 
                  0          1          2    
      0       0.748915  -0.860803  -0.886677
A(iso)  -0.332855
 Nucleus: 35 H  
 Isotope: 1 
 Nuclear Spin:  0.5 
 Prefactor (MHz): 533.551395 
 Raw A tensor (MHz): 
                  0          1          2    
      0      -0.131326   0.055248  -0.000094
      1       0.055288   0.237803  -0.000175
      2      -0.000095  -0.000176  -0.135770
 A Tensor eigenvectors:
                   0          1          2    
      0      -0.018351  -0.989274  -0.144916
      1       0.003183   0.144882  -0.989444
      2       0.999827  -0.018618   0.000490
 A Eigenvalues: 
                  0          1          2    
      0      -0.135769  -0.139424   0.245900
A(iso)  -0.009764
 Nucleus: 36 H  
 Isotope: 1 
 Nuclear Spin:  0.5 
 Prefactor (MHz): 533.551395 
 Raw A tensor (MHz): 
                  0          1          2    
      0      -7.748392  -1.631601   0.168285
      1      -1.628716 -20.493338  -0.013480
      2       0.168273  -0.013527 -17.727842
 A Tensor eigenvectors:
                   0          1          2    
      0      -0.992022  -0.016100   0.125032
      1       0.124973   0.004625   0.992149
      2      -0.016552   0.999860  -0.002576
 A Eigenvalues: 
                  0          1          2    
      0      -7.540397 -17.730615 -20.698561
A(iso)  -15.323191
# -------------------------------------------------------------
----------------------- !GEOMETRIES! ------------------------
# -------------------------------------------------------------
------------------------ !GEOMETRY! -------------------------
    Number of atoms:    37 
    Geometry Index:     1 
    Coordinates:
               0 C     -2.943721561887   -0.016991237648   -0.034020707931
               1 C      1.296695399711    0.060298171205    0.032841007321
               2 C      0.587353181949    1.301631263428    0.016913404371
               3 C     -0.836879366408    1.224847768553   -0.005827650223
               4 C     -1.505465159333   -0.009020941959   -0.011491369951
               5 C     -0.782185523393   -1.240369846080    0.005052995728
               6 C      0.626187085111   -1.161313455512    0.026991668334
               7 H     -1.428854965911    2.133871983169   -0.018796768656
               8 H      1.209869117323   -2.075997927514    0.039720404623
               9 C      1.288952293144    2.539402516249    0.024367706313
              10 H      2.376931041408    2.497567948735    0.042797660575
              11 C      0.641340060550    3.898229176535    0.008650270628
              12 H      0.003029460860    3.999589298968   -0.883877773322
              13 H     -0.042118814760    3.998246970130    0.867144821979
              14 C      1.653990976128    5.058367373467    0.035927441119
              15 H      2.281175493785    4.965743120659    0.931881434077
              16 H      2.327241925875    4.967520862009   -0.826191093339
              17 C      0.980437544127    6.440706363068    0.019528957348
              18 H      0.324246334445    6.569689053741    0.887702582191
              19 H      0.369154277625    6.570490086968   -0.880724112584
              20 C     -1.536448283203   -2.559964849482   -0.000483725431
              21 H     -2.216591629527   -2.572581210916    0.862390282932
              22 H     -2.195033828411   -2.577890885004   -0.879766258231
              23 C     -0.683712679665   -3.838537288897    0.014084353275
              24 H     -0.015200490271   -3.852722675171   -0.857175347418
              25 H     -0.040135223347   -3.849398522210    0.903989766403
              26 C     -1.543411114077   -5.115691828859    0.004753212396
              27 H     -2.214932795488   -5.105553911116    0.873519406345
              28 H     -2.188987349040   -5.110202233405   -0.883502356046
              29 C     -0.704208346418   -6.405133071700    0.020515331894
              30 H     -0.072588360443   -6.452979646215    0.914826666188
              31 H     -0.045502615452   -6.456771031408   -0.853815002721
              32 C     -4.163750186794   -0.026494042425   -0.054089410892
              33 H     -5.229461051656   -0.029959387194   -0.073501138517
              34 H      1.722862533264    7.245059363839    0.038689153730
              35 H     -1.341128524009   -7.295750018800    0.012738179059
              36 H      2.384254964188    0.078931660795    0.050170488433
