-------------------------------------------------------------
----------------------- !PROPERTIES! ------------------------
-------------------------------------------------------------
# -----------------------------------------------------------
$ PAL_Flags
   description: The PAL Flags
   geom. index: 1
   prop. index: 1
        Diskflag:     2
# -----------------------------------------------------------
$ SCF_Energy
   description: The SCF energy
   geom. index: 1
   prop. index: 1
        SCF Energy:     -621.9221683416
# -----------------------------------------------------------
$ DFT_Energy
   description: The DFT energy
   geom. index: 1
   prop. index: 1
   Number of Alpha Electrons                 59.0000752164 
   Number of Beta  Electrons                 58.0000657778 
   Total number of  Electrons               117.0001409943 
   Exchange energy                          -71.5710200252 
   Correlation energy                        -4.5090829149 
   Correlation energy NL                      0.0000000000 
   Exchange-Correlation energy              -76.0801029401 
   Embedding correction                       0.0000000000 
   Total DFT Energy (No VdW correction)    -621.9221683416 
# -----------------------------------------------------------
$ Mayer_Pop
   description: The Mayer population analysis
   geom. index: 1
   prop. index: 1
     Number of atoms                     : 37
     Threshold for printing              : 0.1000000
     Number of bond orders printed       : 42
  NA   - Mulliken gross atomic population
  ZA   - Total nuclear charge
  QA   - Mulliken gross atomic charge
  VA   - Mayer's total valence
  BVA  - Mayer's bonded valence
  FA   - Mayer's free valence
  ATOM       NA         ZA         QA         VA         BVA        FA
  0   0     6.0035     6.0000    -0.0035     3.8130     3.8127     0.0003
  1   0     6.3683     6.0000    -0.3683     4.2336     4.1986     0.0350
  2   0     5.3606     6.0000     0.6394     3.7501     3.7364     0.0137
  3   0     6.4746     6.0000    -0.4746     4.2655     4.2283     0.0372
  4   0     5.5465     6.0000     0.4535     3.9185     3.9121     0.0064
  5   0     5.7607     6.0000     0.2393     3.8746     3.8340     0.0406
  6   0     6.2177     6.0000    -0.2177     4.1928     4.1849     0.0079
  7   0     0.8709     1.0000     0.1291     0.9636     0.9634     0.0002
  8   0     0.8850     1.0000     0.1150     0.9687     0.9687     0.0000
  9   0     6.3201     6.0000    -0.3201     4.0360     3.6155     0.4205
 10   0     0.8783     1.0000     0.1217     0.9714     0.9696     0.0018
 11   0     6.2668     6.0000    -0.2668     3.9514     3.9499     0.0015
 12   0     0.8473     1.0000     0.1527     0.9641     0.9631     0.0010
 13   0     0.8481     1.0000     0.1519     0.9643     0.9633     0.0010
 14   0     6.2940     6.0000    -0.2940     3.9050     3.9050     0.0000
 15   0     0.8448     1.0000     0.1552     0.9633     0.9633     0.0000
 16   0     0.8451     1.0000     0.1549     0.9634     0.9634     0.0000
 17   0     6.5099     6.0000    -0.5099     3.9035     3.9035     0.0000
 18   0     0.8399     1.0000     0.1601     0.9652     0.9652     0.0000
 19   0     0.8400     1.0000     0.1600     0.9652     0.9652     0.0000
 20   0     6.3740     6.0000    -0.3740     4.0340     4.0338     0.0002
 21   0     0.8434     1.0000     0.1566     0.9614     0.9613     0.0001
 22   0     0.8436     1.0000     0.1564     0.9614     0.9613     0.0001
 23   0     6.2742     6.0000    -0.2742     4.0147     4.0147     0.0000
 24   0     0.8583     1.0000     0.1417     0.9662     0.9662     0.0000
 25   0     0.8585     1.0000     0.1415     0.9662     0.9662     0.0000
 26   0     6.2660     6.0000    -0.2660     3.8953     3.8953     0.0000
 27   0     0.8545     1.0000     0.1455     0.9669     0.9669     0.0000
 28   0     0.8544     1.0000     0.1456     0.9668     0.9668     0.0000
 29   0     6.5121     6.0000    -0.5121     3.8981     3.8981     0.0000
 30   0     0.8404     1.0000     0.1596     0.9652     0.9652     0.0000
 31   0     0.8404     1.0000     0.1596     0.9652     0.9652     0.0000
 32   0     6.5334     6.0000    -0.5334     3.8973     3.8960     0.0013
 33   0     0.8177     1.0000     0.1823     0.9769     0.9769     0.0000
 34   0     0.8537     1.0000     0.1463     0.9669     0.9669     0.0000
 35   0     0.8545     1.0000     0.1455     0.9665     0.9665     0.0000
 36   0     0.8987     1.0000     0.1013     0.9618     0.9616     0.0002
      Bond orders larger than 0.1000000
           Atom A     A.N. of A          Atom B    A.N. of B              Bond order
                0             6               4            6                0.906538
                0             6              32            6                2.707793
                1             6               2            6                1.247092
                1             6               5            6                0.113686
                1             6               6            6                1.517517
                1             6               9            6                0.164651
                1             6              36            1                0.981089
                2             6               3            6                1.258517
                2             6               4            6                0.117572
                2             6               6            6                0.106147
                2             6               9            6                1.196749
                3             6               4            6                1.452407
                3             6               7            1                0.979599
                3             6               9            6                0.115700
                4             6               5            6                1.345907
                5             6               6            6                1.391536
                5             6              20            6                0.953038
                6             6               8            1                0.975987
                9             6              10            1                1.005611
                9             6              11            6                0.996525
               11             6              12            1                0.957414
               11             6              13            1                0.957115
               11             6              14            6                0.977640
               14             6              15            1                0.973325
               14             6              16            1                0.973190
               14             6              17            6                0.962647
               17             6              18            1                0.971951
               17             6              19            1                0.972007
               17             6              34            1                0.967850
               20             6              21            1                0.956127
               20             6              22            1                0.956041
               20             6              23            6                1.010829
               23             6              24            1                0.962585
               23             6              25            1                0.962434
               23             6              26            6                0.988665
               26             6              27            1                0.971955
               26             6              28            1                0.971929
               26             6              29            6                0.954005
               29             6              30            1                0.972876
               29             6              31            1                0.972842
               29             6              35            1                0.968036
               32             6              33            1                0.983207
# -----------------------------------------------------------
$ Calculation_Info
   description: Details of the calculation
   geom. index: 1
   prop. index: 1
     Multiplicity:                          2
     Charge:                                0
     number of atoms:                       37
     number of electrons:                   0
     number of frozen core electrons:       1
     number of correlated electrons:        0
     number of basis functions:             419
     number of aux C basis functions:       2878
     number of aux J basis functions:       2878
     number of aux JK basis functions:      2878
     number of aux CABS basis functions:    0
     Total Energy                           -621.922168
# -----------------------------------------------------------
$ SCF_Electric_Properties
   description: The SCF Calculated Electric Properties
   geom. index: 1
   prop. index: 1
       Filename                          : EPRII_i.scfp 
       Do Dipole Moment Calculation      : true 
       Do Quadrupole Moment Calculation  : false 
       Do Polarizability Calculation     : false 
** Dipole moment part of electric properties **
        Magnitude of dipole moment (Debye) :        0.5092558870
        Electronic Contribution:
                  0    
      0      -4.849782
      1       2.152930
      2      -0.108657
        Nuclear Contribution:
                  0    
      0       5.050103
      1      -2.154920
      2       0.111634
        Total Dipole moment:
                  0    
      0       0.200321
      1      -0.001990
      2       0.002977
# -----------------------------------------------------------
$ EPRNMR_GTensor
   description: Electronic g tensor
   geom. index: 1
   prop. index: 1
 Source density: 1 SCF 
 Spin multiplicity: 2 
 raw g tensor: 
                  0          1          2    
      0       2.002786   0.000073   0.000010
      1       0.000040   2.002781  -0.000001
      2       0.000010  -0.000001   2.002178
 g tensor: 
                  0          1          2    
      0      -0.016636  -0.692840  -0.720899
      1       0.003998   0.720947  -0.692978
      2       0.999854  -0.014410  -0.009224
 G eigenvalues: 
                  0          1          2    
      0       2.002178   2.002727   2.002840
# -----------------------------------------------------------
$ EPRNMR_OrbitalShielding
   description: Orbital contribution to the NMR Shielding tensor (ppm)
   geom. index: 1
   prop. index: 1
 Number of stored nuclei 21
 Source density: 1 SCF 
 Nucleus: 7 H 
 Shielding tensor (ppm): 
                  0          1          2    
      0      26.799755   5.962556   0.084932
      1       5.160752  26.256947   0.064571
      2       0.108471   0.082910  20.134476
 P Tensor eigenvectors:
                   0          1          2    
      0      -0.018240   0.694898   0.718877
      1       0.004743  -0.718929   0.695068
      2       0.999822   0.016087   0.009818
 P Eigenvalues: 
                  0          1          2    
      0      20.133042  20.960929  32.097208
P(iso)  24.397059
 Nucleus: 8 H 
 Shielding tensor (ppm): 
                  0          1          2    
      0      27.365845   4.322164   0.098086
      1       5.211718  26.676721   0.060504
      2       0.091227   0.050137  20.353165
 P Tensor eigenvectors:
                   0          1          2    
      0      -0.015527   0.674933   0.737716
      1       0.002965  -0.737770   0.675045
      2       0.999875   0.012668   0.009454
 P Eigenvalues: 
                  0          1          2    
      0      20.351861  22.242857  31.801013
P(iso)  24.798577
 Nucleus: 10 H 
 Shielding tensor (ppm): 
                  0          1          2    
      0      23.805836  -0.862446   0.010024
      1      -0.426156  32.402736  -0.023390
      2       0.024040  -0.029195  22.763272
 P Tensor eigenvectors:
                   0          1          2    
      0      -0.015118  -0.997400   0.070458
      1       0.001712  -0.070491  -0.997511
      2       0.999884  -0.014959   0.002773
 P Eigenvalues: 
                  0          1          2    
      0      22.762967  23.758175  32.450703
P(iso)  26.323948
 Nucleus: 12 H 
 Shielding tensor (ppm): 
                  0          1          2    
      0      28.912874   1.600499   3.243634
      1       0.662832  30.689108  -0.392870
      2       3.884601  -1.155053  28.628353
 P Tensor eigenvectors:
                   0          1          2    
      0      -0.678791  -0.007740   0.734291
      1       0.215558  -0.957993   0.189168
      2       0.701981   0.286688   0.651945
 P Eigenvalues: 
                  0          1          2    
      0      24.893212  30.945722  32.391401
P(iso)  29.410112
 Nucleus: 13 H 
 Shielding tensor (ppm): 
                  0          1          2    
      0      29.277648   1.613031  -3.214554
      1       0.664817  30.735510   0.406324
      2      -3.864030   1.188082  28.198685
 P Tensor eigenvectors:
                   0          1          2    
      0       0.640381   0.047642   0.766578
      1      -0.213109  -0.947864   0.236935
      2       0.737900  -0.315094  -0.596841
 P Eigenvalues: 
                  0          1          2    
      0      24.849885  30.959928  32.402030
P(iso)  29.403948
 Nucleus: 15 H 
 Shielding tensor (ppm): 
                  0          1          2    
      0      30.993246  -0.625064   4.650461
      1      -0.221298  30.311072  -0.662594
      2       4.512696   0.480901  29.277566
 P Tensor eigenvectors:
                   0          1          2    
      0      -0.640628  -0.042737   0.766662
      1      -0.031344  -0.996162  -0.081722
      2       0.767212  -0.076384   0.636829
 P Eigenvalues: 
                  0          1          2    
      0      25.466413  30.286343  34.829128
P(iso)  30.193961
 Nucleus: 16 H 
 Shielding tensor (ppm): 
                  0          1          2    
      0      31.460289  -0.610436  -4.568078
      1      -0.255718  30.310803   0.640030
      2      -4.410022  -0.495422  28.803975
 P Tensor eigenvectors:
                   0          1          2    
      0       0.600600  -0.047558   0.798134
      1       0.031466  -0.996050  -0.083029
      2       0.798930   0.074982  -0.596731
 P Eigenvalues: 
                  0          1          2    
      0      25.442891  30.285117  34.847059
P(iso)  30.191689
 Nucleus: 18 H 
 Shielding tensor (ppm): 
                  0          1          2    
      0      30.444981  -1.602518  -3.925595
      1      -2.369601  31.293766   2.597174
      2      -3.214386   2.134625  31.319627
 P Tensor eigenvectors:
                   0          1          2    
      0      -0.744197   0.360848  -0.562102
      1       0.026726   0.856933   0.514734
      2      -0.667425  -0.368041   0.647371
 P Eigenvalues: 
                  0          1          2    
      0      27.283404  29.414371  36.360599
P(iso)  31.019458
 Nucleus: 19 H 
 Shielding tensor (ppm): 
                  0          1          2    
      0      30.088497  -1.501016   3.851043
      1      -2.237455  31.295590  -2.722811
      2       3.134685  -2.215871  31.672867
 P Tensor eigenvectors:
                   0          1          2    
      0      -0.776917   0.342855   0.528062
      1       0.026923   0.856047  -0.516196
      2       0.629027   0.386824   0.674309
 P Eigenvalues: 
                  0          1          2    
      0      27.296889  29.403992  36.356073
P(iso)  31.018985
 Nucleus: 21 H 
 Shielding tensor (ppm): 
                  0          1          2    
      0      28.745091  -1.942952  -3.433922
      1      -1.352384  31.546484   0.091344
      2      -4.832187  -0.979579  26.721040
 P Tensor eigenvectors:
                   0          1          2    
      0       0.614914   0.451544  -0.646521
      1       0.153767   0.735448   0.659903
      2       0.773457  -0.505197   0.382805
 P Eigenvalues: 
                  0          1          2    
      0      23.251799  30.865069  32.895747
P(iso)  29.004205
 Nucleus: 22 H 
 Shielding tensor (ppm): 
                  0          1          2    
      0      28.523370  -1.972829   3.504635
      1      -1.329259  31.577582  -0.162686
      2       4.891017   0.877221  26.900608
 P Tensor eigenvectors:
                   0          1          2    
      0      -0.634189   0.445411  -0.631991
      1      -0.148011   0.732339   0.664660
      2       0.758879   0.515061  -0.398516
 P Eigenvalues: 
                  0          1          2    
      0      23.224923  30.849395  32.927241
P(iso)  29.000520
 Nucleus: 24 H 
 Shielding tensor (ppm): 
                  0          1          2    
      0      30.542669   0.564896  -3.895323
      1       0.568383  31.665057   0.038230
      2      -3.762131   1.277551  28.514430
 P Tensor eigenvectors:
                   0          1          2    
      0       0.605906  -0.061627   0.793146
      1      -0.129635  -0.991317   0.022007
      2       0.784903  -0.116154  -0.608634
 P Eigenvalues: 
                  0          1          2    
      0      25.447379  31.784214  33.490563
P(iso)  30.240719
 Nucleus: 25 H 
 Shielding tensor (ppm): 
                  0          1          2    
      0      30.322467   0.621872   3.950241
      1       0.587759  31.656943  -0.040000
      2       3.816265  -1.272940  28.732709
 P Tensor eigenvectors:
                   0          1          2    
      0      -0.627803  -0.064717   0.775677
      1       0.133363  -0.990745   0.025278
      2       0.766862   0.119317   0.630624
 P Eigenvalues: 
                  0          1          2    
      0      25.436653  31.782517  33.492949
P(iso)  30.237373
 Nucleus: 27 H 
 Shielding tensor (ppm): 
                  0          1          2    
      0      31.116739  -0.283835  -4.702281
      1      -0.057689  31.152122  -0.527396
      2      -4.318500  -1.162646  28.820872
 P Tensor eigenvectors:
                   0          1          2    
      0       0.607284  -0.164407  -0.777288
      1       0.123652   0.985991  -0.111942
      2       0.784803  -0.028132   0.619106
 P Eigenvalues: 
                  0          1          2    
      0      25.214275  31.209839  34.665618
P(iso)  30.363244
 Nucleus: 28 H 
 Shielding tensor (ppm): 
                  0          1          2    
      0      30.848362  -0.294502   4.767027
      1      -0.047631  31.157355   0.512915
      2       4.382138   1.142383  29.082884
 P Tensor eigenvectors:
                   0          1          2    
      0      -0.630377  -0.164810  -0.758592
      1      -0.119424   0.986159  -0.115011
      2       0.767048   0.018094  -0.641335
 P Eigenvalues: 
                  0          1          2    
      0      25.212748  31.206142  34.669711
P(iso)  30.362867
 Nucleus: 30 H 
 Shielding tensor (ppm): 
                  0          1          2    
      0      30.491846  -1.728384   4.116804
      1      -2.530615  30.956101  -2.266605
      2       3.423243  -1.882577  31.528235
 P Tensor eigenvectors:
                   0          1          2    
      0       0.776394  -0.230478   0.586593
      1       0.095781  -0.876775  -0.471265
      2      -0.622927  -0.422072   0.658648
 P Eigenvalues: 
                  0          1          2    
      0      27.182462  29.370742  36.422978
P(iso)  30.992061
 Nucleus: 31 H 
 Shielding tensor (ppm): 
                  0          1          2    
      0      30.721043  -1.803589  -4.132156
      1      -2.614098  30.978716   2.188603
      2      -3.434878   1.828015  31.275918
 P Tensor eigenvectors:
                   0          1          2    
      0      -0.756984   0.243441  -0.606393
      1      -0.098795   0.874702   0.474486
      2      -0.645922  -0.419087   0.638084
 P Eigenvalues: 
                  0          1          2    
      0      27.181075  29.374566  36.420038
P(iso)  30.991893
 Nucleus: 33 H 
 Shielding tensor (ppm): 
                  0          1          2    
      0      35.974808  -0.453529   0.208532
      1      -0.879402  25.879242  -0.021543
      2       0.186814  -0.011841  24.338394
 P Tensor eigenvectors:
                   0          1          2    
      0      -0.016970   0.062201  -0.997919
      1       0.003563   0.998060   0.062149
      2       0.999850  -0.002501  -0.017159
 P Eigenvalues: 
                  0          1          2    
      0      24.335019  25.835565  36.021861
P(iso)  28.730815
 Nucleus: 34 H 
 Shielding tensor (ppm): 
                  0          1          2    
      0      29.980142   2.665261   0.088828
      1       3.983481  36.026210   0.103513
      2       0.090150   0.072407  26.295601
 P Tensor eigenvectors:
                   0          1          2    
      0      -0.023296   0.910150   0.413624
      1      -0.001081  -0.413759   0.910386
      2       0.999728   0.020761   0.010623
 P Eigenvalues: 
                  0          1          2    
      0      26.293421  28.511690  37.496842
P(iso)  30.767318
 Nucleus: 35 H 
 Shielding tensor (ppm): 
                  0          1          2    
      0      29.098935   1.791490   0.040996
      1       3.057313  36.921869   0.021937
      2       0.038774   0.004302  26.214644
 P Tensor eigenvectors:
                   0          1          2    
      0      -0.015789   0.958960   0.283100
      1       0.002369  -0.283099   0.959088
      2       0.999873   0.015814   0.002198
 P Eigenvalues: 
                  0          1          2    
      0      26.214044  28.409919  37.611485
P(iso)  30.745149
 Nucleus: 36 H 
 Shielding tensor (ppm): 
                  0          1          2    
      0      23.022164   0.958062   0.017146
      1       0.424950  29.915174  -0.022553
      2       0.017905  -0.011882  21.700662
 P Tensor eigenvectors:
                   0          1          2    
      0      -0.015032  -0.995475  -0.093827
      1       0.003386   0.093786  -0.995587
      2       0.999881  -0.015283   0.001960
 P Eigenvalues: 
                  0          1          2    
      0      21.700341  22.953948  29.983712
P(iso)  24.879333
# -----------------------------------------------------------
$ EPRNMR_ATensor
   description: Hyperfine A tensor
   geom. index: 1
   prop. index: 1
 Number of stored nuclei 21
 Source density: 1 SCF 
 Spin multiplicity: 2 
 Nucleus: 7 H  
 Isotope: 1 
 Nuclear Spin:  0.5 
 Prefactor (MHz): 533.551395 
 Raw A tensor (MHz): 
                  0          1          2    
      0     -15.907256  -6.674456   0.051348
      1      -6.677204 -13.527714  -0.103350
      2       0.051365  -0.103298 -17.649416
 A Tensor eigenvectors:
                   0          1          2    
      0      -0.642010  -0.012795   0.766589
      1       0.766609   0.004352   0.642099
      2      -0.011552   0.999909   0.007015
 A Eigenvalues: 
                  0          1          2    
      0      -7.935167 -17.650522 -21.498697
A(iso)  -15.694796
 Nucleus: 8 H  
 Isotope: 1 
 Nuclear Spin:  0.5 
 Prefactor (MHz): 533.551395 
 Raw A tensor (MHz): 
                  0          1          2    
      0       8.003943   2.302358   0.048515
      1       2.302207   7.144874   0.025800
      2       0.048518   0.025801   4.372741
 A Tensor eigenvectors:
                   0          1          2    
      0      -0.015749   0.638816   0.769198
      1       0.003774  -0.769250   0.638936
      2       0.999869   0.012966   0.009704
 A Eigenvalues: 
                  0          1          2    
      0       4.372075   5.232545   9.916940
A(iso)  6.507186
 Nucleus: 10 H  
 Isotope: 1 
 Nuclear Spin:  0.5 
 Prefactor (MHz): 533.551395 
 Raw A tensor (MHz): 
                  0          1          2    
      0     -20.438450  -1.965906   0.504548
      1      -1.963235 -77.459042   0.056230
      2       0.504553   0.056166 -50.719358
 A Tensor eigenvectors:
                   0          1          2    
      0       0.999272  -0.016440  -0.034440
      1      -0.034390   0.003312  -0.999403
      2       0.016545   0.999859   0.002744
 A Eigenvalues: 
                  0          1          2    
      0     -20.362532 -50.727468 -77.526850
A(iso)  -49.538950
 Nucleus: 12 H  
 Isotope: 1 
 Nuclear Spin:  0.5 
 Prefactor (MHz): 533.551395 
 Raw A tensor (MHz): 
                  0          1          2    
      0      74.832619  -3.753685   2.162000
      1      -3.752206  77.048235  -2.176159
      2       2.160224  -2.176248  71.754399
 A Tensor eigenvectors:
                   0          1          2    
      0      -0.403045  -0.707826   0.580119
      1       0.073504  -0.656873  -0.750410
      2       0.912224  -0.259807   0.316777
 A Eigenvalues: 
                  0          1          2    
      0      70.624430  72.143026  80.867796
A(iso)  74.545084
 Nucleus: 13 H  
 Isotope: 1 
 Nuclear Spin:  0.5 
 Prefactor (MHz): 533.551395 
 Raw A tensor (MHz): 
                  0          1          2    
      0      73.590435  -3.842391  -1.996473
      1      -3.840860  75.555830   1.987650
      2      -1.994681   1.987701  70.050855
 A Tensor eigenvectors:
                   0          1          2    
      0       0.349276  -0.722525   0.596627
      1      -0.079973  -0.657391  -0.749294
      2       0.933601   0.213996  -0.287393
 A Eigenvalues: 
                  0          1          2    
      0      69.134219  70.686164  79.376737
A(iso)  73.065707
 Nucleus: 15 H  
 Isotope: 1 
 Nuclear Spin:  0.5 
 Prefactor (MHz): 533.551395 
 Raw A tensor (MHz): 
                  0          1          2    
      0      -2.428721   2.236430   0.719533
      1       2.236250   1.833584   1.449347
      2       0.719021   1.448222  -2.951060
 A Tensor eigenvectors:
                   0          1          2    
      0      -0.384205   0.551889  -0.740138
      1      -0.887749  -0.440998   0.131996
      2      -0.253552   0.707771   0.659372
 A Eigenvalues: 
                  0          1          2    
      0       3.214696  -3.292511  -3.468382
A(iso)  -1.182066
 Nucleus: 16 H  
 Isotope: 1 
 Nuclear Spin:  0.5 
 Prefactor (MHz): 533.551395 
 Raw A tensor (MHz): 
                  0          1          2    
      0      -2.353640   2.305250  -0.678304
      1       2.305112   1.814916  -1.329638
      2      -0.677817  -1.328541  -3.004890
 A Tensor eigenvectors:
                   0          1          2    
      0      -0.397224   0.545255   0.738181
      1      -0.887455  -0.433096  -0.157645
      2       0.233746  -0.717722   0.655925
 A Eigenvalues: 
                  0          1          2    
      0       3.196395  -3.291505  -3.448503
A(iso)  -1.181205
 Nucleus: 18 H  
 Isotope: 1 
 Nuclear Spin:  0.5 
 Prefactor (MHz): 533.551395 
 Raw A tensor (MHz): 
                  0          1          2    
      0       0.039299  -0.258020  -0.099887
      1      -0.258298   2.292963   0.393887
      2      -0.100031   0.393698   0.072949
 A Tensor eigenvectors:
                   0          1          2    
      0      -0.653384   0.748305   0.114580
      1       0.055535   0.198327  -0.978561
      2      -0.754987  -0.633013  -0.171141
 A Eigenvalues: 
                  0          1          2    
      0      -0.047476   0.060624   2.392063
A(iso)  0.801737
 Nucleus: 19 H  
 Isotope: 1 
 Nuclear Spin:  0.5 
 Prefactor (MHz): 533.551395 
 Raw A tensor (MHz): 
                  0          1          2    
      0       0.023897  -0.232785   0.098994
      1      -0.233058   2.295674  -0.400311
      2       0.099135  -0.400116   0.078974
 A Tensor eigenvectors:
                   0          1          2    
      0       0.670121  -0.734991  -0.103561
      1      -0.060550  -0.193189   0.979291
      2      -0.739778  -0.649973  -0.173964
 A Eigenvalues: 
                  0          1          2    
      0      -0.052804   0.059950   2.391400
A(iso)  0.799515
 Nucleus: 21 H  
 Isotope: 1 
 Nuclear Spin:  0.5 
 Prefactor (MHz): 533.551395 
 Raw A tensor (MHz): 
                  0          1          2    
      0      26.475275   1.634821  -0.939754
      1       1.634305  26.676566  -0.519443
      2      -0.939124  -0.519638  25.127503
 A Tensor eigenvectors:
                   0          1          2    
      0       0.607820   0.418806   0.674653
      1      -0.287491  -0.675910   0.678598
      2       0.740205  -0.606422  -0.290428
 A Eigenvalues: 
                  0          1          2    
      0      24.557996  25.197467  28.523880
A(iso)  26.093114
 Nucleus: 22 H  
 Isotope: 1 
 Nuclear Spin:  0.5 
 Prefactor (MHz): 533.551395 
 Raw A tensor (MHz): 
                  0          1          2    
      0      26.224684   1.626380   0.961581
      1       1.625861  26.472410   0.553909
      2       0.960953   0.554119  24.962921
 A Tensor eigenvectors:
                   0          1          2    
      0      -0.625431   0.403744   0.667703
      1       0.290986  -0.673306   0.679696
      2       0.723991   0.619395   0.303623
 A Eigenvalues: 
                  0          1          2    
      0      24.355303  24.987500  28.317212
A(iso)  25.886672
 Nucleus: 24 H  
 Isotope: 1 
 Nuclear Spin:  0.5 
 Prefactor (MHz): 533.551395 
 Raw A tensor (MHz): 
                  0          1          2    
      0      -0.818072  -0.411709  -0.098798
      1      -0.411380   0.878163   0.403196
      2      -0.098559   0.402897  -0.918860
 A Tensor eigenvectors:
                   0          1          2    
      0       0.969710  -0.106392  -0.219870
      1       0.236613   0.185713   0.953690
      2      -0.060632  -0.976827   0.205261
 A Eigenvalues: 
                  0          1          2    
      0      -0.912293  -1.006221   1.059746
A(iso)  -0.286256
 Nucleus: 25 H  
 Isotope: 1 
 Nuclear Spin:  0.5 
 Prefactor (MHz): 533.551395 
 Raw A tensor (MHz): 
                  0          1          2    
      0      -0.819504  -0.398051   0.102908
      1      -0.397714   0.872124  -0.425314
      2       0.102670  -0.425029  -0.903700
 A Tensor eigenvectors:
                   0          1          2    
      0       0.968861  -0.124974   0.213750
      1       0.235162   0.194230  -0.952352
      2       0.077503   0.972963   0.217571
 A Eigenvalues: 
                  0          1          2    
      0      -0.907828  -1.001769   1.058518
A(iso)  -0.283693
 Nucleus: 27 H  
 Isotope: 1 
 Nuclear Spin:  0.5 
 Prefactor (MHz): 533.551395 
 Raw A tensor (MHz): 
                  0          1          2    
      0      -0.079250   0.274890  -0.058149
      1       0.274993   0.720737  -0.129868
      2      -0.058167  -0.129777  -0.120902
 A Tensor eigenvectors:
                   0          1          2    
      0      -0.408766   0.863406   0.295702
      1       0.264505  -0.198021   0.943835
      2       0.873469   0.464022  -0.147431
 A Eigenvalues: 
                  0          1          2    
      0      -0.132971  -0.173607   0.827162
A(iso)  0.173528
 Nucleus: 28 H  
 Isotope: 1 
 Nuclear Spin:  0.5 
 Prefactor (MHz): 533.551395 
 Raw A tensor (MHz): 
                  0          1          2    
      0      -0.079280   0.271639   0.057704
      1       0.271738   0.724164   0.134048
      2       0.057722   0.133952  -0.116206
 A Tensor eigenvectors:
                   0          1          2    
      0      -0.382270   0.876749  -0.291857
      1       0.260507  -0.200782  -0.944364
      2      -0.886569  -0.437033  -0.151646
 A Eigenvalues: 
                  0          1          2    
      0      -0.130668  -0.170308   0.829654
A(iso)  0.176226
 Nucleus: 30 H  
 Isotope: 1 
 Nuclear Spin:  0.5 
 Prefactor (MHz): 533.551395 
 Raw A tensor (MHz): 
                  0          1          2    
      0      -0.114085  -0.011383   0.002538
      1      -0.011326   0.386994  -0.067748
      2       0.002531  -0.067717  -0.119260
 A Tensor eigenvectors:
                   0          1          2    
      0       0.996991  -0.074099   0.022760
      1       0.032171   0.128397  -0.991201
      2       0.070525   0.988951   0.130395
 A Eigenvalues: 
                  0          1          2    
      0      -0.114272  -0.128242   0.396162
A(iso)  0.051216
 Nucleus: 31 H  
 Isotope: 1 
 Nuclear Spin:  0.5 
 Prefactor (MHz): 533.551395 
 Raw A tensor (MHz): 
                  0          1          2    
      0      -0.113468  -0.013417  -0.002406
      1      -0.013362   0.388451   0.064535
      2      -0.002398   0.064501  -0.119697
 A Tensor eigenvectors:
                   0          1          2    
      0       0.998310  -0.051636  -0.026662
      1       0.032830   0.122554   0.991919
      2      -0.047951  -0.991118   0.124042
 A Eigenvalues: 
                  0          1          2    
      0      -0.113793  -0.127798   0.396877
A(iso)  0.051762
 Nucleus: 33 H  
 Isotope: 1 
 Nuclear Spin:  0.5 
 Prefactor (MHz): 533.551395 
 Raw A tensor (MHz): 
                  0          1          2    
      0       2.564969   0.117006  -0.017564
      1       0.116729   4.875380  -0.004293
      2      -0.017563  -0.004289   3.400529
 A Tensor eigenvectors:
                   0          1          2    
      0       0.998517  -0.020374  -0.050475
      1      -0.050393   0.004527  -0.998719
      2       0.020577   0.999782   0.003494
 A Eigenvalues: 
                  0          1          2    
      0       2.558716   3.400868   4.881295
A(iso)  3.613626
 Nucleus: 34 H  
 Isotope: 1 
 Nuclear Spin:  0.5 
 Prefactor (MHz): 533.551395 
 Raw A tensor (MHz): 
                  0          1          2    
      0      -0.839015   0.275028   0.002389
      1       0.274942   0.701252   0.007050
      2       0.002388   0.007050  -0.860830
 A Tensor eigenvectors:
                   0          1          2    
      0      -0.170662  -0.043078   0.984387
      1      -0.985319   0.012094  -0.170295
      2      -0.004569  -0.998999  -0.044510
 A Eigenvalues: 
                  0          1          2    
      0       0.748906  -0.860812  -0.886687
A(iso)  -0.332864
 Nucleus: 35 H  
 Isotope: 1 
 Nuclear Spin:  0.5 
 Prefactor (MHz): 533.551395 
 Raw A tensor (MHz): 
                  0          1          2    
      0      -0.131327   0.055248  -0.000094
      1       0.055287   0.237796  -0.000175
      2      -0.000094  -0.000176  -0.135773
 A Tensor eigenvectors:
                   0          1          2    
      0      -0.018348  -0.989274  -0.144916
      1       0.003183   0.144882  -0.989444
      2       0.999827  -0.018615   0.000491
 A Eigenvalues: 
                  0          1          2    
      0      -0.135772  -0.139426   0.245893
A(iso)  -0.009768
 Nucleus: 36 H  
 Isotope: 1 
 Nuclear Spin:  0.5 
 Prefactor (MHz): 533.551395 
 Raw A tensor (MHz): 
                  0          1          2    
      0      -7.747186  -1.631600   0.168272
      1      -1.628715 -20.491215  -0.013482
      2       0.168260  -0.013529 -17.726146
 A Tensor eigenvectors:
                   0          1          2    
      0      -0.992021  -0.016099   0.125040
      1       0.124981   0.004625   0.992148
      2      -0.016551   0.999860  -0.002576
 A Eigenvalues: 
                  0          1          2    
      0      -7.539177 -17.728918 -20.696452
A(iso)  -15.321516
# -------------------------------------------------------------
----------------------- !GEOMETRIES! ------------------------
# -------------------------------------------------------------
------------------------ !GEOMETRY! -------------------------
    Number of atoms:    37 
    Geometry Index:     1 
    Coordinates:
               0 C     -2.943721561887   -0.016991237648   -0.034020707931
               1 C      1.296695399711    0.060298171205    0.032841007321
               2 C      0.587353181949    1.301631263428    0.016913404371
               3 C     -0.836879366408    1.224847768553   -0.005827650223
               4 C     -1.505465159333   -0.009020941959   -0.011491369951
               5 C     -0.782185523393   -1.240369846080    0.005052995728
               6 C      0.626187085111   -1.161313455512    0.026991668334
               7 H     -1.428854965911    2.133871983169   -0.018796768656
               8 H      1.209869117323   -2.075997927514    0.039720404623
               9 C      1.288952293144    2.539402516249    0.024367706313
              10 H      2.376931041408    2.497567948735    0.042797660575
              11 C      0.641340060550    3.898229176535    0.008650270628
              12 H      0.003029460860    3.999589298968   -0.883877773322
              13 H     -0.042118814760    3.998246970130    0.867144821979
              14 C      1.653990976128    5.058367373467    0.035927441119
              15 H      2.281175493785    4.965743120659    0.931881434077
              16 H      2.327241925875    4.967520862009   -0.826191093339
              17 C      0.980437544127    6.440706363068    0.019528957348
              18 H      0.324246334445    6.569689053741    0.887702582191
              19 H      0.369154277625    6.570490086968   -0.880724112584
              20 C     -1.536448283203   -2.559964849482   -0.000483725431
              21 H     -2.216591629527   -2.572581210916    0.862390282932
              22 H     -2.195033828411   -2.577890885004   -0.879766258231
              23 C     -0.683712679665   -3.838537288897    0.014084353275
              24 H     -0.015200490271   -3.852722675171   -0.857175347418
              25 H     -0.040135223347   -3.849398522210    0.903989766403
              26 C     -1.543411114077   -5.115691828859    0.004753212396
              27 H     -2.214932795488   -5.105553911116    0.873519406345
              28 H     -2.188987349040   -5.110202233405   -0.883502356046
              29 C     -0.704208346418   -6.405133071700    0.020515331894
              30 H     -0.072588360443   -6.452979646215    0.914826666188
              31 H     -0.045502615452   -6.456771031408   -0.853815002721
              32 C     -4.163750186794   -0.026494042425   -0.054089410892
              33 H     -5.229461051656   -0.029959387194   -0.073501138517
              34 H      1.722862533264    7.245059363839    0.038689153730
              35 H     -1.341128524009   -7.295750018800    0.012738179059
              36 H      2.384254964188    0.078931660795    0.050170488433
