-------------------------------------------------------------
----------------------- !PROPERTIES! ------------------------
-------------------------------------------------------------
# -----------------------------------------------------------
$ PAL_Flags
   description: The PAL Flags
   geom. index: 1
   prop. index: 1
        Diskflag:     2
# -----------------------------------------------------------
$ SCF_Energy
   description: The SCF energy
   geom. index: 1
   prop. index: 1
        SCF Energy:     -621.9212248200
# -----------------------------------------------------------
$ DFT_Energy
   description: The DFT energy
   geom. index: 1
   prop. index: 1
   Number of Alpha Electrons                 59.0000755841 
   Number of Beta  Electrons                 58.0000656531 
   Total number of  Electrons               117.0001412372 
   Exchange energy                          -71.5581924586 
   Correlation energy                        -4.5091123046 
   Correlation energy NL                      0.0000000000 
   Exchange-Correlation energy              -76.0673047632 
   Embedding correction                       0.0000000000 
   Total DFT Energy (No VdW correction)    -621.9212248200 
# -----------------------------------------------------------
$ Mayer_Pop
   description: The Mayer population analysis
   geom. index: 1
   prop. index: 1
     Number of atoms                     : 37
     Threshold for printing              : 0.1000000
     Number of bond orders printed       : 43
  NA   - Mulliken gross atomic population
  ZA   - Total nuclear charge
  QA   - Mulliken gross atomic charge
  VA   - Mayer's total valence
  BVA  - Mayer's bonded valence
  FA   - Mayer's free valence
  ATOM       NA         ZA         QA         VA         BVA        FA
  0   0     5.9973     6.0000     0.0027     3.8148     3.8145     0.0003
  1   0     6.3700     6.0000    -0.3700     4.2400     4.2056     0.0344
  2   0     5.3505     6.0000     0.6495     3.7470     3.7336     0.0134
  3   0     6.4797     6.0000    -0.4797     4.2744     4.2379     0.0365
  4   0     5.5444     6.0000     0.4556     3.9354     3.9292     0.0062
  5   0     5.7530     6.0000     0.2470     3.8762     3.8362     0.0400
  6   0     6.2197     6.0000    -0.2197     4.2011     4.1935     0.0076
  7   0     0.8727     1.0000     0.1273     0.9643     0.9641     0.0002
  8   0     0.8868     1.0000     0.1132     0.9691     0.9691     0.0000
  9   0     6.3184     6.0000    -0.3184     4.0426     3.6255     0.4171
 10   0     0.8800     1.0000     0.1200     0.9718     0.9700     0.0018
 11   0     6.2625     6.0000    -0.2625     3.9556     3.9541     0.0015
 12   0     0.8503     1.0000     0.1497     0.9648     0.9637     0.0011
 13   0     0.8505     1.0000     0.1495     0.9648     0.9637     0.0011
 14   0     6.2863     6.0000    -0.2863     3.9059     3.9059     0.0000
 15   0     0.8477     1.0000     0.1523     0.9640     0.9640     0.0000
 16   0     0.8478     1.0000     0.1522     0.9641     0.9641     0.0000
 17   0     6.5069     6.0000    -0.5069     3.9042     3.9042     0.0000
 18   0     0.8421     1.0000     0.1579     0.9658     0.9658     0.0000
 19   0     0.8421     1.0000     0.1579     0.9658     0.9658     0.0000
 20   0     6.3713     6.0000    -0.3713     4.0378     4.0376     0.0002
 21   0     0.8458     1.0000     0.1542     0.9620     0.9619     0.0001
 22   0     0.8463     1.0000     0.1537     0.9623     0.9622     0.0001
 23   0     6.2684     6.0000    -0.2684     4.0195     4.0195     0.0000
 24   0     0.8611     1.0000     0.1389     0.9667     0.9667     0.0000
 25   0     0.8617     1.0000     0.1383     0.9668     0.9668     0.0000
 26   0     6.2574     6.0000    -0.2574     3.8966     3.8966     0.0000
 27   0     0.8575     1.0000     0.1425     0.9676     0.9676     0.0000
 28   0     0.8574     1.0000     0.1426     0.9675     0.9675     0.0000
 29   0     6.5093     6.0000    -0.5093     3.8986     3.8986     0.0000
 30   0     0.8426     1.0000     0.1574     0.9658     0.9658     0.0000
 31   0     0.8426     1.0000     0.1574     0.9658     0.9658     0.0000
 32   0     6.5384     6.0000    -0.5384     3.8954     3.8942     0.0012
 33   0     0.8191     1.0000     0.1809     0.9771     0.9771     0.0000
 34   0     0.8553     1.0000     0.1447     0.9673     0.9673     0.0000
 35   0     0.8562     1.0000     0.1438     0.9669     0.9669     0.0000
 36   0     0.9006     1.0000     0.0994     0.9622     0.9620     0.0002
      Bond orders larger than 0.1000000
           Atom A     A.N. of A          Atom B    A.N. of B              Bond order
                0             6               4            6                0.910349
                0             6              32            6                2.701933
                1             6               2            6                1.244976
                1             6               5            6                0.116439
                1             6               6            6                1.518051
                1             6               9            6                0.168378
                1             6              36            1                0.981919
                2             6               3            6                1.256244
                2             6               4            6                0.122136
                2             6               6            6                0.109886
                2             6               9            6                1.196112
                3             6               4            6                1.455013
                3             6               7            1                0.980550
                3             6               9            6                0.117471
                4             6               5            6                1.348327
                4             6               6            6                0.102050
                5             6               6            6                1.392441
                5             6              20            6                0.953406
                6             6               8            1                0.976871
                9             6              10            1                1.006847
                9             6              11            6                0.998927
               11             6              12            1                0.956165
               11             6              13            1                0.956043
               11             6              14            6                0.978071
               14             6              15            1                0.973035
               14             6              16            1                0.973027
               14             6              17            6                0.962441
               17             6              18            1                0.971921
               17             6              19            1                0.971928
               17             6              34            1                0.967713
               20             6              21            1                0.955897
               20             6              22            1                0.955778
               20             6              23            6                1.011995
               23             6              24            1                0.961909
               23             6              25            1                0.961425
               23             6              26            6                0.990721
               26             6              27            1                0.971406
               26             6              28            1                0.971283
               26             6              29            6                0.953747
               29             6              30            1                0.972836
               29             6              31            1                0.972759
               29             6              35            1                0.967887
               32             6              33            1                0.984105
# -----------------------------------------------------------
$ Calculation_Info
   description: Details of the calculation
   geom. index: 1
   prop. index: 1
     Multiplicity:                          2
     Charge:                                0
     number of atoms:                       37
     number of electrons:                   0
     number of frozen core electrons:       1
     number of correlated electrons:        0
     number of basis functions:             419
     number of aux C basis functions:       2878
     number of aux J basis functions:       2878
     number of aux JK basis functions:      2878
     number of aux CABS basis functions:    0
     Total Energy                           -621.921225
# -----------------------------------------------------------
$ SCF_Electric_Properties
   description: The SCF Calculated Electric Properties
   geom. index: 1
   prop. index: 1
       Filename                          : EPRII.scfp 
       Do Dipole Moment Calculation      : true 
       Do Quadrupole Moment Calculation  : false 
       Do Polarizability Calculation     : false 
** Dipole moment part of electric properties **
        Magnitude of dipole moment (Debye) :        0.4756116190
        Electronic Contribution:
                  0    
      0      -4.789808
      1       2.150698
      2      -0.059166
        Nuclear Contribution:
                  0    
      0       4.976905
      1      -2.150009
      2       0.061751
        Total Dipole moment:
                  0    
      0       0.187097
      1       0.000688
      2       0.002584
# -----------------------------------------------------------
$ EPRNMR_GTensor
   description: Electronic g tensor
   geom. index: 1
   prop. index: 1
 Source density: 1 SCF 
 Spin multiplicity: 2 
 raw g tensor: 
                  0          1          2    
      0       2.002785   0.000071   0.000011
      1       0.000038   2.002779  -0.000002
      2       0.000011  -0.000002   2.002178
 g tensor: 
                  0          1          2    
      0      -0.018960  -0.686334  -0.727039
      1       0.005226   0.727092  -0.686520
      2       0.999807  -0.016816  -0.010199
 G eigenvalues: 
                  0          1          2    
      0       2.002178   2.002728   2.002837
# -----------------------------------------------------------
$ EPRNMR_OrbitalShielding
   description: Orbital contribution to the NMR Shielding tensor (ppm)
   geom. index: 1
   prop. index: 1
 Number of stored nuclei 21
 Source density: 1 SCF 
 Nucleus: 7 H 
 Shielding tensor (ppm): 
                  0          1          2    
      0      26.774327   5.886412   0.095959
      1       5.085023  26.315860   0.064497
      2       0.107319   0.081550  19.979710
 P Tensor eigenvectors:
                   0          1          2    
      0      -0.018699   0.697390   0.716448
      1       0.004752  -0.716503   0.697568
      2       0.999814   0.016449   0.010084
 P Eigenvalues: 
                  0          1          2    
      0      19.978147  21.055503  32.036246
P(iso)  24.356632
 Nucleus: 8 H 
 Shielding tensor (ppm): 
                  0          1          2    
      0      27.335127   4.209133   0.125746
      1       5.088215  26.744422   0.073859
      2       0.106128   0.061843  20.220203
 P Tensor eigenvectors:
                   0          1          2    
      0      -0.017962   0.678163   0.734692
      1       0.002334  -0.734780   0.678301
      2       0.999836   0.013898   0.011616
 P Eigenvalues: 
                  0          1          2    
      0      20.218297  22.382754  31.698700
P(iso)  24.766584
 Nucleus: 10 H 
 Shielding tensor (ppm): 
                  0          1          2    
      0      23.875819  -0.851730   0.022292
      1      -0.410771  32.287041  -0.047381
      2       0.030091  -0.054550  22.633542
 P Tensor eigenvectors:
                   0          1          2    
      0      -0.018915  -0.997331   0.070522
      1       0.004044  -0.070610  -0.997496
      2       0.999813  -0.018582   0.005369
 P Eigenvalues: 
                  0          1          2    
      0      22.632838  23.829257  32.334308
P(iso)  26.265468
 Nucleus: 12 H 
 Shielding tensor (ppm): 
                  0          1          2    
      0      28.722326   1.599758   3.178367
      1       0.675209  30.456366  -0.383966
      2       3.871032  -1.161728  28.403569
 P Tensor eigenvectors:
                   0          1          2    
      0      -0.676492  -0.003276   0.736443
      1       0.218124  -0.956013   0.196115
      2       0.703406   0.293306   0.647450
 P Eigenvalues: 
                  0          1          2    
      0      24.719818  30.713520  32.148924
P(iso)  29.194087
 Nucleus: 13 H 
 Shielding tensor (ppm): 
                  0          1          2    
      0      29.020048   1.546137  -3.167763
      1       0.637257  30.478966   0.389398
      2      -3.854276   1.201763  28.074867
 P Tensor eigenvectors:
                   0          1          2    
      0       0.645607   0.019439   0.763422
      1      -0.212284  -0.955708   0.203859
      2       0.733571  -0.293675  -0.612885
 P Eigenvalues: 
                  0          1          2    
      0      24.704513  30.717184  32.152184
P(iso)  29.191294
 Nucleus: 15 H 
 Shielding tensor (ppm): 
                  0          1          2    
      0      30.800234  -0.605862   4.604448
      1      -0.207270  30.096636  -0.651495
      2       4.512020   0.499810  29.038551
 P Tensor eigenvectors:
                   0          1          2    
      0      -0.638054  -0.039554   0.768975
      1      -0.031321  -0.996520  -0.077247
      2       0.769354  -0.073373   0.634595
 P Eigenvalues: 
                  0          1          2    
      0      25.269018  30.075357  34.591046
P(iso)  29.978474
 Nucleus: 16 H 
 Shielding tensor (ppm): 
                  0          1          2    
      0      31.185016  -0.619451  -4.517610
      1      -0.266783  30.097661   0.629134
      2      -4.421836  -0.530488  28.649651
 P Tensor eigenvectors:
                   0          1          2    
      0       0.604748  -0.042998   0.795255
      1       0.036996  -0.995947  -0.081983
      2       0.795557   0.079000  -0.600706
 P Eigenvalues: 
                  0          1          2    
      0      25.261071  30.075287  34.595970
P(iso)  29.977443
 Nucleus: 18 H 
 Shielding tensor (ppm): 
                  0          1          2    
      0      30.174197  -1.584812  -3.859875
      1      -2.370892  31.064722   2.610710
      2      -3.150067   2.137129  31.082714
 P Tensor eigenvectors:
                   0          1          2    
      0      -0.746121   0.363359  -0.557918
      1       0.027546   0.854083   0.519406
      2      -0.665240  -0.372171   0.647259
 P Eigenvalues: 
                  0          1          2    
      0      27.091846  29.160822  36.068964
P(iso)  30.773878
 Nucleus: 19 H 
 Shielding tensor (ppm): 
                  0          1          2    
      0      29.884670  -1.467022   3.818131
      1      -2.236708  31.029512  -2.707164
      2       3.113611  -2.198199  31.408220
 P Tensor eigenvectors:
                   0          1          2    
      0      -0.773091   0.347943   0.530346
      1       0.032498   0.856747  -0.514712
      2       0.633462   0.380684   0.673650
 P Eigenvalues: 
                  0          1          2    
      0      27.094671  29.159987  36.067746
P(iso)  30.774134
 Nucleus: 21 H 
 Shielding tensor (ppm): 
                  0          1          2    
      0      28.509987  -1.905334  -3.391269
      1      -1.323522  31.333525   0.094759
      2      -4.835187  -0.991665  26.595067
 P Tensor eigenvectors:
                   0          1          2    
      0       0.618511   0.447361  -0.645997
      1       0.153448   0.737520   0.657661
      2       0.770648  -0.505898   0.387517
 P Eigenvalues: 
                  0          1          2    
      0      23.105519  30.686845  32.646215
P(iso)  28.812860
 Nucleus: 22 H 
 Shielding tensor (ppm): 
                  0          1          2    
      0      28.319629  -1.993765   3.459772
      1      -1.337712  31.407796  -0.157610
      2       4.890559   0.876349  26.683140
 P Tensor eigenvectors:
                   0          1          2    
      0      -0.633062   0.455851  -0.625645
      1      -0.148669   0.721579   0.676181
      2       0.759691   0.521079  -0.389034
 P Eigenvalues: 
                  0          1          2    
      0      23.032759  30.641124  32.736682
P(iso)  28.803522
 Nucleus: 24 H 
 Shielding tensor (ppm): 
                  0          1          2    
      0      30.319371   0.562254  -3.840362
      1       0.573060  31.443175   0.056958
      2      -3.755689   1.308940  28.407326
 P Tensor eigenvectors:
                   0          1          2    
      0       0.609697  -0.074978   0.789080
      1      -0.134881  -0.990811   0.010071
      2       0.781074  -0.112572  -0.614208
 P Eigenvalues: 
                  0          1          2    
      0      25.318677  31.570962  33.280233
P(iso)  30.056624
 Nucleus: 25 H 
 Shielding tensor (ppm): 
                  0          1          2    
      0      30.129093   0.608121   3.905099
      1       0.579589  31.436699  -0.050680
      2       3.818817  -1.275589  28.567392
 P Tensor eigenvectors:
                   0          1          2    
      0      -0.628127  -0.072041   0.774769
      1       0.134538  -0.990763   0.016949
      2       0.766392   0.114883   0.632017
 P Eigenvalues: 
                  0          1          2    
      0      25.280141  31.563850  33.289192
P(iso)  30.044394
 Nucleus: 27 H 
 Shielding tensor (ppm): 
                  0          1          2    
      0      30.862123  -0.277118  -4.651789
      1      -0.052176  30.929939  -0.503906
      2      -4.320245  -1.164805  28.651089
 P Tensor eigenvectors:
                   0          1          2    
      0       0.610034  -0.164558  -0.775099
      1       0.122193   0.986033  -0.113169
      2       0.782897  -0.025675   0.621622
 P Eigenvalues: 
                  0          1          2    
      0      25.038763  30.984370  34.420018
P(iso)  30.147717
 Nucleus: 28 H 
 Shielding tensor (ppm): 
                  0          1          2    
      0      30.633965  -0.321499   4.711011
      1      -0.069283  30.929478   0.495973
      2       4.381104   1.153097  28.880311
 P Tensor eigenvectors:
                   0          1          2    
      0      -0.629940  -0.162589  -0.759435
      1      -0.122226   0.986410  -0.109798
      2       0.766966   0.023656  -0.641252
 P Eigenvalues: 
                  0          1          2    
      0      25.029353  30.986703  34.427698
P(iso)  30.147918
 Nucleus: 30 H 
 Shielding tensor (ppm): 
                  0          1          2    
      0      30.250614  -1.723700   4.054137
      1      -2.546403  30.747547  -2.294192
      2       3.363507  -1.897187  31.244352
 P Tensor eigenvectors:
                   0          1          2    
      0       0.775170  -0.238919   0.584832
      1       0.091893  -0.873243  -0.478542
      2      -0.625033  -0.424694   0.654957
 P Eigenvalues: 
                  0          1          2    
      0      26.985694  29.116128  36.140690
P(iso)  30.747504
 Nucleus: 31 H 
 Shielding tensor (ppm): 
                  0          1          2    
      0      30.443447  -1.763747  -4.074760
      1      -2.596708  30.743171   2.220737
      2      -3.385788   1.849526  31.055976
 P Tensor eigenvectors:
                   0          1          2    
      0      -0.758648   0.249817  -0.601702
      1      -0.091003   0.873874   0.477559
      2      -0.645114  -0.417056   0.640228
 P Eigenvalues: 
                  0          1          2    
      0      26.987460  29.120821  36.134314
P(iso)  30.747531
 Nucleus: 33 H 
 Shielding tensor (ppm): 
                  0          1          2    
      0      35.793525  -0.508240   0.246011
      1      -0.863757  25.762037  -0.024727
      2       0.217917  -0.012220  24.212428
 P Tensor eigenvectors:
                   0          1          2    
      0      -0.020077  -0.065070   0.997679
      1       0.003152  -0.997879  -0.065020
      2       0.999793   0.001839   0.020240
 P Eigenvalues: 
                  0          1          2    
      0      24.207770  25.715432  35.844788
P(iso)  28.589330
 Nucleus: 34 H 
 Shielding tensor (ppm): 
                  0          1          2    
      0      29.741390   2.585470   0.065188
      1       3.931089  35.743471   0.046478
      2       0.060393   0.018754  26.098848
 P Tensor eigenvectors:
                   0          1          2    
      0      -0.020356   0.911417   0.410979
      1       0.003493  -0.410997   0.911630
      2       0.999787   0.019992   0.005183
 P Eigenvalues: 
                  0          1          2    
      0      26.097684  28.314512  37.171513
P(iso)  30.527903
 Nucleus: 35 H 
 Shielding tensor (ppm): 
                  0          1          2    
      0      28.898448   1.757608   0.042405
      1       3.049295  36.598260   0.051590
      2       0.044310   0.037170  26.020344
 P Tensor eigenvectors:
                   0          1          2    
      0      -0.014249   0.958448   0.284913
      1      -0.000925  -0.284954   0.958541
      2       0.999898   0.013395   0.004947
 P Eigenvalues: 
                  0          1          2    
      0      26.019683  28.211091  37.286278
P(iso)  30.505684
 Nucleus: 36 H 
 Shielding tensor (ppm): 
                  0          1          2    
      0      23.181916   0.969260   0.024434
      1       0.426853  29.830773  -0.027982
      2       0.026636  -0.016819  21.575398
 P Tensor eigenvectors:
                   0          1          2    
      0      -0.017720  -0.995009  -0.098201
      1       0.004226   0.098141  -0.995164
      2       0.999834  -0.018049   0.002466
 P Eigenvalues: 
                  0          1          2    
      0      21.574851  23.110097  29.903140
P(iso)  24.862696
# -----------------------------------------------------------
$ EPRNMR_ATensor
   description: Hyperfine A tensor
   geom. index: 1
   prop. index: 1
 Number of stored nuclei 21
 Source density: 1 SCF 
 Spin multiplicity: 2 
 Nucleus: 7 H  
 Isotope: 1 
 Nuclear Spin:  0.5 
 Prefactor (MHz): 533.551395 
 Raw A tensor (MHz): 
                  0          1          2    
      0     -15.685157  -6.534675   0.067684
      1      -6.537356 -13.488695  -0.133434
      2       0.067701  -0.133384 -17.580523
 A Tensor eigenvectors:
                   0          1          2    
      0      -0.645753  -0.017024   0.763357
      1       0.763397   0.005415   0.645907
      2      -0.015129   0.999840   0.009499
 A Eigenvalues: 
                  0          1          2    
      0      -7.957084 -17.582398 -21.214894
A(iso)  -15.584792
 Nucleus: 8 H  
 Isotope: 1 
 Nuclear Spin:  0.5 
 Prefactor (MHz): 533.551395 
 Raw A tensor (MHz): 
                  0          1          2    
      0       7.849155   2.204123   0.054247
      1       2.203970   7.097505   0.027281
      2       0.054250   0.027285   4.304226
 A Tensor eigenvectors:
                   0          1          2    
      0      -0.018108   0.644721   0.764203
      1       0.004522  -0.764268   0.644883
      2       0.999826   0.015133   0.010923
 A Eigenvalues: 
                  0          1          2    
      0       4.303367   5.237685   9.709834
A(iso)  6.416962
 Nucleus: 10 H  
 Isotope: 1 
 Nuclear Spin:  0.5 
 Prefactor (MHz): 533.551395 
 Raw A tensor (MHz): 
                  0          1          2    
      0     -20.817393  -2.011433   0.597795
      1      -2.008863 -77.180375   0.078388
      2       0.597787   0.078331 -51.036818
 A Tensor eigenvectors:
                   0          1          2    
      0       0.999174  -0.019471  -0.035659
      1      -0.035578   0.004497  -0.999357
      2       0.019619   0.999800   0.003801
 A Eigenvalues: 
                  0          1          2    
      0     -20.734125 -51.048108 -77.252353
A(iso)  -49.678195
 Nucleus: 12 H  
 Isotope: 1 
 Nuclear Spin:  0.5 
 Prefactor (MHz): 533.551395 
 Raw A tensor (MHz): 
                  0          1          2    
      0      76.979895  -3.697375   2.138153
      1      -3.695883  79.086452  -2.161157
      2       2.136372  -2.161251  73.845465
 A Tensor eigenvectors:
                   0          1          2    
      0      -0.386788  -0.714366   0.583161
      1       0.087264  -0.657895  -0.748036
      2       0.918031  -0.238443   0.316805
 A Eigenvalues: 
                  0          1          2    
      0      72.739759  74.288837  82.883216
A(iso)  76.637271
 Nucleus: 13 H  
 Isotope: 1 
 Nuclear Spin:  0.5 
 Prefactor (MHz): 533.551395 
 Raw A tensor (MHz): 
                  0          1          2    
      0      76.855917  -3.794431  -1.970876
      1      -3.792915  78.813291   1.963046
      2      -1.969100   1.963083  73.336612
 A Tensor eigenvectors:
                   0          1          2    
      0       0.346763  -0.724202   0.596059
      1      -0.081289  -0.656303  -0.750106
      2       0.934424   0.211656  -0.286451
 A Eigenvalues: 
                  0          1          2    
      0      72.434984  73.993677  82.577159
A(iso)  76.335273
 Nucleus: 15 H  
 Isotope: 1 
 Nuclear Spin:  0.5 
 Prefactor (MHz): 533.551395 
 Raw A tensor (MHz): 
                  0          1          2    
      0      -2.498332   2.252678   0.713762
      1       2.252502   1.741422   1.430491
      2       0.713261   1.429375  -3.052341
 A Tensor eigenvectors:
                   0          1          2    
      0      -0.387136   0.562337  -0.730687
      1      -0.887439  -0.442264   0.129821
      2      -0.250154   0.698699   0.670256
 A Eigenvalues: 
                  0          1          2    
      0       3.126890  -3.382989  -3.553150
A(iso)  -1.269750
 Nucleus: 16 H  
 Isotope: 1 
 Nuclear Spin:  0.5 
 Prefactor (MHz): 533.551395 
 Raw A tensor (MHz): 
                  0          1          2    
      0      -2.437447   2.306625  -0.702474
      1       2.306498   1.717387  -1.367396
      2      -0.701978  -1.366282  -3.088461
 A Tensor eigenvectors:
                   0          1          2    
      0       0.397680  -0.582900   0.708575
      1       0.885602   0.445790  -0.130310
      2      -0.239918   0.679337   0.693499
 A Eigenvalues: 
                  0          1          2    
      0       3.123181  -3.382658  -3.549044
A(iso)  -1.269507
 Nucleus: 18 H  
 Isotope: 1 
 Nuclear Spin:  0.5 
 Prefactor (MHz): 533.551395 
 Raw A tensor (MHz): 
                  0          1          2    
      0       0.087945  -0.255167  -0.104574
      1      -0.255445   2.360280   0.389966
      2      -0.104714   0.389780   0.121347
 A Tensor eigenvectors:
                   0          1          2    
      0      -0.692773   0.712261   0.112915
      1       0.044023   0.198052  -0.979202
      2      -0.719811  -0.673394  -0.168561
 A Eigenvalues: 
                  0          1          2    
      0      -0.003845   0.116582   2.456835
A(iso)  0.856524
 Nucleus: 19 H  
 Isotope: 1 
 Nuclear Spin:  0.5 
 Prefactor (MHz): 533.551395 
 Raw A tensor (MHz): 
                  0          1          2    
      0       0.076162  -0.236671   0.104682
      1      -0.236941   2.353519  -0.415285
      2       0.104824  -0.415089   0.133340
 A Tensor eigenvectors:
                   0          1          2    
      0       0.723833   0.681908   0.105203
      1      -0.048582   0.202466  -0.978084
      2      -0.688263   0.702858   0.179680
 A Eigenvalues: 
                  0          1          2    
      0      -0.006861   0.114621   2.455261
A(iso)  0.854340
 Nucleus: 21 H  
 Isotope: 1 
 Nuclear Spin:  0.5 
 Prefactor (MHz): 533.551395 
 Raw A tensor (MHz): 
                  0          1          2    
      0      27.394980   1.615670  -0.937002
      1       1.615152  27.587725  -0.513390
      2      -0.936370  -0.513580  26.050544
 A Tensor eigenvectors:
                   0          1          2    
      0       0.604430   0.422365   0.675480
      1      -0.282562  -0.679108   0.677474
      2       0.744865  -0.600350  -0.291129
 A Eigenvalues: 
                  0          1          2    
      0      25.485377  26.128935  29.418938
A(iso)  27.011083
 Nucleus: 22 H  
 Isotope: 1 
 Nuclear Spin:  0.5 
 Prefactor (MHz): 533.551395 
 Raw A tensor (MHz): 
                  0          1          2    
      0      26.791338   1.607237   0.955043
      1       1.606708  27.000250   0.547673
      2       0.954412   0.547885  25.506852
 A Tensor eigenvectors:
                   0          1          2    
      0      -0.616355   0.411548   0.671368
      1       0.282166  -0.680531   0.676210
      2       0.735179   0.606223   0.303324
 A Eigenvalues: 
                  0          1          2    
      0      24.916801  25.540314  28.841325
A(iso)  26.432813
 Nucleus: 24 H  
 Isotope: 1 
 Nuclear Spin:  0.5 
 Prefactor (MHz): 533.551395 
 Raw A tensor (MHz): 
                  0          1          2    
      0      -0.830210  -0.409305  -0.100817
      1      -0.408980   0.870902   0.410828
      2      -0.100574   0.410525  -0.931771
 A Tensor eigenvectors:
                   0          1          2    
      0       0.969347  -0.112930  -0.218207
      1       0.236440   0.187254   0.953432
      2      -0.066811  -0.975798   0.208216
 A Eigenvalues: 
                  0          1          2    
      0      -0.923042  -1.022235   1.054197
A(iso)  -0.297027
 Nucleus: 25 H  
 Isotope: 1 
 Nuclear Spin:  0.5 
 Prefactor (MHz): 533.551395 
 Raw A tensor (MHz): 
                  0          1          2    
      0      -0.820993  -0.396037   0.101399
      1      -0.395701   0.868215  -0.424701
      2       0.101162  -0.424419  -0.910373
 A Tensor eigenvectors:
                   0          1          2    
      0       0.970756   0.110736  -0.213001
      1       0.231512  -0.197085   0.952659
      2       0.063514  -0.974112  -0.216958
 A Eigenvalues: 
                  0          1          2    
      0      -0.908749  -1.007780   1.053378
A(iso)  -0.287717
 Nucleus: 27 H  
 Isotope: 1 
 Nuclear Spin:  0.5 
 Prefactor (MHz): 533.551395 
 Raw A tensor (MHz): 
                  0          1          2    
      0      -0.073622   0.276374  -0.060157
      1       0.276477   0.733534  -0.129402
      2      -0.060174  -0.129310  -0.116655
 A Tensor eigenvectors:
                   0          1          2    
      0      -0.441031   0.847541   0.295239
      1       0.270494  -0.188140   0.944159
      2       0.855760   0.496264  -0.146279
 A Eigenvalues: 
                  0          1          2    
      0      -0.126503  -0.170262   0.840022
A(iso)  0.181086
 Nucleus: 28 H  
 Isotope: 1 
 Nuclear Spin:  0.5 
 Prefactor (MHz): 533.551395 
 Raw A tensor (MHz): 
                  0          1          2    
      0      -0.070363   0.274539   0.060554
      1       0.274638   0.736498   0.138088
      2       0.060571   0.137991  -0.108870
 A Tensor eigenvectors:
                   0          1          2    
      0      -0.410528   0.863381  -0.293324
      1       0.270946  -0.191652  -0.943323
      2      -0.870663  -0.466736  -0.155251
 A Eigenvalues: 
                  0          1          2    
      0      -0.123239  -0.164101   0.844606
A(iso)  0.185755
 Nucleus: 30 H  
 Isotope: 1 
 Nuclear Spin:  0.5 
 Prefactor (MHz): 533.551395 
 Raw A tensor (MHz): 
                  0          1          2    
      0      -0.110095  -0.011988   0.002698
      1      -0.011931   0.392879  -0.067227
      2       0.002691  -0.067196  -0.115884
 A Tensor eigenvectors:
                   0          1          2    
      0       0.996607  -0.078762   0.023891
      1       0.033771   0.126608  -0.991378
      2       0.075058   0.988821   0.128839
 A Eigenvalues: 
                  0          1          2    
      0      -0.110296  -0.124703   0.401899
A(iso)  0.055633
 Nucleus: 31 H  
 Isotope: 1 
 Nuclear Spin:  0.5 
 Prefactor (MHz): 533.551395 
 Raw A tensor (MHz): 
                  0          1          2    
      0      -0.108148  -0.013707  -0.002857
      1      -0.013651   0.395389   0.066743
      2      -0.002849   0.066708  -0.114245
 A Tensor eigenvectors:
                   0          1          2    
      0       0.996811  -0.075007  -0.027227
      1       0.036516   0.125404   0.991434
      2      -0.070950  -0.989266   0.127743
 A Eigenvalues: 
                  0          1          2    
      0      -0.108446  -0.122918   0.404359
A(iso)  0.057665
 Nucleus: 33 H  
 Isotope: 1 
 Nuclear Spin:  0.5 
 Prefactor (MHz): 533.551395 
 Raw A tensor (MHz): 
                  0          1          2    
      0       2.471941   0.134820  -0.020071
      1       0.134557   4.646948  -0.004714
      2      -0.020068  -0.004709   3.226376
 A Tensor eigenvectors:
                   0          1          2    
      0       0.997770  -0.025551  -0.061669
      1      -0.061542   0.005744  -0.998088
      2       0.025857   0.999657   0.004158
 A Eigenvalues: 
                  0          1          2    
      0       2.463121   3.226862   4.655282
A(iso)  3.448422
 Nucleus: 34 H  
 Isotope: 1 
 Nuclear Spin:  0.5 
 Prefactor (MHz): 533.551395 
 Raw A tensor (MHz): 
                  0          1          2    
      0      -0.840829   0.281221  -0.000097
      1       0.281134   0.700562   0.000149
      2      -0.000097   0.000150  -0.867103
 A Tensor eigenvectors:
                   0          1          2    
      0       0.174049   0.005133  -0.984724
      1       0.984737  -0.000826   0.174047
      2       0.000080  -0.999986  -0.005199
 A Eigenvalues: 
                  0          1          2    
      0       0.750252  -0.867102  -0.890519
A(iso)  -0.335790
 Nucleus: 35 H  
 Isotope: 1 
 Nuclear Spin:  0.5 
 Prefactor (MHz): 533.551395 
 Raw A tensor (MHz): 
                  0          1          2    
      0      -0.131357   0.055880   0.000016
      1       0.055919   0.239607   0.000774
      2       0.000016   0.000773  -0.136327
 A Tensor eigenvectors:
                   0          1          2    
      0      -0.029543   0.988875   0.145787
      1       0.002334  -0.145782   0.989314
      2       0.999561   0.029567   0.001999
 A Eigenvalues: 
                  0          1          2    
      0      -0.136325  -0.139601   0.247848
A(iso)  -0.009359
 Nucleus: 36 H  
 Isotope: 1 
 Nuclear Spin:  0.5 
 Prefactor (MHz): 533.551395 
 Raw A tensor (MHz): 
                  0          1          2    
      0      -7.776228  -1.679640   0.194381
      1      -1.676828 -20.301264  -0.018931
      2       0.194366  -0.018985 -17.707858
 A Tensor eigenvectors:
                   0          1          2    
      0      -0.991248  -0.018742   0.130679
      1       0.130611   0.004842   0.991422
      2      -0.019214   0.999813  -0.002352
 A Eigenvalues: 
                  0          1          2    
      0      -7.551509 -17.711593 -20.522248
A(iso)  -15.261783
# -------------------------------------------------------------
----------------------- !GEOMETRIES! ------------------------
# -------------------------------------------------------------
------------------------ !GEOMETRY! -------------------------
    Number of atoms:    37 
    Geometry Index:     1 
    Coordinates:
               0 C     -2.934073386122   -0.018765607331   -0.033820568442
               1 C      1.296326273183    0.061617285530    0.042355298923
               2 C      0.590315539750    1.299012026609    0.023646251892
               3 C     -0.830012156955    1.218757760864   -0.002082941921
               4 C     -1.498941257480   -0.010709998098   -0.008375689856
               5 C     -0.774369934396   -1.238299669698    0.010896252806
               6 C      0.629304520868   -1.156514483637    0.035977975919
               7 H     -1.426643023280    2.131592335984   -0.017243433832
               8 H      1.218067936985   -2.074806162377    0.050924511558
               9 C      1.286598637378    2.534947597924    0.031265526131
              10 H      2.380845550828    2.491530128308    0.052873970590
              11 C      0.640773683255    3.887236695559    0.012786545614
              12 H     -0.012358444795    3.982869128980   -0.879700411167
              13 H     -0.049609556980    3.989014483663    0.876092402336
              14 C      1.643396976273    5.048244094755    0.030136835497
              15 H      2.282865100538    4.958143914585    0.927400198203
              16 H      2.320747724974    4.952085932365   -0.838264373246
              17 C      0.972654764292    6.422996142904    0.011072652705
              18 H      0.314264659244    6.559972199290    0.886339282326
              19 H      0.351320224537    6.553366061007   -0.891860439582
              20 C     -1.525236371535   -2.553953156010    0.005144436598
              21 H     -2.211934470258   -2.565965695448    0.872442778373
              22 H     -2.196234662496   -2.567265243330   -0.874138148028
              23 C     -0.682959351801   -3.832514631094    0.013733137815
              24 H     -0.008492076551   -3.844031336889   -0.862466467881
              25 H     -0.029866376312   -3.846911744295    0.905937020057
              26 C     -1.540345933948   -5.103811603084    0.002012080703
              27 H     -2.217941994954   -5.093519776011    0.875899343736
              28 H     -2.195918054080   -5.092106275069   -0.888500196764
              29 C     -0.711165333078   -6.390339862232    0.011268629890
              30 H     -0.071580725683   -6.448752360862    0.909013624868
              31 H     -0.048194507912   -6.446329735141   -0.869486351134
              32 C     -4.149636927015   -0.020449037570   -0.056777772465
              33 H     -5.221733888175   -0.017268798568   -0.080212931545
              34 H      1.717398605755    7.235047285840    0.023637902100
              35 H     -1.353741979300   -7.285749880179    0.001613313580
              36 H      2.389514035248    0.078500952757    0.062394233640
