-------------------------------------------------------------
----------------------- !PROPERTIES! ------------------------
-------------------------------------------------------------
# -----------------------------------------------------------
$ PAL_Flags
   description: The PAL Flags
   geom. index: 1
   prop. index: 1
        Diskflag:     2
# -----------------------------------------------------------
$ SCF_Energy
   description: The SCF energy
   geom. index: 1
   prop. index: 1
        SCF Energy:     -621.9212255106
# -----------------------------------------------------------
$ DFT_Energy
   description: The DFT energy
   geom. index: 1
   prop. index: 1
   Number of Alpha Electrons                 59.0000755740 
   Number of Beta  Electrons                 58.0000656481 
   Total number of  Electrons               117.0001412220 
   Exchange energy                          -71.5581966216 
   Correlation energy                        -4.5091127705 
   Correlation energy NL                      0.0000000000 
   Exchange-Correlation energy              -76.0673093921 
   Embedding correction                       0.0000000000 
   Total DFT Energy (No VdW correction)    -621.9212255106 
# -----------------------------------------------------------
$ Mayer_Pop
   description: The Mayer population analysis
   geom. index: 1
   prop. index: 1
     Number of atoms                     : 37
     Threshold for printing              : 0.1000000
     Number of bond orders printed       : 43
  NA   - Mulliken gross atomic population
  ZA   - Total nuclear charge
  QA   - Mulliken gross atomic charge
  VA   - Mayer's total valence
  BVA  - Mayer's bonded valence
  FA   - Mayer's free valence
  ATOM       NA         ZA         QA         VA         BVA        FA
  0   0     5.9976     6.0000     0.0024     3.8148     3.8145     0.0003
  1   0     6.3703     6.0000    -0.3703     4.2400     4.2056     0.0344
  2   0     5.3505     6.0000     0.6495     3.7469     3.7335     0.0134
  3   0     6.4796     6.0000    -0.4796     4.2744     4.2380     0.0364
  4   0     5.5444     6.0000     0.4556     3.9353     3.9292     0.0061
  5   0     5.7529     6.0000     0.2471     3.8762     3.8363     0.0399
  6   0     6.2198     6.0000    -0.2198     4.2012     4.1936     0.0076
  7   0     0.8727     1.0000     0.1273     0.9643     0.9641     0.0002
  8   0     0.8868     1.0000     0.1132     0.9691     0.9691     0.0000
  9   0     6.3183     6.0000    -0.3183     4.0426     3.6254     0.4172
 10   0     0.8801     1.0000     0.1199     0.9718     0.9700     0.0018
 11   0     6.2625     6.0000    -0.2625     3.9556     3.9541     0.0015
 12   0     0.8503     1.0000     0.1497     0.9648     0.9637     0.0011
 13   0     0.8505     1.0000     0.1495     0.9648     0.9637     0.0011
 14   0     6.2863     6.0000    -0.2863     3.9059     3.9059     0.0000
 15   0     0.8477     1.0000     0.1523     0.9640     0.9640     0.0000
 16   0     0.8478     1.0000     0.1522     0.9641     0.9641     0.0000
 17   0     6.5069     6.0000    -0.5069     3.9042     3.9042     0.0000
 18   0     0.8421     1.0000     0.1579     0.9658     0.9658     0.0000
 19   0     0.8421     1.0000     0.1579     0.9658     0.9658     0.0000
 20   0     6.3714     6.0000    -0.3714     4.0378     4.0376     0.0002
 21   0     0.8458     1.0000     0.1542     0.9620     0.9619     0.0001
 22   0     0.8463     1.0000     0.1537     0.9623     0.9622     0.0001
 23   0     6.2684     6.0000    -0.2684     4.0195     4.0195     0.0000
 24   0     0.8611     1.0000     0.1389     0.9667     0.9667     0.0000
 25   0     0.8617     1.0000     0.1383     0.9669     0.9669     0.0000
 26   0     6.2574     6.0000    -0.2574     3.8966     3.8966     0.0000
 27   0     0.8575     1.0000     0.1425     0.9676     0.9676     0.0000
 28   0     0.8574     1.0000     0.1426     0.9675     0.9675     0.0000
 29   0     6.5093     6.0000    -0.5093     3.8986     3.8986     0.0000
 30   0     0.8426     1.0000     0.1574     0.9658     0.9658     0.0000
 31   0     0.8426     1.0000     0.1574     0.9658     0.9658     0.0000
 32   0     6.5382     6.0000    -0.5382     3.8954     3.8942     0.0012
 33   0     0.8191     1.0000     0.1809     0.9771     0.9771     0.0000
 34   0     0.8553     1.0000     0.1447     0.9673     0.9673     0.0000
 35   0     0.8562     1.0000     0.1438     0.9669     0.9669     0.0000
 36   0     0.9006     1.0000     0.0994     0.9622     0.9620     0.0002
      Bond orders larger than 0.1000000
           Atom A     A.N. of A          Atom B    A.N. of B              Bond order
                0             6               4            6                0.910327
                0             6              32            6                2.701979
                1             6               2            6                1.244999
                1             6               5            6                0.116425
                1             6               6            6                1.518063
                1             6               9            6                0.168379
                1             6              36            1                0.981898
                2             6               3            6                1.256283
                2             6               4            6                0.122147
                2             6               6            6                0.109872
                2             6               9            6                1.196054
                3             6               4            6                1.455000
                3             6               7            1                0.980559
                3             6               9            6                0.117476
                4             6               5            6                1.348317
                4             6               6            6                0.102059
                5             6               6            6                1.392462
                5             6              20            6                0.953400
                6             6               8            1                0.976860
                9             6              10            1                1.006853
                9             6              11            6                0.998927
               11             6              12            1                0.956168
               11             6              13            1                0.956047
               11             6              14            6                0.978068
               14             6              15            1                0.973034
               14             6              16            1                0.973026
               14             6              17            6                0.962445
               17             6              18            1                0.971919
               17             6              19            1                0.971926
               17             6              34            1                0.967712
               20             6              21            1                0.955897
               20             6              22            1                0.955779
               20             6              23            6                1.011998
               23             6              24            1                0.961910
               23             6              25            1                0.961426
               23             6              26            6                0.990724
               26             6              27            1                0.971405
               26             6              28            1                0.971283
               26             6              29            6                0.953750
               29             6              30            1                0.972835
               29             6              31            1                0.972757
               29             6              35            1                0.967886
               32             6              33            1                0.984108
# -----------------------------------------------------------
$ Calculation_Info
   description: Details of the calculation
   geom. index: 1
   prop. index: 1
     Multiplicity:                          2
     Charge:                                0
     number of atoms:                       37
     number of electrons:                   0
     number of frozen core electrons:       1
     number of correlated electrons:        0
     number of basis functions:             419
     number of aux C basis functions:       2878
     number of aux J basis functions:       2878
     number of aux JK basis functions:      2878
     number of aux CABS basis functions:    0
     Total Energy                           -621.921226
# -----------------------------------------------------------
$ SCF_Electric_Properties
   description: The SCF Calculated Electric Properties
   geom. index: 1
   prop. index: 1
       Filename                          : EPRII.scfp 
       Do Dipole Moment Calculation      : true 
       Do Quadrupole Moment Calculation  : false 
       Do Polarizability Calculation     : false 
** Dipole moment part of electric properties **
        Magnitude of dipole moment (Debye) :        0.4729231374
        Electronic Contribution:
                  0    
      0      -4.790867
      1       2.150991
      2      -0.059187
        Nuclear Contribution:
                  0    
      0       4.976905
      1      -2.150009
      2       0.061751
        Total Dipole moment:
                  0    
      0       0.186038
      1       0.000982
      2       0.002563
# -----------------------------------------------------------
$ EPRNMR_GTensor
   description: Electronic g tensor
   geom. index: 1
   prop. index: 1
 Source density: 1 SCF 
 Spin multiplicity: 2 
 raw g tensor: 
                  0          1          2    
      0       2.002785   0.000072   0.000011
      1       0.000039   2.002778  -0.000002
      2       0.000011  -0.000002   2.002178
 g tensor: 
                  0          1          2    
      0      -0.018959  -0.682242  -0.730880
      1       0.005225   0.730934  -0.682428
      2       0.999807  -0.016757  -0.010292
 G eigenvalues: 
                  0          1          2    
      0       2.002178   2.002726   2.002837
# -----------------------------------------------------------
$ EPRNMR_OrbitalShielding
   description: Orbital contribution to the NMR Shielding tensor (ppm)
   geom. index: 1
   prop. index: 1
 Number of stored nuclei 21
 Source density: 1 SCF 
 Nucleus: 7 H 
 Shielding tensor (ppm): 
                  0          1          2    
      0      26.770732   5.890375   0.095790
      1       5.084697  26.316868   0.064515
      2       0.107135   0.081682  19.985116
 P Tensor eigenvectors:
                   0          1          2    
      0      -0.018692   0.697575   0.716268
      1       0.004743  -0.716324   0.697752
      2       0.999814   0.016440   0.010081
 P Eigenvalues: 
                  0          1          2    
      0      19.983557  21.052493  32.036665
P(iso)  24.357572
 Nucleus: 8 H 
 Shielding tensor (ppm): 
                  0          1          2    
      0      27.336157   4.210472   0.126019
      1       5.091497  26.741098   0.073680
      2       0.106331   0.061793  20.204823
 P Tensor eigenvectors:
                   0          1          2    
      0      -0.017974   0.677989   0.734852
      1       0.002363  -0.734940   0.678128
      2       0.999836   0.013925   0.011607
 P Eigenvalues: 
                  0          1          2    
      0      20.202913  22.379170  31.699995
P(iso)  24.760693
 Nucleus: 10 H 
 Shielding tensor (ppm): 
                  0          1          2    
      0      23.878232  -0.853179   0.022702
      1      -0.409972  32.286046  -0.047258
      2       0.030400  -0.054651  22.617504
 P Tensor eigenvectors:
                   0          1          2    
      0      -0.018925  -0.997327   0.070570
      1       0.004034  -0.070658  -0.997492
      2       0.999813  -0.018593   0.005361
 P Eigenvalues: 
                  0          1          2    
      0      22.616793  23.831610  32.333379
P(iso)  26.260594
 Nucleus: 12 H 
 Shielding tensor (ppm): 
                  0          1          2    
      0      28.725087   1.599396   3.176691
      1       0.675940  30.455668  -0.383539
      2       3.876912  -1.158746  28.403605
 P Tensor eigenvectors:
                   0          1          2    
      0      -0.676368  -0.002886   0.736558
      1       0.217984  -0.955981   0.196424
      2       0.703569   0.293413   0.647224
 P Eigenvalues: 
                  0          1          2    
      0      24.719569  30.711901  32.152891
P(iso)  29.194787
 Nucleus: 13 H 
 Shielding tensor (ppm): 
                  0          1          2    
      0      29.023014   1.545936  -3.165981
      1       0.638022  30.478283   0.388982
      2      -3.860022   1.198775  28.074778
 P Tensor eigenvectors:
                   0          1          2    
      0       0.645477   0.019814   0.763523
      1      -0.212145  -0.955677   0.204146
      2       0.733726  -0.293748  -0.612664
 P Eigenvalues: 
                  0          1          2    
      0      24.704280  30.715586  32.156210
P(iso)  29.192025
 Nucleus: 15 H 
 Shielding tensor (ppm): 
                  0          1          2    
      0      30.801922  -0.607066   4.603576
      1      -0.207091  30.096920  -0.650982
      2       4.510811   0.498529  29.042972
 P Tensor eigenvectors:
                   0          1          2    
      0      -0.638153  -0.039604   0.768890
      1      -0.031378  -0.996508  -0.077371
      2       0.769270  -0.073501   0.634682
 P Eigenvalues: 
                  0          1          2    
      0      25.273339  30.075566  34.592909
P(iso)  29.980605
 Nucleus: 16 H 
 Shielding tensor (ppm): 
                  0          1          2    
      0      31.186597  -0.620685  -4.516884
      1      -0.266585  30.097942   0.628670
      2      -4.420760  -0.529249  28.654151
 P Tensor eigenvectors:
                   0          1          2    
      0       0.604853  -0.043052   0.795173
      1       0.037052  -0.995935  -0.082105
      2       0.795475   0.079124  -0.600799
 P Eigenvalues: 
                  0          1          2    
      0      25.265362  30.075488  34.597840
P(iso)  29.979563
 Nucleus: 18 H 
 Shielding tensor (ppm): 
                  0          1          2    
      0      30.176400  -1.584417  -3.858682
      1      -2.371041  31.064664   2.610474
      2      -3.147938   2.136127  31.085700
 P Tensor eigenvectors:
                   0          1          2    
      0      -0.746233   0.363125  -0.557922
      1       0.027374   0.854147   0.519311
      2      -0.665122  -0.372254   0.647333
 P Eigenvalues: 
                  0          1          2    
      0      27.096070  29.161509  36.069184
P(iso)  30.775588
 Nucleus: 19 H 
 Shielding tensor (ppm): 
                  0          1          2    
      0      29.887005  -1.466671   3.816911
      1      -2.236876  31.029457  -2.706930
      2       3.111461  -2.197148  31.411048
 P Tensor eigenvectors:
                   0          1          2    
      0      -0.773196   0.347708   0.530346
      1       0.032328   0.856811  -0.514616
      2       0.633342   0.380755   0.673724
 P Eigenvalues: 
                  0          1          2    
      0      27.098881  29.160670  36.067958
P(iso)  30.775837
 Nucleus: 21 H 
 Shielding tensor (ppm): 
                  0          1          2    
      0      28.510619  -1.905472  -3.391078
      1      -1.323911  31.333935   0.094938
      2      -4.837604  -0.993158  26.591593
 P Tensor eigenvectors:
                   0          1          2    
      0       0.618329   0.447543  -0.646046
      1       0.153424   0.737473   0.657720
      2       0.770799  -0.505806   0.387337
 P Eigenvalues: 
                  0          1          2    
      0      23.102495  30.687078  32.646574
P(iso)  28.812049
 Nucleus: 22 H 
 Shielding tensor (ppm): 
                  0          1          2    
      0      28.320184  -1.993920   3.459649
      1      -1.338010  31.408234  -0.157951
      2       4.893112   0.877678  26.679736
 P Tensor eigenvectors:
                   0          1          2    
      0      -0.632887   0.456031  -0.625691
      1      -0.148628   0.721543   0.676229
      2       0.759844   0.520972  -0.388877
 P Eigenvalues: 
                  0          1          2    
      0      23.029759  30.641293  32.737102
P(iso)  28.802718
 Nucleus: 24 H 
 Shielding tensor (ppm): 
                  0          1          2    
      0      30.320851   0.562199  -3.840333
      1       0.571816  31.443436   0.057449
      2      -3.755553   1.309808  28.405094
 P Tensor eigenvectors:
                   0          1          2    
      0       0.609508  -0.075268   0.789199
      1      -0.134867  -0.990817   0.009663
      2       0.781224  -0.112327  -0.614062
 P Eigenvalues: 
                  0          1          2    
      0      25.317913  31.571260  33.280206
P(iso)  30.056460
 Nucleus: 25 H 
 Shielding tensor (ppm): 
                  0          1          2    
      0      30.130569   0.608097   3.905098
      1       0.578325  31.436932  -0.051339
      2       3.818867  -1.276497  28.565195
 P Tensor eigenvectors:
                   0          1          2    
      0      -0.627942  -0.072356   0.774889
      1       0.134535  -0.990771   0.016508
      2       0.766544   0.114616   0.631881
 P Eigenvalues: 
                  0          1          2    
      0      25.279361  31.564151  33.289185
P(iso)  30.044232
 Nucleus: 27 H 
 Shielding tensor (ppm): 
                  0          1          2    
      0      30.862986  -0.275890  -4.651370
      1      -0.052905  30.930025  -0.504092
      2      -4.320461  -1.165712  28.650975
 P Tensor eigenvectors:
                   0          1          2    
      0       0.609975  -0.164707  -0.775114
      1       0.122254   0.986009  -0.113314
      2       0.782934  -0.025642   0.621577
 P Eigenvalues: 
                  0          1          2    
      0      25.039038  30.984431  34.420517
P(iso)  30.147995
 Nucleus: 28 H 
 Shielding tensor (ppm): 
                  0          1          2    
      0      30.634830  -0.320290   4.710613
      1      -0.070006  30.929571   0.496090
      2       4.381385   1.154001  28.880192
 P Tensor eigenvectors:
                   0          1          2    
      0      -0.629882  -0.162729  -0.759452
      1      -0.122279   0.986388  -0.109937
      2       0.767005   0.023617  -0.641207
 P Eigenvalues: 
                  0          1          2    
      0      25.029619  30.986769  34.428205
P(iso)  30.148198
 Nucleus: 30 H 
 Shielding tensor (ppm): 
                  0          1          2    
      0      30.250124  -1.723658   4.053475
      1      -2.546936  30.747671  -2.294135
      2       3.361015  -1.897584  31.244751
 P Tensor eigenvectors:
                   0          1          2    
      0       0.775278  -0.238774   0.584749
      1       0.092096  -0.873163  -0.478648
      2      -0.624870  -0.424939   0.654954
 P Eigenvalues: 
                  0          1          2    
      0      26.987079  29.115700  36.139767
P(iso)  30.747515
 Nucleus: 31 H 
 Shielding tensor (ppm): 
                  0          1          2    
      0      30.442885  -1.763711  -4.074108
      1      -2.597220  30.743305   2.220640
      2      -3.383287   1.849930  31.056459
 P Tensor eigenvectors:
                   0          1          2    
      0      -0.758759   0.249681  -0.601618
      1      -0.091205   0.873794   0.477666
      2      -0.644954  -0.417305   0.640227
 P Eigenvalues: 
                  0          1          2    
      0      26.988877  29.120410  36.133362
P(iso)  30.747549
 Nucleus: 33 H 
 Shielding tensor (ppm): 
                  0          1          2    
      0      35.792366  -0.508098   0.246011
      1      -0.863812  25.759522  -0.024712
      2       0.217910  -0.012208  24.212451
 P Tensor eigenvectors:
                   0          1          2    
      0      -0.020079  -0.065055   0.997680
      1       0.003148  -0.997880  -0.065005
      2       0.999793   0.001836   0.020242
 P Eigenvalues: 
                  0          1          2    
      0      24.207792  25.712929  35.843617
P(iso)  28.588113
 Nucleus: 34 H 
 Shielding tensor (ppm): 
                  0          1          2    
      0      29.742847   2.584535   0.065248
      1       3.931152  35.743281   0.046475
      2       0.060446   0.018706  26.098045
 P Tensor eigenvectors:
                   0          1          2    
      0      -0.020361   0.911400   0.411018
      1       0.003496  -0.411036   0.911613
      2       0.999787   0.019998   0.005183
 P Eigenvalues: 
                  0          1          2    
      0      26.096879  28.316028  37.171267
P(iso)  30.528058
 Nucleus: 35 H 
 Shielding tensor (ppm): 
                  0          1          2    
      0      28.897324   1.756829   0.042426
      1       3.049146  36.597734   0.051566
      2       0.044362   0.037139  26.017141
 P Tensor eigenvectors:
                   0          1          2    
      0      -0.014254   0.958463   0.284859
      1      -0.000921  -0.284901   0.958557
      2       0.999898   0.013401   0.004944
 P Eigenvalues: 
                  0          1          2    
      0      26.016480  28.210260  37.285459
P(iso)  30.504066
 Nucleus: 36 H 
 Shielding tensor (ppm): 
                  0          1          2    
      0      23.170645   0.967337   0.024830
      1       0.425494  29.834030  -0.028037
      2       0.026767  -0.016948  21.556651
 P Tensor eigenvectors:
                   0          1          2    
      0      -0.017800  -0.995052  -0.097753
      1       0.004228   0.097693  -0.995208
      2       0.999833  -0.018128   0.002468
 P Eigenvalues: 
                  0          1          2    
      0      21.556097  23.099324  29.905905
P(iso)  24.853775
# -----------------------------------------------------------
$ EPRNMR_ATensor
   description: Hyperfine A tensor
   geom. index: 1
   prop. index: 1
 Number of stored nuclei 21
 Source density: 1 SCF 
 Spin multiplicity: 2 
 Nucleus: 7 H  
 Isotope: 1 
 Nuclear Spin:  0.5 
 Prefactor (MHz): 533.551395 
 Raw A tensor (MHz): 
                  0          1          2    
      0     -15.659741  -6.530800   0.067665
      1      -6.533481 -13.467403  -0.133343
      2       0.067682  -0.133293 -17.555037
 A Tensor eigenvectors:
                   0          1          2    
      0      -0.645833  -0.017023   0.763289
      1       0.763329   0.005415   0.645988
      2      -0.015130   0.999840   0.009497
 A Eigenvalues: 
                  0          1          2    
      0      -7.937894 -17.556911 -21.187376
A(iso)  -15.560727
 Nucleus: 8 H  
 Isotope: 1 
 Nuclear Spin:  0.5 
 Prefactor (MHz): 533.551395 
 Raw A tensor (MHz): 
                  0          1          2    
      0       7.832414   2.201335   0.054246
      1       2.201184   7.083240   0.027222
      2       0.054249   0.027225   4.288215
 A Tensor eigenvectors:
                   0          1          2    
      0      -0.018108   0.644850   0.764095
      1       0.004523  -0.764159   0.645012
      2       0.999826   0.015136   0.010921
 A Eigenvalues: 
                  0          1          2    
      0       4.287356   5.225138   9.691375
A(iso)  6.401290
 Nucleus: 10 H  
 Isotope: 1 
 Nuclear Spin:  0.5 
 Prefactor (MHz): 533.551395 
 Raw A tensor (MHz): 
                  0          1          2    
      0     -20.821243  -2.011446   0.597838
      1      -2.008875 -77.188074   0.078400
      2       0.597829   0.078343 -51.042090
 A Tensor eigenvectors:
                   0          1          2    
      0       0.999174  -0.019472  -0.035657
      1      -0.035576   0.004497  -0.999357
      2       0.019620   0.999800   0.003801
 A Eigenvalues: 
                  0          1          2    
      0     -20.737978 -51.053381 -77.260048
A(iso)  -49.683802
 Nucleus: 12 H  
 Isotope: 1 
 Nuclear Spin:  0.5 
 Prefactor (MHz): 533.551395 
 Raw A tensor (MHz): 
                  0          1          2    
      0      76.986888  -3.697652   2.138082
      1      -3.696160  79.093384  -2.161145
      2       2.136301  -2.161240  73.852197
 A Tensor eigenvectors:
                   0          1          2    
      0      -0.386758  -0.714374   0.583171
      1       0.087266  -0.657896  -0.748036
      2       0.918043  -0.238418   0.316787
 A Eigenvalues: 
                  0          1          2    
      0      72.746602  74.295508  82.890360
A(iso)  76.644157
 Nucleus: 13 H  
 Isotope: 1 
 Nuclear Spin:  0.5 
 Prefactor (MHz): 533.551395 
 Raw A tensor (MHz): 
                  0          1          2    
      0      76.862957  -3.794707  -1.970795
      1      -3.793190  78.820270   1.963023
      2      -1.969020   1.963060  73.343401
 A Tensor eigenvectors:
                   0          1          2    
      0       0.346732  -0.724209   0.596069
      1      -0.081291  -0.656303  -0.750105
      2       0.934435   0.211630  -0.286433
 A Eigenvalues: 
                  0          1          2    
      0      72.441875  74.000399  82.584353
A(iso)  76.342209
 Nucleus: 15 H  
 Isotope: 1 
 Nuclear Spin:  0.5 
 Prefactor (MHz): 533.551395 
 Raw A tensor (MHz): 
                  0          1          2    
      0      -2.498677   2.252737   0.713782
      1       2.252561   1.741275   1.430535
      2       0.713281   1.429419  -3.052659
 A Tensor eigenvectors:
                   0          1          2    
      0      -0.387132   0.562283  -0.730730
      1      -0.887442  -0.442251   0.129851
      2      -0.250153   0.698750   0.670203
 A Eigenvalues: 
                  0          1          2    
      0       3.126766  -3.383323  -3.553503
A(iso)  -1.270020
 Nucleus: 16 H  
 Isotope: 1 
 Nuclear Spin:  0.5 
 Prefactor (MHz): 533.551395 
 Raw A tensor (MHz): 
                  0          1          2    
      0      -2.437792   2.306685  -0.702494
      1       2.306557   1.717238  -1.367439
      2      -0.701998  -1.366325  -3.088781
 A Tensor eigenvectors:
                   0          1          2    
      0       0.397675  -0.582848   0.708621
      1       0.885604   0.445777  -0.130341
      2      -0.239918   0.679390   0.693447
 A Eigenvalues: 
                  0          1          2    
      0       3.123056  -3.382994  -3.549397
A(iso)  -1.269778
 Nucleus: 18 H  
 Isotope: 1 
 Nuclear Spin:  0.5 
 Prefactor (MHz): 533.551395 
 Raw A tensor (MHz): 
                  0          1          2    
      0       0.087986  -0.255178  -0.104574
      1      -0.255456   2.360350   0.389966
      2      -0.104715   0.389779   0.121383
 A Tensor eigenvectors:
                   0          1          2    
      0      -0.692772   0.712262   0.112918
      1       0.044019   0.198052  -0.979203
      2      -0.719812  -0.673393  -0.168558
 A Eigenvalues: 
                  0          1          2    
      0      -0.003807   0.116620   2.456906
A(iso)  0.856573
 Nucleus: 19 H  
 Isotope: 1 
 Nuclear Spin:  0.5 
 Prefactor (MHz): 533.551395 
 Raw A tensor (MHz): 
                  0          1          2    
      0       0.076203  -0.236682   0.104683
      1      -0.236952   2.353590  -0.415285
      2       0.104825  -0.415089   0.133377
 A Tensor eigenvectors:
                   0          1          2    
      0       0.723833   0.681907   0.105206
      1      -0.048578   0.202466  -0.978084
      2      -0.688263   0.702858   0.179678
 A Eigenvalues: 
                  0          1          2    
      0      -0.006822   0.114659   2.455333
A(iso)  0.854390
 Nucleus: 21 H  
 Isotope: 1 
 Nuclear Spin:  0.5 
 Prefactor (MHz): 533.551395 
 Raw A tensor (MHz): 
                  0          1          2    
      0      27.384467   1.615318  -0.937081
      1       1.614800  27.576174  -0.513084
      2      -0.936448  -0.513274  26.040151
 A Tensor eigenvectors:
                   0          1          2    
      0       0.604495   0.422099   0.675587
      1      -0.282779  -0.679146   0.677345
      2       0.744729  -0.600494  -0.291180
 A Eigenvalues: 
                  0          1          2    
      0      25.474768  26.118478  29.407546
A(iso)  27.000264
 Nucleus: 22 H  
 Isotope: 1 
 Nuclear Spin:  0.5 
 Prefactor (MHz): 533.551395 
 Raw A tensor (MHz): 
                  0          1          2    
      0      26.781040   1.606890   0.955121
      1       1.606361  26.988905   0.547361
      2       0.954490   0.547573  25.496682
 A Tensor eigenvectors:
                   0          1          2    
      0      -0.616424   0.411269   0.671475
      1       0.282394  -0.680566   0.676079
      2       0.735034   0.606373   0.303377
 A Eigenvalues: 
                  0          1          2    
      0      24.906409  25.530068  28.830150
A(iso)  26.422209
 Nucleus: 24 H  
 Isotope: 1 
 Nuclear Spin:  0.5 
 Prefactor (MHz): 533.551395 
 Raw A tensor (MHz): 
                  0          1          2    
      0      -0.829932  -0.409090  -0.100792
      1      -0.408766   0.870992   0.410766
      2      -0.100550   0.410463  -0.931489
 A Tensor eigenvectors:
                   0          1          2    
      0       0.969344  -0.113099  -0.218132
      1       0.236399   0.187217   0.953449
      2      -0.066996  -0.975786   0.208214
 A Eigenvalues: 
                  0          1          2    
      0      -0.922677  -1.021940   1.054189
A(iso)  -0.296810
 Nucleus: 25 H  
 Isotope: 1 
 Nuclear Spin:  0.5 
 Prefactor (MHz): 533.551395 
 Raw A tensor (MHz): 
                  0          1          2    
      0      -0.820727  -0.395827   0.101374
      1      -0.395492   0.868301  -0.424633
      2       0.101138  -0.424351  -0.910104
 A Tensor eigenvectors:
                   0          1          2    
      0       0.970751   0.110926  -0.212927
      1       0.231478  -0.197040   0.952677
      2       0.063722  -0.974100  -0.216954
 A Eigenvalues: 
                  0          1          2    
      0      -0.908399  -1.007495   1.053365
A(iso)  -0.287510
 Nucleus: 27 H  
 Isotope: 1 
 Nuclear Spin:  0.5 
 Prefactor (MHz): 533.551395 
 Raw A tensor (MHz): 
                  0          1          2    
      0      -0.073575   0.276325  -0.060146
      1       0.276428   0.733408  -0.129390
      2      -0.060164  -0.129298  -0.116643
 A Tensor eigenvectors:
                   0          1          2    
      0      -0.441348   0.847373   0.295247
      1       0.270576  -0.188041   0.944155
      2       0.855570   0.496587  -0.146287
 A Eigenvalues: 
                  0          1          2    
      0      -0.126485  -0.170207   0.839882
A(iso)  0.181063
 Nucleus: 28 H  
 Isotope: 1 
 Nuclear Spin:  0.5 
 Prefactor (MHz): 533.551395 
 Raw A tensor (MHz): 
                  0          1          2    
      0      -0.070319   0.274490   0.060546
      1       0.274589   0.736369   0.138074
      2       0.060562   0.137977  -0.108862
 A Tensor eigenvectors:
                   0          1          2    
      0      -0.410877   0.863213  -0.293332
      1       0.271035  -0.191545  -0.943319
      2      -0.870471  -0.467091  -0.155259
 A Eigenvalues: 
                  0          1          2    
      0      -0.123224  -0.164051   0.844463
A(iso)  0.185730
 Nucleus: 30 H  
 Isotope: 1 
 Nuclear Spin:  0.5 
 Prefactor (MHz): 533.551395 
 Raw A tensor (MHz): 
                  0          1          2    
      0      -0.110098  -0.011980   0.002700
      1      -0.011923   0.392819  -0.067219
      2       0.002693  -0.067188  -0.115893
 A Tensor eigenvectors:
                   0          1          2    
      0       0.996594  -0.078938   0.023878
      1       0.033781   0.126602  -0.991378
      2       0.075234   0.988808   0.128837
 A Eigenvalues: 
                  0          1          2    
      0      -0.110299  -0.124711   0.401838
A(iso)  0.055609
 Nucleus: 31 H  
 Isotope: 1 
 Nuclear Spin:  0.5 
 Prefactor (MHz): 533.551395 
 Raw A tensor (MHz): 
                  0          1          2    
      0      -0.108152  -0.013698  -0.002859
      1      -0.013643   0.395329   0.066736
      2      -0.002851   0.066701  -0.114255
 A Tensor eigenvectors:
                   0          1          2    
      0       0.996800  -0.075163  -0.027214
      1       0.036523   0.125398   0.991434
      2      -0.071107  -0.989255   0.127742
 A Eigenvalues: 
                  0          1          2    
      0      -0.108448  -0.122927   0.404297
A(iso)  0.057641
 Nucleus: 33 H  
 Isotope: 1 
 Nuclear Spin:  0.5 
 Prefactor (MHz): 533.551395 
 Raw A tensor (MHz): 
                  0          1          2    
      0       2.441806   0.134796  -0.019816
      1       0.134534   4.604309  -0.004709
      2      -0.019814  -0.004704   3.184924
 A Tensor eigenvectors:
                   0          1          2    
      0       0.997747  -0.025597  -0.062010
      1      -0.061882   0.005749  -0.998067
      2       0.025904   0.999656   0.004152
 A Eigenvalues: 
                  0          1          2    
      0       2.432947   3.185405   4.612687
A(iso)  3.410346
 Nucleus: 34 H  
 Isotope: 1 
 Nuclear Spin:  0.5 
 Prefactor (MHz): 533.551395 
 Raw A tensor (MHz): 
                  0          1          2    
      0      -0.840914   0.281227  -0.000097
      1       0.281140   0.700505   0.000149
      2      -0.000097   0.000150  -0.867193
 A Tensor eigenvectors:
                   0          1          2    
      0       0.174050   0.005130  -0.984724
      1       0.984737  -0.000825   0.174048
      2       0.000080  -0.999986  -0.005196
 A Eigenvalues: 
                  0          1          2    
      0       0.750196  -0.867192  -0.890606
A(iso)  -0.335867
 Nucleus: 35 H  
 Isotope: 1 
 Nuclear Spin:  0.5 
 Prefactor (MHz): 533.551395 
 Raw A tensor (MHz): 
                  0          1          2    
      0      -0.131337   0.055875   0.000016
      1       0.055914   0.239584   0.000774
      2       0.000016   0.000773  -0.136315
 A Tensor eigenvectors:
                   0          1          2    
      0      -0.029565   0.988874   0.145790
      1       0.002337  -0.145785   0.989313
      2       0.999560   0.029590   0.001999
 A Eigenvalues: 
                  0          1          2    
      0      -0.136314  -0.139580   0.247825
A(iso)  -0.009356
 Nucleus: 36 H  
 Isotope: 1 
 Nuclear Spin:  0.5 
 Prefactor (MHz): 533.551395 
 Raw A tensor (MHz): 
                  0          1          2    
      0      -7.760247  -1.679731   0.194298
      1      -1.676919 -20.277734  -0.018946
      2       0.194283  -0.019000 -17.687168
 A Tensor eigenvectors:
                   0          1          2    
      0      -0.991237  -0.018743   0.130761
      1       0.130692   0.004842   0.991411
      2      -0.019215   0.999813  -0.002350
 A Eigenvalues: 
                  0          1          2    
      0      -7.535376 -17.690902 -20.498870
A(iso)  -15.241716
# -------------------------------------------------------------
----------------------- !GEOMETRIES! ------------------------
# -------------------------------------------------------------
------------------------ !GEOMETRY! -------------------------
    Number of atoms:    37 
    Geometry Index:     1 
    Coordinates:
               0 C     -2.934073386122   -0.018765607331   -0.033820568442
               1 C      1.296326273183    0.061617285530    0.042355298923
               2 C      0.590315539750    1.299012026609    0.023646251892
               3 C     -0.830012156955    1.218757760864   -0.002082941921
               4 C     -1.498941257480   -0.010709998098   -0.008375689856
               5 C     -0.774369934396   -1.238299669698    0.010896252806
               6 C      0.629304520868   -1.156514483637    0.035977975919
               7 H     -1.426643023280    2.131592335984   -0.017243433832
               8 H      1.218067936985   -2.074806162377    0.050924511558
               9 C      1.286598637378    2.534947597924    0.031265526131
              10 H      2.380845550828    2.491530128308    0.052873970590
              11 C      0.640773683255    3.887236695559    0.012786545614
              12 H     -0.012358444795    3.982869128980   -0.879700411167
              13 H     -0.049609556980    3.989014483663    0.876092402336
              14 C      1.643396976273    5.048244094755    0.030136835497
              15 H      2.282865100538    4.958143914585    0.927400198203
              16 H      2.320747724974    4.952085932365   -0.838264373246
              17 C      0.972654764292    6.422996142904    0.011072652705
              18 H      0.314264659244    6.559972199290    0.886339282326
              19 H      0.351320224537    6.553366061007   -0.891860439582
              20 C     -1.525236371535   -2.553953156010    0.005144436598
              21 H     -2.211934470258   -2.565965695448    0.872442778373
              22 H     -2.196234662496   -2.567265243330   -0.874138148028
              23 C     -0.682959351801   -3.832514631094    0.013733137815
              24 H     -0.008492076551   -3.844031336889   -0.862466467881
              25 H     -0.029866376312   -3.846911744295    0.905937020057
              26 C     -1.540345933948   -5.103811603084    0.002012080703
              27 H     -2.217941994954   -5.093519776011    0.875899343736
              28 H     -2.195918054080   -5.092106275069   -0.888500196764
              29 C     -0.711165333078   -6.390339862232    0.011268629890
              30 H     -0.071580725683   -6.448752360862    0.909013624868
              31 H     -0.048194507912   -6.446329735141   -0.869486351134
              32 C     -4.149636927015   -0.020449037570   -0.056777772465
              33 H     -5.221733888175   -0.017268798568   -0.080212931545
              34 H      1.717398605755    7.235047285840    0.023637902100
              35 H     -1.353741979300   -7.285749880179    0.001613313580
              36 H      2.389514035248    0.078500952757    0.062394233640
