-------------------------------------------------------------
----------------------- !PROPERTIES! ------------------------
-------------------------------------------------------------
# -----------------------------------------------------------
$ PAL_Flags
   description: The PAL Flags
   geom. index: 1
   prop. index: 1
        Diskflag:     2
# -----------------------------------------------------------
$ SCF_Energy
   description: The SCF energy
   geom. index: 1
   prop. index: 1
        SCF Energy:     -621.9212265299
# -----------------------------------------------------------
$ DFT_Energy
   description: The DFT energy
   geom. index: 1
   prop. index: 1
   Number of Alpha Electrons                 59.0000755835 
   Number of Beta  Electrons                 58.0000656529 
   Total number of  Electrons               117.0001412364 
   Exchange energy                          -71.5581874312 
   Correlation energy                        -4.5091113045 
   Correlation energy NL                      0.0000000000 
   Exchange-Correlation energy              -76.0672987358 
   Embedding correction                       0.0000000000 
   Total DFT Energy (No VdW correction)    -621.9212265299 
# -----------------------------------------------------------
$ Mayer_Pop
   description: The Mayer population analysis
   geom. index: 1
   prop. index: 1
     Number of atoms                     : 37
     Threshold for printing              : 0.1000000
     Number of bond orders printed       : 43
  NA   - Mulliken gross atomic population
  ZA   - Total nuclear charge
  QA   - Mulliken gross atomic charge
  VA   - Mayer's total valence
  BVA  - Mayer's bonded valence
  FA   - Mayer's free valence
  ATOM       NA         ZA         QA         VA         BVA        FA
  0   0     5.9975     6.0000     0.0025     3.8148     3.8145     0.0003
  1   0     6.3701     6.0000    -0.3701     4.2400     4.2056     0.0344
  2   0     5.3505     6.0000     0.6495     3.7470     3.7336     0.0134
  3   0     6.4797     6.0000    -0.4797     4.2744     4.2379     0.0365
  4   0     5.5444     6.0000     0.4556     3.9354     3.9292     0.0062
  5   0     5.7530     6.0000     0.2470     3.8762     3.8362     0.0400
  6   0     6.2197     6.0000    -0.2197     4.2011     4.1935     0.0076
  7   0     0.8727     1.0000     0.1273     0.9643     0.9641     0.0002
  8   0     0.8868     1.0000     0.1132     0.9691     0.9691     0.0000
  9   0     6.3183     6.0000    -0.3183     4.0426     3.6255     0.4171
 10   0     0.8801     1.0000     0.1199     0.9718     0.9700     0.0018
 11   0     6.2625     6.0000    -0.2625     3.9556     3.9541     0.0015
 12   0     0.8503     1.0000     0.1497     0.9648     0.9637     0.0011
 13   0     0.8505     1.0000     0.1495     0.9648     0.9637     0.0011
 14   0     6.2863     6.0000    -0.2863     3.9059     3.9059     0.0000
 15   0     0.8477     1.0000     0.1523     0.9640     0.9640     0.0000
 16   0     0.8478     1.0000     0.1522     0.9641     0.9641     0.0000
 17   0     6.5069     6.0000    -0.5069     3.9042     3.9042     0.0000
 18   0     0.8421     1.0000     0.1579     0.9658     0.9658     0.0000
 19   0     0.8421     1.0000     0.1579     0.9658     0.9658     0.0000
 20   0     6.3713     6.0000    -0.3713     4.0378     4.0376     0.0002
 21   0     0.8458     1.0000     0.1542     0.9620     0.9619     0.0001
 22   0     0.8463     1.0000     0.1537     0.9623     0.9622     0.0001
 23   0     6.2684     6.0000    -0.2684     4.0195     4.0195     0.0000
 24   0     0.8611     1.0000     0.1389     0.9667     0.9667     0.0000
 25   0     0.8617     1.0000     0.1383     0.9668     0.9668     0.0000
 26   0     6.2574     6.0000    -0.2574     3.8966     3.8966     0.0000
 27   0     0.8575     1.0000     0.1425     0.9676     0.9676     0.0000
 28   0     0.8574     1.0000     0.1426     0.9675     0.9675     0.0000
 29   0     6.5093     6.0000    -0.5093     3.8986     3.8986     0.0000
 30   0     0.8426     1.0000     0.1574     0.9658     0.9658     0.0000
 31   0     0.8426     1.0000     0.1574     0.9658     0.9658     0.0000
 32   0     6.5382     6.0000    -0.5382     3.8954     3.8942     0.0012
 33   0     0.8191     1.0000     0.1809     0.9771     0.9771     0.0000
 34   0     0.8553     1.0000     0.1447     0.9673     0.9673     0.0000
 35   0     0.8562     1.0000     0.1438     0.9669     0.9669     0.0000
 36   0     0.9006     1.0000     0.0994     0.9622     0.9620     0.0002
      Bond orders larger than 0.1000000
           Atom A     A.N. of A          Atom B    A.N. of B              Bond order
                0             6               4            6                0.910334
                0             6              32            6                2.701953
                1             6               2            6                1.244946
                1             6               5            6                0.116445
                1             6               6            6                1.518063
                1             6               9            6                0.168379
                1             6              36            1                0.981908
                2             6               3            6                1.256218
                2             6               4            6                0.122140
                2             6               6            6                0.109881
                2             6               9            6                1.196166
                3             6               4            6                1.455026
                3             6               7            1                0.980551
                3             6               9            6                0.117470
                4             6               5            6                1.348317
                4             6               6            6                0.102054
                5             6               6            6                1.392430
                5             6              20            6                0.953403
                6             6               8            1                0.976863
                9             6              10            1                1.006853
                9             6              11            6                0.998922
               11             6              12            1                0.956166
               11             6              13            1                0.956045
               11             6              14            6                0.978070
               14             6              15            1                0.973036
               14             6              16            1                0.973028
               14             6              17            6                0.962439
               17             6              18            1                0.971920
               17             6              19            1                0.971928
               17             6              34            1                0.967712
               20             6              21            1                0.955898
               20             6              22            1                0.955778
               20             6              23            6                1.011994
               23             6              24            1                0.961910
               23             6              25            1                0.961426
               23             6              26            6                0.990719
               26             6              27            1                0.971406
               26             6              28            1                0.971284
               26             6              29            6                0.953743
               29             6              30            1                0.972836
               29             6              31            1                0.972758
               29             6              35            1                0.967887
               32             6              33            1                0.984111
# -----------------------------------------------------------
$ Calculation_Info
   description: Details of the calculation
   geom. index: 1
   prop. index: 1
     Multiplicity:                          2
     Charge:                                0
     number of atoms:                       37
     number of electrons:                   0
     number of frozen core electrons:       1
     number of correlated electrons:        0
     number of basis functions:             419
     number of aux C basis functions:       2878
     number of aux J basis functions:       2878
     number of aux JK basis functions:      2878
     number of aux CABS basis functions:    0
     Total Energy                           -621.921227
# -----------------------------------------------------------
$ SCF_Electric_Properties
   description: The SCF Calculated Electric Properties
   geom. index: 1
   prop. index: 1
       Filename                          : EPRII.scfp 
       Do Dipole Moment Calculation      : true 
       Do Quadrupole Moment Calculation  : false 
       Do Polarizability Calculation     : false 
** Dipole moment part of electric properties **
        Magnitude of dipole moment (Debye) :        0.4743390384
        Electronic Contribution:
                  0    
      0      -4.790309
      1       2.150803
      2      -0.059176
        Nuclear Contribution:
                  0    
      0       4.976905
      1      -2.150009
      2       0.061751
        Total Dipole moment:
                  0    
      0       0.186596
      1       0.000793
      2       0.002575
# -----------------------------------------------------------
$ EPRNMR_GTensor
   description: Electronic g tensor
   geom. index: 1
   prop. index: 1
 Source density: 1 SCF 
 Spin multiplicity: 2 
 raw g tensor: 
                  0          1          2    
      0       2.002714   0.000087   0.000008
      1       0.000045   2.002826  -0.000002
      2       0.000008  -0.000001   2.002259
 g tensor: 
                  0          1          2    
      0      -0.019100  -0.907131  -0.420415
      1       0.004924   0.420402  -0.907325
      2       0.999805  -0.019400  -0.003563
 G eigenvalues: 
                  0          1          2    
      0       2.002258   2.002684   2.002856
# -----------------------------------------------------------
$ EPRNMR_OrbitalShielding
   description: Orbital contribution to the NMR Shielding tensor (ppm)
   geom. index: 1
   prop. index: 1
 Number of stored nuclei 21
 Source density: 1 SCF 
 Nucleus: 7 H 
 Shielding tensor (ppm): 
                  0          1          2    
      0      31.301921  23.299394  -0.503144
      1     -100.570772  60.965724  -2.084595
      2      -0.288279   0.687309  61.445573
 P Tensor eigenvectors:
                   0          1          2    
      0       0.482408   0.017019  -0.875782
      1       0.875947  -0.009553   0.482313
      2      -0.000158  -0.999810  -0.019516
 P Eigenvalues: 
                  0          1          2    
      0      21.410648  61.449482  70.853089
P(iso)  51.237740
 Nucleus: 8 H 
 Shielding tensor (ppm): 
                  0          1          2    
      0      38.341072  11.434730  -0.135950
      1     -89.776699  29.685236  -1.671225
      2       0.466698   0.102471  41.603147
 P Tensor eigenvectors:
                   0          1          2    
      0       0.238443  -0.021056   0.970928
      1       0.971144  -0.000013  -0.238496
      2       0.005035   0.999778   0.020445
 P Eigenvalues: 
                  0          1          2    
      0      12.029371  41.594737  56.005346
P(iso)  36.543152
 Nucleus: 10 H 
 Shielding tensor (ppm): 
                  0          1          2    
      0      66.352808 -222.414789   1.705695
      1     309.667987 -21.106937   6.146487
      2      -0.368370  -4.100475  23.085154
 P Tensor eigenvectors:
                   0          1          2    
      0      -0.019290  -0.343690   0.938885
      1       0.003905  -0.939079  -0.343680
      2       0.999806  -0.002963   0.019457
 P Eigenvalues: 
                  0          1          2    
      0      23.076204  17.392577  27.862244
P(iso)  22.777008
 Nucleus: 12 H 
 Shielding tensor (ppm): 
                  0          1          2    
      0      39.868480 205.685673 -94.215946
      1     -286.985863  66.794164 -330.826362
      2      74.933368 242.023226  82.268875
 P Tensor eigenvectors:
                   0          1          2    
      0      -0.746752   0.221404   0.627170
      1       0.189658   0.974701  -0.118269
      2       0.637488  -0.030631   0.769851
 P Eigenvalues: 
                  0          1          2    
      0      68.025162  50.726079  70.180279
P(iso)  62.977173
 Nucleus: 13 H 
 Shielding tensor (ppm): 
                  0          1          2    
      0      39.299415 216.329841  90.466024
      1     -301.221442  67.638238 318.211617
      2     -73.862104 -232.724548  82.412884
 P Tensor eigenvectors:
                   0          1          2    
      0      -0.719094   0.219953  -0.659185
      1       0.183540   0.975017   0.125117
      2      -0.670237   0.031016   0.741499
 P Eigenvalues: 
                  0          1          2    
      0      68.311840  50.774280  70.264417
P(iso)  63.116846
 Nucleus: 15 H 
 Shielding tensor (ppm): 
                  0          1          2    
      0      43.201826 -271.077479 159.936506
      1     367.779781  -2.792625 407.710013
      2     -106.125447 -298.183291  12.521259
 P Tensor eigenvectors:
                   0          1          2    
      0      -0.712145   0.303598   0.632991
      1       0.274763   0.950263  -0.146647
      2       0.646030  -0.069489   0.760143
 P Eigenvalues: 
                  0          1          2    
      0       2.687822  21.051505  29.191133
P(iso)  17.643487
 Nucleus: 16 H 
 Shielding tensor (ppm): 
                  0          1          2    
      0      45.213479 -284.663087 -156.039826
      1     385.602111  -3.771997 -391.503558
      2     104.169267 286.427612  10.989611
 P Tensor eigenvectors:
                   0          1          2    
      0       0.684086   0.300116   0.664798
      1      -0.268962   0.950993  -0.152550
      2       0.678001   0.074448  -0.731281
 P Eigenvalues: 
                  0          1          2    
      0       2.468674  20.932457  29.029962
P(iso)  17.477031
 Nucleus: 18 H 
 Shielding tensor (ppm): 
                  0          1          2    
      0     -16.065980 323.889982 103.167778
      1     -407.537771  56.345866 453.427683
      2     -76.266954 -328.005519  16.077650
 P Tensor eigenvectors:
                   0          1          2    
      0       0.726753   0.272290   0.630625
      1      -0.155984   0.959512  -0.234534
      2       0.668953  -0.072080  -0.739801
 P Eigenvalues: 
                  0          1          2    
      0       9.553483  19.711250  27.092802
P(iso)  18.785845
 Nucleus: 19 H 
 Shielding tensor (ppm): 
                  0          1          2    
      0     -15.026013 309.191301 -107.046146
      1     -387.733474  55.285116 -470.152274
      2      78.265584 340.714436  15.852770
 P Tensor eigenvectors:
                   0          1          2    
      0      -0.753749   0.269400   0.599404
      1       0.161387   0.960062  -0.228552
      2       0.637037   0.075535   0.767124
 P Eigenvalues: 
                  0          1          2    
      0       9.402706  19.670795  27.038372
P(iso)  18.703958
 Nucleus: 21 H 
 Shielding tensor (ppm): 
                  0          1          2    
      0      65.556162 -127.323454 -95.419405
      1     193.177684  30.356252 -216.426418
      2      57.984844 159.407714  63.114436
 P Tensor eigenvectors:
                   0          1          2    
      0      -0.695710   0.360614  -0.621244
      1       0.354014   0.924658   0.140289
      2      -0.625029   0.122329   0.770957
 P Eigenvalues: 
                  0          1          2    
      0      40.309951  49.281816  69.435083
P(iso)  53.008950
 Nucleus: 22 H 
 Shielding tensor (ppm): 
                  0          1          2    
      0      65.048892 -123.477611  95.489316
      1     188.641645  30.712936 219.342032
      2     -59.001899 -160.845080  63.867321
 P Tensor eigenvectors:
                   0          1          2    
      0      -0.705796   0.363223   0.608211
      1       0.358660   0.923601  -0.135369
      2       0.610913  -0.122598   0.782148
 P Eigenvalues: 
                  0          1          2    
      0      40.779989  49.353513  69.495646
P(iso)  53.209716
 Nucleus: 24 H 
 Shielding tensor (ppm): 
                  0          1          2    
      0      56.337303 210.912811  25.764230
      1     -290.183393  50.679483 320.087014
      2     -25.493402 -233.791451  78.232532
 P Tensor eigenvectors:
                   0          1          2    
      0       0.745022   0.038166   0.665947
      1      -0.047020   0.998883  -0.004644
      2       0.665381   0.027853  -0.745984
 P Eigenvalues: 
                  0          1          2    
      0      66.229816  50.088250  68.931251
P(iso)  61.749772
 Nucleus: 25 H 
 Shielding tensor (ppm): 
                  0          1          2    
      0      55.648714 205.161205 -27.205818
      1     -282.351985  50.259982 -326.862609
      2      26.078576 238.585721  77.905291
 P Tensor eigenvectors:
                   0          1          2    
      0      -0.760677   0.040556   0.647862
      1       0.049757   0.998753  -0.004100
      2       0.647221  -0.029117   0.761746
 P Eigenvalues: 
                  0          1          2    
      0      65.592254  49.734097  68.487636
P(iso)  61.271329
 Nucleus: 27 H 
 Shielding tensor (ppm): 
                  0          1          2    
      0      36.102376 -260.800501 -83.250718
      1     366.308901  18.398095 -395.813678
      2      50.533312 287.404457  19.390745
 P Tensor eigenvectors:
                   0          1          2    
      0       0.727373   0.138868   0.672045
      1      -0.146064   0.988200  -0.046107
      2       0.670517   0.064625  -0.739074
 P Eigenvalues: 
                  0          1          2    
      0      11.662302  26.005594  36.223321
P(iso)  24.630405
 Nucleus: 28 H 
 Shielding tensor (ppm): 
                  0          1          2    
      0      35.813270 -253.567126  84.404967
      1     356.320677  18.721584 405.099142
      2     -51.332227 -294.102935  20.411957
 P Tensor eigenvectors:
                   0          1          2    
      0      -0.743838   0.141348   0.653243
      1       0.148057   0.987946  -0.045180
      2       0.651755  -0.063111   0.755800
 P Eigenvalues: 
                  0          1          2    
      0      12.257201  26.203011  36.486599
P(iso)  24.982270
 Nucleus: 30 H 
 Shielding tensor (ppm): 
                  0          1          2    
      0      -1.941421 292.414816 -25.297183
      1     -383.773915  40.099137 -462.474967
      2      19.302185 334.831539  11.499418
 P Tensor eigenvectors:
                   0          1          2    
      0      -0.767950   0.114314   0.630226
      1       0.034334   0.989877  -0.137713
      2       0.639589   0.084118   0.764101
 P Eigenvalues: 
                  0          1          2    
      0       6.156855  18.323374  25.176905
P(iso)  16.552378
 Nucleus: 31 H 
 Shielding tensor (ppm): 
                  0          1          2    
      0      -1.478829 301.130953  24.368321
      1     -395.781426  40.370784 453.082162
      2     -18.853611 -327.945357  11.990957
 P Tensor eigenvectors:
                   0          1          2    
      0       0.751608   0.115416   0.649433
      1      -0.033015   0.989921  -0.137718
      2       0.658783  -0.082069  -0.747844
 P Eigenvalues: 
                  0          1          2    
      0       6.770192  18.589538  25.523182
P(iso)  16.960970
 Nucleus: 33 H 
 Shielding tensor (ppm): 
                  0          1          2    
      0      49.661460 -24.179238   3.793466
      1      21.586537 -94.918442   0.445229
      2       1.349583  -0.394546 -81.893435
 P Tensor eigenvectors:
                   0          1          2    
      0       0.926195   0.003673  -0.377027
      1       0.376952  -0.031176   0.925708
      2      -0.008354  -0.999507  -0.030260
 P Eigenvalues: 
                  0          1          2    
      0      28.163333 -81.921325 -73.392424
P(iso)  -42.383472
 Nucleus: 34 H 
 Shielding tensor (ppm): 
                  0          1          2    
      0     -100.713483 -126.426748   1.177709
      1     259.037502  17.175516   5.067554
      2      -0.538326  -3.438831 -128.522368
 P Tensor eigenvectors:
                   0          1          2    
      0       0.253699   0.022056   0.967032
      1      -0.967233  -0.004445   0.253853
      2       0.009897  -0.999747   0.020205
 P Eigenvalues: 
                  0          1          2    
      0     -22.981237 -128.525823 -60.553275
P(iso)  -70.686778
 Nucleus: 35 H 
 Shielding tensor (ppm): 
                  0          1          2    
      0     -108.357428 -162.236079   0.387527
      1     254.236198  35.655390   4.588471
      2      -0.192415  -3.326978 -119.276146
 P Tensor eigenvectors:
                   0          1          2    
      0      -0.017231   0.402940   0.915064
      1      -0.002869  -0.915216   0.402953
      2       0.999847   0.004318   0.016926
 P Eigenvalues: 
                  0          1          2    
      0     -119.274062 -21.661689 -51.042434
P(iso)  -63.992728
 Nucleus: 36 H 
 Shielding tensor (ppm): 
                  0          1          2    
      0      69.578856 -40.695918   0.795908
      1      33.762865 -20.500263   0.815668
      2       0.996891  -0.599326  24.442500
 P Tensor eigenvectors:
                   0          1          2    
      0       0.507610  -0.014812   0.861460
      1       0.861587   0.007802  -0.507551
      2       0.000797   0.999860   0.016723
 P Eigenvalues: 
                  0          1          2    
      0      -0.321040  24.425604  49.416528
P(iso)  24.507031
# -----------------------------------------------------------
$ EPRNMR_ATensor
   description: Hyperfine A tensor
   geom. index: 1
   prop. index: 1
 Number of stored nuclei 21
 Source density: 1 SCF 
 Spin multiplicity: 2 
 Nucleus: 7 H  
 Isotope: 1 
 Nuclear Spin:  0.5 
 Prefactor (MHz): 533.551395 
 Raw A tensor (MHz): 
                  0          1          2    
      0     -15.710459  -6.538578   0.067698
      1      -6.541259 -13.509634  -0.133526
      2       0.067715  -0.133476 -17.605580
 A Tensor eigenvectors:
                   0          1          2    
      0      -0.645666  -0.017025   0.763430
      1       0.763470   0.005414   0.645821
      2      -0.015128   0.999840   0.009502
 A Eigenvalues: 
                  0          1          2    
      0      -7.975993 -17.607455 -21.242224
A(iso)  -15.608558
 Nucleus: 8 H  
 Isotope: 1 
 Nuclear Spin:  0.5 
 Prefactor (MHz): 533.551395 
 Raw A tensor (MHz): 
                  0          1          2    
      0       7.866713   2.207100   0.054254
      1       2.206948   7.111927   0.027345
      2       0.054256   0.027349   4.320649
 A Tensor eigenvectors:
                   0          1          2    
      0      -0.018107   0.644543   0.764353
      1       0.004521  -0.764418   0.644705
      2       0.999826   0.015130   0.010927
 A Eigenvalues: 
                  0          1          2    
      0       4.319790   5.250475   9.729024
A(iso)  6.433096
 Nucleus: 10 H  
 Isotope: 1 
 Nuclear Spin:  0.5 
 Prefactor (MHz): 533.551395 
 Raw A tensor (MHz): 
                  0          1          2    
      0     -20.813280  -2.011096   0.597728
      1      -2.008525 -77.171463   0.078383
      2       0.597720   0.078327 -51.029993
 A Tensor eigenvectors:
                   0          1          2    
      0       0.999174  -0.019471  -0.035656
      1      -0.035575   0.004497  -0.999357
      2       0.019619   0.999800   0.003801
 A Eigenvalues: 
                  0          1          2    
      0     -20.730032 -51.041281 -77.243423
A(iso)  -49.671579
 Nucleus: 12 H  
 Isotope: 1 
 Nuclear Spin:  0.5 
 Prefactor (MHz): 533.551395 
 Raw A tensor (MHz): 
                  0          1          2    
      0      76.972306  -3.697021   2.138143
      1      -3.695529  79.079024  -2.161134
      2       2.136362  -2.161229  73.838189
 A Tensor eigenvectors:
                   0          1          2    
      0      -0.386807  -0.714369   0.583144
      1       0.087269  -0.657887  -0.748043
      2       0.918022  -0.238458   0.316818
 A Eigenvalues: 
                  0          1          2    
      0      72.732422  74.281671  82.875426
A(iso)  76.629840
 Nucleus: 13 H  
 Isotope: 1 
 Nuclear Spin:  0.5 
 Prefactor (MHz): 533.551395 
 Raw A tensor (MHz): 
                  0          1          2    
      0      76.848277  -3.794077  -1.970880
      1      -3.792561  78.805819   1.963037
      2      -1.969106   1.963075  73.329290
 A Tensor eigenvectors:
                   0          1          2    
      0       0.346783  -0.724205   0.596044
      1      -0.081294  -0.656294  -0.750113
      2       0.934416   0.211672  -0.286465
 A Eigenvalues: 
                  0          1          2    
      0      72.427600  73.986464  82.569321
A(iso)  76.327795
 Nucleus: 15 H  
 Isotope: 1 
 Nuclear Spin:  0.5 
 Prefactor (MHz): 533.551395 
 Raw A tensor (MHz): 
                  0          1          2    
      0      -2.497981   2.252589   0.713724
      1       2.252413   1.741576   1.430424
      2       0.713223   1.429308  -3.052002
 A Tensor eigenvectors:
                   0          1          2    
      0      -0.387138   0.562384  -0.730649
      1      -0.887439  -0.442272   0.129795
      2      -0.250151   0.698656   0.670302
 A Eigenvalues: 
                  0          1          2    
      0       3.126986  -3.382627  -3.552766
A(iso)  -1.269469
 Nucleus: 16 H  
 Isotope: 1 
 Nuclear Spin:  0.5 
 Prefactor (MHz): 533.551395 
 Raw A tensor (MHz): 
                  0          1          2    
      0      -2.437099   2.306534  -0.702436
      1       2.306406   1.717543  -1.367331
      2      -0.701939  -1.366217  -3.088120
 A Tensor eigenvectors:
                   0          1          2    
      0       0.397681  -0.582947   0.708536
      1       0.885602   0.445798  -0.130283
      2      -0.239916   0.679292   0.693544
 A Eigenvalues: 
                  0          1          2    
      0       3.123279  -3.382294  -3.548660
A(iso)  -1.269225
 Nucleus: 18 H  
 Isotope: 1 
 Nuclear Spin:  0.5 
 Prefactor (MHz): 533.551395 
 Raw A tensor (MHz): 
                  0          1          2    
      0       0.087883  -0.255153  -0.104572
      1      -0.255431   2.360177   0.389960
      2      -0.104712   0.389774   0.121291
 A Tensor eigenvectors:
                   0          1          2    
      0      -0.692781   0.712254   0.112911
      1       0.044024   0.198050  -0.979203
      2      -0.719803  -0.673402  -0.168562
 A Eigenvalues: 
                  0          1          2    
      0      -0.003903   0.116525   2.456729
A(iso)  0.856450
 Nucleus: 19 H  
 Isotope: 1 
 Nuclear Spin:  0.5 
 Prefactor (MHz): 533.551395 
 Raw A tensor (MHz): 
                  0          1          2    
      0       0.076100  -0.236657   0.104679
      1      -0.236927   2.353417  -0.415278
      2       0.104822  -0.415082   0.133284
 A Tensor eigenvectors:
                   0          1          2    
      0       0.723839   0.681902   0.105199
      1      -0.048584   0.202464  -0.978084
      2      -0.688257   0.702864   0.179681
 A Eigenvalues: 
                  0          1          2    
      0      -0.006919   0.114564   2.455156
A(iso)  0.854267
 Nucleus: 21 H  
 Isotope: 1 
 Nuclear Spin:  0.5 
 Prefactor (MHz): 533.551395 
 Raw A tensor (MHz): 
                  0          1          2    
      0      27.406136   1.616056  -0.936918
      1       1.615538  27.599945  -0.513717
      2      -0.936285  -0.513907  26.061560
 A Tensor eigenvectors:
                   0          1          2    
      0       0.604363   0.422637   0.675369
      1      -0.282341  -0.679067   0.677607
      2       0.745003  -0.600205  -0.291075
 A Eigenvalues: 
                  0          1          2    
      0      25.496622  26.140000  29.431020
A(iso)  27.022547
 Nucleus: 22 H  
 Isotope: 1 
 Nuclear Spin:  0.5 
 Prefactor (MHz): 533.551395 
 Raw A tensor (MHz): 
                  0          1          2    
      0      26.802273   1.607616   0.954959
      1       1.607087  27.012259   0.548007
      2       0.954328   0.548218  25.517640
 A Tensor eigenvectors:
                   0          1          2    
      0      -0.616285   0.411833   0.671257
      1       0.281934  -0.680493   0.676345
      2       0.735327   0.606071   0.303268
 A Eigenvalues: 
                  0          1          2    
      0      24.927824  25.551162  28.853185
A(iso)  26.444057
 Nucleus: 24 H  
 Isotope: 1 
 Nuclear Spin:  0.5 
 Prefactor (MHz): 533.551395 
 Raw A tensor (MHz): 
                  0          1          2    
      0      -0.830601  -0.409540  -0.100854
      1      -0.409215   0.870770   0.410901
      2      -0.100611   0.410598  -0.932152
 A Tensor eigenvectors:
                   0          1          2    
      0       0.969338  -0.112855  -0.218284
      1       0.236501   0.187268   0.953414
      2      -0.066720  -0.975804   0.208217
 A Eigenvalues: 
                  0          1          2    
      0      -0.923523  -1.022632   1.054172
A(iso)  -0.297328
 Nucleus: 25 H  
 Isotope: 1 
 Nuclear Spin:  0.5 
 Prefactor (MHz): 533.551395 
 Raw A tensor (MHz): 
                  0          1          2    
      0      -0.821371  -0.396267   0.101435
      1      -0.395931   0.868089  -0.424781
      2       0.101199  -0.424499  -0.910739
 A Tensor eigenvectors:
                   0          1          2    
      0       0.970751   0.110632  -0.213078
      1       0.231567  -0.197109   0.952641
      2       0.063393  -0.974119  -0.216962
 A Eigenvalues: 
                  0          1          2    
      0      -0.909215  -1.008165   1.053359
A(iso)  -0.288007
 Nucleus: 27 H  
 Isotope: 1 
 Nuclear Spin:  0.5 
 Prefactor (MHz): 533.551395 
 Raw A tensor (MHz): 
                  0          1          2    
      0      -0.073651   0.276435  -0.060171
      1       0.276538   0.733695  -0.129415
      2      -0.060188  -0.129323  -0.116646
 A Tensor eigenvectors:
                   0          1          2    
      0      -0.440669   0.847730   0.295237
      1       0.270405  -0.188258   0.944161
      2       0.855974   0.495896  -0.146271
 A Eigenvalues: 
                  0          1          2    
      0      -0.126500  -0.170303   0.840202
A(iso)  0.181133
 Nucleus: 28 H  
 Isotope: 1 
 Nuclear Spin:  0.5 
 Prefactor (MHz): 533.551395 
 Raw A tensor (MHz): 
                  0          1          2    
      0      -0.070389   0.274601   0.060566
      1       0.274700   0.736661   0.138104
      2       0.060583   0.138006  -0.108857
 A Tensor eigenvectors:
                   0          1          2    
      0      -0.410129   0.863571  -0.293323
      1       0.270849  -0.191780  -0.943325
      2      -0.870881  -0.466332  -0.155243
 A Eigenvalues: 
                  0          1          2    
      0      -0.123234  -0.164139   0.844789
A(iso)  0.185805
 Nucleus: 30 H  
 Isotope: 1 
 Nuclear Spin:  0.5 
 Prefactor (MHz): 533.551395 
 Raw A tensor (MHz): 
                  0          1          2    
      0      -0.110094  -0.011997   0.002697
      1      -0.011940   0.392946  -0.067236
      2       0.002689  -0.067205  -0.115875
 A Tensor eigenvectors:
                   0          1          2    
      0       0.996620  -0.078600   0.023905
      1       0.033765   0.126615  -0.991377
      2       0.074896   0.988833   0.128841
 A Eigenvalues: 
                  0          1          2    
      0      -0.110296  -0.124695   0.401969
A(iso)  0.055659
 Nucleus: 31 H  
 Isotope: 1 
 Nuclear Spin:  0.5 
 Prefactor (MHz): 533.551395 
 Raw A tensor (MHz): 
                  0          1          2    
      0      -0.108147  -0.013716  -0.002856
      1      -0.013661   0.395457   0.066752
      2      -0.002848   0.066717  -0.114235
 A Tensor eigenvectors:
                   0          1          2    
      0       0.996821  -0.074869  -0.027241
      1       0.036513   0.125410   0.991433
      2      -0.070811  -0.989276   0.127745
 A Eigenvalues: 
                  0          1          2    
      0      -0.108445  -0.122909   0.404429
A(iso)  0.057692
 Nucleus: 33 H  
 Isotope: 1 
 Nuclear Spin:  0.5 
 Prefactor (MHz): 533.551395 
 Raw A tensor (MHz): 
                  0          1          2    
      0       2.502337   0.134850  -0.020345
      1       0.134588   4.690832  -0.004719
      2      -0.020343  -0.004715   3.268953
 A Tensor eigenvectors:
                   0          1          2    
      0       0.997793  -0.025504  -0.061307
      1      -0.061180   0.005738  -0.998110
      2       0.025807   0.999658   0.004165
 A Eigenvalues: 
                  0          1          2    
      0       2.493559   3.269444   4.699119
A(iso)  3.487374
 Nucleus: 34 H  
 Isotope: 1 
 Nuclear Spin:  0.5 
 Prefactor (MHz): 533.551395 
 Raw A tensor (MHz): 
                  0          1          2    
      0      -0.840748   0.281215  -0.000097
      1       0.281128   0.700610   0.000149
      2      -0.000097   0.000150  -0.867019
 A Tensor eigenvectors:
                   0          1          2    
      0       0.174049   0.005135  -0.984724
      1       0.984737  -0.000826   0.174047
      2       0.000080  -0.999986  -0.005201
 A Eigenvalues: 
                  0          1          2    
      0       0.750299  -0.867018  -0.890437
A(iso)  -0.335719
 Nucleus: 35 H  
 Isotope: 1 
 Nuclear Spin:  0.5 
 Prefactor (MHz): 533.551395 
 Raw A tensor (MHz): 
                  0          1          2    
      0      -0.131377   0.055887   0.000016
      1       0.055927   0.239636   0.000774
      2       0.000016   0.000773  -0.136335
 A Tensor eigenvectors:
                   0          1          2    
      0      -0.029514   0.988876   0.145788
      1       0.002329  -0.145783   0.989314
      2       0.999562   0.029538   0.002000
 A Eigenvalues: 
                  0          1          2    
      0      -0.136334  -0.139621   0.247879
A(iso)  -0.009359
 Nucleus: 36 H  
 Isotope: 1 
 Nuclear Spin:  0.5 
 Prefactor (MHz): 533.551395 
 Raw A tensor (MHz): 
                  0          1          2    
      0      -7.791535  -1.679541   0.194482
      1      -1.676729 -20.325370  -0.018914
      2       0.194467  -0.018968 -17.728813
 A Tensor eigenvectors:
                   0          1          2    
      0      -0.991260  -0.018742   0.130585
      1       0.130516   0.004842   0.991434
      2      -0.019213   0.999813  -0.002353
 A Eigenvalues: 
                  0          1          2    
      0      -7.566989 -17.732551 -20.546178
A(iso)  -15.281906
# -------------------------------------------------------------
----------------------- !GEOMETRIES! ------------------------
# -------------------------------------------------------------
------------------------ !GEOMETRY! -------------------------
    Number of atoms:    37 
    Geometry Index:     1 
    Coordinates:
               0 C     -2.934073386122   -0.018765607331   -0.033820568442
               1 C      1.296326273183    0.061617285530    0.042355298923
               2 C      0.590315539750    1.299012026609    0.023646251892
               3 C     -0.830012156955    1.218757760864   -0.002082941921
               4 C     -1.498941257480   -0.010709998098   -0.008375689856
               5 C     -0.774369934396   -1.238299669698    0.010896252806
               6 C      0.629304520868   -1.156514483637    0.035977975919
               7 H     -1.426643023280    2.131592335984   -0.017243433832
               8 H      1.218067936985   -2.074806162377    0.050924511558
               9 C      1.286598637378    2.534947597924    0.031265526131
              10 H      2.380845550828    2.491530128308    0.052873970590
              11 C      0.640773683255    3.887236695559    0.012786545614
              12 H     -0.012358444795    3.982869128980   -0.879700411167
              13 H     -0.049609556980    3.989014483663    0.876092402336
              14 C      1.643396976273    5.048244094755    0.030136835497
              15 H      2.282865100538    4.958143914585    0.927400198203
              16 H      2.320747724974    4.952085932365   -0.838264373246
              17 C      0.972654764292    6.422996142904    0.011072652705
              18 H      0.314264659244    6.559972199290    0.886339282326
              19 H      0.351320224537    6.553366061007   -0.891860439582
              20 C     -1.525236371535   -2.553953156010    0.005144436598
              21 H     -2.211934470258   -2.565965695448    0.872442778373
              22 H     -2.196234662496   -2.567265243330   -0.874138148028
              23 C     -0.682959351801   -3.832514631094    0.013733137815
              24 H     -0.008492076551   -3.844031336889   -0.862466467881
              25 H     -0.029866376312   -3.846911744295    0.905937020057
              26 C     -1.540345933948   -5.103811603084    0.002012080703
              27 H     -2.217941994954   -5.093519776011    0.875899343736
              28 H     -2.195918054080   -5.092106275069   -0.888500196764
              29 C     -0.711165333078   -6.390339862232    0.011268629890
              30 H     -0.071580725683   -6.448752360862    0.909013624868
              31 H     -0.048194507912   -6.446329735141   -0.869486351134
              32 C     -4.149636927015   -0.020449037570   -0.056777772465
              33 H     -5.221733888175   -0.017268798568   -0.080212931545
              34 H      1.717398605755    7.235047285840    0.023637902100
              35 H     -1.353741979300   -7.285749880179    0.001613313580
              36 H      2.389514035248    0.078500952757    0.062394233640
