-------------------------------------------------------------
----------------------- !PROPERTIES! ------------------------
-------------------------------------------------------------
# -----------------------------------------------------------
$ PAL_Flags
   description: The PAL Flags
   geom. index: 1
   prop. index: 1
        Diskflag:     2
# -----------------------------------------------------------
$ SCF_Energy
   description: The SCF energy
   geom. index: 1
   prop. index: 1
        SCF Energy:     -815.8023627929
# -----------------------------------------------------------
$ DFT_Energy
   description: The DFT energy
   geom. index: 1
   prop. index: 1
   Number of Alpha Electrons                 77.0001050312 
   Number of Beta  Electrons                 76.0000948863 
   Total number of  Electrons               153.0001999175 
   Exchange energy                          -93.8283221712 
   Correlation energy                        -5.8974053198 
   Correlation energy NL                      0.0000000000 
   Exchange-Correlation energy              -99.7257274910 
   Embedding correction                       0.0000000000 
   Total DFT Energy (No VdW correction)    -815.8023627929 
# -----------------------------------------------------------
$ Mayer_Pop
   description: The Mayer population analysis
   geom. index: 1
   prop. index: 1
     Number of atoms                     : 48
     Threshold for printing              : 0.1000000
     Number of bond orders printed       : 48
  NA   - Mulliken gross atomic population
  ZA   - Total nuclear charge
  QA   - Mulliken gross atomic charge
  VA   - Mayer's total valence
  BVA  - Mayer's bonded valence
  FA   - Mayer's free valence
  ATOM       NA         ZA         QA         VA         BVA        FA
  0   0     6.6047     6.0000    -0.6047     3.3886     3.3886     0.0000
  1   0     5.3732     6.0000     0.6268     2.8966     2.8966     0.0000
  2   0     5.3735     6.0000     0.6265     2.8946     2.8946     0.0000
  3   0     6.0389     6.0000    -0.0389     3.8144     3.8144     0.0000
  4   0     6.0644     6.0000    -0.0644     4.1287     4.1287     0.0000
  5   0     5.9797     6.0000     0.0203     3.8832     3.8832     0.0000
  6   0     6.0369     6.0000    -0.0369     3.8151     3.8151     0.0000
  7   0     6.0627     6.0000    -0.0627     4.1275     4.1275     0.0000
  8   0     5.9790     6.0000     0.0210     3.8807     3.8807     0.0000
  9   0     1.0508     1.0000    -0.0508     1.0031     1.0031     0.0000
 10   0     1.0506     1.0000    -0.0506     1.0031     1.0031     0.0000
 11   0     5.9572     6.0000     0.0428     4.0290     4.0290     0.0000
 12   0     0.9683     1.0000     0.0317     0.9698     0.9698     0.0000
 13   0     0.9683     1.0000     0.0317     0.9698     0.9698     0.0000
 14   0     6.0367     6.0000    -0.0367     4.1155     4.1155     0.0000
 15   0     0.9836     1.0000     0.0164     0.9629     0.9629     0.0000
 16   0     0.9835     1.0000     0.0165     0.9628     0.9628     0.0000
 17   0     6.0242     6.0000    -0.0242     4.1172     4.1172     0.0000
 18   0     0.9938     1.0000     0.0062     0.9674     0.9674     0.0000
 19   0     0.9939     1.0000     0.0061     0.9675     0.9675     0.0000
 20   0     5.9970     6.0000     0.0030     4.0167     4.0167    -0.0000
 21   0     0.9828     1.0000     0.0172     0.9773     0.9773     0.0000
 22   0     0.9827     1.0000     0.0173     0.9773     0.9773    -0.0000
 23   0     5.9547     6.0000     0.0453     4.0211     4.0211     0.0000
 24   0     0.9678     1.0000     0.0322     0.9697     0.9697     0.0000
 25   0     0.9680     1.0000     0.0320     0.9699     0.9699     0.0000
 26   0     6.0437     6.0000    -0.0437     4.1266     4.1265     0.0001
 27   0     0.9800     1.0000     0.0200     0.9614     0.9614     0.0000
 28   0     0.9791     1.0000     0.0209     0.9631     0.9631     0.0000
 29   0     5.9321     6.0000     0.0679     4.0004     3.9980     0.0024
 30   0     0.9929     1.0000     0.0071     0.9722     0.9718     0.0004
 31   0     0.9857     1.0000     0.0143     0.9653     0.9615     0.0038
 32   0     6.1139     6.0000    -0.1139     4.0039     3.2565     0.7474
 33   0     1.0164     1.0000    -0.0164     0.9903     0.9880     0.0023
 34   0     5.9606     6.0000     0.0394     4.0161     4.0136     0.0025
 35   0     0.9870     1.0000     0.0130     0.9645     0.9606     0.0039
 36   0     0.9950     1.0000     0.0050     0.9714     0.9710     0.0004
 37   0     6.0453     6.0000    -0.0453     4.1300     4.1299     0.0001
 38   0     0.9919     1.0000     0.0081     0.9653     0.9653     0.0000
 39   0     0.9909     1.0000     0.0091     0.9668     0.9668     0.0000
 40   0     6.0028     6.0000    -0.0028     4.0212     4.0212     0.0000
 41   0     0.9836     1.0000     0.0164     0.9771     0.9771     0.0000
 42   0     0.9838     1.0000     0.0162     0.9774     0.9774     0.0000
 43   0     6.6056     6.0000    -0.6056     3.3883     3.3883     0.0000
 44   0     1.0290     1.0000    -0.0290     1.0305     1.0305     0.0000
 45   0     1.0291     1.0000    -0.0291     1.0306     1.0306     0.0000
 46   0     0.9872     1.0000     0.0128     0.9735     0.9735    -0.0000
 47   0     0.9877     1.0000     0.0123     0.9736     0.9736     0.0000
      Bond orders larger than 0.1000000
           Atom A     A.N. of A          Atom B    A.N. of B              Bond order
                0             6               1            6                2.120439
                0             6              44            1                1.118335
                1             6               3            6                0.908722
                2             6               6            6                0.907493
                2             6              43            6                2.120010
                3             6               4            6                1.396832
                3             6               8            6                1.372110
                4             6               5            6                1.426834
                4             6              11            6                1.090469
                5             6               6            6                1.373141
                5             6               9            1                0.921308
                6             6               7            6                1.397755
                7             6               8            6                1.426948
                7             6              23            6                1.088673
                8             6              10            1                0.921999
               11             6              12            1                0.898023
               11             6              13            1                0.898139
               11             6              14            6                1.104201
               14             6              15            1                0.929357
               14             6              16            1                0.929251
               14             6              17            6                1.075110
               17             6              18            1                0.941039
               17             6              19            1                0.941014
               17             6              20            6                1.105992
               20             6              21            1                0.966204
               20             6              22            1                0.966258
               20             6              46            1                0.961729
               23             6              24            1                0.897142
               23             6              25            1                0.896924
               23             6              26            6                1.102588
               26             6              27            1                0.927649
               26             6              28            1                0.931183
               26             6              29            6                1.072311
               29             6              30            1                0.923951
               29             6              31            1                0.911377
               29             6              32            6                1.071295
               32             6              33            1                0.959464
               32             6              34            6                1.079454
               34             6              35            1                0.915904
               34             6              36            1                0.927885
               34             6              37            6                1.071428
               37             6              38            1                0.944487
               37             6              39            1                0.947260
               37             6              40            6                1.104904
               40             6              41            1                0.966699
               40             6              42            1                0.966408
               40             6              47            1                0.962734
               43             6              45            1                1.118522
# -----------------------------------------------------------
$ Calculation_Info
   description: Details of the calculation
   geom. index: 1
   prop. index: 1
     Multiplicity:                          2
     Charge:                                0
     number of atoms:                       48
     number of electrons:                   0
     number of frozen core electrons:       1
     number of correlated electrons:        0
     number of basis functions:             429
     number of aux C basis functions:       2871
     number of aux J basis functions:       2871
     number of aux JK basis functions:      2871
     number of aux CABS basis functions:    0
     Total Energy                           -815.802363
# -----------------------------------------------------------
$ SCF_Electric_Properties
   description: The SCF Calculated Electric Properties
   geom. index: 1
   prop. index: 1
       Filename                          : cc-pVDZ_i.scfp 
       Do Dipole Moment Calculation      : true 
       Do Quadrupole Moment Calculation  : false 
       Do Polarizability Calculation     : false 
** Dipole moment part of electric properties **
        Magnitude of dipole moment (Debye) :        0.1365356169
        Electronic Contribution:
                  0    
      0      -2.251409
      1     -13.903058
      2      -1.365119
        Nuclear Contribution:
                  0    
      0       2.286176
      1      13.915421
      2       1.326083
        Total Dipole moment:
                  0    
      0       0.034767
      1       0.012363
      2      -0.039036
# -----------------------------------------------------------
$ EPRNMR_GTensor
   description: Electronic g tensor
   geom. index: 1
   prop. index: 1
 Source density: 1 SCF 
 Spin multiplicity: 2 
 raw g tensor: 
                  0          1          2    
      0       2.002735  -0.000052   0.000190
      1      -0.000015   2.002738   0.000041
      2       0.000182   0.000047   2.002251
 g tensor: 
                  0          1          2    
      0      -0.323322   0.234038  -0.916891
      1      -0.094737   0.956060   0.277442
      2       0.941535   0.176567  -0.286943
 G eigenvalues: 
                  0          1          2    
      0       2.002183   2.002738   2.002804
# -----------------------------------------------------------
$ EPRNMR_OrbitalShielding
   description: Orbital contribution to the NMR Shielding tensor (ppm)
   geom. index: 1
   prop. index: 1
 Number of stored nuclei 27
 Source density: 1 SCF 
 Nucleus: 9 H 
 Shielding tensor (ppm): 
                  0          1          2    
      0      27.995287   5.503921   0.046831
      1       5.321710  26.100175  -0.114982
      2       0.047771  -0.121024  18.562546
 P Tensor eigenvectors:
                   0          1          2    
      0      -0.023786  -0.644136  -0.764541
      1       0.032561   0.763852  -0.644569
      2       0.999187  -0.040226   0.002805
 P Eigenvalues: 
                  0          1          2    
      0      18.557563  21.557504  32.542941
P(iso)  24.219336
 Nucleus: 10 H 
 Shielding tensor (ppm): 
                  0          1          2    
      0      27.993661   5.484615   0.100481
      1       5.294932  26.137889  -0.083959
      2       0.023157  -0.119590  18.501279
 P Tensor eigenvectors:
                   0          1          2    
      0      -0.024279  -0.645230  -0.763602
      1       0.029479   0.763033  -0.645686
      2       0.999270  -0.038187   0.000495
 P Eigenvalues: 
                  0          1          2    
      0      18.496800  21.601213  32.534817
P(iso)  24.210943
 Nucleus: 12 H 
 Shielding tensor (ppm): 
                  0          1          2    
      0      28.155807  -1.355799   3.515837
      1      -0.865254  31.442333  -0.439956
      2       5.169201   0.698820  26.370354
 P Tensor eigenvectors:
                   0          1          2    
      0      -0.624085  -0.477407   0.618547
      1      -0.081342  -0.747635  -0.659110
      2       0.777111  -0.461655   0.427755
 P Eigenvalues: 
                  0          1          2    
      0      22.758103  30.823064  32.387327
P(iso)  28.656165
 Nucleus: 13 H 
 Shielding tensor (ppm): 
                  0          1          2    
      0      28.560346  -1.531006  -3.302314
      1      -1.209931  31.408896   0.054478
      2      -4.996863  -1.120463  26.011816
 P Tensor eigenvectors:
                   0          1          2    
      0       0.586395   0.503280  -0.634704
      1       0.132759   0.713253   0.688219
      2       0.799072  -0.487831   0.351433
 P Eigenvalues: 
                  0          1          2    
      0      22.768050  30.827572  32.385435
P(iso)  28.660353
 Nucleus: 15 H 
 Shielding tensor (ppm): 
                  0          1          2    
      0      30.301436   0.576591  -3.685638
      1       0.567522  31.421895   0.312197
      2      -3.585819   1.690955  27.685597
 P Tensor eigenvectors:
                   0          1          2    
      0       0.565508  -0.169433   0.807151
      1      -0.164226  -0.982205  -0.091119
      2       0.808227  -0.081026  -0.583270
 P Eigenvalues: 
                  0          1          2    
      0      24.927289  31.615194  32.866445
P(iso)  29.802976
 Nucleus: 16 H 
 Shielding tensor (ppm): 
                  0          1          2    
      0      29.983839   0.925994   3.748932
      1       0.850678  31.272595  -0.494840
      2       3.648366  -1.878159  28.144160
 P Tensor eigenvectors:
                   0          1          2    
      0      -0.600380  -0.157588   0.784034
      1       0.216915  -0.975729  -0.030014
      2       0.769735   0.152050   0.619992
 P Eigenvalues: 
                  0          1          2    
      0      24.908353  31.616259  32.875982
P(iso)  29.800198
 Nucleus: 18 H 
 Shielding tensor (ppm): 
                  0          1          2    
      0      30.766711  -0.110695  -4.512563
      1      -0.028394  30.643973  -0.412333
      2      -4.350181  -1.121571  28.269313
 P Tensor eigenvectors:
                   0          1          2    
      0       0.597201  -0.159397  -0.786094
      1       0.106723   0.987132  -0.119084
      2       0.794960  -0.012778   0.606527
 P Eigenvalues: 
                  0          1          2    
      0      24.840457  30.669886  34.169654
P(iso)  29.893332
 Nucleus: 19 H 
 Shielding tensor (ppm): 
                  0          1          2    
      0      30.407345   0.138721   4.609708
      1       0.241191  30.743445   0.271051
      2       4.431291   0.960269  28.530892
 P Tensor eigenvectors:
                   0          1          2    
      0      -0.628638  -0.157181  -0.761649
      1      -0.055318   0.985919  -0.157807
      2       0.775728  -0.057070  -0.628481
 P Eigenvalues: 
                  0          1          2    
      0      24.830720  30.680880  34.170082
P(iso)  29.893894
 Nucleus: 21 H 
 Shielding tensor (ppm): 
                  0          1          2    
      0      29.569332  -1.439173   3.844844
      1      -2.268861  30.550534  -2.459848
      2       3.288134  -2.106917  30.827629
 P Tensor eigenvectors:
                   0          1          2    
      0      -0.764704   0.331633   0.552492
      1       0.012767   0.865027  -0.501562
      2       0.644255   0.376493   0.665724
 P Eigenvalues: 
                  0          1          2    
      0      26.576240  28.821485  35.549770
P(iso)  30.315832
 Nucleus: 22 H 
 Shielding tensor (ppm): 
                  0          1          2    
      0      29.821331  -1.779076  -3.754328
      1      -2.580364  30.843588   2.374165
      2      -3.146330   2.052786  30.279543
 P Tensor eigenvectors:
                   0          1          2    
      0      -0.741624   0.345967  -0.574718
      1      -0.031675   0.837729   0.545167
      2      -0.670068  -0.422513   0.610321
 P Eigenvalues: 
                  0          1          2    
      0      26.590441  28.798840  35.555181
P(iso)  30.314821
 Nucleus: 24 H 
 Shielding tensor (ppm): 
                  0          1          2    
      0      28.182997  -1.339431   3.602014
      1      -0.825189  31.636292  -0.374890
      2       5.251160   0.673580  26.163478
 P Tensor eigenvectors:
                   0          1          2    
      0      -0.615255   0.518946  -0.593427
      1      -0.076748   0.709761   0.700249
      2       0.784583   0.476376  -0.396856
 P Eigenvalues: 
                  0          1          2    
      0      22.566389  30.956660  32.459719
P(iso)  28.660922
 Nucleus: 25 H 
 Shielding tensor (ppm): 
                  0          1          2    
      0      28.487610  -1.494504  -3.323210
      1      -1.105543  31.445615   0.154183
      2      -4.960378  -1.053567  25.943266
 P Tensor eigenvectors:
                   0          1          2    
      0       0.586882   0.527086  -0.614614
      1       0.118776   0.694832   0.709296
      2       0.800913  -0.489274   0.345179
 P Eigenvalues: 
                  0          1          2    
      0      22.736811  30.796397  32.343282
P(iso)  28.625497
 Nucleus: 27 H 
 Shielding tensor (ppm): 
                  0          1          2    
      0      29.966307   0.675593   3.939332
      1       0.581767  31.065208  -0.775819
      2       3.825447  -2.001778  27.875592
 P Tensor eigenvectors:
                   0          1          2    
      0      -0.586939  -0.295737   0.753686
      1       0.213930  -0.954465  -0.207921
      2       0.780856   0.039199   0.623480
 P Eigenvalues: 
                  0          1          2    
      0      24.561227  31.333020  33.012861
P(iso)  29.635703
 Nucleus: 28 H 
 Shielding tensor (ppm): 
                  0          1          2    
      0      30.186856   0.647493  -3.564627
      1       0.472402  31.160204   0.837728
      2      -3.623760   1.650130  27.456323
 P Tensor eigenvectors:
                   0          1          2    
      0       0.550818  -0.265586   0.791242
      1      -0.196792  -0.962618  -0.186115
      2       0.811093  -0.053195  -0.582493
 P Eigenvalues: 
                  0          1          2    
      0      24.698193  31.393215  32.711974
P(iso)  29.601127
 Nucleus: 30 H 
 Shielding tensor (ppm): 
                  0          1          2    
      0      28.414490   1.079960   2.984071
      1       0.099575  31.634449  -0.095899
      2       3.571114   1.200677  27.656203
 P Tensor eigenvectors:
                   0          1          2    
      0      -0.661363   0.582367   0.472703
      1       0.000423  -0.629926   0.776655
      2       0.750066   0.513851   0.416363
 P Eigenvalues: 
                  0          1          2    
      0      24.736097  30.663293  32.305752
P(iso)  29.235047
 Nucleus: 31 H 
 Shielding tensor (ppm): 
                  0          1          2    
      0      28.694051   0.116896  -3.796365
      1      -0.266812  30.288439   0.170718
      2      -4.232484  -0.109024  27.646451
 P Tensor eigenvectors:
                   0          1          2    
      0       0.656867  -0.024096   0.753621
      1       0.004502  -0.999346  -0.035877
      2       0.753993   0.026959  -0.656329
 P Eigenvalues: 
                  0          1          2    
      0      24.121810  30.285537  32.221595
P(iso)  28.876314
 Nucleus: 33 H 
 Shielding tensor (ppm): 
                  0          1          2    
      0      24.616109   0.110561  -0.165683
      1       0.022378  32.752143   0.562258
      2       0.230411   0.436378  24.169354
 P Tensor eigenvectors:
                   0          1          2    
      0      -0.055411   0.998433   0.007762
      1      -0.058453  -0.011004   0.998230
      2       0.996751   0.054859   0.058971
 P Eigenvalues: 
                  0          1          2    
      0      24.138723  24.617232  32.781651
P(iso)  27.179202
 Nucleus: 35 H 
 Shielding tensor (ppm): 
                  0          1          2    
      0      28.564950   1.012494  -3.555935
      1       1.096549  30.079033  -0.325745
      2      -3.696177  -0.448603  28.359184
 P Tensor eigenvectors:
                   0          1          2    
      0       0.702229   0.219784   0.677178
      1      -0.089923  -0.916159   0.390597
      2       0.706250  -0.335182  -0.623590
 P Eigenvalues: 
                  0          1          2    
      0      24.793881  29.684463  32.524822
P(iso)  29.001056
 Nucleus: 36 H 
 Shielding tensor (ppm): 
                  0          1          2    
      0      28.434218  -1.121769   2.636796
      1      -0.477411  31.303293   0.699437
      2       3.127279  -0.158232  28.344017
 P Tensor eigenvectors:
                   0          1          2    
      0       0.699469  -0.487655  -0.522432
      1       0.128974  -0.632881   0.763431
      2      -0.702928  -0.601377  -0.379786
 P Eigenvalues: 
                  0          1          2    
      0      25.409979  30.953601  31.717948
P(iso)  29.360509
 Nucleus: 38 H 
 Shielding tensor (ppm): 
                  0          1          2    
      0      30.369538  -0.357454   4.602909
      1      -0.577860  30.138755   0.246119
      2       4.110620  -0.228926  29.095441
 P Tensor eigenvectors:
                   0          1          2    
      0      -0.657530  -0.020316   0.753155
      1      -0.069222  -0.993779  -0.087240
      2       0.750242  -0.109497   0.652033
 P Eigenvalues: 
                  0          1          2    
      0      25.309386  30.128712  34.165636
P(iso)  29.867912
 Nucleus: 39 H 
 Shielding tensor (ppm): 
                  0          1          2    
      0      30.445627   1.167160  -4.098246
      1       0.947996  30.045540  -0.256393
      2      -3.890877   0.784254  28.950877
 P Tensor eigenvectors:
                   0          1          2    
      0       0.640249  -0.011865  -0.768076
      1      -0.182194   0.969004  -0.166841
      2       0.746248   0.246759   0.618243
 P Eigenvalues: 
                  0          1          2    
      0      25.464358  30.104232  33.873455
P(iso)  29.814015
 Nucleus: 41 H 
 Shielding tensor (ppm): 
                  0          1          2    
      0      29.700514   0.923407   4.146724
      1       1.704834  29.800939   2.022362
      2       3.719799   1.576743  31.824477
 P Tensor eigenvectors:
                   0          1          2    
      0       0.792693   0.224623   0.566729
      1       0.016616  -0.937258   0.348241
      2      -0.609394   0.266632   0.746690
 P Eigenvalues: 
                  0          1          2    
      0      26.687450  28.958120  35.680359
P(iso)  30.441977
 Nucleus: 42 H 
 Shielding tensor (ppm): 
                  0          1          2    
      0      29.736150   2.564793  -3.332409
      1       3.048799  31.411672  -2.441412
      2      -2.566359  -1.843907  30.020765
 P Tensor eigenvectors:
                   0          1          2    
      0       0.788743  -0.251268  -0.561025
      1      -0.209222   0.748431  -0.629347
      2       0.578023   0.613772   0.537749
 P Eigenvalues: 
                  0          1          2    
      0      26.807147  28.667423  35.694017
P(iso)  30.389529
 Nucleus: 44 H 
 Shielding tensor (ppm): 
                  0          1          2    
      0      34.915583  -0.925339   0.322945
      1      -1.431214  25.658356  -0.090655
      2       0.323973  -0.085817  23.780582
 P Tensor eigenvectors:
                   0          1          2    
      0      -0.025886   0.121060  -0.992308
      1       0.030505   0.992274   0.120260
      2       0.999199  -0.027157  -0.029379
 P Eigenvalues: 
                  0          1          2    
      0      23.769540  25.512189  35.072792
P(iso)  28.118173
 Nucleus: 45 H 
 Shielding tensor (ppm): 
                  0          1          2    
      0      34.888484  -0.981117   0.301687
      1      -1.497505  25.693024  -0.084495
      2       0.331637  -0.067436  23.764772
 P Tensor eigenvectors:
                   0          1          2    
      0      -0.025751   0.127654  -0.991484
      1       0.022667   0.991633   0.127084
      2       0.999411  -0.019202  -0.028429
 P Eigenvalues: 
                  0          1          2    
      0      23.754845  25.529740  35.061695
P(iso)  28.115427
 Nucleus: 46 H 
 Shielding tensor (ppm): 
                  0          1          2    
      0      28.733022   2.261458  -0.018134
      1       3.515570  35.931610  -0.281309
      2      -0.063757  -0.307663  25.671432
 P Tensor eigenvectors:
                   0          1          2    
      0      -0.018569  -0.940024  -0.340602
      1       0.033848   0.339874  -0.939862
      2       0.999254  -0.028981   0.025507
 P Eigenvalues: 
                  0          1          2    
      0      25.662210  27.719860  36.953994
P(iso)  30.112021
 Nucleus: 47 H 
 Shielding tensor (ppm): 
                  0          1          2    
      0      28.873985  -2.150161  -0.388373
      1      -3.493317  35.294807   1.851989
      2      -0.670790   1.903081  26.382535
 P Tensor eigenvectors:
                   0          1          2    
      0      -0.019782   0.935256  -0.353419
      1      -0.203584   0.342315   0.917265
      2       0.978858   0.090096   0.183631
 P Eigenvalues: 
                  0          1          2    
      0      26.002364  27.825942  36.723021
P(iso)  30.183776
# -----------------------------------------------------------
$ EPRNMR_ATensor
   description: Hyperfine A tensor
   geom. index: 1
   prop. index: 1
 Number of stored nuclei 27
 Source density: 1 SCF 
 Spin multiplicity: 2 
 Nucleus: 9 H  
 Isotope: 1 
 Nuclear Spin:  0.5 
 Prefactor (MHz): 533.551395 
 Raw A tensor (MHz): 
                  0          1          2    
      0      -0.111145   0.003803  -0.001995
      1       0.003808   0.267010  -0.010706
      2      -0.001993  -0.010677  -0.117603
 A Tensor eigenvectors:
                   0          1          2    
      0      -0.967310   0.253393   0.010190
      1       0.016912   0.024364   0.999560
      2       0.253033   0.967057  -0.027853
 A Eigenvalues: 
                  0          1          2    
      0      -0.110690  -0.118394   0.267346
A(iso)  0.012754
 Nucleus: 10 H  
 Isotope: 1 
 Nuclear Spin:  0.5 
 Prefactor (MHz): 533.551395 
 Raw A tensor (MHz): 
                  0          1          2    
      0      -0.245830   0.859301   0.007265
      1       0.859487   0.869552   0.035328
      2       0.007351   0.035560  -0.739914
 A Tensor eigenvectors:
                   0          1          2    
      0       0.835967   0.271101  -0.477141
      1      -0.447958  -0.165147  -0.878670
      2      -0.317007   0.948278  -0.016615
 A Eigenvalues: 
                  0          1          2    
      0      -0.709118  -0.744002   1.336927
A(iso)  -0.038731
 Nucleus: 12 H  
 Isotope: 1 
 Nuclear Spin:  0.5 
 Prefactor (MHz): 533.551395 
 Raw A tensor (MHz): 
                  0          1          2    
      0      -0.019640   0.093610   0.008426
      1       0.093633   0.182300   0.021134
      2       0.008432   0.021154  -0.055068
 A Tensor eigenvectors:
                   0          1          2    
      0       0.904149   0.223727   0.363953
      1      -0.373109  -0.001449   0.927786
      2       0.208098  -0.974651   0.082165
 A Eigenvalues: 
                  0          1          2    
      0      -0.056339  -0.056971   0.220903
A(iso)  0.035864
 Nucleus: 13 H  
 Isotope: 1 
 Nuclear Spin:  0.5 
 Prefactor (MHz): 533.551395 
 Raw A tensor (MHz): 
                  0          1          2    
      0      -0.022900   0.094233  -0.012476
      1       0.094260   0.178025  -0.026886
      2      -0.012467  -0.026846  -0.057877
 A Tensor eigenvectors:
                   0          1          2    
      0       0.707212   0.604666  -0.366375
      1      -0.351000  -0.149552  -0.924356
      2      -0.613718   0.782313   0.106473
 A Eigenvalues: 
                  0          1          2    
      0      -0.058858  -0.062370   0.218477
A(iso)  0.032416
 Nucleus: 15 H  
 Isotope: 1 
 Nuclear Spin:  0.5 
 Prefactor (MHz): 533.551395 
 Raw A tensor (MHz): 
                  0          1          2    
      0      -0.068643   0.025987   0.001050
      1       0.025997   0.139665   0.013699
      2       0.001052   0.013711  -0.071288
 A Tensor eigenvectors:
                   0          1          2    
      0      -0.790284  -0.600570  -0.121519
      1       0.057724   0.124468  -0.990543
      2       0.610015  -0.789825  -0.063698
 A Eigenvalues: 
                  0          1          2    
      0      -0.071353  -0.072649   0.143736
A(iso)  -0.000089
 Nucleus: 16 H  
 Isotope: 1 
 Nuclear Spin:  0.5 
 Prefactor (MHz): 533.551395 
 Raw A tensor (MHz): 
                  0          1          2    
      0      -0.069357   0.026387  -0.003336
      1       0.026402   0.137766  -0.023560
      2      -0.003334  -0.023533  -0.070417
 A Tensor eigenvectors:
                   0          1          2    
      0       0.839851   0.528499  -0.123852
      1      -0.163444   0.028635  -0.986137
      2      -0.517626   0.848451   0.110429
 A Eigenvalues: 
                  0          1          2    
      0      -0.072439  -0.073287   0.143717
A(iso)  -0.000670
 Nucleus: 18 H  
 Isotope: 1 
 Nuclear Spin:  0.5 
 Prefactor (MHz): 533.551395 
 Raw A tensor (MHz): 
                  0          1          2    
      0      -0.034218   0.040059  -0.004199
      1       0.040075   0.080365  -0.012337
      2      -0.004197  -0.012318  -0.045627
 A Tensor eigenvectors:
                   0          1          2    
      0       0.653150   0.695577  -0.299280
      1      -0.274779  -0.150576  -0.949644
      2      -0.705615   0.702495   0.092782
 A Eigenvalues: 
                  0          1          2    
      0      -0.046540  -0.047138   0.094198
A(iso)  0.000173
 Nucleus: 19 H  
 Isotope: 1 
 Nuclear Spin:  0.5 
 Prefactor (MHz): 533.551395 
 Raw A tensor (MHz): 
                  0          1          2    
      0      -0.034115   0.039781   0.002172
      1       0.039795   0.081238   0.007595
      2       0.002174   0.007607  -0.046013
 A Tensor eigenvectors:
                   0          1          2    
      0      -0.640094   0.708657   0.296790
      1       0.154850  -0.259372   0.953283
      2       0.752530   0.656149   0.056287
 A Eigenvalues: 
                  0          1          2    
      0      -0.046296  -0.046670   0.094077
A(iso)  0.000370
 Nucleus: 21 H  
 Isotope: 1 
 Nuclear Spin:  0.5 
 Prefactor (MHz): 533.551395 
 Raw A tensor (MHz): 
                  0          1          2    
      0      -0.035202   0.012490  -0.001352
      1       0.012500   0.071257  -0.010226
      2      -0.001351  -0.010213  -0.035692
 A Tensor eigenvectors:
                   0          1          2    
      0       0.708274   0.696571  -0.114619
      1      -0.147624  -0.012627  -0.988963
      2      -0.690330   0.717377   0.093888
 A Eigenvalues: 
                  0          1          2    
      0      -0.036489  -0.036823   0.073675
A(iso)  0.000121
 Nucleus: 22 H  
 Isotope: 1 
 Nuclear Spin:  0.5 
 Prefactor (MHz): 533.551395 
 Raw A tensor (MHz): 
                  0          1          2    
      0      -0.035188   0.012339   0.000382
      1       0.012348   0.071795   0.004852
      2       0.000383   0.004859  -0.036398
 A Tensor eigenvectors:
                   0          1          2    
      0      -0.726170   0.678175   0.112937
      1       0.052061  -0.109555   0.992616
      2       0.685541   0.726688   0.044249
 A Eigenvalues: 
                  0          1          2    
      0      -0.036435  -0.036773   0.073416
A(iso)  0.000070
 Nucleus: 24 H  
 Isotope: 1 
 Nuclear Spin:  0.5 
 Prefactor (MHz): 533.551395 
 Raw A tensor (MHz): 
                  0          1          2    
      0      -0.094121  -0.775242   0.215816
      1      -0.775366   2.317587  -0.717309
      2       0.215914  -0.716989  -0.168528
 A Tensor eigenvectors:
                   0          1          2    
      0       0.944122  -0.184254   0.273284
      1       0.308731   0.204054  -0.929003
      2       0.115408   0.961464   0.249537
 A Eigenvalues: 
                  0          1          2    
      0      -0.321274  -0.362063   2.738276
A(iso)  0.684979
 Nucleus: 25 H  
 Isotope: 1 
 Nuclear Spin:  0.5 
 Prefactor (MHz): 533.551395 
 Raw A tensor (MHz): 
                  0          1          2    
      0      -0.118814  -0.534330  -0.334716
      1      -0.534688   2.902986   0.306983
      2      -0.334849   0.307030  -0.154686
 A Tensor eigenvectors:
                   0          1          2    
      0      -0.671809   0.719125  -0.177573
      1      -0.204122   0.050714   0.977631
      2       0.712044   0.693028   0.112719
 A Eigenvalues: 
                  0          1          2    
      0       0.073357  -0.479371   3.035499
A(iso)  0.876495
 Nucleus: 27 H  
 Isotope: 1 
 Nuclear Spin:  0.5 
 Prefactor (MHz): 533.551395 
 Raw A tensor (MHz): 
                  0          1          2    
      0      -3.354858   2.480761   0.860319
      1       2.480606   2.223728   2.353435
      2       0.860460   2.353060  -3.265400
 A Tensor eigenvectors:
                   0          1          2    
      0       0.335015  -0.273414   0.901671
      1       0.884456  -0.238644  -0.400983
      2       0.324812   0.931823   0.161873
 A Eigenvalues: 
                  0          1          2    
      0       4.027920  -4.120764  -4.303685
A(iso)  -1.465510
 Nucleus: 28 H  
 Isotope: 1 
 Nuclear Spin:  0.5 
 Prefactor (MHz): 533.551395 
 Raw A tensor (MHz): 
                  0          1          2    
      0      -3.770938   2.661420  -1.423290
      1       2.662017   3.165646  -2.248607
      2      -1.422645  -2.246392  -4.511990
 A Tensor eigenvectors:
                   0          1          2    
      0      -0.745834   0.326309  -0.580736
      1       0.421520   0.906249  -0.032144
      2       0.515802  -0.268766  -0.813457
 A Eigenvalues: 
                  0          1          2    
      0      -4.291681   4.791125  -5.616726
A(iso)  -1.705761
 Nucleus: 30 H  
 Isotope: 1 
 Nuclear Spin:  0.5 
 Prefactor (MHz): 533.551395 
 Raw A tensor (MHz): 
                  0          1          2    
      0      42.145044  -5.958803   2.965808
      1      -5.955385  41.344026  -3.279639
      2       2.963837  -3.281158  37.015784
 A Tensor eigenvectors:
                   0          1          2    
      0       0.157528   0.715020  -0.681125
      1       0.580696   0.490810   0.649536
      2       0.798735  -0.497847  -0.337893
 A Eigenvalues: 
                  0          1          2    
      0      35.215768  35.991974  49.297113
A(iso)  40.168285
 Nucleus: 31 H  
 Isotope: 1 
 Nuclear Spin:  0.5 
 Prefactor (MHz): 533.551395 
 Raw A tensor (MHz): 
                  0          1          2    
      0     111.896620  -5.476715  -2.653759
      1      -5.476227 114.107937   1.648693
      2      -2.651761   1.647626 108.217755
 A Tensor eigenvectors:
                   0          1          2    
      0      -0.655857   0.418048   0.628560
      1      -0.321871   0.598308  -0.733776
      2      -0.682826  -0.683567  -0.257847
 A Eigenvalues: 
                  0          1          2    
      0     106.446729 108.397631 119.377952
A(iso)  111.407438
 Nucleus: 33 H  
 Isotope: 1 
 Nuclear Spin:  0.5 
 Prefactor (MHz): 533.551395 
 Raw A tensor (MHz): 
                  0          1          2    
      0     -25.704135  -1.019149  16.921099
      1      -1.018331 -91.617154  -3.852615
      2      16.919985  -3.853024 -46.963217
 A Tensor eigenvectors:
                   0          1          2    
      0      -0.873332  -0.487074  -0.007153
      1       0.036640  -0.080325   0.996095
      2      -0.485746   0.869659   0.087996
 A Eigenvalues: 
                  0          1          2    
      0     -16.250369 -56.083923 -91.950214
A(iso)  -54.761502
 Nucleus: 35 H  
 Isotope: 1 
 Nuclear Spin:  0.5 
 Prefactor (MHz): 533.551395 
 Raw A tensor (MHz): 
                  0          1          2    
      0     112.207810   5.811514  -1.643852
      1       5.810457 115.220189  -0.586406
      2      -1.642104  -0.585441 108.405812
 A Tensor eigenvectors:
                   0          1          2    
      0      -0.671049   0.414433  -0.614766
      1       0.431188  -0.456383  -0.778326
      2      -0.603133  -0.787375   0.127557
 A Eigenvalues: 
                  0          1          2    
      0     106.996853 108.931134 119.905823
A(iso)  111.944603
 Nucleus: 36 H  
 Isotope: 1 
 Nuclear Spin:  0.5 
 Prefactor (MHz): 533.551395 
 Raw A tensor (MHz): 
                  0          1          2    
      0      41.196881   5.350260   3.905498
      1       5.346838  39.359396   3.844923
      2       3.902914   3.846666  37.418658
 A Tensor eigenvectors:
                   0          1          2    
      0      -0.155762   0.720568  -0.675663
      1       0.703955  -0.398870  -0.587664
      2      -0.692954  -0.567173  -0.445118
 A Eigenvalues: 
                  0          1          2    
      0      34.389917  35.163524  48.421494
A(iso)  39.324978
 Nucleus: 38 H  
 Isotope: 1 
 Nuclear Spin:  0.5 
 Prefactor (MHz): 533.551395 
 Raw A tensor (MHz): 
                  0          1          2    
      0      -3.261196  -2.701224   0.428040
      1      -2.700949   2.761772  -1.224012
      2       0.428221  -1.223803  -3.931278
 A Tensor eigenvectors:
                   0          1          2    
      0       0.352109   0.267213   0.897004
      1      -0.921987  -0.065954   0.381563
      2       0.161120  -0.961378   0.223144
 A Eigenvalues: 
                  0          1          2    
      0       4.007253  -4.134286  -4.303668
A(iso)  -1.476901
 Nucleus: 39 H  
 Isotope: 1 
 Nuclear Spin:  0.5 
 Prefactor (MHz): 533.551395 
 Raw A tensor (MHz): 
                  0          1          2    
      0      -3.738783  -2.432636  -1.941455
      1      -2.433202   1.996994   3.445958
      2      -1.940917   3.443933  -3.483638
 A Tensor eigenvectors:
                   0          1          2    
