-------------------------------------------------------------
----------------------- !PROPERTIES! ------------------------
-------------------------------------------------------------
# -----------------------------------------------------------
$ PAL_Flags
   description: The PAL Flags
   geom. index: 1
   prop. index: 1
        Diskflag:     2
# -----------------------------------------------------------
$ SCF_Energy
   description: The SCF energy
   geom. index: 1
   prop. index: 1
        SCF Energy:     -815.8023619830
# -----------------------------------------------------------
$ DFT_Energy
   description: The DFT energy
   geom. index: 1
   prop. index: 1
   Number of Alpha Electrons                 77.0001047112 
   Number of Beta  Electrons                 76.0000945653 
   Total number of  Electrons               153.0001992765 
   Exchange energy                          -93.8282948310 
   Correlation energy                        -5.8974036376 
   Correlation energy NL                      0.0000000000 
   Exchange-Correlation energy              -99.7256984686 
   Embedding correction                       0.0000000000 
   Total DFT Energy (No VdW correction)    -815.8023619830 
# -----------------------------------------------------------
$ Mayer_Pop
   description: The Mayer population analysis
   geom. index: 1
   prop. index: 1
     Number of atoms                     : 48
     Threshold for printing              : 0.1000000
     Number of bond orders printed       : 48
  NA   - Mulliken gross atomic population
  ZA   - Total nuclear charge
  QA   - Mulliken gross atomic charge
  VA   - Mayer's total valence
  BVA  - Mayer's bonded valence
  FA   - Mayer's free valence
  ATOM       NA         ZA         QA         VA         BVA        FA
  0   0     6.6046     6.0000    -0.6046     3.3886     3.3886     0.0000
  1   0     5.3733     6.0000     0.6267     2.8967     2.8967     0.0000
  2   0     5.3735     6.0000     0.6265     2.8945     2.8945     0.0000
  3   0     6.0388     6.0000    -0.0388     3.8144     3.8144     0.0000
  4   0     6.0644     6.0000    -0.0644     4.1287     4.1287     0.0000
  5   0     5.9797     6.0000     0.0203     3.8832     3.8832     0.0000
  6   0     6.0369     6.0000    -0.0369     3.8151     3.8151     0.0000
  7   0     6.0628     6.0000    -0.0628     4.1275     4.1275     0.0000
  8   0     5.9791     6.0000     0.0209     3.8807     3.8807     0.0000
  9   0     1.0508     1.0000    -0.0508     1.0031     1.0031     0.0000
 10   0     1.0506     1.0000    -0.0506     1.0031     1.0031    -0.0000
 11   0     5.9572     6.0000     0.0428     4.0290     4.0290     0.0000
 12   0     0.9683     1.0000     0.0317     0.9698     0.9698     0.0000
 13   0     0.9683     1.0000     0.0317     0.9698     0.9698     0.0000
 14   0     6.0367     6.0000    -0.0367     4.1155     4.1155     0.0000
 15   0     0.9836     1.0000     0.0164     0.9629     0.9629     0.0000
 16   0     0.9835     1.0000     0.0165     0.9628     0.9628     0.0000
 17   0     6.0242     6.0000    -0.0242     4.1172     4.1172     0.0000
 18   0     0.9938     1.0000     0.0062     0.9674     0.9674     0.0000
 19   0     0.9939     1.0000     0.0061     0.9675     0.9675     0.0000
 20   0     5.9970     6.0000     0.0030     4.0167     4.0167     0.0000
 21   0     0.9828     1.0000     0.0172     0.9773     0.9773     0.0000
 22   0     0.9828     1.0000     0.0172     0.9773     0.9773     0.0000
 23   0     5.9547     6.0000     0.0453     4.0211     4.0211     0.0000
 24   0     0.9677     1.0000     0.0323     0.9697     0.9697     0.0000
 25   0     0.9680     1.0000     0.0320     0.9699     0.9699     0.0000
 26   0     6.0437     6.0000    -0.0437     4.1266     4.1265     0.0001
 27   0     0.9800     1.0000     0.0200     0.9614     0.9614     0.0000
 28   0     0.9791     1.0000     0.0209     0.9631     0.9631     0.0000
 29   0     5.9322     6.0000     0.0678     4.0004     3.9980     0.0024
 30   0     0.9929     1.0000     0.0071     0.9722     0.9718     0.0004
 31   0     0.9857     1.0000     0.0143     0.9653     0.9615     0.0038
 32   0     6.1138     6.0000    -0.1138     4.0039     3.2565     0.7474
 33   0     1.0164     1.0000    -0.0164     0.9902     0.9879     0.0023
 34   0     5.9606     6.0000     0.0394     4.0161     4.0136     0.0025
 35   0     0.9870     1.0000     0.0130     0.9645     0.9606     0.0039
 36   0     0.9950     1.0000     0.0050     0.9714     0.9710     0.0004
 37   0     6.0452     6.0000    -0.0452     4.1300     4.1299     0.0001
 38   0     0.9919     1.0000     0.0081     0.9653     0.9653     0.0000
 39   0     0.9909     1.0000     0.0091     0.9668     0.9668     0.0000
 40   0     6.0028     6.0000    -0.0028     4.0212     4.0212     0.0000
 41   0     0.9836     1.0000     0.0164     0.9771     0.9771     0.0000
 42   0     0.9839     1.0000     0.0161     0.9774     0.9774     0.0000
 43   0     6.6056     6.0000    -0.6056     3.3883     3.3883     0.0000
 44   0     1.0290     1.0000    -0.0290     1.0305     1.0305     0.0000
 45   0     1.0291     1.0000    -0.0291     1.0306     1.0306     0.0000
 46   0     0.9872     1.0000     0.0128     0.9735     0.9735     0.0000
 47   0     0.9877     1.0000     0.0123     0.9736     0.9736     0.0000
      Bond orders larger than 0.1000000
           Atom A     A.N. of A          Atom B    A.N. of B              Bond order
                0             6               1            6                2.120491
                0             6              44            1                1.118318
                1             6               3            6                0.908713
                2             6               6            6                0.907478
                2             6              43            6                2.120005
                3             6               4            6                1.396834
                3             6               8            6                1.372115
                4             6               5            6                1.426825
                4             6              11            6                1.090472
                5             6               6            6                1.373143
                5             6               9            1                0.921310
                6             6               7            6                1.397769
                7             6               8            6                1.426935
                7             6              23            6                1.088667
                8             6              10            1                0.922004
               11             6              12            1                0.898025
               11             6              13            1                0.898131
               11             6              14            6                1.104202
               14             6              15            1                0.929354
               14             6              16            1                0.929254
               14             6              17            6                1.075109
               17             6              18            1                0.941035
               17             6              19            1                0.941018
               17             6              20            6                1.105991
               20             6              21            1                0.966207
               20             6              22            1                0.966256
               20             6              46            1                0.961727
               23             6              24            1                0.897144
               23             6              25            1                0.896921
               23             6              26            6                1.102595
               26             6              27            1                0.927660
               26             6              28            1                0.931174
               26             6              29            6                1.072295
               29             6              30            1                0.923952
               29             6              31            1                0.911385
               29             6              32            6                1.071283
               32             6              33            1                0.959472
               32             6              34            6                1.079451
               34             6              35            1                0.915915
               34             6              36            1                0.927882
               34             6              37            6                1.071408
               37             6              38            1                0.944484
               37             6              39            1                0.947265
               37             6              40            6                1.104909
               40             6              41            1                0.966700
               40             6              42            1                0.966410
               40             6              47            1                0.962725
               43             6              45            1                1.118521
# -----------------------------------------------------------
$ Calculation_Info
   description: Details of the calculation
   geom. index: 1
   prop. index: 1
     Multiplicity:                          2
     Charge:                                0
     number of atoms:                       48
     number of electrons:                   0
     number of frozen core electrons:       1
     number of correlated electrons:        0
     number of basis functions:             429
     number of aux C basis functions:       2871
     number of aux J basis functions:       2871
     number of aux JK basis functions:      2871
     number of aux CABS basis functions:    0
     Total Energy                           -815.802362
# -----------------------------------------------------------
$ SCF_Electric_Properties
   description: The SCF Calculated Electric Properties
   geom. index: 1
   prop. index: 1
       Filename                          : cc-pVDZ_i.scfp 
       Do Dipole Moment Calculation      : true 
       Do Quadrupole Moment Calculation  : false 
       Do Polarizability Calculation     : false 
** Dipole moment part of electric properties **
        Magnitude of dipole moment (Debye) :        0.1367498045
        Electronic Contribution:
                  0    
      0      -2.255654
      1     -13.902778
      2      -1.360811
        Nuclear Contribution:
                  0    
      0       2.290393
      1      13.915069
      2       1.321612
        Total Dipole moment:
                  0    
      0       0.034740
      1       0.012291
      2      -0.039199
# -----------------------------------------------------------
$ EPRNMR_GTensor
   description: Electronic g tensor
   geom. index: 1
   prop. index: 1
 Source density: 1 SCF 
 Spin multiplicity: 2 
 raw g tensor: 
                  0          1          2    
      0       2.002735  -0.000052   0.000190
      1      -0.000015   2.002738   0.000041
      2       0.000182   0.000047   2.002251
 g tensor: 
                  0          1          2    
      0      -0.323111   0.233964  -0.916984
      1      -0.094634   0.956113   0.277294
      2       0.941618   0.176374  -0.286790
 G eigenvalues: 
                  0          1          2    
      0       2.002183   2.002738   2.002804
# -----------------------------------------------------------
$ EPRNMR_OrbitalShielding
   description: Orbital contribution to the NMR Shielding tensor (ppm)
   geom. index: 1
   prop. index: 1
 Number of stored nuclei 27
 Source density: 1 SCF 
 Nucleus: 9 H 
 Shielding tensor (ppm): 
                  0          1          2    
      0      27.993230   5.504858   0.048151
      1       5.322852  26.100276  -0.113930
      2       0.048642  -0.119203  18.557415
 P Tensor eigenvectors:
                   0          1          2    
      0      -0.023778  -0.644220  -0.764471
      1       0.032351   0.763790  -0.644653
      2       0.999194  -0.040060   0.002680
 P Eigenvalues: 
                  0          1          2    
      0      18.552479  21.555651  32.542791
P(iso)  24.216974
 Nucleus: 10 H 
 Shielding tensor (ppm): 
                  0          1          2    
      0      27.992257   5.485382   0.100824
      1       5.296207  26.137639  -0.085786
      2       0.023024  -0.119480  18.493762
 P Tensor eigenvectors:
                   0          1          2    
      0      -0.024368  -0.645275  -0.763561
      1       0.029645   0.762986  -0.645735
      2       0.999263  -0.038371   0.000537
 P Eigenvalues: 
                  0          1          2    
      0      18.489235  21.599523  32.534900
P(iso)  24.207886
 Nucleus: 12 H 
 Shielding tensor (ppm): 
                  0          1          2    
      0      28.154030  -1.356713   3.518274
      1      -0.865560  31.442741  -0.440240
      2       5.167547   0.699147  26.370367
 P Tensor eigenvectors:
                   0          1          2    
      0      -0.624202  -0.477586   0.618292
      1      -0.081375  -0.747351  -0.659427
      2       0.777014  -0.461929   0.427634
 P Eigenvalues: 
                  0          1          2    
      0      22.756932  30.822673  32.387533
P(iso)  28.655713
 Nucleus: 13 H 
 Shielding tensor (ppm): 
                  0          1          2    
      0      28.560816  -1.531150  -3.300136
      1      -1.209970  31.407059   0.054028
      2      -4.997611  -1.120736  26.012212
 P Tensor eigenvectors:
                   0          1          2    
      0       0.586351   0.502960  -0.634999
      1       0.132842   0.713579   0.687865
      2       0.799091  -0.487685   0.351593
 P Eigenvalues: 
                  0          1          2    
      0      22.769011  30.826701  32.384375
P(iso)  28.660029
 Nucleus: 15 H 
 Shielding tensor (ppm): 
                  0          1          2    
      0      30.300714   0.579916  -3.684142
      1       0.569422  31.421201   0.312347
      2      -3.587733   1.693003  27.679894
 P Tensor eigenvectors:
                   0          1          2    
      0       0.565256  -0.168499   0.807523
      1      -0.164446  -0.982285  -0.089855
      2       0.808358  -0.082003  -0.582951
 P Eigenvalues: 
                  0          1          2    
      0      24.922316  31.615514  32.863979
P(iso)  29.800603
 Nucleus: 16 H 
 Shielding tensor (ppm): 
                  0          1          2    
      0      29.983219   0.923493   3.752073
      1       0.848042  31.273250  -0.494760
      2       3.648512  -1.875642  28.142366
 P Tensor eigenvectors:
                   0          1          2    
      0      -0.600421  -0.158005   0.783919
      1       0.216477  -0.975799  -0.030875
      2       0.769826   0.151162   0.620095
 P Eigenvalues: 
                  0          1          2    
      0      24.906741  31.615525  32.876569
P(iso)  29.799612
 Nucleus: 18 H 
 Shielding tensor (ppm): 
                  0          1          2    
      0      30.772168  -0.112210  -4.509238
      1      -0.028741  30.645007  -0.412931
      2      -4.350452  -1.124678  28.265389
 P Tensor eigenvectors:
                   0          1          2    
      0       0.596714  -0.159629  -0.786416
      1       0.107068   0.987090  -0.119121
      2       0.795279  -0.013119   0.606102
 P Eigenvalues: 
                  0          1          2    
      0      24.840916  30.671405  34.170242
P(iso)  29.894188
 Nucleus: 19 H 
 Shielding tensor (ppm): 
                  0          1          2    
      0      30.401252   0.140008   4.611775
      1       0.241086  30.742345   0.271841
      2       4.429939   0.957701  28.536845
 P Tensor eigenvectors:
                   0          1          2    
      0      -0.629177  -0.157039  -0.761233
      1      -0.055135   0.985927  -0.157821
      2       0.775304  -0.057327  -0.628981
 P Eigenvalues: 
                  0          1          2    
      0      24.831682  30.679586  34.169174
P(iso)  29.893481
 Nucleus: 21 H 
 Shielding tensor (ppm): 
                  0          1          2    
      0      29.567773  -1.441395   3.842617
      1      -2.268621  30.551021  -2.460296
      2       3.290663  -2.103106  30.828597
 P Tensor eigenvectors:
                   0          1          2    
      0      -0.765013   0.330902   0.552502
      1       0.011960   0.865055  -0.501535
      2       0.643903   0.377073   0.665736
 P Eigenvalues: 
                  0          1          2    
      0      26.575652  28.822359  35.549380
P(iso)  30.315797
 Nucleus: 22 H 
 Shielding tensor (ppm): 
                  0          1          2    
      0      29.825059  -1.776983  -3.757628
      1      -2.581211  30.841947   2.372959
      2      -3.148417   2.053892  30.274625
 P Tensor eigenvectors:
                   0          1          2    
      0      -0.740948   0.346769  -0.575106
      1      -0.030827   0.837905   0.544945
      2      -0.670854  -0.421505   0.610155
 P Eigenvalues: 
                  0          1          2    
      0      26.587577  28.798500  35.555554
P(iso)  30.313877
 Nucleus: 24 H 
 Shielding tensor (ppm): 
                  0          1          2    
      0      28.181114  -1.336800   3.602897
      1      -0.823586  31.634850  -0.376002
      2       5.252470   0.671721  26.163998
 P Tensor eigenvectors:
                   0          1          2    
      0      -0.615363   0.518590  -0.593627
      1      -0.076501   0.710254   0.699777
      2       0.784523   0.476029  -0.397391
 P Eigenvalues: 
                  0          1          2    
      0      22.565317  30.956620  32.458024
P(iso)  28.659987
 Nucleus: 25 H 
 Shielding tensor (ppm): 
                  0          1          2    
      0      28.485025  -1.497063  -3.323628
      1      -1.105769  31.445844   0.154156
      2      -4.958896  -1.055700  25.939477
 P Tensor eigenvectors:
                   0          1          2    
      0       0.586836   0.527905  -0.613954
      1       0.118882   0.693852   0.710237
      2       0.800931  -0.489781   0.344419
 P Eigenvalues: 
                  0          1          2    
      0      22.733587  30.794317  32.342443
P(iso)  28.623449
 Nucleus: 27 H 
 Shielding tensor (ppm): 
                  0          1          2    
      0      29.961243   0.677229   3.939467
      1       0.583571  31.063445  -0.776572
      2       3.827284  -2.001618  27.875735
 P Tensor eigenvectors:
                   0          1          2    
      0      -0.587190  -0.295631   0.753532
      1       0.214056  -0.954491  -0.207670
      2       0.780633   0.039356   0.623749
 P Eigenvalues: 
                  0          1          2    
      0      24.558035  31.331945  33.010444
P(iso)  29.633474
 Nucleus: 28 H 
 Shielding tensor (ppm): 
                  0          1          2    
      0      30.190002   0.648363  -3.566251
      1       0.471073  31.161158   0.836933
      2      -3.621744   1.650830  27.446439
 P Tensor eigenvectors:
                   0          1          2    
      0       0.550247  -0.265129   0.791792
      1      -0.196583  -0.962731  -0.185753
      2       0.811531  -0.053443  -0.581860
 P Eigenvalues: 
                  0          1          2    
      0      24.692951  31.394166  32.710483
P(iso)  29.599200
 Nucleus: 30 H 
 Shielding tensor (ppm): 
                  0          1          2    
      0      28.411257   1.079916   2.980432
      1       0.099545  31.635946  -0.096257
      2       3.577491   1.199338  27.651674
 P Tensor eigenvectors:
                   0          1          2    
      0      -0.661249   0.582986   0.472099
      1       0.000509  -0.628977   0.777424
      2       0.750166   0.514311   0.415614
 P Eigenvalues: 
                  0          1          2    
      0      24.730791  30.663036  32.305050
P(iso)  29.232959
 Nucleus: 31 H 
 Shielding tensor (ppm): 
                  0          1          2    
      0      28.692841   0.117373  -3.798214
      1      -0.265589  30.289142   0.172121
      2      -4.230281  -0.107946  27.642793
 P Tensor eigenvectors:
                   0          1          2    
      0       0.656779  -0.024386   0.753689
      1       0.004250  -0.999341  -0.036038
      2       0.754071   0.026872  -0.656243
 P Eigenvalues: 
                  0          1          2    
      0      24.119403  30.286208  32.219165
P(iso)  28.874925
 Nucleus: 33 H 
 Shielding tensor (ppm): 
                  0          1          2    
      0      24.614286   0.115895  -0.172011
      1       0.024611  32.747334   0.563047
      2       0.235373   0.432932  24.167986
 P Tensor eigenvectors:
                   0          1          2    
      0      -0.053520   0.998533   0.008199
      1      -0.058355  -0.011324   0.998232
      2       0.996860   0.052947   0.058876
 P Eigenvalues: 
                  0          1          2    
      0      24.137600  24.615241  32.776764
P(iso)  27.176535
 Nucleus: 35 H 
 Shielding tensor (ppm): 
                  0          1          2    
      0      28.570380   1.017365  -3.557520
      1       1.095026  30.078664  -0.325372
      2      -3.698596  -0.438528  28.357341
 P Tensor eigenvectors:
                   0          1          2    
      0       0.701884   0.218776   0.677861
      1      -0.090641  -0.916493   0.389647
      2       0.706501  -0.334929  -0.623441
 P Eigenvalues: 
                  0          1          2    
      0      24.792791  29.687032  32.526562
P(iso)  29.002128
 Nucleus: 36 H 
 Shielding tensor (ppm): 
                  0          1          2    
      0      28.433336  -1.126690   2.634369
      1      -0.476235  31.306579   0.700348
      2       3.132271  -0.156131  28.335996
 P Tensor eigenvectors:
                   0          1          2    
      0       0.698996  -0.490195  -0.520685
      1       0.129097  -0.629645   0.766081
      2      -0.703376  -0.602707  -0.376837
 P Eigenvalues: 
                  0          1          2    
      0      25.403790  30.952587  31.719535
P(iso)  29.358637
 Nucleus: 38 H 
 Shielding tensor (ppm): 
                  0          1          2    
      0      30.376740  -0.351871   4.596104
      1      -0.579442  30.137590   0.245140
      2       4.110630  -0.234700  29.097252
 P Tensor eigenvectors:
                   0          1          2    
      0      -0.657229  -0.020857   0.753402
      1      -0.068597  -0.993813  -0.087353
      2       0.750563  -0.109092   0.651732
 P Eigenvalues: 
                  0          1          2    
      0      25.317338  30.126951  34.167293
P(iso)  29.870527
 Nucleus: 39 H 
 Shielding tensor (ppm): 
                  0          1          2    
      0      30.435290   1.163469  -4.101210
      1       0.948677  30.045758  -0.255577
      2      -3.886477   0.772438  28.961043
 P Tensor eigenvectors:
                   0          1          2    
      0       0.641275  -0.012279  -0.767213
      1      -0.181558   0.969051  -0.167264
      2       0.745522   0.246556   0.619199
 P Eigenvalues: 
                  0          1          2    
      0      25.468394  30.102418  33.871279
P(iso)  29.814031
 Nucleus: 41 H 
 Shielding tensor (ppm): 
                  0          1          2    
      0      29.704591   0.916437   4.154314
      1       1.704996  29.800502   2.018745
      2       3.721934   1.576438  31.819903
 P Tensor eigenvectors:
                   0          1          2    
      0       0.792122   0.225323   0.567250
      1       0.017690  -0.937450   0.347671
      2      -0.610106   0.265363   0.746561
 P Eigenvalues: 
                  0          1          2    
      0      26.683512  28.960697  35.680788
P(iso)  30.441665
 Nucleus: 42 H 
 Shielding tensor (ppm): 
                  0          1          2    
      0      29.743328   2.569287  -3.327030
      1       3.047273  31.410567  -2.443205
      2      -2.573466  -1.833847  30.020394
 P Tensor eigenvectors:
                   0          1          2    
      0       0.788379  -0.251052  -0.561632
      1      -0.209740   0.748555  -0.629027
      2       0.578331   0.613708   0.537489
 P Eigenvalues: 
                  0          1          2    
      0      26.809120  28.670645  35.694523
P(iso)  30.391430
 Nucleus: 44 H 
 Shielding tensor (ppm): 
                  0          1          2    
      0      34.915522  -0.924669   0.324348
      1      -1.430514  25.659332  -0.090953
      2       0.324205  -0.086130  23.782038
 P Tensor eigenvectors:
                   0          1          2    
      0      -0.025960   0.121011  -0.992312
      1       0.030640   0.992276   0.120205
      2       0.999193  -0.027284  -0.029468
 P Eigenvalues: 
                  0          1          2    
      0      23.770932  25.513330  35.072630
P(iso)  28.118964
 Nucleus: 45 H 
 Shielding tensor (ppm): 
                  0          1          2    
      0      34.888536  -0.980402   0.301284
      1      -1.496751  25.693536  -0.084403
      2       0.331336  -0.067342  23.764890
 P Tensor eigenvectors:
                   0          1          2    
      0      -0.025723   0.127586  -0.991494
      1       0.022642   0.991642   0.127017
      2       0.999413  -0.019183  -0.028397
 P Eigenvalues: 
                  0          1          2    
      0      23.754985  25.530434  35.061543
P(iso)  28.115654
 Nucleus: 46 H 
 Shielding tensor (ppm): 
                  0          1          2    
      0      28.732676   2.261004  -0.022307
      1       3.514540  35.932692  -0.275944
      2      -0.059268  -0.308130  25.673736
 P Tensor eigenvectors:
                   0          1          2    
      0      -0.018280  -0.940068  -0.340496
      1       0.033496   0.339786  -0.939906
      2       0.999272  -0.028587   0.025277
 P Eigenvalues: 
                  0          1          2    
      0      25.664673  27.720096  36.954336
P(iso)  30.113035
 Nucleus: 47 H 
 Shielding tensor (ppm): 
                  0          1          2    
      0      28.871944  -2.151246  -0.381983
      1      -3.489885  35.296594   1.856321
      2      -0.677644   1.900633  26.391624
 P Tensor eigenvectors:
                   0          1          2    
      0      -0.020110   0.935345  -0.353165
      1      -0.203944   0.341972   0.917312
      2       0.978776   0.090473   0.183881
 P Eigenvalues: 
                  0          1          2    
      0      26.010787  27.825157  36.724217
P(iso)  30.186721
# -----------------------------------------------------------
$ EPRNMR_ATensor
   description: Hyperfine A tensor
   geom. index: 1
   prop. index: 1
 Number of stored nuclei 27
 Source density: 1 SCF 
 Spin multiplicity: 2 
 Nucleus: 9 H  
 Isotope: 1 
 Nuclear Spin:  0.5 
 Prefactor (MHz): 533.551395 
 Raw A tensor (MHz): 
                  0          1          2    
      0      -0.110839   0.003844  -0.001995
      1       0.003848   0.267235  -0.010745
      2      -0.001992  -0.010715  -0.117319
 A Tensor eigenvectors:
                   0          1          2    
      0      -0.967552   0.252460   0.010300
      1       0.017021   0.024454   0.999556
      2       0.252096   0.967298  -0.027957
 A Eigenvalues: 
                  0          1          2    
      0      -0.110387  -0.118110   0.267574
A(iso)  0.013026
 Nucleus: 10 H  
 Isotope: 1 
 Nuclear Spin:  0.5 
 Prefactor (MHz): 533.551395 
 Raw A tensor (MHz): 
                  0          1          2    
      0      -0.246316   0.859092   0.007124
      1       0.859278   0.869133   0.035050
      2       0.007210   0.035282  -0.740290
 A Tensor eigenvectors:
                   0          1          2    
      0       0.836207   0.270462  -0.477082
      1      -0.448083  -0.164620  -0.878704
      2      -0.316194   0.948552  -0.016467
 A Eigenvalues: 
                  0          1          2    
      0      -0.709426  -0.744354   1.336308
A(iso)  -0.039158
 Nucleus: 12 H  
 Isotope: 1 
 Nuclear Spin:  0.5 
 Prefactor (MHz): 533.551395 
 Raw A tensor (MHz): 
                  0          1          2    
      0      -0.019527   0.093604   0.008419
      1       0.093627   0.182440   0.021118
      2       0.008424   0.021138  -0.054949
 A Tensor eigenvectors:
                   0          1          2    
      0       0.904259   0.223355   0.363908
      1      -0.373051  -0.001355   0.927810
      2       0.207724  -0.974736   0.082098
 A Eigenvalues: 
                  0          1          2    
      0      -0.056218  -0.056849   0.221032
A(iso)  0.035988
 Nucleus: 13 H  
 Isotope: 1 
 Nuclear Spin:  0.5 
 Prefactor (MHz): 533.551395 
 Raw A tensor (MHz): 
                  0          1          2    
      0      -0.022777   0.094213  -0.012480
      1       0.094240   0.178151  -0.026903
      2      -0.012470  -0.026863  -0.057736
 A Tensor eigenvectors:
                   0          1          2    
      0       0.707278   0.604622  -0.366319
      1      -0.351014  -0.149431  -0.924370
      2      -0.613634   0.782370   0.106542
 A Eigenvalues: 
                  0          1          2    
      0      -0.058723  -0.062232   0.218593
A(iso)  0.032546
 Nucleus: 15 H  
 Isotope: 1 
 Nuclear Spin:  0.5 
 Prefactor (MHz): 533.551395 
 Raw A tensor (MHz): 
                  0          1          2    
      0      -0.068655   0.025968   0.001047
      1       0.025979   0.139675   0.013686
      2       0.001049   0.013698  -0.071298
 A Tensor eigenvectors:
                   0          1          2    
      0      -0.790480  -0.600331  -0.121425
      1       0.057727   0.124343  -0.990559
      2       0.609761  -0.790026  -0.063636
 A Eigenvalues: 
                  0          1          2    
      0      -0.071360  -0.072657   0.143739
A(iso)  -0.000093
 Nucleus: 16 H  
 Isotope: 1 
 Nuclear Spin:  0.5 
 Prefactor (MHz): 533.551395 
 Raw A tensor (MHz): 
                  0          1          2    
      0      -0.069354   0.026372  -0.003336
      1       0.026387   0.137746  -0.023570
      2      -0.003334  -0.023543  -0.070410
 A Tensor eigenvectors:
                   0          1          2    
      0       0.840217   0.527929  -0.123797
      1      -0.163409   0.028827  -0.986137
      2      -0.517042   0.848799   0.110489
 A Eigenvalues: 
                  0          1          2    
      0      -0.072433  -0.073281   0.143696
A(iso)  -0.000673
 Nucleus: 18 H  
 Isotope: 1 
 Nuclear Spin:  0.5 
 Prefactor (MHz): 533.551395 
 Raw A tensor (MHz): 
                  0          1          2    
      0      -0.034218   0.040052  -0.004197
      1       0.040068   0.080362  -0.012331
      2      -0.004194  -0.012312  -0.045624
 A Tensor eigenvectors:
                   0          1          2    
      0       0.652912   0.695814  -0.299246
      1      -0.274673  -0.150679  -0.949658
      2      -0.705876   0.702238   0.092742
 A Eigenvalues: 
                  0          1          2    
      0      -0.046536  -0.047134   0.094190
A(iso)  0.000173
 Nucleus: 19 H  
 Isotope: 1 
 Nuclear Spin:  0.5 
 Prefactor (MHz): 533.551395 
 Raw A tensor (MHz): 
                  0          1          2    
      0      -0.034124   0.039770   0.002173
      1       0.039784   0.081248   0.007600
      2       0.002175   0.007612  -0.046012
 A Tensor eigenvectors:
                   0          1          2    
      0      -0.639498   0.709237   0.296691
      1       0.154531  -0.259457   0.953311
      2       0.753102   0.655488   0.056323
 A Eigenvalues: 
                  0          1          2    
      0      -0.046296  -0.046671   0.094079
A(iso)  0.000371
 Nucleus: 21 H  
 Isotope: 1 
 Nuclear Spin:  0.5 
 Prefactor (MHz): 533.551395 
 Raw A tensor (MHz): 
                  0          1          2    
      0      -0.035200   0.012486  -0.001352
      1       0.012496   0.071252  -0.010229
      2      -0.001352  -0.010216  -0.035688
 A Tensor eigenvectors:
                   0          1          2    
      0       0.708361   0.696487  -0.114590
      1      -0.147630  -0.012564  -0.988963
      2      -0.690239   0.717459   0.093923
 A Eigenvalues: 
                  0          1          2    
      0      -0.036486  -0.036820   0.073670
A(iso)  0.000121
 Nucleus: 22 H  
 Isotope: 1 
 Nuclear Spin:  0.5 
 Prefactor (MHz): 533.551395 
 Raw A tensor (MHz): 
                  0          1          2    
      0      -0.035192   0.012328   0.000381
      1       0.012336   0.071801   0.004848
      2       0.000382   0.004855  -0.036400
 A Tensor eigenvectors:
                   0          1          2    
      0      -0.726239   0.678120   0.112829
      1       0.052018  -0.109449   0.992630
      2       0.685471   0.726756   0.044212
 A Eigenvalues: 
                  0          1          2    
      0      -0.036436  -0.036774   0.073420
A(iso)  0.000070
 Nucleus: 24 H  
 Isotope: 1 
 Nuclear Spin:  0.5 
 Prefactor (MHz): 533.551395 
 Raw A tensor (MHz): 
                  0          1          2    
      0      -0.093082  -0.775073   0.215954
      1      -0.775196   2.318848  -0.717869
      2       0.216053  -0.717550  -0.167175
 A Tensor eigenvectors:
                   0          1          2    
      0       0.944063  -0.184668   0.273208
      1       0.308769   0.204108  -0.928979
      2       0.115788   0.961373   0.249710
 A Eigenvalues: 
                  0          1          2    
      0      -0.320121  -0.361007   2.739719
A(iso)  0.686197
 Nucleus: 25 H  
 Isotope: 1 
 Nuclear Spin:  0.5 
 Prefactor (MHz): 533.551395 
 Raw A tensor (MHz): 
                  0          1          2    
      0      -0.117998  -0.534487  -0.334494
      1      -0.534845   2.903472   0.306307
      2      -0.334626   0.306354  -0.154333
 A Tensor eigenvectors:
                   0          1          2    
      0      -0.671980   0.718954  -0.177618
      1      -0.204009   0.050848   0.977648
      2       0.711915   0.693196   0.112504
 A Eigenvalues: 
                  0          1          2    
      0       0.073865  -0.478615   3.035891
A(iso)  0.877047
 Nucleus: 27 H  
 Isotope: 1 
 Nuclear Spin:  0.5 
 Prefactor (MHz): 533.551395 
 Raw A tensor (MHz): 
                  0          1          2    
      0      -3.359017   2.479340   0.860334
      1       2.479184   2.218859   2.352659
      2       0.860474   2.352284  -3.268631
 A Tensor eigenvectors:
                   0          1          2    
      0       0.334934  -0.270701   0.902519
      1       0.884475  -0.239896  -0.400192
      2       0.324843   0.932293   0.159079
 A Eigenvalues: 
                  0          1          2    
      0       4.022018  -4.124004  -4.306804
A(iso)  -1.469597
 Nucleus: 28 H  
 Isotope: 1 
 Nuclear Spin:  0.5 
 Prefactor (MHz): 533.551395 
 Raw A tensor (MHz): 
                  0          1          2    
      0      -3.774455   2.662547  -1.423678
      1       2.663145   3.160284  -2.247535
      2      -1.423034  -2.245320  -4.516820
 A Tensor eigenvectors:
                   0          1          2    
      0      -0.745726   0.326467  -0.580786
      1       0.421611   0.906214  -0.031951
      2       0.515885  -0.268693  -0.813429
 A Eigenvalues: 
                  0          1          2    
      0      -4.295819   4.786211  -5.621382
A(iso)  -1.710330
 Nucleus: 30 H  
 Isotope: 1 
 Nuclear Spin:  0.5 
 Prefactor (MHz): 533.551395 
 Raw A tensor (MHz): 
                  0          1          2    
      0      42.176446  -5.958193   2.963897
      1      -5.954775  41.378053  -3.279290
      2       2.961925  -3.280807  37.047063
 A Tensor eigenvectors:
                   0          1          2    
      0       0.157452   0.715087  -0.681072
      1       0.580477   0.490928   0.649643
      2       0.798909  -0.497635  -0.337794
 A Eigenvalues: 
                  0          1          2    
      0      35.247931  36.025595  49.328036
A(iso)  40.200521
 Nucleus: 31 H  
 Isotope: 1 
 Nuclear Spin:  0.5 
 Prefactor (MHz): 533.551395 
 Raw A tensor (MHz): 
                  0          1          2    
      0     111.910223  -5.474276  -2.650409
      1      -5.473785 114.121050   1.647840
      2      -2.648409   1.646775 108.229084
 A Tensor eigenvectors:
                   0          1          2    
      0      -0.655466   0.418689   0.628541
      1      -0.321464   0.598422  -0.733861
      2      -0.683392  -0.683074  -0.257652
 A Eigenvalues: 
                  0          1          2    
      0     106.462877 108.409999 119.387481
A(iso)  111.420119
 Nucleus: 33 H  
 Isotope: 1 
 Nuclear Spin:  0.5 
 Prefactor (MHz): 533.551395 
 Raw A tensor (MHz): 
                  0          1          2    
      0     -25.739995  -1.030130  16.921695
      1      -1.029311 -91.661354  -3.855409
      2      16.920583  -3.855819 -47.009084
 A Tensor eigenvectors:
                   0          1          2    
      0      -0.873371  -0.487005  -0.006989
      1       0.036778  -0.080250   0.996096
      2      -0.485664   0.869705   0.087999
 A Eigenvalues: 
                  0          1          2    
      0     -16.287291 -56.128379 -91.994762
A(iso)  -54.803477
 Nucleus: 35 H  
 Isotope: 1 
 Nuclear Spin:  0.5 
 Prefactor (MHz): 533.551395 
 Raw A tensor (MHz): 
                  0          1          2    
      0     112.228522   5.809433  -1.642319
      1       5.808376 115.237461  -0.586756
      2      -1.640573  -0.585792 108.426758
 A Tensor eigenvectors:
                   0          1          2    
      0      -0.671058   0.414324  -0.614831
      1       0.431294  -0.456369  -0.778276
      2      -0.603049  -0.787440   0.127555
 A Eigenvalues: 
                  0          1          2    
      0     107.019637 108.950811 119.922293
A(iso)  111.964247
 Nucleus: 36 H  
 Isotope: 1 
 Nuclear Spin:  0.5 
 Prefactor (MHz): 533.551395 
 Raw A tensor (MHz): 
                  0          1          2    
      0      41.205163   5.350351   3.902463
      1       5.346928  39.358381   3.841672
      2       3.899882   3.843413  37.417004
 A Tensor eigenvectors:
                   0          1          2    
      0      -0.156195   0.720152  -0.676006
      1       0.704114  -0.398794  -0.587527
      2      -0.692696  -0.567754  -0.444779
 A Eigenvalues: 
                  0          1          2    
      0      34.391319  35.168084  48.421145
A(iso)  39.326849
 Nucleus: 38 H  
 Isotope: 1 
 Nuclear Spin:  0.5 
 Prefactor (MHz): 533.551395 
 Raw A tensor (MHz): 
                  0          1          2    
      0      -3.265897  -2.699721   0.427482
      1      -2.699447   2.758744  -1.221751
      2       0.427663  -1.221543  -3.935378
 A Tensor eigenvectors:
                   0          1          2    
      0       0.351944   0.264377   0.897909
      1      -0.922095  -0.066930   0.381131
      2       0.160859  -0.962094   0.220225
 A Eigenvalues: 
                  0          1          2    
      0       4.002279  -4.137902  -4.306908
A(iso)  -1.480844
 Nucleus: 39 H  
 Isotope: 1 
 Nuclear Spin:  0.5 
 Prefactor (MHz): 533.551395 
 Raw A tensor (MHz): 
                  0          1          2    
      0      -3.746151  -2.428291  -1.941505
      1      -2.428856   1.991883   3.448499
      2      -1.940968   3.446474  -3.484463
 A Tensor eigenvectors:
                   0          1          2    
