-------------------------------------------------------------
----------------------- !PROPERTIES! ------------------------
-------------------------------------------------------------
# -----------------------------------------------------------
$ PAL_Flags
   description: The PAL Flags
   geom. index: 1
   prop. index: 1
        Diskflag:     2
# -----------------------------------------------------------
$ SCF_Energy
   description: The SCF energy
   geom. index: 1
   prop. index: 1
        SCF Energy:     -815.8810722750
# -----------------------------------------------------------
$ DFT_Energy
   description: The DFT energy
   geom. index: 1
   prop. index: 1
   Number of Alpha Electrons                 77.0001012128 
   Number of Beta  Electrons                 76.0000792147 
   Total number of  Electrons               153.0001804275 
   Exchange energy                          -93.7430253292 
   Correlation energy                        -5.8994660555 
   Correlation energy NL                      0.0000000000 
   Exchange-Correlation energy              -99.6424913847 
   Embedding correction                       0.0000000000 
   Total DFT Energy (No VdW correction)    -815.8810722750 
# -----------------------------------------------------------
$ Mayer_Pop
   description: The Mayer population analysis
   geom. index: 1
   prop. index: 1
     Number of atoms                     : 48
     Threshold for printing              : 0.1000000
     Number of bond orders printed       : 50
  NA   - Mulliken gross atomic population
  ZA   - Total nuclear charge
  QA   - Mulliken gross atomic charge
  VA   - Mayer's total valence
  BVA  - Mayer's bonded valence
  FA   - Mayer's free valence
  ATOM       NA         ZA         QA         VA         BVA        FA
  0   0     6.5431     6.0000    -0.5431     3.8859     3.8859     0.0000
  1   0     5.9984     6.0000     0.0016     3.8139     3.8139     0.0000
  2   0     5.9979     6.0000     0.0021     3.8170     3.8170     0.0000
  3   0     5.6076     6.0000     0.3924     3.9542     3.9542     0.0000
  4   0     5.6659     6.0000     0.3341     3.8380     3.8380     0.0000
  5   0     6.4194     6.0000    -0.4194     4.3071     4.3071     0.0000
  6   0     5.6076     6.0000     0.3924     3.9611     3.9611     0.0000
  7   0     5.6633     6.0000     0.3367     3.8138     3.8138     0.0000
  8   0     6.4212     6.0000    -0.4212     4.3118     4.3118     0.0000
  9   0     0.8661     1.0000     0.1339     0.9661     0.9661     0.0000
 10   0     0.8656     1.0000     0.1344     0.9661     0.9661    -0.0000
 11   0     6.3884     6.0000    -0.3884     4.0586     4.0586     0.0000
 12   0     0.8466     1.0000     0.1534     0.9628     0.9628     0.0000
 13   0     0.8465     1.0000     0.1535     0.9628     0.9628     0.0000
 14   0     6.2631     6.0000    -0.2631     4.0181     4.0181    -0.0000
 15   0     0.8608     1.0000     0.1392     0.9667     0.9667    -0.0000
 16   0     0.8609     1.0000     0.1391     0.9668     0.9668     0.0000
 17   0     6.2548     6.0000    -0.2548     3.8888     3.8888    -0.0000
 18   0     0.8576     1.0000     0.1424     0.9675     0.9675     0.0000
 19   0     0.8578     1.0000     0.1422     0.9675     0.9675    -0.0000
 20   0     6.5085     6.0000    -0.5085     3.9004     3.9004    -0.0000
 21   0     0.8422     1.0000     0.1578     0.9658     0.9658     0.0000
 22   0     0.8421     1.0000     0.1579     0.9658     0.9658     0.0000
 23   0     6.3940     6.0000    -0.3940     4.0645     4.0645     0.0000
 24   0     0.8458     1.0000     0.1542     0.9630     0.9630     0.0000
 25   0     0.8472     1.0000     0.1528     0.9642     0.9642     0.0000
 26   0     6.2902     6.0000    -0.2902     4.0067     4.0066     0.0001
 27   0     0.8555     1.0000     0.1445     0.9675     0.9675     0.0000
 28   0     0.8440     1.0000     0.1560     0.9621     0.9621     0.0000
 29   0     6.2718     6.0000    -0.2718     3.9307     3.9284     0.0023
 30   0     0.8542     1.0000     0.1458     0.9688     0.9684     0.0004
 31   0     0.8550     1.0000     0.1450     0.9660     0.9627     0.0033
 32   0     6.1286     6.0000    -0.1286     3.8459     3.0621     0.7838
 33   0     0.8877     1.0000     0.1123     0.9815     0.9785     0.0030
 34   0     6.2806     6.0000    -0.2806     3.9548     3.9522     0.0026
 35   0     0.8547     1.0000     0.1453     0.9651     0.9617     0.0034
 36   0     0.8571     1.0000     0.1429     0.9695     0.9691     0.0004
 37   0     6.2696     6.0000    -0.2696     3.9006     3.9005     0.0001
 38   0     0.8548     1.0000     0.1452     0.9673     0.9673     0.0000
 39   0     0.8441     1.0000     0.1559     0.9627     0.9627     0.0000
 40   0     6.5075     6.0000    -0.5075     3.8933     3.8933     0.0000
 41   0     0.8417     1.0000     0.1583     0.9652     0.9652     0.0000
 42   0     0.8432     1.0000     0.1568     0.9660     0.9660     0.0000
 43   0     6.5421     6.0000    -0.5421     3.8865     3.8865     0.0000
 44   0     0.8170     1.0000     0.1830     0.9773     0.9773     0.0000
 45   0     0.8172     1.0000     0.1828     0.9773     0.9773     0.0000
 46   0     0.8567     1.0000     0.1433     0.9670     0.9670     0.0000
 47   0     0.8540     1.0000     0.1460     0.9668     0.9668     0.0000
      Bond orders larger than 0.1000000
           Atom A     A.N. of A          Atom B    A.N. of B              Bond order
                0             6               1            6                2.700509
                0             6              44            1                0.984168
                1             6               3            6                0.913112
                2             6               6            6                0.917894
                2             6              43            6                2.698028
                3             6               4            6                1.371129
                3             6               5            6                0.116590
                3             6               8            6                1.417883
                4             6               5            6                1.437702
                4             6              11            6                0.944463
                5             6               6            6                1.423771
                5             6               9            1                0.971376
                6             6               7            6                1.360024
                6             6               8            6                0.117096
                7             6               8            6                1.439789
                7             6              23            6                0.938778
                8             6              10            1                0.971803
               11             6              12            1                0.960233
               11             6              13            1                0.960382
               11             6              14            6                1.021200
               14             6              15            1                0.960622
               14             6              16            1                0.960481
               14             6              17            6                0.987579
               17             6              18            1                0.971211
               17             6              19            1                0.971071
               17             6              20            6                0.953870
               20             6              21            1                0.972820
               20             6              22            1                0.972903
               20             6              46            1                0.967614
               23             6              24            1                0.959546
               23             6              25            1                0.961732
               23             6              26            6                1.015856
               26             6              27            1                0.963435
               26             6              28            1                0.956945
               26             6              29            6                0.974291
               29             6              30            1                0.968249
               29             6              31            1                0.956638
               29             6              32            6                0.976558
               32             6              33            1                1.007517
               32             6              34            6                0.978885
               34             6              35            1                0.956330
               34             6              36            1                0.973528
               34             6              37            6                0.982466
               37             6              38            1                0.976395
               37             6              39            1                0.972091
               37             6              40            6                0.957302
               40             6              41            1                0.971186
               40             6              42            1                0.973035
               40             6              47            1                0.968656
               43             6              45            1                0.984103
# -----------------------------------------------------------
$ Calculation_Info
   description: Details of the calculation
   geom. index: 1
   prop. index: 1
     Multiplicity:                          2
     Charge:                                0
     number of atoms:                       48
     number of electrons:                   0
     number of frozen core electrons:       1
     number of correlated electrons:        0
     number of basis functions:             546
     number of aux C basis functions:       3756
     number of aux J basis functions:       3756
     number of aux JK basis functions:      3756
     number of aux CABS basis functions:    0
     Total Energy                           -815.881072
# -----------------------------------------------------------
$ SCF_Electric_Properties
   description: The SCF Calculated Electric Properties
   geom. index: 1
   prop. index: 1
       Filename                          : EPRII.scfp 
       Do Dipole Moment Calculation      : true 
       Do Quadrupole Moment Calculation  : false 
       Do Polarizability Calculation     : false 
** Dipole moment part of electric properties **
        Magnitude of dipole moment (Debye) :        0.1842598672
        Electronic Contribution:
                  0    
      0      -2.234666
      1     -13.898319
      2      -1.374139
        Nuclear Contribution:
                  0    
      0       2.286176
      1      13.915421
      2       1.326083
        Total Dipole moment:
                  0    
      0       0.051509
      1       0.017102
      2      -0.048056
# -----------------------------------------------------------
$ EPRNMR_GTensor
   description: Electronic g tensor
   geom. index: 1
   prop. index: 1
 Source density: 1 SCF 
 Spin multiplicity: 2 
 raw g tensor: 
                  0          1          2    
      0       2.002834  -0.000129   0.000197
      1       0.000024   2.002809   0.000039
      2       0.000204   0.000084   2.002359
 g tensor: 
                  0          1          2    
      0      -0.345644   0.215011  -0.913400
      1      -0.140630   0.950532   0.276968
      2       0.927768   0.224184  -0.298309
 G eigenvalues: 
                  0          1          2    
      0       2.002275   2.002811   2.002915
# -----------------------------------------------------------
$ EPRNMR_OrbitalShielding
   description: Orbital contribution to the NMR Shielding tensor (ppm)
   geom. index: 1
   prop. index: 1
 Number of stored nuclei 27
 Source density: 1 SCF 
 Nucleus: 9 H 
 Shielding tensor (ppm): 
                  0          1          2    
      0     -21.067987 108.122192   1.733167
      1     -212.423775  67.794892 -14.798039
      2      -2.602848  12.613900  33.704726
 P Tensor eigenvectors:
                   0          1          2    
      0      -0.097859  -0.404555   0.909263
      1      -0.081278  -0.907347  -0.412450
      2       0.991876  -0.114265   0.055911
 P Eigenvalues: 
                  0          1          2    
      0      32.836307  14.253227  33.342097
P(iso)  26.810544
 Nucleus: 10 H 
 Shielding tensor (ppm): 
                  0          1          2    
      0     100.752697 -90.935834  -2.636462
      1      31.880598  57.871796   9.213764
      2       7.572142 -12.429835 113.353502
 P Tensor eigenvectors:
                   0          1          2    
      0       0.720997   0.103017  -0.685237
      1       0.692575  -0.139119   0.707803
      2      -0.022414  -0.984903  -0.171651
 P Eigenvalues: 
                  0          1          2    
      0      50.671987 112.050894 109.255114
P(iso)  90.659332
 Nucleus: 12 H 
 Shielding tensor (ppm): 
                  0          1          2    
      0      50.469944 -201.169104 156.979017
      1     303.835791  18.341830 350.748134
      2     -103.233618 -255.772133  48.895176
 P Tensor eigenvectors:
                   0          1          2    
      0      -0.707065   0.355433   0.611332
      1       0.361674   0.924642  -0.119282
      2       0.607660  -0.136763   0.782333
 P Eigenvalues: 
                  0          1          2    
      0      17.212553  42.090410  58.403987
P(iso)  39.235650
 Nucleus: 13 H 
 Shielding tensor (ppm): 
                  0          1          2    
      0      58.899751 -223.745620 -156.388914
      1     326.995560  17.566783 -337.628296
      2     102.212083 252.034950  52.456262
 P Tensor eigenvectors:
                   0          1          2    
      0      -0.672192   0.358338  -0.647882
      1       0.351624   0.924596   0.146569
      2      -0.651550   0.129289   0.747507
 P Eigenvalues: 
                  0          1          2    
      0      22.531758  44.924211  61.466828
P(iso)  42.974265
 Nucleus: 15 H 
 Shielding tensor (ppm): 
                  0          1          2    
      0      29.595119 298.938316  85.653455
      1     -401.918152  72.514719 439.203284
      2     -68.323088 -318.440169  80.573101
 P Tensor eigenvectors:
                   0          1          2    
      0       0.735023   0.173223   0.655542
      1      -0.116028   0.984688  -0.130103
      2       0.668042  -0.019568  -0.743867
 P Eigenvalues: 
                  0          1          2    
      0      60.854918  51.278992  70.549028
P(iso)  60.894313
 Nucleus: 16 H 
 Shielding tensor (ppm): 
                  0          1          2    
      0      36.179293 278.302817 -95.899022
      1     -377.226531  69.690255 -462.109029
      2      76.840934 339.990896  87.984470
 P Tensor eigenvectors:
                   0          1          2    
      0       0.771105   0.162542  -0.615612
      1      -0.132715   0.986661   0.094275
      2      -0.622723  -0.009005  -0.782390
 P Eigenvalues: 
                  0          1          2    
      0      66.041325  54.054448  73.758246
P(iso)  64.618006
 Nucleus: 18 H 
 Shielding tensor (ppm): 
                  0          1          2    
      0      32.504480 -346.836795 -145.303261
      1     484.366441   1.707514 -506.987471
      2      93.207091 370.748718   4.778577
 P Tensor eigenvectors:
                   0          1          2    
      0       0.710052   0.203880   0.673987
      1      -0.200793   0.976050  -0.083716
      2       0.674913   0.075889  -0.733984
 P Eigenvalues: 
                  0          1          2    
      0      -7.477576  19.475822  26.992325
P(iso)  12.996857
 Nucleus: 19 H 
 Shielding tensor (ppm): 
                  0          1          2    
      0      25.197258 -322.067974 155.237596
      1     457.506768   5.966067 519.832952
      2     -104.457860 -377.502797  -2.357295
 P Tensor eigenvectors:
                   0          1          2    
      0       0.735834   0.200922  -0.646667
      1      -0.221424   0.973862   0.050627
      2      -0.639937  -0.105935  -0.761090
 P Eigenvalues: 
                  0          1          2    
      0     -12.840700  17.385978  24.260752
P(iso)  9.602010
 Nucleus: 21 H 
 Shielding tensor (ppm): 
                  0          1          2    
      0     -23.726107 372.179212 -99.088380
      1     -474.081727  52.938597 -579.310156
      2      74.558102 420.635376  11.099294
 P Tensor eigenvectors:
                   0          1          2    
      0      -0.763054   0.212185   0.610513
      1       0.119349   0.974590  -0.189551
      2       0.635220   0.071773   0.768989
 P Eigenvalues: 
                  0          1          2    
      0       0.558773  16.725830  23.027181
P(iso)  13.437261
 Nucleus: 22 H 
 Shielding tensor (ppm): 
                  0          1          2    
      0     -29.701244 392.851449  82.333166
      1     -498.955145  58.576404 548.932237
      2     -56.751441 -398.109022   1.493183
 P Tensor eigenvectors:
                   0          1          2    
      0       0.731221   0.222859   0.644710
      1      -0.094207   0.969062  -0.228131
      2       0.675605  -0.106078  -0.729593
 P Eigenvalues: 
                  0          1          2    
      0      -4.331898  14.526264  20.173976
P(iso)  10.122781
 Nucleus: 24 H 
 Shielding tensor (ppm): 
                  0          1          2    
      0     103.422628 -48.301311 126.736887
      1      74.714189  31.995223  93.297156
      2     -84.255579 -68.090072  87.491410
 P Tensor eigenvectors:
                   0          1          2    
      0      -0.367503   0.765568   0.528059
      1       0.836594   0.520159  -0.171886
      2       0.406265  -0.378602   0.831630
 P Eigenvalues: 
                  0          1          2    
      0      44.905916  75.054173 102.949172
P(iso)  74.303087
 Nucleus: 25 H 
 Shielding tensor (ppm): 
                  0          1          2    
      0      98.481166 -57.627235 -109.571914
      1      81.555040  25.793328 -88.281455
      2      65.687124  66.344008  86.363879
 P Tensor eigenvectors:
                   0          1          2    
      0      -0.355688   0.761254  -0.542198
      1       0.799122   0.548556   0.245948
      2      -0.484655   0.345802   0.803449
 P Eigenvalues: 
                  0          1          2    
      0      43.346808  69.437729  97.853835
P(iso)  70.212791
 Nucleus: 27 H 
 Shielding tensor (ppm): 
                  0          1          2    
      0      92.665115 121.837331 -61.654314
      1     -188.469909  60.420661 -212.486786
      2      61.193262 151.666154 120.896107
 P Tensor eigenvectors:
                   0          1          2    
      0      -0.750440   0.156163   0.642225
      1       0.265468   0.961079   0.076504
      2       0.605282  -0.227902   0.762689
 P Eigenvalues: 
                  0          1          2    
      0     104.446604  67.685594 101.849686
P(iso)  91.327294
 Nucleus: 28 H 
 Shielding tensor (ppm): 
                  0          1          2    
      0      99.102225 132.426350  47.630218
      1     -199.601093  68.136260 207.116220
      2     -32.271129 -152.446300 119.735766
 P Tensor eigenvectors:
                   0          1          2    
      0      -0.737737   0.092314  -0.668747
      1       0.148176   0.988592  -0.026998
      2      -0.658625   0.119009   0.743000
 P Eigenvalues: 
                  0          1          2    
      0     116.843604  69.601310 100.529337
P(iso)  95.658084
 Nucleus: 30 H 
 Shielding tensor (ppm): 
                  0          1          2    
      0      96.093380 -212.213242 130.871038
      1     293.217346  14.965320 305.631982
      2     -88.526987 -222.837575  65.560207
 P Tensor eigenvectors:
                   0          1          2    
      0      -0.666719   0.372389   0.645610
      1       0.306854   0.926559  -0.217554
      2       0.679210  -0.053061   0.732023
 P Eigenvalues: 
                  0          1          2    
      0      55.877091  49.400578  71.341239
P(iso)  58.872969
 Nucleus: 31 H 
 Shielding tensor (ppm): 
                  0          1          2    
      0      89.393679 -219.140543 -108.886957
      1     293.540953   7.030534 -308.575230
      2      68.919233 227.272706  65.585447
 P Tensor eigenvectors:
                   0          1          2    
      0      -0.682698   0.354923  -0.638713
      1       0.247279   0.934755   0.255120
      2      -0.687588  -0.016229   0.725920
 P Eigenvalues: 
                  0          1          2    
      0      55.603506  43.568360  62.837793
P(iso)  54.003220
 Nucleus: 33 H 
 Shielding tensor (ppm): 
                  0          1          2    
      0      61.438415 349.464009 -61.141043
      1     -511.631739  65.651547 -267.873187
      2      52.784791 179.613184  96.379472
 P Tensor eigenvectors:
                   0          1          2    
      0      -0.465700  -0.115888   0.877322
      1       0.118103  -0.990659  -0.068168
      2       0.877026   0.071869   0.475037
 P Eigenvalues: 
                  0          1          2    
      0      91.563322  53.489375  78.416737
P(iso)  74.489811
 Nucleus: 35 H 
 Shielding tensor (ppm): 
                  0          1          2    
      0       9.703470 -318.303962 -122.145086
      1     464.535716   8.959528 -507.381826
      2      74.718055 368.926381 -11.166358
 P Tensor eigenvectors:
                   0          1          2    
      0      -0.731916   0.137463  -0.667385
      1       0.172567   0.984904   0.013611
      2      -0.659182   0.105206   0.744588
 P Eigenvalues: 
                  0          1          2    
      0     -24.988944  13.516492  18.969092
P(iso)  2.498880
 Nucleus: 36 H 
 Shielding tensor (ppm): 
                  0          1          2    
      0      70.575591 -358.223082 108.370494
      1     492.164592   6.683104 509.608762
      2     -73.808393 -375.892627  47.000040
 P Tensor eigenvectors:
                   0          1          2    
      0      -0.706075   0.203863   0.678157
      1       0.152129   0.978973  -0.135900
      2       0.691603  -0.007212   0.722242
 P Eigenvalues: 
                  0          1          2    
      0      40.624278  35.077206  48.557251
P(iso)  41.419578
 Nucleus: 38 H 
 Shielding tensor (ppm): 
                  0          1          2    
      0       4.048721 441.855024 -38.377413
      1     -584.053830  56.611607 -580.658251
      2      22.865786 418.094609  23.474342
 P Tensor eigenvectors:
                   0          1          2    
      0      -0.703782  -0.122738   0.699733
      1       0.035165  -0.989774  -0.138245
      2       0.709545  -0.072688   0.700901
 P Eigenvalues: 
                  0          1          2    
      0      21.102655  26.536032  36.495983
P(iso)  28.044890
 Nucleus: 39 H 
 Shielding tensor (ppm): 
                  0          1          2    
      0      64.443612 427.085951  72.730835
      1     -573.676726  45.511531 590.360013
      2     -69.905225 -440.072889  91.167736
 P Tensor eigenvectors:
                   0          1          2    
      0      -0.717106  -0.047118  -0.695370
      1       0.095093  -0.994997  -0.030645
      2      -0.690446  -0.088100   0.717999
 P Eigenvalues: 
                  0          1          2    
      0      78.540205  52.221247  70.361427
P(iso)  67.040960
 Nucleus: 41 H 
 Shielding tensor (ppm): 
                  0          1          2    
      0      -6.177910 -343.220297  79.955335
      1     480.133275   2.773792 685.170882
      2     -48.638753 -502.210306 -11.298021
 P Tensor eigenvectors:
                   0          1          2    
      0      -0.816981   0.076319   0.571592
      1       0.092251   0.995735  -0.001094
      2       0.569237  -0.051836   0.820538
 P Eigenvalues: 
                  0          1          2    
      0     -23.035792   3.520913   4.812740
P(iso)  -4.900713
 Nucleus: 42 H 
 Shielding tensor (ppm): 
                  0          1          2    
      0     -58.890257 -307.587078 -109.113433
      1     459.219354  23.918763 -578.756984
      2      90.708535 426.840655 -83.353781
 P Tensor eigenvectors:
                   0          1          2    
      0       0.786270  -0.014804  -0.617706
      1      -0.161749  -0.969782  -0.182646
      2       0.596336  -0.243523   0.764905
 P Eigenvalues: 
                  0          1          2    
      0     -78.684082 -16.227577 -23.413616
P(iso)  -39.441758
 Nucleus: 44 H 
 Shielding tensor (ppm): 
                  0          1          2    
      0      58.018605 -146.594847   0.609761
      1     184.757404 -115.265113   5.972636
      2      10.461073  -4.675908 -92.006058
 P Tensor eigenvectors:
                   0          1          2    
      0       0.688789  -0.045524  -0.723531
      1       0.722535  -0.038488   0.690262
      2       0.059270   0.998222  -0.006383
 P Eigenvalues: 
                  0          1          2    
      0     -13.472370 -92.215643 -43.564554
P(iso)  -49.750856
 Nucleus: 45 H 
 Shielding tensor (ppm): 
                  0          1          2    
      0      49.150542  68.626134   9.517417
      1     -149.117680 -96.707518  -4.516353
      2      -4.410391   3.299257 -83.450559
 P Tensor eigenvectors:
                   0          1          2    
      0       0.598635   0.019835   0.800777
      1      -0.800013   0.064972   0.596454
      2      -0.040198  -0.997690   0.054762
 P Eigenvalues: 
                  0          1          2    
      0      -6.029309 -83.580251 -41.397975
P(iso)  -43.669178
 Nucleus: 46 H 
 Shielding tensor (ppm): 
                  0          1          2    
      0     -142.088787 -156.831011   1.295565
      1     296.295363  24.668015 -10.476990
      2      -3.333016   3.266504 -163.593114
 P Tensor eigenvectors:
                   0          1          2    
      0       0.305034   0.033664  -0.951746
      1      -0.952289   0.000260  -0.305199
      2      -0.010026   0.999433   0.032137
 P Eigenvalues: 
                  0          1          2    
      0     -31.441270 -163.637935 -85.934681
P(iso)  -93.671295
 Nucleus: 47 H 
 Shielding tensor (ppm): 
                  0          1          2    
      0     -158.983593 439.951698  43.993305
      1     -536.231999  52.300103 126.859313
      2     -46.639984 -72.993237 -146.371110
 P Tensor eigenvectors:
                   0          1          2    
      0       0.196229  -0.489037   0.849904
      1      -0.095983  -0.872172  -0.479690
      2       0.975849   0.012553  -0.218084
 P Eigenvalues: 
                  0          1          2    
      0     -148.765230 -39.900748 -64.388621
P(iso)  -84.351533
# -----------------------------------------------------------
$ EPRNMR_ATensor
   description: Hyperfine A tensor
   geom. index: 1
   prop. index: 1
 Number of stored nuclei 27
 Source density: 1 SCF 
 Spin multiplicity: 2 
 Nucleus: 9 H  
 Isotope: 1 
 Nuclear Spin:  0.5 
 Prefactor (MHz): 533.551395 
 Raw A tensor (MHz): 
                  0          1          2    
      0      -0.110760   0.003241  -0.001792
      1       0.003224   0.268177  -0.010401
      2      -0.001784  -0.010383  -0.116288
 A Tensor eigenvectors:
                   0          1          2    
      0      -0.964714   0.263157   0.008671
      1       0.015484   0.023826   0.999596
      2       0.262844   0.964459  -0.027060
 A Eigenvalues: 
                  0          1          2    
      0      -0.110325  -0.117031   0.268486
A(iso)  0.013710
 Nucleus: 10 H  
 Isotope: 1 
 Nuclear Spin:  0.5 
 Prefactor (MHz): 533.551395 
 Raw A tensor (MHz): 
                  0          1          2    
      0      -0.257122   0.858999   0.007121
      1       0.859118   0.869462   0.035602
      2       0.007207   0.035801  -0.748589
 A Tensor eigenvectors:
                   0          1          2    
      0       0.836460   0.273229  -0.475058
      1      -0.445616  -0.165482  -0.879796
      2      -0.319000   0.947608  -0.016664
 A Eigenvalues: 
                  0          1          2    
      0      -0.717509  -0.752761   1.334020
A(iso)  -0.045417
 Nucleus: 12 H  
 Isotope: 1 
 Nuclear Spin:  0.5 
 Prefactor (MHz): 533.551395 
 Raw A tensor (MHz): 
                  0          1          2    
      0      -0.018620   0.093041   0.008354
      1       0.093048   0.184393   0.021320
      2       0.008360   0.021330  -0.053547
 A Tensor eigenvectors:
                   0          1          2    
      0       0.925543   0.113338   0.361282
      1      -0.367968   0.044264   0.928784
      2       0.089275  -0.992570   0.082673
 A Eigenvalues: 
                  0          1          2    
      0      -0.054807  -0.055453   0.222485
A(iso)  0.037409
 Nucleus: 13 H  
 Isotope: 1 
 Nuclear Spin:  0.5 
 Prefactor (MHz): 533.551395 
 Raw A tensor (MHz): 
                  0          1          2    
      0      -0.022022   0.093724  -0.012254
      1       0.093738   0.180154  -0.026652
      2      -0.012242  -0.026622  -0.056589
 A Tensor eigenvectors:
                   0          1          2    
      0       0.714260   0.597947  -0.363720
      1      -0.349663  -0.145308  -0.925538
      2      -0.606274   0.788254   0.105292
 A Eigenvalues: 
                  0          1          2    
      0      -0.057514  -0.060963   0.220019
A(iso)  0.033848
 Nucleus: 15 H  
 Isotope: 1 
 Nuclear Spin:  0.5 
 Prefactor (MHz): 533.551395 
 Raw A tensor (MHz): 
                  0          1          2    
      0      -0.068594   0.025707   0.001059
      1       0.025702   0.139644   0.013789
      2       0.001064   0.013792  -0.071146
 A Tensor eigenvectors:
                   0          1          2    
      0      -0.789446  -0.601915  -0.120303
      1       0.056266   0.124205  -0.990660
      2       0.611236  -0.788842  -0.064186
 A Eigenvalues: 
                  0          1          2    
      0      -0.071248  -0.072507   0.143659
A(iso)  -0.000032
 Nucleus: 16 H  
 Isotope: 1 
 Nuclear Spin:  0.5 
 Prefactor (MHz): 533.551395 
 Raw A tensor (MHz): 
                  0          1          2    
      0      -0.069445   0.026130  -0.003325
      1       0.026133   0.137765  -0.023338
      2      -0.003319  -0.023319  -0.070466
 A Tensor eigenvectors:
                   0          1          2    
      0       0.822898   0.554786  -0.122688
      1      -0.162753   0.023272  -0.986392
      2      -0.544381   0.831668   0.109444
 A Eigenvalues: 
                  0          1          2    
      0      -0.072416  -0.073333   0.143602
A(iso)  -0.000716
 Nucleus: 18 H  
 Isotope: 1 
 Nuclear Spin:  0.5 
 Prefactor (MHz): 533.551395 
 Raw A tensor (MHz): 
                  0          1          2    
      0      -0.034409   0.039899  -0.004145
      1       0.039906   0.080524  -0.012257
      2      -0.004141  -0.012244  -0.045708
 A Tensor eigenvectors:
                   0          1          2    
      0       0.653615   0.695809  -0.297721
      1      -0.273172  -0.149965  -0.950204
      2      -0.705808   0.702396   0.092056
 A Eigenvalues: 
                  0          1          2    
      0      -0.046612  -0.047195   0.094213
A(iso)  0.000135
 Nucleus: 19 H  
 Isotope: 1 
 Nuclear Spin:  0.5 
 Prefactor (MHz): 533.551395 
 Raw A tensor (MHz): 
                  0          1          2    
      0      -0.034316   0.039610   0.002171
      1       0.039614   0.081322   0.007692
      2       0.002173   0.007697  -0.046081
 A Tensor eigenvectors:
                   0          1          2    
      0      -0.647481   0.702558   0.295264
      1       0.155928  -0.257116   0.953718
      2       0.745959   0.663554   0.056929
 A Eigenvalues: 
                  0          1          2    
      0      -0.046358  -0.046763   0.094045
A(iso)  0.000308
 Nucleus: 21 H  
 Isotope: 1 
 Nuclear Spin:  0.5 
 Prefactor (MHz): 533.551395 
 Raw A tensor (MHz): 
                  0          1          2    
      0      -0.035243   0.012346  -0.001334
      1       0.012348   0.071306  -0.010155
      2      -0.001332  -0.010147  -0.035706
 A Tensor eigenvectors:
                   0          1          2    
      0       0.704014   0.701095  -0.113268
      1      -0.146109  -0.013093  -0.989182
      2      -0.694993   0.712948   0.093219
 A Eigenvalues: 
                  0          1          2    
      0      -0.036489  -0.036830   0.073676
A(iso)  0.000119
 Nucleus: 22 H  
 Isotope: 1 
 Nuclear Spin:  0.5 
 Prefactor (MHz): 533.551395 
 Raw A tensor (MHz): 
                  0          1          2    
      0      -0.035225   0.012191   0.000382
      1       0.012190   0.071802   0.004916
      2       0.000384   0.004917  -0.036392
 A Tensor eigenvectors:
                   0          1          2    
      0      -0.724147   0.680560   0.111580
      1       0.050326  -0.109215   0.992743
      2       0.687807   0.724507   0.044838
 A Eigenvalues: 
                  0          1          2    
      0      -0.036436  -0.036773   0.073394
A(iso)  0.000062
 Nucleus: 24 H  
 Isotope: 1 
 Nuclear Spin:  0.5 
 Prefactor (MHz): 533.551395 
 Raw A tensor (MHz): 
                  0          1          2    
      0      -0.087863  -0.786522   0.215551
      1      -0.786691   2.350049  -0.716431
      2       0.215690  -0.716116  -0.149908
 A Tensor eigenvectors:
                   0          1          2    
      0       0.929212  -0.247845   0.274114
      1       0.322346   0.180857  -0.929185
      2       0.180718   0.951769   0.247946
 A Eigenvalues: 
                  0          1          2    
      0      -0.318829  -0.342122   2.773230
A(iso)  0.704093
 Nucleus: 25 H  
 Isotope: 1 
 Nuclear Spin:  0.5 
 Prefactor (MHz): 533.551395 
 Raw A tensor (MHz): 
                  0          1          2    
      0      -0.059518  -0.544453  -0.330238
      1      -0.544969   2.972509   0.319105
      2      -0.330331   0.319101  -0.087726
 A Tensor eigenvectors:
                   0          1          2    
      0      -0.664720   0.725122  -0.179849
      1      -0.207640   0.051934   0.976826
      2       0.717658   0.686659   0.116043
 A Eigenvalues: 
                  0          1          2    
      0       0.126330  -0.411813   3.110747
A(iso)  0.941755
 Nucleus: 27 H  
 Isotope: 1 
 Nuclear Spin:  0.5 
 Prefactor (MHz): 533.551395 
 Raw A tensor (MHz): 
                  0          1          2    
      0      -3.682980   2.475846   0.856280
      1       2.475398   1.889482   2.363532
      2       0.856418   2.362995  -3.575906
 A Tensor eigenvectors:
                   0          1          2    
      0      -0.334365  -0.296226  -0.894679
      1      -0.884061  -0.230348   0.406665
      2      -0.326552   0.926925  -0.184861
 A Eigenvalues: 
                  0          1          2    
      0       3.698771  -4.436916  -4.631259
A(iso)  -1.789801
 Nucleus: 28 H  
 Isotope: 1 
 Nuclear Spin:  0.5 
 Prefactor (MHz): 533.551395 
 Raw A tensor (MHz): 
                  0          1          2    
      0      -4.107388   2.608644  -1.414651
      1       2.609099   2.894067  -2.198294
      2      -1.413834  -2.196080  -4.833500
 A Tensor eigenvectors:
                   0          1          2    
      0      -0.321536   0.743470   0.586401
      1      -0.909175  -0.415457   0.028218
      2       0.264604  -0.524068   0.809529
 A Eigenvalues: 
                  0          1          2    
      0       4.452295  -4.564703  -5.934411
A(iso)  -2.015607
 Nucleus: 30 H  
 Isotope: 1 
 Nuclear Spin:  0.5 
 Prefactor (MHz): 533.551395 
 Raw A tensor (MHz): 
                  0          1          2    
      0      51.006339  -5.864230   3.060190
      1      -5.860787  50.053946  -3.205868
      2       3.058101  -3.207468  45.691380
 A Tensor eigenvectors:
                   0          1          2    
      0       0.027532   0.726163  -0.686971
      1       0.488135   0.589956   0.643177
      2       0.872334  -0.353043  -0.338223
 A Eigenvalues: 
                  0          1          2    
      0      43.993365  44.756604  58.001697
A(iso)  48.917222
 Nucleus: 31 H  
 Isotope: 1 
 Nuclear Spin:  0.5 
 Prefactor (MHz): 533.551395 
 Raw A tensor (MHz): 
                  0          1          2    
      0     133.881474  -5.466231  -2.774677
      1      -5.465797 135.854843   1.652556
      2      -2.772496   1.651448 130.041958
 A Tensor eigenvectors:
                   0          1          2    
      0      -0.642449   0.426890   0.636414
      1      -0.308424   0.616205  -0.724683
      2      -0.701522  -0.661858  -0.264218
 A Eigenvalues: 
                  0          1          2    
      0     128.228296 130.292962 141.257017
A(iso)  133.259425
 Nucleus: 33 H  
 Isotope: 1 
 Nuclear Spin:  0.5 
 Prefactor (MHz): 533.551395 
 Raw A tensor (MHz): 
                  0          1          2    
      0     -29.871516  -0.996230  16.593840
      1      -0.995399 -95.771573  -3.879396
      2      16.592150  -3.879813 -50.879911
 A Tensor eigenvectors:
                   0          1          2    
      0      -0.874134  -0.485634  -0.007074
      1       0.036596  -0.080382   0.996092
      2      -0.484305   0.870459   0.088037
 A Eigenvalues: 
                  0          1          2    
      0     -20.636891 -59.778705 -96.107403
A(iso)  -58.841000
 Nucleus: 35 H  
 Isotope: 1 
 Nuclear Spin:  0.5 
 Prefactor (MHz): 533.551395 
 Raw A tensor (MHz): 
                  0          1          2    
      0     134.502823   5.822455  -1.777172
      1       5.821435 137.280850  -0.614658
      2      -1.775323  -0.613649 130.532086
 A Tensor eigenvectors:
                   0          1          2    
      0      -0.656143   0.426251  -0.622725
      1       0.419040  -0.480484  -0.770416
      2      -0.627600  -0.766450   0.136650
 A Eigenvalues: 
                  0          1          2    
      0     129.085270 131.135090 142.095400
A(iso)  134.105253
 Nucleus: 36 H  
 Isotope: 1 
 Nuclear Spin:  0.5 
 Prefactor (MHz): 533.551395 
 Raw A tensor (MHz): 
                  0          1          2    
      0      49.998502   5.233157   3.982345
      1       5.229739  48.016215   3.787101
      2       3.979612   3.788929  45.990149
 A Tensor eigenvectors:
                   0          1          2    
      0      -0.019831   0.731221  -0.681852
      1       0.621919  -0.524963  -0.581060
      2      -0.782831  -0.435580  -0.444350
 A Eigenvalues: 
                  0          1          2    
      0      43.081491  43.871815  57.051560
A(iso)  48.001622
 Nucleus: 38 H  
 Isotope: 1 
 Nuclear Spin:  0.5 
 Prefactor (MHz): 533.551395 
 Raw A tensor (MHz): 
                  0          1          2    
      0      -3.601903  -2.696776   0.424370
      1      -2.696211   2.415103  -1.239171
      2       0.424595  -1.238807  -4.261313
 A Tensor eigenvectors:
                   0          1          2    
      0       0.351691  -0.301426  -0.886259
      1      -0.921820   0.053311  -0.383934
      2       0.162975   0.951998  -0.259112
 A Eigenvalues: 
                  0          1          2    
      0       3.662869  -4.465143  -4.645839
A(iso)  -1.816038
 Nucleus: 39 H  
 Isotope: 1 
 Nuclear Spin:  0.5 
 Prefactor (MHz): 533.551395 
 Raw A tensor (MHz): 
                  0          1          2    
