-------------------------------------------------------------
----------------------- !PROPERTIES! ------------------------
-------------------------------------------------------------
# -----------------------------------------------------------
$ PAL_Flags
   description: The PAL Flags
   geom. index: 1
   prop. index: 1
        Diskflag:     2
# -----------------------------------------------------------
$ SCF_Energy
   description: The SCF energy
   geom. index: 1
   prop. index: 1
        SCF Energy:     -815.8822852147
# -----------------------------------------------------------
$ DFT_Energy
   description: The DFT energy
   geom. index: 1
   prop. index: 1
   Number of Alpha Electrons                 77.0001068563 
   Number of Beta  Electrons                 76.0000872043 
   Total number of  Electrons               153.0001940605 
   Exchange energy                          -93.7613357537 
   Correlation energy                        -5.8995615265 
   Correlation energy NL                      0.0000000000 
   Exchange-Correlation energy              -99.6608972802 
   Embedding correction                       0.0000000000 
   Total DFT Energy (No VdW correction)    -815.8822852147 
# -----------------------------------------------------------
$ Mayer_Pop
   description: The Mayer population analysis
   geom. index: 1
   prop. index: 1
     Number of atoms                     : 48
     Threshold for printing              : 0.1000000
     Number of bond orders printed       : 50
  NA   - Mulliken gross atomic population
  ZA   - Total nuclear charge
  QA   - Mulliken gross atomic charge
  VA   - Mayer's total valence
  BVA  - Mayer's bonded valence
  FA   - Mayer's free valence
  ATOM       NA         ZA         QA         VA         BVA        FA
  0   0     6.5381     6.0000    -0.5381     3.8880     3.8880     0.0000
  1   0     6.0045     6.0000    -0.0045     3.8125     3.8125     0.0000
  2   0     6.0040     6.0000    -0.0040     3.8157     3.8157     0.0000
  3   0     5.6100     6.0000     0.3900     3.9376     3.9376     0.0000
  4   0     5.6745     6.0000     0.3255     3.8378     3.8378     0.0000
  5   0     6.4138     6.0000    -0.4138     4.2973     4.2973     0.0000
  6   0     5.6102     6.0000     0.3898     3.9445     3.9445     0.0000
  7   0     5.6718     6.0000     0.3282     3.8134     3.8134     0.0000
  8   0     6.4159     6.0000    -0.4159     4.3017     4.3017     0.0000
  9   0     0.8641     1.0000     0.1359     0.9655     0.9655     0.0000
 10   0     0.8637     1.0000     0.1363     0.9656     0.9656     0.0000
 11   0     6.3906     6.0000    -0.3906     4.0538     4.0538     0.0000
 12   0     0.8439     1.0000     0.1561     0.9620     0.9620     0.0000
 13   0     0.8440     1.0000     0.1560     0.9621     0.9621     0.0000
 14   0     6.2686     6.0000    -0.2686     4.0136     4.0136     0.0000
 15   0     0.8578     1.0000     0.1422     0.9661     0.9661     0.0000
 16   0     0.8580     1.0000     0.1420     0.9662     0.9662     0.0000
 17   0     6.2637     6.0000    -0.2637     3.8881     3.8881    -0.0000
 18   0     0.8547     1.0000     0.1453     0.9668     0.9668     0.0000
 19   0     0.8548     1.0000     0.1452     0.9668     0.9668     0.0000
 20   0     6.5112     6.0000    -0.5112     3.8999     3.8999     0.0000
 21   0     0.8401     1.0000     0.1599     0.9652     0.9652    -0.0000
 22   0     0.8400     1.0000     0.1600     0.9652     0.9652    -0.0000
 23   0     6.3957     6.0000    -0.3957     4.0596     4.0596     0.0000
 24   0     0.8434     1.0000     0.1566     0.9623     0.9623     0.0000
 25   0     0.8445     1.0000     0.1555     0.9635     0.9635     0.0000
 26   0     6.2962     6.0000    -0.2962     4.0029     4.0028     0.0001
 27   0     0.8527     1.0000     0.1473     0.9669     0.9669     0.0000
 28   0     0.8415     1.0000     0.1585     0.9616     0.9616     0.0000
 29   0     6.2754     6.0000    -0.2754     3.9260     3.9237     0.0023
 30   0     0.8514     1.0000     0.1486     0.9682     0.9678     0.0004
 31   0     0.8519     1.0000     0.1481     0.9652     0.9623     0.0029
 32   0     6.1360     6.0000    -0.1360     3.8435     3.0508     0.7927
 33   0     0.8850     1.0000     0.1150     0.9811     0.9781     0.0030
 34   0     6.2838     6.0000    -0.2838     3.9500     3.9475     0.0025
 35   0     0.8514     1.0000     0.1486     0.9642     0.9612     0.0030
 36   0     0.8543     1.0000     0.1457     0.9689     0.9685     0.0004
 37   0     6.2783     6.0000    -0.2783     3.8995     3.8994     0.0001
 38   0     0.8518     1.0000     0.1482     0.9666     0.9666     0.0000
 39   0     0.8412     1.0000     0.1588     0.9621     0.9621     0.0000
 40   0     6.5106     6.0000    -0.5106     3.8928     3.8928     0.0000
 41   0     0.8396     1.0000     0.1604     0.9646     0.9646     0.0000
 42   0     0.8410     1.0000     0.1590     0.9654     0.9654     0.0000
 43   0     6.5372     6.0000    -0.5372     3.8884     3.8884     0.0000
 44   0     0.8157     1.0000     0.1843     0.9771     0.9771     0.0000
 45   0     0.8158     1.0000     0.1842     0.9771     0.9771     0.0000
 46   0     0.8551     1.0000     0.1449     0.9667     0.9667     0.0000
 47   0     0.8523     1.0000     0.1477     0.9664     0.9664     0.0000
      Bond orders larger than 0.1000000
           Atom A     A.N. of A          Atom B    A.N. of B              Bond order
                0             6               1            6                2.706398
                0             6              44            1                0.983239
                1             6               3            6                0.909785
                2             6               6            6                0.914380
                2             6              43            6                2.704000
                3             6               4            6                1.368888
                3             6               5            6                0.113486
                3             6               8            6                1.416080
                4             6               5            6                1.438421
                4             6              11            6                0.944233
                5             6               6            6                1.422028
                5             6               9            1                0.970104
                6             6               7            6                1.358155
                6             6               8            6                0.113881
                7             6               8            6                1.440659
                7             6              23            6                0.938484
                8             6              10            1                0.970471
               11             6              12            1                0.960394
               11             6              13            1                0.960524
               11             6              14            6                1.019810
               14             6              15            1                0.961478
               14             6              16            1                0.961277
               14             6              17            6                0.985733
               17             6              18            1                0.971850
               17             6              19            1                0.971636
               17             6              20            6                0.954192
               20             6              21            1                0.972832
               20             6              22            1                0.972931
               20             6              46            1                0.967782
               23             6              24            1                0.959494
               23             6              25            1                0.961933
               23             6              26            6                1.014458
               26             6              27            1                0.964620
               26             6              28            1                0.957371
               26             6              29            6                0.972930
               29             6              30            1                0.969734
               29             6              31            1                0.957695
               29             6              32            6                0.972836
               32             6              33            1                1.006912
               32             6              34            6                0.976178
               34             6              35            1                0.957441
               34             6              36            1                0.974432
               34             6              37            6                0.981308
               37             6              38            1                0.976763
               37             6              39            1                0.972363
               37             6              40            6                0.957498
               40             6              41            1                0.971269
               40             6              42            1                0.973070
               40             6              47            1                0.968746
               43             6              45            1                0.983145
# -----------------------------------------------------------
$ Calculation_Info
   description: Details of the calculation
   geom. index: 1
   prop. index: 1
     Multiplicity:                          2
     Charge:                                0
     number of atoms:                       48
     number of electrons:                   0
     number of frozen core electrons:       1
     number of correlated electrons:        0
     number of basis functions:             546
     number of aux C basis functions:       3756
     number of aux J basis functions:       3756
     number of aux JK basis functions:      3756
     number of aux CABS basis functions:    0
     Total Energy                           -815.882285
# -----------------------------------------------------------
$ SCF_Electric_Properties
   description: The SCF Calculated Electric Properties
   geom. index: 1
   prop. index: 1
       Filename                          : EPRII_i.scfp 
       Do Dipole Moment Calculation      : true 
       Do Quadrupole Moment Calculation  : false 
       Do Polarizability Calculation     : false 
** Dipole moment part of electric properties **
        Magnitude of dipole moment (Debye) :        0.1766895291
        Electronic Contribution:
                  0    
      0      -2.222889
      1     -13.913936
      2      -1.651032
        Nuclear Contribution:
                  0    
      0       2.275860
      1      13.932122
      2       1.609856
        Total Dipole moment:
                  0    
      0       0.052971
      1       0.018185
      2      -0.041176
# -----------------------------------------------------------
$ EPRNMR_GTensor
   description: Electronic g tensor
   geom. index: 1
   prop. index: 1
 Source density: 1 SCF 
 Spin multiplicity: 2 
 raw g tensor: 
                  0          1          2    
      0       2.002740  -0.000050   0.000205
      1      -0.000017   2.002765   0.000048
      2       0.000192   0.000057   2.002260
 g tensor: 
                  0          1          2    
      0      -0.339015   0.247588  -0.907617
      1      -0.104080   0.948956   0.297741
      2       0.935006   0.195403  -0.295941
 G eigenvalues: 
                  0          1          2    
      0       2.002182   2.002767   2.002816
# -----------------------------------------------------------
$ EPRNMR_OrbitalShielding
   description: Orbital contribution to the NMR Shielding tensor (ppm)
   geom. index: 1
   prop. index: 1
 Number of stored nuclei 27
 Source density: 1 SCF 
 Nucleus: 9 H 
 Shielding tensor (ppm): 
                  0          1          2    
      0      28.249048   6.015802  -0.032729
      1       5.716454  25.705640  -0.135177
      2      -0.015105  -0.133222  18.907553
 P Tensor eigenvectors:
                   0          1          2    
      0      -0.021319  -0.629613  -0.776617
      1       0.038097   0.775717  -0.629929
      2       0.999047  -0.043016   0.007449
 P Eigenvalues: 
                  0          1          2    
      0      18.902940  20.978908  32.980393
P(iso)  24.287414
 Nucleus: 10 H 
 Shielding tensor (ppm): 
                  0          1          2    
      0      28.272760   5.984445   0.068548
      1       5.673861  25.709144  -0.080588
      2       0.013826  -0.109279  18.824797
 P Tensor eigenvectors:
                   0          1          2    
      0      -0.027485  -0.628244  -0.777531
      1       0.036122   0.776692  -0.628844
      2       0.998969  -0.045370   0.001345
 P Eigenvalues: 
                  0          1          2    
      0      18.820229  21.027149  32.959323
P(iso)  24.268900
 Nucleus: 12 H 
 Shielding tensor (ppm): 
                  0          1          2    
      0      28.477233  -1.508774   3.637684
      1      -0.908274  31.817220  -0.580358
      2       5.185130   0.593908  26.681161
 P Tensor eigenvectors:
                   0          1          2    
      0      -0.626735  -0.482704   0.611719
      1      -0.075975  -0.743434  -0.664480
      2       0.775520  -0.462928   0.429263
 P Eigenvalues: 
                  0          1          2    
      0      23.012121  31.047129  32.916364
P(iso)  28.991871
 Nucleus: 13 H 
 Shielding tensor (ppm): 
                  0          1          2    
      0      28.875049  -1.761084  -3.392947
      1      -1.329452  31.833209   0.113874
      2      -5.008717  -1.098538  26.294429
 P Tensor eigenvectors:
                   0          1          2    
      0       0.589137   0.517057  -0.620942
      1       0.137279   0.693242   0.707509
      2       0.796286  -0.502062   0.337434
 P Eigenvalues: 
                  0          1          2    
      0      22.995507  31.062162  32.945019
P(iso)  29.000896
 Nucleus: 15 H 
 Shielding tensor (ppm): 
                  0          1          2    
      0      30.699585   0.727861  -3.836231
      1       0.586810  31.807299   0.188229
      2      -3.621196   1.573585  28.081803
 P Tensor eigenvectors:
                   0          1          2    
      0       0.572789  -0.077679   0.816014
      1      -0.154988  -0.987806   0.014759
      2       0.804917  -0.134926  -0.577844
 P Eigenvalues: 
                  0          1          2    
      0      25.255425  31.990325  33.342938
P(iso)  30.196229
 Nucleus: 16 H 
 Shielding tensor (ppm): 
                  0          1          2    
      0      30.423982   1.164012   3.858729
      1       0.945781  31.666204  -0.418513
      2       3.662682  -1.822616  28.511970
 P Tensor eigenvectors:
                   0          1          2    
      0      -0.602504  -0.055981   0.796150
      1       0.220917  -0.970259   0.098960
      2       0.766932   0.235507   0.596952
 P Eigenvalues: 
                  0          1          2    
      0      25.223971  32.014904  33.363282
P(iso)  30.200719
 Nucleus: 18 H 
 Shielding tensor (ppm): 
                  0          1          2    
      0      31.176016  -0.334228  -4.721080
      1      -0.140694  31.169097  -0.382093
      2      -4.396336  -1.089719  28.696826
 P Tensor eigenvectors:
                   0          1          2    
      0       0.602782  -0.130051  -0.787236
      1       0.113897   0.990548  -0.076428
      2       0.789735  -0.043594   0.611898
 P Eigenvalues: 
                  0          1          2    
      0      25.124472  31.237561  34.679906
P(iso)  30.347313
 Nucleus: 19 H 
 Shielding tensor (ppm): 
                  0          1          2    
      0      30.841948   0.042981   4.823918
      1       0.233457  31.273622   0.190089
      2       4.468800   0.866172  28.911858
 P Tensor eigenvectors:
                   0          1          2    
      0      -0.630857  -0.130637  -0.764822
      1      -0.046778   0.990335  -0.130572
      2       0.774488  -0.046595  -0.630871
 P Eigenvalues: 
                  0          1          2    
      0      25.114716  31.233187  34.679524
P(iso)  30.342476
 Nucleus: 21 H 
 Shielding tensor (ppm): 
                  0          1          2    
      0      30.225408  -1.412676   4.053103
      1      -2.293069  31.080318  -2.480257
      2       3.420353  -2.090943  31.564111
 P Tensor eigenvectors:
                   0          1          2    
      0      -0.766340   0.317779   0.558336
      1       0.011631   0.875814  -0.482509
      2       0.642330   0.363272   0.674867
 P Eigenvalues: 
                  0          1          2    
      0      27.097978  29.434836  36.337023
P(iso)  30.956612
 Nucleus: 22 H 
 Shielding tensor (ppm): 
                  0          1          2    
      0      30.446169  -1.849397  -3.917809
      1      -2.675347  31.471925   2.424735
      2      -3.210218   2.061295  30.943899
 P Tensor eigenvectors:
                   0          1          2    
      0      -0.747073   0.330594  -0.576705
      1      -0.046472   0.839466   0.541421
      2      -0.663115  -0.431282   0.611779
 P Eigenvalues: 
                  0          1          2    
      0      27.117206  29.398041  36.346746
P(iso)  30.953998
 Nucleus: 24 H 
 Shielding tensor (ppm): 
                  0          1          2    
      0      28.497810  -1.503375   3.713551
      1      -0.889818  32.046055  -0.490761
      2       5.234377   0.646792  26.464512
 P Tensor eigenvectors:
                   0          1          2    
      0      -0.617610  -0.528317   0.582614
      1      -0.076185  -0.697111  -0.712904
      2       0.782786  -0.484683   0.390293
 P Eigenvalues: 
                  0          1          2    
      0      22.824650  31.207049  32.976678
P(iso)  29.002792
 Nucleus: 25 H 
 Shielding tensor (ppm): 
                  0          1          2    
      0      28.802025  -1.679898  -3.441972
      1      -1.187235  31.815958   0.215603
      2      -4.933622  -0.989104  26.274198
 P Tensor eigenvectors:
                   0          1          2    
      0       0.591686   0.525139  -0.611667
      1       0.120875   0.692367   0.711349
      2       0.797055  -0.494830   0.346188
 P Eigenvalues: 
                  0          1          2    
      0      23.010577  31.026848  32.854756
P(iso)  28.964060
 Nucleus: 27 H 
 Shielding tensor (ppm): 
                  0          1          2    
      0      30.369595   0.787295   4.088237
      1       0.553100  31.385582  -0.722083
      2       3.864869  -1.953905  28.280848
 P Tensor eigenvectors:
                   0          1          2    
      0      -0.592069  -0.255401   0.764346
      1       0.210923  -0.964501  -0.158898
      2       0.777795   0.067139   0.624922
 P Eigenvalues: 
                  0          1          2    
      0      24.882302  31.672410  33.481313
P(iso)  30.012008
 Nucleus: 28 H 
 Shielding tensor (ppm): 
                  0          1          2    
      0      30.716388   0.824634  -3.653339
      1       0.478673  31.446491   0.785164
      2      -3.679995   1.636855  27.788164
 P Tensor eigenvectors:
                   0          1          2    
      0       0.546185  -0.189876   0.815861
      1      -0.200307  -0.975320  -0.092890
      2       0.813363  -0.112688  -0.570738
 P Eigenvalues: 
                  0          1          2    
      0      25.013491  31.724359  33.213193
P(iso)  29.983681
 Nucleus: 30 H 
 Shielding tensor (ppm): 
                  0          1          2    
      0      28.583681   1.063431   3.144015
      1       0.045987  32.024585  -0.106032
      2       3.579334   1.249527  28.117368
 P Tensor eigenvectors:
                   0          1          2    
      0      -0.679143   0.572798   0.458985
      1      -0.002643  -0.627219   0.778838
      2       0.734001   0.527730   0.427486
 P Eigenvalues: 
                  0          1          2    
      0      24.980714  31.062749  32.682171
P(iso)  29.575211
 Nucleus: 31 H 
 Shielding tensor (ppm): 
                  0          1          2    
      0      29.090325   0.126817  -4.013091
      1      -0.315598  30.803493   0.109790
      2      -4.323637  -0.073507  27.937975
 P Tensor eigenvectors:
                   0          1          2    
      0       0.654842  -0.024310   0.755375
      1       0.008721  -0.999173  -0.039716
      2       0.755716   0.032596  -0.654088
 P Eigenvalues: 
                  0          1          2    
      0      24.305870  30.800275  32.725648
P(iso)  29.277264
 Nucleus: 33 H 
 Shielding tensor (ppm): 
                  0          1          2    
      0      24.476315   0.105467  -0.209259
      1       0.031180  33.102942   0.659882
      2       0.025563   0.547811  24.425768
 P Tensor eigenvectors:
                   0          1          2    
      0      -0.535761   0.844344  -0.006617
      1       0.062610   0.031910  -0.997528
      2      -0.842046  -0.534850  -0.069961
 P Eigenvalues: 
                  0          1          2    
      0      24.323166  24.536666  33.145193
P(iso)  27.335008
 Nucleus: 35 H 
 Shielding tensor (ppm): 
                  0          1          2    
      0      28.954516   0.970491  -3.752168
      1       1.176079  30.614422  -0.131913
      2      -3.780342  -0.274114  28.599695
 P Tensor eigenvectors:
                   0          1          2    
      0       0.695223   0.199649   0.690511
      1      -0.108390  -0.920549   0.375289
      2       0.710575  -0.335754  -0.618347
 P Eigenvalues: 
                  0          1          2    
      0      24.943259  30.306058  32.919316
P(iso)  29.389544
 Nucleus: 36 H 
 Shielding tensor (ppm): 
                  0          1          2    
      0      28.471015  -1.254463   2.714205
      1      -0.505083  31.756917   0.718354
      2       3.169682  -0.239711  28.846894
 P Tensor eigenvectors:
                   0          1          2    
      0       0.727625   0.492525  -0.477474
      1       0.131519   0.582975   0.801775
      2      -0.673250   0.646188  -0.359411
 P Eigenvalues: 
                  0          1          2    
      0      25.605104  31.292434  32.177288
P(iso)  29.691609
 Nucleus: 38 H 
 Shielding tensor (ppm): 
                  0          1          2    
      0      30.518240  -0.289741   4.829590
      1      -0.577444  30.629357   0.335656
      2       4.202175  -0.135192  29.673876
 P Tensor eigenvectors:
                   0          1          2    
      0      -0.676791  -0.005065  -0.736157
      1      -0.076560   0.995038   0.063539
      2       0.732183   0.099362  -0.673821
 P Eigenvalues: 
                  0          1          2    
      0      25.534507  30.639566  34.647400
P(iso)  30.273824
 Nucleus: 39 H 
 Shielding tensor (ppm): 
                  0          1          2    
      0      31.032728   1.389194  -4.120807
      1       1.154948  30.534248  -0.242911
      2      -3.904561   0.808043  29.099780
 P Tensor eigenvectors:
                   0          1          2    
      0       0.622931  -0.043696  -0.781056
      1      -0.200361   0.956222  -0.213294
      2       0.756183   0.289360   0.586905
 P Eigenvalues: 
                  0          1          2    
      0      25.723926  30.566630  34.376200
P(iso)  30.222252
 Nucleus: 41 H 
 Shielding tensor (ppm): 
                  0          1          2    
      0      30.108281   0.797765   4.292785
      1       1.635373  30.379025   2.049120
      2       3.784646   1.502464  32.754138
 P Tensor eigenvectors:
                   0          1          2    
      0       0.808917   0.206053   0.550631
      1       0.017637  -0.944655   0.327591
      2      -0.587658   0.255283   0.767782
 P Eigenvalues: 
                  0          1          2    
      0      27.180251  29.617115  36.444077
P(iso)  31.080481
 Nucleus: 42 H 
 Shielding tensor (ppm): 
                  0          1          2    
      0      30.506283   2.739048  -3.461230
      1       3.215393  32.113766  -2.364289
      2      -2.588271  -1.798259  30.483813
 P Tensor eigenvectors:
                   0          1          2    
      0       0.776630  -0.256262  -0.575478
      1      -0.224043   0.741436  -0.632517
      2       0.588770   0.620164   0.518408
 P Eigenvalues: 
                  0          1          2    
      0      27.326024  29.297389  36.480449
P(iso)  31.034621
 Nucleus: 44 H 
 Shielding tensor (ppm): 
                  0          1          2    
      0      35.416649  -1.001749   0.315929
      1      -1.424470  25.993670  -0.098744
      2       0.313778  -0.097118  24.106799
 P Tensor eigenvectors:
                   0          1          2    
      0      -0.024047   0.123280  -0.992081
      1       0.036169   0.991825   0.122371
      2       0.999056  -0.032940  -0.028309
 P Eigenvalues: 
                  0          1          2    
      0      24.095712  25.842015  35.579391
P(iso)  28.505706
 Nucleus: 45 H 
 Shielding tensor (ppm): 
                  0          1          2    
      0      35.388520  -1.069579   0.295905
      1      -1.490694  26.028069  -0.091651
      2       0.320798  -0.066213  24.094737
 P Tensor eigenvectors:
                   0          1          2    
      0      -0.024368   0.130347  -0.991169
      1       0.024631   0.991241   0.129750
      2       0.999400  -0.021252  -0.027366
 P Eigenvalues: 
                  0          1          2    
      0      24.085248  25.857049  35.569029
P(iso)  28.503775
 Nucleus: 46 H 
 Shielding tensor (ppm): 
                  0          1          2    
      0      29.363294   2.270061  -0.050625
      1       3.498676  36.686851  -0.423581
      2      -0.107711  -0.442464  26.121668
 P Tensor eigenvectors:
                   0          1          2    
      0      -0.015699  -0.941824  -0.335739
      1       0.045147   0.334771  -0.941218
      2       0.998857  -0.029934   0.037265
 P Eigenvalues: 
                  0          1          2    
      0      26.103341  28.366511  37.701961
P(iso)  30.723938
 Nucleus: 47 H 
 Shielding tensor (ppm): 
                  0          1          2    
      0      29.532178  -2.198929  -0.359136
      1      -3.536633  35.978935   2.007419
      2      -0.638704   2.075922  26.869558
 P Tensor eigenvectors:
                   0          1          2    
      0      -0.049247   0.934166  -0.353423
      1      -0.222929   0.334645   0.915596
      2       0.973590   0.123878   0.191773
 P Eigenvalues: 
                  0          1          2    
      0      26.427348  28.474058  37.479266
P(iso)  30.793557
# -----------------------------------------------------------
$ EPRNMR_ATensor
   description: Hyperfine A tensor
   geom. index: 1
   prop. index: 1
 Number of stored nuclei 27
 Source density: 1 SCF 
 Spin multiplicity: 2 
 Nucleus: 9 H  
 Isotope: 1 
 Nuclear Spin:  0.5 
 Prefactor (MHz): 533.551395 
 Raw A tensor (MHz): 
                  0          1          2    
      0      -0.108822   0.003375  -0.001799
      1       0.003359   0.268011  -0.010678
      2      -0.001791  -0.010659  -0.114391
 A Tensor eigenvectors:
                   0          1          2    
      0      -0.965225   0.261262   0.009076
      1       0.016055   0.024589   0.999569
      2       0.260926   0.964955  -0.027929
 A Eigenvalues: 
                  0          1          2    
      0      -0.108394  -0.115148   0.268339
A(iso)  0.014932
 Nucleus: 10 H  
 Isotope: 1 
 Nuclear Spin:  0.5 
 Prefactor (MHz): 533.551395 
 Raw A tensor (MHz): 
                  0          1          2    
      0      -0.260886   0.858514   0.008486
      1       0.858641   0.878065   0.037361
      2       0.008579   0.037568  -0.750979
 A Tensor eigenvectors:
                   0          1          2    
      0       0.844579   0.251427  -0.472726
      1      -0.447266  -0.154064  -0.881032
      2      -0.294345   0.955536  -0.017664
 A Eigenvalues: 
                  0          1          2    
      0      -0.718540  -0.754777   1.339516
A(iso)  -0.044600
 Nucleus: 12 H  
 Isotope: 1 
 Nuclear Spin:  0.5 
 Prefactor (MHz): 533.551395 
 Raw A tensor (MHz): 
                  0          1          2    
      0      -0.021270   0.092338   0.008001
      1       0.092346   0.181306   0.020630
      2       0.008007   0.020641  -0.055860
 A Tensor eigenvectors:
                   0          1          2    
      0       0.932010   0.041192   0.360084
      1      -0.362198   0.070134   0.929459
      2       0.013032  -0.996687   0.080285
 A Eigenvalues: 
                  0          1          2    
      0      -0.057045  -0.057643   0.218864
A(iso)  0.034725
 Nucleus: 13 H  
 Isotope: 1 
 Nuclear Spin:  0.5 
 Prefactor (MHz): 533.551395 
 Raw A tensor (MHz): 
                  0          1          2    
      0      -0.024842   0.093317  -0.012300
      1       0.093332   0.177207  -0.027016
      2      -0.012288  -0.026985  -0.059027
 A Tensor eigenvectors:
                   0          1          2    
      0       0.713762   0.599106  -0.362789
      1      -0.349735  -0.143909  -0.925730
      2      -0.606818   0.787631   0.106812
 A Eigenvalues: 
                  0          1          2    
      0      -0.060120  -0.063439   0.216896
A(iso)  0.031113
 Nucleus: 15 H  
 Isotope: 1 
 Nuclear Spin:  0.5 
 Prefactor (MHz): 533.551395 
 Raw A tensor (MHz): 
                  0          1          2    
      0      -0.068129   0.025673   0.000992
      1       0.025670   0.138795   0.013033
      2       0.000996   0.013036  -0.070770
 A Tensor eigenvectors:
                   0          1          2    
      0      -0.788328  -0.603256  -0.120918
      1       0.058476   0.122179  -0.990784
      2       0.612470  -0.788134  -0.061041
 A Eigenvalues: 
                  0          1          2    
      0      -0.070805  -0.072030   0.142731
A(iso)  -0.000035
 Nucleus: 16 H  
 Isotope: 1 
 Nuclear Spin:  0.5 
 Prefactor (MHz): 533.551395 
 Raw A tensor (MHz): 
                  0          1          2    
      0      -0.069228   0.026117  -0.003373
      1       0.026120   0.137329  -0.023725
      2      -0.003368  -0.023705  -0.070149
 A Tensor eigenvectors:
                   0          1          2    
      0       0.821183   0.557259  -0.122968
      1      -0.164232   0.024412  -0.986120
      2      -0.546522   0.829980   0.111566
 A Eigenvalues: 
                  0          1          2    
      0      -0.072208  -0.073108   0.143268
A(iso)  -0.000683
 Nucleus: 18 H  
 Isotope: 1 
 Nuclear Spin:  0.5 
 Prefactor (MHz): 533.551395 
 Raw A tensor (MHz): 
                  0          1          2    
      0      -0.034387   0.039623  -0.004255
      1       0.039630   0.080219  -0.012671
      2      -0.004251  -0.012657  -0.045476
 A Tensor eigenvectors:
                   0          1          2    
      0       0.654893   0.695034  -0.296719
      1      -0.275221  -0.146319  -0.950181
      2      -0.703824   0.703930   0.095465
 A Eigenvalues: 
                  0          1          2    
      0      -0.046469  -0.047041   0.093866
A(iso)  0.000119
 Nucleus: 19 H  
 Isotope: 1 
 Nuclear Spin:  0.5 
 Prefactor (MHz): 533.551395 
 Raw A tensor (MHz): 
                  0          1          2    
      0      -0.034197   0.039233   0.001972
      1       0.039237   0.080888   0.007070
      2       0.001975   0.007075  -0.045869
 A Tensor eigenvectors:
                   0          1          2    
      0      -0.648441   0.702085   0.294280
      1       0.158917  -0.253209   0.954270
      2       0.744493   0.665553   0.052618
 A Eigenvalues: 
                  0          1          2    
      0      -0.046078  -0.046479   0.093378
A(iso)  0.000274
 Nucleus: 21 H  
 Isotope: 1 
 Nuclear Spin:  0.5 
 Prefactor (MHz): 533.551395 
 Raw A tensor (MHz): 
                  0          1          2    
      0      -0.035195   0.012274  -0.001374
      1       0.012276   0.071086  -0.010558
      2      -0.001372  -0.010550  -0.035568
 A Tensor eigenvectors:
                   0          1          2    
      0       0.706758   0.698395  -0.112861
      1      -0.148598  -0.009422  -0.988853
      2      -0.691673   0.715651   0.097121
 A Eigenvalues: 
                  0          1          2    
      0      -0.036432  -0.036769   0.073523
A(iso)  0.000108
 Nucleus: 22 H  
 Isotope: 1 
 Nuclear Spin:  0.5 
 Prefactor (MHz): 533.551395 
 Raw A tensor (MHz): 
                  0          1          2    
      0      -0.035058   0.012119   0.000323
      1       0.012118   0.071482   0.004364
      2       0.000325   0.004366  -0.036264
 A Tensor eigenvectors:
                   0          1          2    
      0      -0.726523   0.678042   0.111461
      1       0.053969  -0.105402   0.992964
      2       0.685020   0.727427   0.039984
 A Eigenvalues: 
                  0          1          2    
      0      -0.036263  -0.036595   0.073018
A(iso)  0.000053
 Nucleus: 24 H  
 Isotope: 1 
 Nuclear Spin:  0.5 
 Prefactor (MHz): 533.551395 
 Raw A tensor (MHz): 
                  0          1          2    
      0      -0.160715  -0.795981   0.214176
      1      -0.796141   2.266589  -0.711220
      2       0.214311  -0.710900  -0.228724
 A Tensor eigenvectors:
                   0          1          2    
      0       0.948337  -0.153805   0.277491
      1       0.305807   0.210200  -0.928600
      2       0.084495   0.965484   0.246375
 A Eigenvalues: 
                  0          1          2    
      0      -0.398344  -0.417630   2.693125
A(iso)  0.625717
 Nucleus: 25 H  
 Isotope: 1 
 Nuclear Spin:  0.5 
 Prefactor (MHz): 533.551395 
 Raw A tensor (MHz): 
                  0          1          2    
      0      -0.092875  -0.548000  -0.326136
      1      -0.548513   2.905095   0.329996
      2      -0.326226   0.330005  -0.120927
 A Tensor eigenvectors:
                   0          1          2    
      0      -0.663648   0.725385  -0.182722
      1      -0.212774   0.051126   0.975763
      2       0.717146   0.686442   0.120414
 A Eigenvalues: 
                  0          1          2    
      0       0.083360  -0.440593   3.048527
A(iso)  0.897098
 Nucleus: 27 H  
 Isotope: 1 
 Nuclear Spin:  0.5 
 Prefactor (MHz): 533.551395 
 Raw A tensor (MHz): 
                  0          1          2    
      0      -3.668475   2.453013   0.871406
      1       2.452591   1.972655   2.406994
      2       0.871581   2.406516  -3.494849
 A Tensor eigenvectors:
                   0          1          2    
      0       0.329484  -0.236660   0.914020
      1       0.884051  -0.262570  -0.386666
      2       0.331502   0.935441   0.122707
 A Eigenvalues: 
                  0          1          2    
      0       3.789367  -4.390946  -4.589090
A(iso)  -1.730223
 Nucleus: 28 H  
 Isotope: 1 
 Nuclear Spin:  0.5 
 Prefactor (MHz): 533.551395 
 Raw A tensor (MHz): 
                  0          1          2    
      0      -3.998006   2.593471  -1.415827
      1       2.593972   3.018258  -2.192988
      2      -1.415019  -2.190772  -4.750828
 A Tensor eigenvectors:
                   0          1          2    
      0       0.749861  -0.318725  -0.579761
      1      -0.411643  -0.910793  -0.031708
      2      -0.517936   0.262431  -0.814170
 A Eigenvalues: 
                  0          1          2    
      0      -4.447479   4.560915  -5.844011
A(iso)  -1.910192
 Nucleus: 30 H  
 Isotope: 1 
 Nuclear Spin:  0.5 
 Prefactor (MHz): 533.551395 
 Raw A tensor (MHz): 
                  0          1          2    
      0      48.158693  -5.876634   3.152910
      1      -5.873155  47.280518  -3.316890
      2       3.150737  -3.318631  42.939835
 A Tensor eigenvectors:
                   0          1          2    
      0       0.015519   0.730749  -0.682470
      1       0.487026   0.590586   0.643439
      2       0.873249  -0.342367  -0.346728
 A Eigenvalues: 
                  0          1          2    
      0      41.145242  41.934422  55.299382
A(iso)  46.126349
 Nucleus: 31 H  
 Isotope: 1 
 Nuclear Spin:  0.5 
 Prefactor (MHz): 533.551395 
 Raw A tensor (MHz): 
                  0          1          2    
      0     129.747282  -5.605580  -2.793116
      1      -5.605243 131.689346   1.604359
      2      -2.790974   1.603219 125.799411
 A Tensor eigenvectors:
                   0          1          2    
      0      -0.645679   0.416824   0.639809
      1      -0.324033   0.609136  -0.723847
      2      -0.691448  -0.674693  -0.258242
 A Eigenvalues: 
                  0          1          2    
      0     123.943795 126.076462 137.215783
A(iso)  129.078680
 Nucleus: 33 H  
 Isotope: 1 
 Nuclear Spin:  0.5 
 Prefactor (MHz): 533.551395 
 Raw A tensor (MHz): 
                  0          1          2    
      0     -30.498603  -1.054080  17.040811
      1      -1.053250 -96.690122  -4.451497
      2      17.039084  -4.451916 -50.336707
 A Tensor eigenvectors:
                   0          1          2    
      0      -0.864431  -0.502664  -0.009348
      1       0.041272  -0.089482   0.995133
      2      -0.501054   0.859838   0.098097
 A Eigenvalues: 
                  0          1          2    
      0     -20.571594 -59.834765 -97.119073
A(iso)  -59.175144
 Nucleus: 35 H  
 Isotope: 1 
 Nuclear Spin:  0.5 
 Prefactor (MHz): 533.551395 
 Raw A tensor (MHz): 
                  0          1          2    
      0     130.113189   5.976663  -1.642614
      1       5.975638 132.837708  -0.397881
      2      -1.640772  -0.396843 125.955382
 A Tensor eigenvectors:
                   0          1          2    
      0      -0.649624   0.430019  -0.626955
      1       0.437006  -0.463598  -0.770781
      2      -0.622105  -0.774701   0.113243
 A Eigenvalues: 
                  0          1          2    
      0     124.520365 126.629026 137.756888
A(iso)  129.635426
 Nucleus: 36 H  
 Isotope: 1 
 Nuclear Spin:  0.5 
 Prefactor (MHz): 533.551395 
 Raw A tensor (MHz): 
                  0          1          2    
      0      48.552377   5.133956   4.187864
      1       5.130601  46.680174   3.977498
      2       4.184999   3.979456  44.995566
 A Tensor eigenvectors:
                   0          1          2    
      0       0.015282   0.741951  -0.670280
      1       0.619818  -0.533052  -0.575918
      2      -0.784597  -0.406651  -0.468020
 A Eigenvalues: 
                  0          1          2    
      0      41.770890  42.571195  55.886032
A(iso)  46.742706
 Nucleus: 38 H  
 Isotope: 1 
 Nuclear Spin:  0.5 
 Prefactor (MHz): 533.551395 
 Raw A tensor (MHz): 
                  0          1          2    
      0      -3.577719  -2.646825   0.400279
      1      -2.646252   2.547305  -1.190451
      2       0.400513  -1.190103  -4.191823
 A Tensor eigenvectors:
                   0          1          2    
      0      -0.343847  -0.254220   0.903959
      1       0.925897   0.068626   0.371492
      2      -0.156475   0.964709   0.211785
 A Eigenvalues: 
                  0          1          2    
      0       3.731255  -4.382048  -4.571443
A(iso)  -1.740746
 Nucleus: 39 H  
 Isotope: 1 
 Nuclear Spin:  0.5 
 Prefactor (MHz): 533.551395 
 Raw A tensor (MHz): 
                  0          1          2    
      0      -3.883587  -2.424738  -1.937821
