-------------------------------------------------------------
----------------------- !PROPERTIES! ------------------------
-------------------------------------------------------------
# -----------------------------------------------------------
$ PAL_Flags
   description: The PAL Flags
   geom. index: 1
   prop. index: 1
        Diskflag:     2
# -----------------------------------------------------------
$ SCF_Energy
   description: The SCF energy
   geom. index: 1
   prop. index: 1
        SCF Energy:     -815.8810721813
# -----------------------------------------------------------
$ DFT_Energy
   description: The DFT energy
   geom. index: 1
   prop. index: 1
   Number of Alpha Electrons                 77.0001011995 
   Number of Beta  Electrons                 76.0000791976 
   Total number of  Electrons               153.0001803971 
   Exchange energy                          -93.7430240539 
   Correlation energy                        -5.8994660647 
   Correlation energy NL                      0.0000000000 
   Exchange-Correlation energy              -99.6424901186 
   Embedding correction                       0.0000000000 
   Total DFT Energy (No VdW correction)    -815.8810721813 
# -----------------------------------------------------------
$ Mayer_Pop
   description: The Mayer population analysis
   geom. index: 1
   prop. index: 1
     Number of atoms                     : 48
     Threshold for printing              : 0.1000000
     Number of bond orders printed       : 50
  NA   - Mulliken gross atomic population
  ZA   - Total nuclear charge
  QA   - Mulliken gross atomic charge
  VA   - Mayer's total valence
  BVA  - Mayer's bonded valence
  FA   - Mayer's free valence
  ATOM       NA         ZA         QA         VA         BVA        FA
  0   0     6.5432     6.0000    -0.5432     3.8859     3.8859     0.0000
  1   0     5.9984     6.0000     0.0016     3.8139     3.8139     0.0000
  2   0     5.9979     6.0000     0.0021     3.8169     3.8169     0.0000
  3   0     5.6076     6.0000     0.3924     3.9542     3.9542     0.0000
  4   0     5.6659     6.0000     0.3341     3.8380     3.8380     0.0000
  5   0     6.4193     6.0000    -0.4193     4.3071     4.3071     0.0000
  6   0     5.6076     6.0000     0.3924     3.9610     3.9610     0.0000
  7   0     5.6633     6.0000     0.3367     3.8137     3.8137     0.0000
  8   0     6.4212     6.0000    -0.4212     4.3119     4.3119     0.0000
  9   0     0.8661     1.0000     0.1339     0.9661     0.9661     0.0000
 10   0     0.8657     1.0000     0.1343     0.9661     0.9661     0.0000
 11   0     6.3884     6.0000    -0.3884     4.0586     4.0586     0.0000
 12   0     0.8466     1.0000     0.1534     0.9628     0.9628     0.0000
 13   0     0.8465     1.0000     0.1535     0.9628     0.9628     0.0000
 14   0     6.2631     6.0000    -0.2631     4.0181     4.0181     0.0000
 15   0     0.8608     1.0000     0.1392     0.9667     0.9667     0.0000
 16   0     0.8609     1.0000     0.1391     0.9668     0.9668     0.0000
 17   0     6.2548     6.0000    -0.2548     3.8888     3.8888    -0.0000
 18   0     0.8576     1.0000     0.1424     0.9675     0.9675     0.0000
 19   0     0.8578     1.0000     0.1422     0.9675     0.9675     0.0000
 20   0     6.5085     6.0000    -0.5085     3.9004     3.9004     0.0000
 21   0     0.8422     1.0000     0.1578     0.9658     0.9658    -0.0000
 22   0     0.8421     1.0000     0.1579     0.9658     0.9658     0.0000
 23   0     6.3940     6.0000    -0.3940     4.0646     4.0646     0.0000
 24   0     0.8458     1.0000     0.1542     0.9630     0.9630     0.0000
 25   0     0.8472     1.0000     0.1528     0.9642     0.9642     0.0000
 26   0     6.2902     6.0000    -0.2902     4.0067     4.0066     0.0001
 27   0     0.8555     1.0000     0.1445     0.9675     0.9675     0.0000
 28   0     0.8440     1.0000     0.1560     0.9621     0.9621     0.0000
 29   0     6.2718     6.0000    -0.2718     3.9307     3.9284     0.0023
 30   0     0.8542     1.0000     0.1458     0.9688     0.9684     0.0004
 31   0     0.8550     1.0000     0.1450     0.9660     0.9627     0.0033
 32   0     6.1286     6.0000    -0.1286     3.8459     3.0621     0.7838
 33   0     0.8877     1.0000     0.1123     0.9815     0.9785     0.0030
 34   0     6.2806     6.0000    -0.2806     3.9548     3.9522     0.0026
 35   0     0.8547     1.0000     0.1453     0.9651     0.9617     0.0034
 36   0     0.8571     1.0000     0.1429     0.9695     0.9691     0.0004
 37   0     6.2696     6.0000    -0.2696     3.9006     3.9005     0.0001
 38   0     0.8548     1.0000     0.1452     0.9673     0.9673     0.0000
 39   0     0.8441     1.0000     0.1559     0.9627     0.9627     0.0000
 40   0     6.5075     6.0000    -0.5075     3.8933     3.8933     0.0000
 41   0     0.8417     1.0000     0.1583     0.9652     0.9652     0.0000
 42   0     0.8432     1.0000     0.1568     0.9660     0.9660     0.0000
 43   0     6.5422     6.0000    -0.5422     3.8865     3.8865     0.0000
 44   0     0.8170     1.0000     0.1830     0.9772     0.9772     0.0000
 45   0     0.8172     1.0000     0.1828     0.9773     0.9773     0.0000
 46   0     0.8567     1.0000     0.1433     0.9670     0.9670    -0.0000
 47   0     0.8540     1.0000     0.1460     0.9668     0.9668     0.0000
      Bond orders larger than 0.1000000
           Atom A     A.N. of A          Atom B    A.N. of B              Bond order
                0             6               1            6                2.700518
                0             6              44            1                0.984166
                1             6               3            6                0.913092
                2             6               6            6                0.917865
                2             6              43            6                2.698053
                3             6               4            6                1.371122
                3             6               5            6                0.116593
                3             6               8            6                1.417870
                4             6               5            6                1.437699
                4             6              11            6                0.944479
                5             6               6            6                1.423781
                5             6               9            1                0.971380
                6             6               7            6                1.359993
                6             6               8            6                0.117106
                7             6               8            6                1.439792
                7             6              23            6                0.938770
                8             6              10            1                0.971806
               11             6              12            1                0.960234
               11             6              13            1                0.960382
               11             6              14            6                1.021200
               14             6              15            1                0.960622
               14             6              16            1                0.960480
               14             6              17            6                0.987586
               17             6              18            1                0.971209
               17             6              19            1                0.971068
               17             6              20            6                0.953874
               20             6              21            1                0.972820
               20             6              22            1                0.972903
               20             6              46            1                0.967614
               23             6              24            1                0.959551
               23             6              25            1                0.961737
               23             6              26            6                1.015851
               26             6              27            1                0.963434
               26             6              28            1                0.956944
               26             6              29            6                0.974294
               29             6              30            1                0.968248
               29             6              31            1                0.956637
               29             6              32            6                0.976556
               32             6              33            1                1.007521
               32             6              34            6                0.978883
               34             6              35            1                0.956332
               34             6              36            1                0.973528
               34             6              37            6                0.982465
               37             6              38            1                0.976396
               37             6              39            1                0.972091
               37             6              40            6                0.957302
               40             6              41            1                0.971187
               40             6              42            1                0.973036
               40             6              47            1                0.968656
               43             6              45            1                0.984103
# -----------------------------------------------------------
$ Calculation_Info
   description: Details of the calculation
   geom. index: 1
   prop. index: 1
     Multiplicity:                          2
     Charge:                                0
     number of atoms:                       48
     number of electrons:                   0
     number of frozen core electrons:       1
     number of correlated electrons:        0
     number of basis functions:             546
     number of aux C basis functions:       3756
     number of aux J basis functions:       3756
     number of aux JK basis functions:      3756
     number of aux CABS basis functions:    0
     Total Energy                           -815.881072
# -----------------------------------------------------------
$ SCF_Electric_Properties
   description: The SCF Calculated Electric Properties
   geom. index: 1
   prop. index: 1
       Filename                          : EPRII_i.scfp 
       Do Dipole Moment Calculation      : true 
       Do Quadrupole Moment Calculation  : false 
       Do Polarizability Calculation     : false 
** Dipole moment part of electric properties **
        Magnitude of dipole moment (Debye) :        0.1844669777
        Electronic Contribution:
                  0    
      0      -2.234576
      1     -13.898241
      2      -1.374138
        Nuclear Contribution:
                  0    
      0       2.286176
      1      13.915421
      2       1.326083
        Total Dipole moment:
                  0    
      0       0.051599
      1       0.017180
      2      -0.048055
# -----------------------------------------------------------
$ EPRNMR_GTensor
   description: Electronic g tensor
   geom. index: 1
   prop. index: 1
 Source density: 1 SCF 
 Spin multiplicity: 2 
 raw g tensor: 
                  0          1          2    
      0       2.002743  -0.000048   0.000193
      1      -0.000013   2.002757   0.000043
      2       0.000180   0.000054   2.002250
 g tensor: 
                  0          1          2    
      0      -0.318492   0.228949  -0.919862
      1      -0.096396   0.957541   0.271703
      2       0.943012   0.175206  -0.282899
 G eigenvalues: 
                  0          1          2    
      0       2.002182   2.002759   2.002810
# -----------------------------------------------------------
$ EPRNMR_OrbitalShielding
   description: Orbital contribution to the NMR Shielding tensor (ppm)
   geom. index: 1
   prop. index: 1
 Number of stored nuclei 27
 Source density: 1 SCF 
 Nucleus: 9 H 
 Shielding tensor (ppm): 
                  0          1          2    
      0      28.169725   5.936051   0.029096
      1       5.615726  25.799460  -0.095979
      2       0.043821  -0.092507  18.765252
 P Tensor eigenvectors:
                   0          1          2    
      0      -0.024305  -0.633908  -0.773026
      1       0.033311   0.772312  -0.634370
      2       0.999149  -0.041168   0.002345
 P Eigenvalues: 
                  0          1          2    
      0      18.761216  21.092441  32.880780
P(iso)  24.244812
 Nucleus: 10 H 
 Shielding tensor (ppm): 
                  0          1          2    
      0      28.196301   5.907814   0.090654
      1       5.577487  25.806790  -0.074176
      2       0.034080  -0.102165  18.677786
 P Tensor eigenvectors:
                   0          1          2    
      0      -0.027839  -0.632758  -0.773849
      1       0.033866   0.773108  -0.633370
      2       0.999039  -0.043839  -0.000094
 P Eigenvalues: 
                  0          1          2    
      0      18.673076  21.140750  32.867052
P(iso)  24.226959
 Nucleus: 12 H 
 Shielding tensor (ppm): 
                  0          1          2    
      0      28.259108  -1.539996   3.585425
      1      -0.936512  31.651976  -0.544850
      2       5.186013   0.638427  26.499265
 P Tensor eigenvectors:
                   0          1          2    
      0      -0.627544  -0.491201   0.604078
      1      -0.081452  -0.730194  -0.678368
      2       0.774308  -0.474909   0.418220
 P Eigenvalues: 
                  0          1          2    
      0      22.831855  30.861576  32.716919
P(iso)  28.803450
 Nucleus: 13 H 
 Shielding tensor (ppm): 
                  0          1          2    
      0      28.668152  -1.723105  -3.363581
      1      -1.287552  31.627437   0.141733
      2      -5.006067  -1.076154  26.127384
 P Tensor eigenvectors:
                   0          1          2    
      0       0.589994   0.516888  -0.620269
      1       0.133214   0.695377   0.706190
      2       0.796342  -0.499276   0.341411
 P Eigenvalues: 
                  0          1          2    
      0      22.841288  30.868005  32.713681
P(iso)  28.807658
 Nucleus: 15 H 
 Shielding tensor (ppm): 
                  0          1          2    
      0      30.517846   0.756311  -3.775727
      1       0.622786  31.583976   0.220617
      2      -3.613525   1.625096  27.937055
 P Tensor eigenvectors:
                   0          1          2    
      0       0.572157  -0.082983   0.815935
      1      -0.164563  -0.986251   0.015091
      2       0.803464  -0.142907  -0.577947
 P Eigenvalues: 
                  0          1          2    
      0      25.109886  31.787534  33.141456
P(iso)  30.012959
 Nucleus: 16 H 
 Shielding tensor (ppm): 
                  0          1          2    
      0      30.196575   1.108496   3.820487
      1       0.903089  31.444162  -0.400187
      2       3.676420  -1.797185  28.389677
 P Tensor eigenvectors:
                   0          1          2    
      0      -0.606646  -0.076686   0.791265
      1       0.217214  -0.973451   0.072190
      2       0.764722   0.215668   0.607197
 P Eigenvalues: 
                  0          1          2    
      0      25.090766  31.782250  33.157398
P(iso)  30.010138
 Nucleus: 18 H 
 Shielding tensor (ppm): 
                  0          1          2    
      0      30.956506  -0.289183  -4.663197
      1      -0.100794  30.960579  -0.349153
      2      -4.387421  -1.076887  28.474033
 P Tensor eigenvectors:
                   0          1          2    
      0       0.602000  -0.131038  -0.787671
      1       0.107197   0.990776  -0.082898
      2       0.791268  -0.034531   0.610494
 P Eigenvalues: 
                  0          1          2    
      0      24.944938  31.016010  34.430169
P(iso)  30.130373
 Nucleus: 19 H 
 Shielding tensor (ppm): 
                  0          1          2    
      0      30.587628  -0.028935   4.769257
      1       0.175613  31.053379   0.193467
      2       4.475262   0.900862  28.751586
 P Tensor eigenvectors:
                   0          1          2    
      0      -0.633393  -0.128902  -0.763018
      1      -0.055562   0.991059  -0.121304
      2       0.771833  -0.034439  -0.634892
 P Eigenvalues: 
                  0          1          2    
      0      24.934119  31.027860  34.430615
P(iso)  30.130865
 Nucleus: 21 H 
 Shielding tensor (ppm): 
                  0          1          2    
      0      29.951197  -1.435118   3.970863
      1      -2.326052  30.900671  -2.522130
      2       3.334403  -2.114419  31.283037
 P Tensor eigenvectors:
                   0          1          2    
      0      -0.767628   0.323953   0.552993
      1       0.010105   0.868855  -0.494963
      2       0.640816   0.374360   0.670231
 P Eigenvalues: 
                  0          1          2    
      0      26.903838  29.173806  36.057261
P(iso)  30.711635
 Nucleus: 22 H 
 Shielding tensor (ppm): 
                  0          1          2    
      0      30.210593  -1.783367  -3.883539
      1      -2.641043  31.199461   2.436832
      2      -3.189303   2.067966  30.723470
 P Tensor eigenvectors:
                   0          1          2    
      0      -0.744602   0.338262  -0.575453
      1      -0.034077   0.841704   0.538863
      2      -0.666638  -0.420848   0.615208
 P Eigenvalues: 
                  0          1          2    
      0      26.918920  29.153442  36.061161
P(iso)  30.711175
 Nucleus: 24 H 
 Shielding tensor (ppm): 
                  0          1          2    
      0      28.289819  -1.508460   3.678662
      1      -0.897476  31.814896  -0.471167
      2       5.226958   0.658439  26.311689
 P Tensor eigenvectors:
                   0          1          2    
      0      -0.619296  -0.522594   0.585977
      1      -0.078876  -0.701132  -0.708655
      2       0.781186  -0.485087   0.392988
 P Eigenvalues: 
                  0          1          2    
      0      22.667124  30.996972  32.752307
P(iso)  28.805468
 Nucleus: 25 H 
 Shielding tensor (ppm): 
                  0          1          2    
      0      28.607055  -1.665744  -3.407933
      1      -1.168985  31.652316   0.206297
      2      -4.946714  -1.010221  26.080035
 P Tensor eigenvectors:
                   0          1          2    
      0       0.590796   0.533036  -0.605667
      1       0.120565   0.683929   0.719518
      2       0.797762  -0.498110   0.339796
 P Eigenvalues: 
                  0          1          2    
      0      22.826158  30.863211  32.650036
P(iso)  28.779802
 Nucleus: 27 H 
 Shielding tensor (ppm): 
                  0          1          2    
      0      30.207889   0.816947   4.036867
      1       0.584991  31.194778  -0.720572
      2       3.870298  -1.950089  28.066421
 P Tensor eigenvectors:
                   0          1          2    
      0      -0.588912  -0.245363   0.770051
      1       0.213638  -0.966171  -0.144470
      2       0.779449   0.079432   0.621409
 P Eigenvalues: 
                  0          1          2    
      0      24.701196  31.498825  33.269067
P(iso)  29.823029
 Nucleus: 28 H 
 Shielding tensor (ppm): 
                  0          1          2    
      0      30.459216   0.772885  -3.628756
      1       0.431562  31.230992   0.792155
      2      -3.697176   1.637623  27.684233
 P Tensor eigenvectors:
                   0          1          2    
      0       0.552116  -0.217869   0.804798
      1      -0.198857  -0.971809  -0.126659
      2       0.809706  -0.090109  -0.579877
 P Eigenvalues: 
                  0          1          2    
      0      24.871849  31.489525  33.013068
P(iso)  29.791481
 Nucleus: 30 H 
 Shielding tensor (ppm): 
                  0          1          2    
      0      28.459143   1.036589   3.119081
      1       0.034597  31.749025  -0.115695
      2       3.596546   1.175108  27.877993
 P Tensor eigenvectors:
                   0          1          2    
      0      -0.672706   0.564732   0.478063
      1      -0.001230  -0.646962   0.762521
      2       0.739909   0.512364   0.435910
 P Eigenvalues: 
                  0          1          2    
      0      24.798267  30.884209  32.403685
P(iso)  29.362054
 Nucleus: 31 H 
 Shielding tensor (ppm): 
                  0          1          2    
      0      28.758998   0.122233  -3.943479
      1      -0.328239  30.527960   0.121714
      2      -4.324217  -0.094140  27.880565
 P Tensor eigenvectors:
                   0          1          2    
      0       0.666187  -0.023091   0.745427
      1       0.010365  -0.999137  -0.040213
      2       0.745713   0.034516  -0.665373
 P Eigenvalues: 
                  0          1          2    
      0      24.162234  30.524749  32.480541
P(iso)  29.055841
 Nucleus: 33 H 
 Shielding tensor (ppm): 
                  0          1          2    
      0      24.466706   0.106579  -0.130145
      1       0.041461  33.041350   0.608095
      2       0.135794   0.488838  24.274351
 P Tensor eigenvectors:
                   0          1          2    
      0       0.010778  -0.999909  -0.008164
      1      -0.063291   0.007466  -0.997967
      2       0.997937   0.011272  -0.063205
 P Eigenvalues: 
                  0          1          2    
      0      24.240169  24.466083  33.076156
P(iso)  27.260802
 Nucleus: 35 H 
 Shielding tensor (ppm): 
                  0          1          2    
      0      28.546223   0.931502  -3.702875
      1       1.135495  30.320174  -0.198073
      2      -3.788969  -0.349517  28.622247
 P Tensor eigenvectors:
                   0          1          2    
      0       0.714971   0.188286   0.673324
      1      -0.101665  -0.924820   0.366567
      2       0.691723  -0.330538  -0.642078
 P Eigenvalues: 
                  0          1          2    
      0      24.784017  30.010717  32.693909
P(iso)  29.162881
 Nucleus: 36 H 
 Shielding tensor (ppm): 
                  0          1          2    
      0      28.411444  -1.184829   2.713001
      1      -0.449106  31.479471   0.671750
      2       3.175059  -0.241192  28.538956
 P Tensor eigenvectors:
                   0          1          2    
      0       0.713386   0.481838  -0.508834
      1       0.122463   0.629214   0.767524
      2      -0.689988   0.609854  -0.389865
 P Eigenvalues: 
                  0          1          2    
      0      25.440769  31.073585  31.915517
P(iso)  29.476624
 Nucleus: 38 H 
 Shielding tensor (ppm): 
                  0          1          2    
      0      30.498449  -0.206768   4.760206
      1      -0.497972  30.426524   0.351205
      2       4.188706  -0.146089  29.241512
 P Tensor eigenvectors:
                   0          1          2    
      0      -0.659340  -0.005228  -0.751827
      1      -0.065571   0.996565   0.050575
      2       0.748980   0.082645  -0.657418
 P Eigenvalues: 
                  0          1          2    
      0      25.333228  30.435131  34.398126
P(iso)  30.055495
 Nucleus: 39 H 
 Shielding tensor (ppm): 
                  0          1          2    
      0      30.589156   1.328381  -4.126597
      1       1.100143  30.306497  -0.288582
      2      -3.958879   0.777792  29.095342
 P Tensor eigenvectors:
                   0          1          2    
      0       0.642340  -0.032310  -0.765739
      1      -0.192675   0.960216  -0.202141
      2       0.741806   0.277382   0.610560
 P Eigenvalues: 
                  0          1          2    
      0      25.533510  30.341024  34.116460
P(iso)  29.996998
 Nucleus: 41 H 
 Shielding tensor (ppm): 
                  0          1          2    
      0      30.034172   0.894504   4.277389
      1       1.755134  30.182081   2.074265
      2       3.765647   1.534759  32.273106
 P Tensor eigenvectors:
                   0          1          2    
      0       0.796580   0.215241   0.564918
      1       0.010161  -0.939104   0.343484
      2      -0.604448   0.267872   0.750258
 P Eigenvalues: 
                  0          1          2    
      0      26.978829  29.345543  36.164987
P(iso)  30.829786
 Nucleus: 42 H 
 Shielding tensor (ppm): 
                  0          1          2    
      0      30.117661   2.602331  -3.450952
      1       3.104633  31.815188  -2.458574
      2      -2.584966  -1.870183  30.428731
 P Tensor eigenvectors:
                   0          1          2    
      0       0.789831  -0.246442  -0.561634
      1      -0.212207   0.749356  -0.627243
      2       0.575443   0.614599   0.539568
 P Eigenvalues: 
                  0          1          2    
      0      27.125834  29.055055  36.180691
P(iso)  30.787194
 Nucleus: 44 H 
 Shielding tensor (ppm): 
                  0          1          2    
      0      35.250144  -1.027819   0.325744
      1      -1.387566  25.871898  -0.092193
      2       0.325259  -0.090625  23.979376
 P Tensor eigenvectors:
                   0          1          2    
      0      -0.025520   0.123707  -0.991991
      1       0.031763   0.991913   0.122880
      2       0.999170  -0.028373  -0.029243
 P Eigenvalues: 
                  0          1          2    
      0      23.968182  25.720371  35.412866
P(iso)  28.367140
 Nucleus: 45 H 
 Shielding tensor (ppm): 
                  0          1          2    
      0      35.221583  -1.098197   0.311983
      1      -1.451558  25.904704  -0.088189
      2       0.334204  -0.064252  23.968335
 P Tensor eigenvectors:
                   0          1          2    
      0      -0.026056   0.130900  -0.991053
      1       0.022149   0.991222   0.130340
      2       0.999415  -0.018555  -0.028726
 P Eigenvalues: 
                  0          1          2    
      0      23.958195  25.734082  35.402346
P(iso)  28.364874
 Nucleus: 46 H 
 Shielding tensor (ppm): 
                  0          1          2    
      0      29.161132   2.228124  -0.014818
      1       3.482731  36.376786  -0.291329
      2      -0.058452  -0.313501  25.919769
 P Tensor eigenvectors:
                   0          1          2    
      0      -0.018550  -0.941221  -0.337282
      1       0.033940   0.336553  -0.941053
      2       0.999252  -0.028903   0.025702
 P Eigenvalues: 
                  0          1          2    
      0      25.910180  28.170584  37.376922
P(iso)  30.485895
 Nucleus: 47 H 
 Shielding tensor (ppm): 
                  0          1          2    
      0      29.294837  -2.106875  -0.365580
      1      -3.472270  35.735070   1.916524
      2      -0.627250   1.957499  26.625932
 P Tensor eigenvectors:
                   0          1          2    
      0      -0.031036   0.936549  -0.349159
      1      -0.208365   0.335590   0.918675
      2       0.977559   0.101264   0.184729
 P Eigenvalues: 
                  0          1          2    
      0      26.228931  28.276758  37.150148
P(iso)  30.551946
# -----------------------------------------------------------
$ EPRNMR_ATensor
   description: Hyperfine A tensor
   geom. index: 1
   prop. index: 1
 Number of stored nuclei 27
 Source density: 1 SCF 
 Spin multiplicity: 2 
 Nucleus: 9 H  
 Isotope: 1 
 Nuclear Spin:  0.5 
 Prefactor (MHz): 533.551395 
 Raw A tensor (MHz): 
                  0          1          2    
      0      -0.111033   0.003191  -0.001791
      1       0.003173   0.267966  -0.010404
      2      -0.001783  -0.010386  -0.116542
 A Tensor eigenvectors:
                   0          1          2    
      0      -0.964518   0.263878   0.008535
      1       0.015372   0.023855   0.999597
      2       0.263568   0.964261  -0.027065
 A Eigenvalues: 
                  0          1          2    
      0      -0.110597  -0.117287   0.268274
A(iso)  0.013464
 Nucleus: 10 H  
 Isotope: 1 
 Nuclear Spin:  0.5 
 Prefactor (MHz): 533.551395 
 Raw A tensor (MHz): 
                  0          1          2    
      0      -0.256731   0.859050   0.007119
      1       0.859169   0.869791   0.035601
      2       0.007206   0.035800  -0.748191
 A Tensor eigenvectors:
                   0          1          2    
      0       0.836289   0.273712  -0.475082
      1      -0.445542  -0.165749  -0.879784
      2      -0.319552   0.947422  -0.016663
 A Eigenvalues: 
                  0          1          2    
      0      -0.717166  -0.752370   1.334406
A(iso)  -0.045043
 Nucleus: 12 H  
 Isotope: 1 
 Nuclear Spin:  0.5 
 Prefactor (MHz): 533.551395 
 Raw A tensor (MHz): 
                  0          1          2    
      0      -0.018743   0.093038   0.008354
      1       0.093044   0.184266   0.021319
      2       0.008360   0.021328  -0.053668
 A Tensor eigenvectors:
                   0          1          2    
      0       0.925433   0.114243   0.361278
      1      -0.368006   0.043902   0.928786
      2       0.090246  -0.992482   0.082670
 A Eigenvalues: 
                  0          1          2    
      0      -0.054928  -0.055573   0.222357
A(iso)  0.037285
 Nucleus: 13 H  
 Isotope: 1 
 Nuclear Spin:  0.5 
 Prefactor (MHz): 533.551395 
 Raw A tensor (MHz): 
                  0          1          2    
      0      -0.022149   0.093720  -0.012254
      1       0.093734   0.180024  -0.026651
      2      -0.012242  -0.026621  -0.056713
 A Tensor eigenvectors:
                   0          1          2    
      0       0.714210   0.598010  -0.363715
      1      -0.349646  -0.145336  -0.925541
      2      -0.606344   0.788201   0.105291
 A Eigenvalues: 
                  0          1          2    
      0      -0.057638  -0.061088   0.219887
A(iso)  0.033721
 Nucleus: 15 H  
 Isotope: 1 
 Nuclear Spin:  0.5 
 Prefactor (MHz): 533.551395 
 Raw A tensor (MHz): 
                  0          1          2    
      0      -0.068590   0.025710   0.001060
      1       0.025705   0.139648   0.013789
      2       0.001064   0.013792  -0.071143
 A Tensor eigenvectors:
                   0          1          2    
      0      -0.789284  -0.602125  -0.120316
      1       0.056243   0.124227  -0.990659
      2       0.611447  -0.788678  -0.064185
 A Eigenvalues: 
                  0          1          2    
      0      -0.071245  -0.072504   0.143664
A(iso)  -0.000028
 Nucleus: 16 H  
 Isotope: 1 
 Nuclear Spin:  0.5 
 Prefactor (MHz): 533.551395 
 Raw A tensor (MHz): 
                  0          1          2    
      0      -0.069443   0.026133  -0.003325
      1       0.026136   0.137768  -0.023338
      2      -0.003320  -0.023319  -0.070463
 A Tensor eigenvectors:
                   0          1          2    
      0       0.822681   0.555105  -0.122700
      1      -0.162773   0.023202  -0.986391
      2      -0.544703   0.831457   0.109444
 A Eigenvalues: 
                  0          1          2    
      0      -0.072414  -0.073330   0.143607
A(iso)  -0.000712
 Nucleus: 18 H  
 Isotope: 1 
 Nuclear Spin:  0.5 
 Prefactor (MHz): 533.551395 
 Raw A tensor (MHz): 
                  0          1          2    
      0      -0.034409   0.039898  -0.004145
      1       0.039905   0.080523  -0.012257
      2      -0.004141  -0.012244  -0.045709
 A Tensor eigenvectors:
                   0          1          2    
      0       0.653874   0.695565  -0.297721
      1      -0.273228  -0.149862  -0.950204
      2      -0.705546   0.702660   0.092057
 A Eigenvalues: 
                  0          1          2    
      0      -0.046612  -0.047195   0.094212
A(iso)  0.000135
 Nucleus: 19 H  
 Isotope: 1 
 Nuclear Spin:  0.5 
 Prefactor (MHz): 533.551395 
 Raw A tensor (MHz): 
                  0          1          2    
      0      -0.034316   0.039610   0.002171
      1       0.039613   0.081321   0.007692
      2       0.002173   0.007697  -0.046081
 A Tensor eigenvectors:
                   0          1          2    
      0      -0.647856   0.702212   0.295264
      1       0.156065  -0.257032   0.953718
      2       0.745605   0.663952   0.056929
 A Eigenvalues: 
                  0          1          2    
      0      -0.046358  -0.046763   0.094044
A(iso)  0.000308
 Nucleus: 21 H  
 Isotope: 1 
 Nuclear Spin:  0.5 
 Prefactor (MHz): 533.551395 
 Raw A tensor (MHz): 
                  0          1          2    
      0      -0.035243   0.012346  -0.001334
      1       0.012348   0.071306  -0.010155
      2      -0.001332  -0.010147  -0.035706
 A Tensor eigenvectors:
                   0          1          2    
      0       0.703984   0.701125  -0.113268
      1      -0.146109  -0.013099  -0.989182
      2      -0.695024   0.712918   0.093219
 A Eigenvalues: 
                  0          1          2    
      0      -0.036489  -0.036830   0.073676
A(iso)  0.000119
 Nucleus: 22 H  
 Isotope: 1 
 Nuclear Spin:  0.5 
 Prefactor (MHz): 533.551395 
 Raw A tensor (MHz): 
                  0          1          2    
      0      -0.035225   0.012191   0.000382
      1       0.012190   0.071801   0.004916
      2       0.000384   0.004917  -0.036392
 A Tensor eigenvectors:
                   0          1          2    
      0      -0.724120   0.680588   0.111580
      1       0.050322  -0.109216   0.992743
      2       0.687836   0.724480   0.044837
 A Eigenvalues: 
                  0          1          2    
      0      -0.036436  -0.036773   0.073394
A(iso)  0.000061
 Nucleus: 24 H  
 Isotope: 1 
 Nuclear Spin:  0.5 
 Prefactor (MHz): 533.551395 
 Raw A tensor (MHz): 
                  0          1          2    
      0      -0.088403  -0.786533   0.215623
      1      -0.786702   2.349476  -0.716454
      2       0.215762  -0.716139  -0.150398
 A Tensor eigenvectors:
                   0          1          2    
      0       0.928572  -0.250220   0.274124
      1       0.322819   0.180048  -0.929177
      2       0.183143   0.951301   0.247963
 A Eigenvalues: 
                  0          1          2    
      0      -0.319356  -0.342659   2.772690
A(iso)  0.703558
 Nucleus: 25 H  
 Isotope: 1 
 Nuclear Spin:  0.5 
 Prefactor (MHz): 533.551395 
 Raw A tensor (MHz): 
                  0          1          2    
      0      -0.060156  -0.544463  -0.330315
      1      -0.544979   2.971850   0.319123
      2      -0.330408   0.319119  -0.088323
 A Tensor eigenvectors:
                   0          1          2    
      0      -0.664699   0.725139  -0.179856
      1      -0.207652   0.051937   0.976823
      2       0.717674   0.686641   0.116055
 A Eigenvalues: 
                  0          1          2    
      0       0.125777  -0.412507   3.110101
A(iso)  0.941124
 Nucleus: 27 H  
 Isotope: 1 
 Nuclear Spin:  0.5 
 Prefactor (MHz): 533.551395 
 Raw A tensor (MHz): 
                  0          1          2    
      0      -3.679287   2.475820   0.855919
      1       2.475373   1.893434   2.363545
      2       0.856057   2.363007  -3.572510
 A Tensor eigenvectors:
                   0          1          2    
      0      -0.334345  -0.297636  -0.894218
      1      -0.884079  -0.229681   0.407002
      2      -0.326523   0.926639  -0.186342
 A Eigenvalues: 
                  0          1          2    
      0       3.702548  -4.433275  -4.627636
A(iso)  -1.786121
 Nucleus: 28 H  
 Isotope: 1 
 Nuclear Spin:  0.5 
 Prefactor (MHz): 533.551395 
 Raw A tensor (MHz): 
                  0          1          2    
      0      -4.103338   2.608658  -1.414251
      1       2.609113   2.898361  -2.198363
      2      -1.413434  -2.196148  -4.829687
 A Tensor eigenvectors:
                   0          1          2    
      0      -0.321570   0.743558   0.586271
      1      -0.909158  -0.415489   0.028285
      2       0.264620  -0.523918   0.809621
 A Eigenvalues: 
                  0          1          2    
      0       4.456502  -4.561026  -5.930140
A(iso)  -2.011555
 Nucleus: 30 H  
 Isotope: 1 
 Nuclear Spin:  0.5 
 Prefactor (MHz): 533.551395 
 Raw A tensor (MHz): 
                  0          1          2    
      0      50.993074  -5.864221   3.061537
      1      -5.860779  50.039621  -3.205881
      2       3.059448  -3.207481  45.678901
 A Tensor eigenvectors:
                   0          1          2    
      0       0.027185   0.726158  -0.686990
      1       0.487972   0.590158   0.643115
      2       0.872436  -0.352715  -0.338302
 A Eigenvalues: 
                  0          1          2    
      0      43.980499  44.742389  57.988707
A(iso)  48.903865
 Nucleus: 31 H  
 Isotope: 1 
 Nuclear Spin:  0.5 
 Prefactor (MHz): 533.551395 
 Raw A tensor (MHz): 
                  0          1          2    
      0     133.872481  -5.466298  -2.775942
      1      -5.465864 135.844819   1.652642
      2      -2.773761   1.651534 130.033641
 A Tensor eigenvectors:
                   0          1          2    
      0      -0.642539   0.426703   0.636450
      1      -0.308517   0.616235  -0.724618
      2      -0.701399  -0.661951  -0.264310
 A Eigenvalues: 
                  0          1          2    
      0     128.218408 130.284483 141.248050
A(iso)  133.250314
 Nucleus: 33 H  
 Isotope: 1 
 Nuclear Spin:  0.5 
 Prefactor (MHz): 533.551395 
 Raw A tensor (MHz): 
                  0          1          2    
      0     -29.841199  -0.996035  16.591264
      1      -0.995204 -95.736716  -3.879311
      2      16.589574  -3.879727 -50.846230
 A Tensor eigenvectors:
                   0          1          2    
      0      -0.874133  -0.485635  -0.007074
      1       0.036596  -0.080382   0.996092
      2      -0.484306   0.870458   0.088037
 A Eigenvalues: 
                  0          1          2    
      0     -20.607976 -59.743629 -96.072540
A(iso)  -58.808048
 Nucleus: 35 H  
 Isotope: 1 
 Nuclear Spin:  0.5 
 Prefactor (MHz): 533.551395 
 Raw A tensor (MHz): 
                  0          1          2    
      0     134.493826   5.822765  -1.778390
      1       5.821745 137.270945  -0.615064
      2      -1.776541  -0.614055 130.523719
 A Tensor eigenvectors:
                   0          1          2    
      0      -0.656231   0.426063  -0.622761
      1       0.419109  -0.480500  -0.770368
      2      -0.627462  -0.766544   0.136752
 A Eigenvalues: 
                  0          1          2    
      0     129.075401 131.126622 142.086466
A(iso)  134.096163
 Nucleus: 36 H  
 Isotope: 1 
 Nuclear Spin:  0.5 
 Prefactor (MHz): 533.551395 
 Raw A tensor (MHz): 
                  0          1          2    
      0      49.985219   5.232926   3.983686
      1       5.229508  48.001898   3.786812
      2       3.980953   3.788640  45.977567
 A Tensor eigenvectors:
                   0          1          2    
      0      -0.019458   0.731212  -0.681873
      1       0.621758  -0.525237  -0.580985
      2      -0.782968  -0.435265  -0.444416
 A Eigenvalues: 
                  0          1          2    
      0      43.068567  43.857571  57.038546
A(iso)  47.988228
 Nucleus: 38 H  
 Isotope: 1 
 Nuclear Spin:  0.5 
 Prefactor (MHz): 533.551395 
 Raw A tensor (MHz): 
                  0          1          2    
      0      -3.598220  -2.696696   0.424015
      1      -2.696130   2.419045  -1.239091
      2       0.424240  -1.238727  -4.257894
 A Tensor eigenvectors:
                   0          1          2    
      0       0.351671  -0.302920  -0.885758
      1      -0.921833   0.052637  -0.383995
      2       0.162943   0.951561  -0.260731
 A Eigenvalues: 
                  0          1          2    
      0       3.666648  -4.461489  -4.642228
A(iso)  -1.812356
 Nucleus: 39 H  
 Isotope: 1 
 Nuclear Spin:  0.5 
 Prefactor (MHz): 533.551395 
 Raw A tensor (MHz): 
                  0          1          2    
      0      -4.082922  -2.388198  -1.921136
