-------------------------------------------------------------
----------------------- !PROPERTIES! ------------------------
-------------------------------------------------------------
# -----------------------------------------------------------
$ PAL_Flags
   description: The PAL Flags
   geom. index: 1
   prop. index: 1
        Diskflag:     2
# -----------------------------------------------------------
$ SCF_Energy
   description: The SCF energy
   geom. index: 1
   prop. index: 1
        SCF Energy:     -815.8822851567
# -----------------------------------------------------------
$ DFT_Energy
   description: The DFT energy
   geom. index: 1
   prop. index: 1
   Number of Alpha Electrons                 77.0001068555 
   Number of Beta  Electrons                 76.0000872047 
   Total number of  Electrons               153.0001940601 
   Exchange energy                          -93.7613356004 
   Correlation energy                        -5.8995615099 
   Correlation energy NL                      0.0000000000 
   Exchange-Correlation energy              -99.6608971103 
   Embedding correction                       0.0000000000 
   Total DFT Energy (No VdW correction)    -815.8822851567 
# -----------------------------------------------------------
$ Mayer_Pop
   description: The Mayer population analysis
   geom. index: 1
   prop. index: 1
     Number of atoms                     : 48
     Threshold for printing              : 0.1000000
     Number of bond orders printed       : 50
  NA   - Mulliken gross atomic population
  ZA   - Total nuclear charge
  QA   - Mulliken gross atomic charge
  VA   - Mayer's total valence
  BVA  - Mayer's bonded valence
  FA   - Mayer's free valence
  ATOM       NA         ZA         QA         VA         BVA        FA
  0   0     6.5381     6.0000    -0.5381     3.8880     3.8880     0.0000
  1   0     6.0045     6.0000    -0.0045     3.8125     3.8125     0.0000
  2   0     6.0040     6.0000    -0.0040     3.8157     3.8157     0.0000
  3   0     5.6100     6.0000     0.3900     3.9376     3.9376     0.0000
  4   0     5.6745     6.0000     0.3255     3.8378     3.8378     0.0000
  5   0     6.4138     6.0000    -0.4138     4.2973     4.2973     0.0000
  6   0     5.6102     6.0000     0.3898     3.9445     3.9445     0.0000
  7   0     5.6718     6.0000     0.3282     3.8134     3.8134     0.0000
  8   0     6.4159     6.0000    -0.4159     4.3017     4.3017     0.0000
  9   0     0.8641     1.0000     0.1359     0.9655     0.9655     0.0000
 10   0     0.8637     1.0000     0.1363     0.9656     0.9656     0.0000
 11   0     6.3906     6.0000    -0.3906     4.0538     4.0538     0.0000
 12   0     0.8439     1.0000     0.1561     0.9620     0.9620     0.0000
 13   0     0.8440     1.0000     0.1560     0.9621     0.9621     0.0000
 14   0     6.2686     6.0000    -0.2686     4.0136     4.0136     0.0000
 15   0     0.8578     1.0000     0.1422     0.9661     0.9661     0.0000
 16   0     0.8580     1.0000     0.1420     0.9662     0.9662     0.0000
 17   0     6.2637     6.0000    -0.2637     3.8881     3.8881    -0.0000
 18   0     0.8547     1.0000     0.1453     0.9668     0.9668     0.0000
 19   0     0.8548     1.0000     0.1452     0.9668     0.9668     0.0000
 20   0     6.5112     6.0000    -0.5112     3.8999     3.8999     0.0000
 21   0     0.8401     1.0000     0.1599     0.9652     0.9652     0.0000
 22   0     0.8400     1.0000     0.1600     0.9652     0.9652     0.0000
 23   0     6.3957     6.0000    -0.3957     4.0596     4.0596     0.0000
 24   0     0.8434     1.0000     0.1566     0.9623     0.9623     0.0000
 25   0     0.8445     1.0000     0.1555     0.9635     0.9635     0.0000
 26   0     6.2962     6.0000    -0.2962     4.0029     4.0028     0.0001
 27   0     0.8527     1.0000     0.1473     0.9669     0.9669     0.0000
 28   0     0.8415     1.0000     0.1585     0.9616     0.9616     0.0000
 29   0     6.2754     6.0000    -0.2754     3.9260     3.9237     0.0023
 30   0     0.8514     1.0000     0.1486     0.9682     0.9678     0.0004
 31   0     0.8519     1.0000     0.1481     0.9652     0.9623     0.0029
 32   0     6.1360     6.0000    -0.1360     3.8435     3.0508     0.7927
 33   0     0.8850     1.0000     0.1150     0.9811     0.9781     0.0030
 34   0     6.2838     6.0000    -0.2838     3.9500     3.9475     0.0025
 35   0     0.8514     1.0000     0.1486     0.9642     0.9612     0.0030
 36   0     0.8543     1.0000     0.1457     0.9689     0.9685     0.0004
 37   0     6.2783     6.0000    -0.2783     3.8995     3.8994     0.0001
 38   0     0.8518     1.0000     0.1482     0.9666     0.9666     0.0000
 39   0     0.8412     1.0000     0.1588     0.9621     0.9621     0.0000
 40   0     6.5106     6.0000    -0.5106     3.8928     3.8928     0.0000
 41   0     0.8396     1.0000     0.1604     0.9646     0.9646     0.0000
 42   0     0.8410     1.0000     0.1590     0.9654     0.9654     0.0000
 43   0     6.5372     6.0000    -0.5372     3.8884     3.8884     0.0000
 44   0     0.8157     1.0000     0.1843     0.9771     0.9771     0.0000
 45   0     0.8158     1.0000     0.1842     0.9771     0.9771     0.0000
 46   0     0.8551     1.0000     0.1449     0.9667     0.9667     0.0000
 47   0     0.8523     1.0000     0.1477     0.9664     0.9664     0.0000
      Bond orders larger than 0.1000000
           Atom A     A.N. of A          Atom B    A.N. of B              Bond order
                0             6               1            6                2.706397
                0             6              44            1                0.983238
                1             6               3            6                0.909785
                2             6               6            6                0.914382
                2             6              43            6                2.703999
                3             6               4            6                1.368886
                3             6               5            6                0.113492
                3             6               8            6                1.416077
                4             6               5            6                1.438414
                4             6              11            6                0.944235
                5             6               6            6                1.422021
                5             6               9            1                0.970102
                6             6               7            6                1.358163
                6             6               8            6                0.113887
                7             6               8            6                1.440655
                7             6              23            6                0.938480
                8             6              10            1                0.970475
               11             6              12            1                0.960394
               11             6              13            1                0.960524
               11             6              14            6                1.019810
               14             6              15            1                0.961478
               14             6              16            1                0.961277
               14             6              17            6                0.985733
               17             6              18            1                0.971850
               17             6              19            1                0.971636
               17             6              20            6                0.954192
               20             6              21            1                0.972832
               20             6              22            1                0.972931
               20             6              46            1                0.967782
               23             6              24            1                0.959494
               23             6              25            1                0.961934
               23             6              26            6                1.014458
               26             6              27            1                0.964620
               26             6              28            1                0.957371
               26             6              29            6                0.972932
               29             6              30            1                0.969734
               29             6              31            1                0.957695
               29             6              32            6                0.972836
               32             6              33            1                1.006912
               32             6              34            6                0.976178
               34             6              35            1                0.957441
               34             6              36            1                0.974432
               34             6              37            6                0.981309
               37             6              38            1                0.976763
               37             6              39            1                0.972362
               37             6              40            6                0.957498
               40             6              41            1                0.971269
               40             6              42            1                0.973070
               40             6              47            1                0.968746
               43             6              45            1                0.983145
# -----------------------------------------------------------
$ Calculation_Info
   description: Details of the calculation
   geom. index: 1
   prop. index: 1
     Multiplicity:                          2
     Charge:                                0
     number of atoms:                       48
     number of electrons:                   0
     number of frozen core electrons:       1
     number of correlated electrons:        0
     number of basis functions:             546
     number of aux C basis functions:       3756
     number of aux J basis functions:       3756
     number of aux JK basis functions:      3756
     number of aux CABS basis functions:    0
     Total Energy                           -815.882285
# -----------------------------------------------------------
$ SCF_Electric_Properties
   description: The SCF Calculated Electric Properties
   geom. index: 1
   prop. index: 1
       Filename                          : EPRII.scfp 
       Do Dipole Moment Calculation      : true 
       Do Quadrupole Moment Calculation  : false 
       Do Polarizability Calculation     : false 
** Dipole moment part of electric properties **
        Magnitude of dipole moment (Debye) :        0.1767377567
        Electronic Contribution:
                  0    
      0      -2.222870
      1     -13.913918
      2      -1.651033
        Nuclear Contribution:
                  0    
      0       2.275860
      1      13.932122
      2       1.609856
        Total Dipole moment:
                  0    
      0       0.052990
      1       0.018203
      2      -0.041176
# -----------------------------------------------------------
$ EPRNMR_GTensor
   description: Electronic g tensor
   geom. index: 1
   prop. index: 1
 Source density: 1 SCF 
 Spin multiplicity: 2 
 raw g tensor: 
                  0          1          2    
      0       2.002831  -0.000131   0.000209
      1       0.000021   2.002814   0.000047
      2       0.000214   0.000089   2.002367
 g tensor: 
                  0          1          2    
      0      -0.363041   0.200887  -0.909860
      1      -0.152362   0.950541   0.270662
      2       0.919232   0.236890  -0.314478
 G eigenvalues: 
                  0          1          2    
      0       2.002273   2.002819   2.002920
# -----------------------------------------------------------
$ EPRNMR_OrbitalShielding
   description: Orbital contribution to the NMR Shielding tensor (ppm)
   geom. index: 1
   prop. index: 1
 Number of stored nuclei 27
 Source density: 1 SCF 
 Nucleus: 9 H 
 Shielding tensor (ppm): 
                  0          1          2    
      0     -22.285635 108.709690   2.398684
      1     -212.601206  67.762143 -15.615428
      2      -3.062836  14.067092  32.991532
 P Tensor eigenvectors:
                   0          1          2    
      0      -0.105195  -0.405178   0.908165
      1      -0.092773  -0.905251  -0.414624
      2       0.990115  -0.127869   0.057639
 P Eigenvalues: 
                  0          1          2    
      0      31.876586  14.090716  32.500738
P(iso)  26.156013
 Nucleus: 10 H 
 Shielding tensor (ppm): 
                  0          1          2    
      0     100.320763 -90.741285  -3.224658
      1      31.932732  57.777153  10.595679
      2       8.781970 -14.187775 113.526074
 P Tensor eigenvectors:
                   0          1          2    
      0       0.722885  -0.115431   0.681259
      1       0.690429   0.159628  -0.705568
      2      -0.027303   0.980405   0.195089
 P Eigenvalues: 
                  0          1          2    
      0      50.657049 111.822113 109.144829
P(iso)  90.541330
 Nucleus: 12 H 
 Shielding tensor (ppm): 
                  0          1          2    
      0      49.291166 -201.098117 159.100044
      1     304.134905  18.455495 353.876390
      2     -104.482224 -257.464191  47.600808
 P Tensor eigenvectors:
                   0          1          2    
      0      -0.709555   0.355065   0.608655
      1       0.363330   0.924446  -0.115723
      2       0.603758  -0.139031   0.784950
 P Eigenvalues: 
                  0          1          2    
      0      15.792353  41.639226  57.915890
P(iso)  38.449156
 Nucleus: 13 H 
 Shielding tensor (ppm): 
                  0          1          2    
      0      59.389218 -226.108427 -158.174871
      1     328.887486  17.657244 -340.557065
      2     103.239201 254.512301  52.792475
 P Tensor eigenvectors:
                   0          1          2    
      0      -0.673102   0.360002  -0.646012
      1       0.351442   0.924293   0.148900
      2      -0.650709   0.126811   0.748664
 P Eigenvalues: 
                  0          1          2    
      0      22.744395  45.237031  61.857511
P(iso)  43.279646
 Nucleus: 15 H 
 Shielding tensor (ppm): 
                  0          1          2    
      0      28.475689 300.512272  85.986793
      1     -402.382865  72.935051 443.837466
      2     -67.920931 -321.166469  79.601148
 P Tensor eigenvectors:
                   0          1          2    
      0       0.737964   0.175305   0.651673
      1      -0.115086   0.984217  -0.134436
      2       0.664954  -0.024210  -0.746491
 P Eigenvalues: 
                  0          1          2    
      0      59.799706  50.996489  70.215692
P(iso)  60.337296
 Nucleus: 16 H 
 Shielding tensor (ppm): 
                  0          1          2    
      0      37.195060 279.767948 -97.590288
      1     -378.678365  69.690256 -465.344924
      2      78.443690 342.951694  89.683932
 P Tensor eigenvectors:
                   0          1          2    
      0      -0.772085   0.161483   0.614661
      1       0.134685   0.986787  -0.090067
      2       0.621084  -0.013247   0.783632
 P Eigenvalues: 
                  0          1          2    
      0      67.260450  54.725948  74.582849
P(iso)  65.523082
 Nucleus: 18 H 
 Shielding tensor (ppm): 
                  0          1          2    
      0      33.375814 -349.641250 -146.130683
      1     486.204913   1.376809 -514.096175
      2      92.581673 376.096738   5.653445
 P Tensor eigenvectors:
                   0          1          2    
      0       0.713653   0.205214   0.669766
      1      -0.198288   0.976201  -0.087823
      2       0.671849   0.070132  -0.737360
 P Eigenvalues: 
                  0          1          2    
      0      -7.011408  19.884685  27.532791
P(iso)  13.468689
 Nucleus: 19 H 
 Shielding tensor (ppm): 
                  0          1          2    
      0      23.954693 -322.978312 158.185910
      1     459.197236   6.687244 523.412800
      2     -106.937200 -379.839343  -4.884675
 P Tensor eigenvectors:
                   0          1          2    
      0       0.736946   0.199244  -0.645920
      1      -0.224064   0.973550   0.044667
      2      -0.637735  -0.111810  -0.762097
 P Eigenvalues: 
                  0          1          2    
      0     -14.704210  16.880908  23.580565
P(iso)  8.585754
 Nucleus: 21 H 
 Shielding tensor (ppm): 
                  0          1          2    
      0     -21.253151 375.820157 -102.023082
      1     -479.088944  52.416625 -586.583450
      2      77.278053 426.238312  14.801357
 P Tensor eigenvectors:
                   0          1          2    
      0      -0.763800   0.208138   0.610973
      1       0.121818   0.976054  -0.180219
      2       0.633853   0.063224   0.770865
 P Eigenvalues: 
                  0          1          2    
      0       3.533283  17.874809  24.556740
P(iso)  15.321611
 Nucleus: 22 H 
 Shielding tensor (ppm): 
                  0          1          2    
      0     -29.372534 396.291789  80.847138
      1     -502.434969  59.614805 554.556041
      2     -54.030500 -402.518666   1.321165
 P Tensor eigenvectors:
                   0          1          2    
      0       0.732880   0.221218   0.643389
      1      -0.089892   0.968857  -0.230728
      2       0.674393  -0.111261  -0.729942
 P Eigenvalues: 
                  0          1          2    
      0      -3.663851  14.739937  20.487350
P(iso)  10.521145
 Nucleus: 24 H 
 Shielding tensor (ppm): 
                  0          1          2    
      0     103.862418 -48.821499 129.474408
      1      75.223017  32.633717  94.224597
      2     -86.814556 -68.946380  87.326444
 P Tensor eigenvectors:
                   0          1          2    
      0      -0.370311   0.764654   0.527423
      1       0.836324   0.521553  -0.168949
      2       0.404267  -0.378533   0.832635
 P Eigenvalues: 
                  0          1          2    
      0      45.323446  75.308387 103.190747
P(iso)  74.607526
 Nucleus: 25 H 
 Shielding tensor (ppm): 
                  0          1          2    
      0      97.554617 -58.082147 -110.287730
      1      81.848588  25.343326 -89.256087
      2      65.215140  66.925069  86.062261
 P Tensor eigenvectors:
                   0          1          2    
      0      -0.362853   0.762535  -0.535610
      1       0.794700   0.553376   0.249452
      2      -0.486610   0.335134   0.806781
 P Eigenvalues: 
                  0          1          2    
      0      43.052377  68.519840  97.387987
P(iso)  69.653401
 Nucleus: 27 H 
 Shielding tensor (ppm): 
                  0          1          2    
      0      91.459402 122.191527 -63.754469
      1     -188.036600  59.968071 -215.296776
      2      63.504926 153.293713 120.910754
 P Tensor eigenvectors:
                   0          1          2    
      0      -0.753670   0.163317   0.636639
      1       0.273008   0.958909   0.077204
      2       0.597870  -0.231994   0.767288
 P Eigenvalues: 
                  0          1          2    
      0     103.179835  67.578946 101.579447
P(iso)  90.779409
 Nucleus: 28 H 
 Shielding tensor (ppm): 
                  0          1          2    
      0      99.668361 133.957097  47.089628
      1     -201.019117  68.992349 207.697799
      2     -30.928536 -153.221906 120.414012
 P Tensor eigenvectors:
                   0          1          2    
      0      -0.737000   0.088992  -0.670009
      1       0.141232   0.989688  -0.023901
      2      -0.660973   0.112242   0.741968
 P Eigenvalues: 
                  0          1          2    
      0     117.887602  70.189558 100.997562
P(iso)  96.358241
 Nucleus: 30 H 
 Shielding tensor (ppm): 
                  0          1          2    
      0      96.455769 -210.356424 134.733688
      1     289.957111  16.006880 312.179514
      2     -91.372027 -227.728587  66.224291
 P Tensor eigenvectors:
                   0          1          2    
      0      -0.676222   0.375363   0.633898
      1       0.312571   0.925357  -0.214509
      2       0.667101  -0.053083   0.743074
 P Eigenvalues: 
                  0          1          2    
      0      56.365759  50.119999  72.201182
P(iso)  59.562313
 Nucleus: 31 H 
 Shielding tensor (ppm): 
                  0          1          2    
      0      88.926030 -222.831946 -108.738827
      1     298.180288   6.523700 -308.107104
      2      68.104684 226.539595  64.632572
 P Tensor eigenvectors:
                   0          1          2    
      0      -0.678008   0.353067  -0.644708
      1       0.243862   0.935457   0.255835
      2      -0.693423  -0.016238   0.720347
 P Eigenvalues: 
                  0          1          2    
      0      54.575388  43.169012  62.337902
P(iso)  53.360767
 Nucleus: 33 H 
 Shielding tensor (ppm): 
                  0          1          2    
      0      59.826506 348.024651 -64.732606
      1     -509.011886  65.327002 -280.718726
      2      55.588211 187.752134  95.537493
 P Tensor eigenvectors:
                   0          1          2    
      0      -0.484263  -0.121559   0.866437
      1       0.123896  -0.989849  -0.069626
      2       0.866105   0.073631   0.494409
 P Eigenvalues: 
                  0          1          2    
      0      90.217496  52.896309  77.577196
P(iso)  73.563667
 Nucleus: 35 H 
 Shielding tensor (ppm): 
                  0          1          2    
      0       7.776833 -327.275942 -122.198175
      1     477.532480   8.863138 -499.264091
      2      74.363471 362.846074 -15.007842
 P Tensor eigenvectors:
                   0          1          2    
      0      -0.717933   0.131833  -0.683514
      1       0.171833   0.985080   0.009512
      2      -0.674570   0.110622   0.729875
 P Eigenvalues: 
                  0          1          2    
      0     -28.448989  12.502098  17.579020
P(iso)  0.544043
 Nucleus: 36 H 
 Shielding tensor (ppm): 
                  0          1          2    
      0      72.696309 -351.629162 111.278263
      1     481.036678   7.583044 527.091753
      2     -75.741082 -388.948128  49.941716
 P Tensor eigenvectors:
                   0          1          2    
      0       0.724751   0.207062  -0.657161
      1      -0.154178   0.978327   0.138221
      2      -0.671539  -0.001144  -0.740968
 P Eigenvalues: 
                  0          1          2    
      0      43.433919  36.426463  50.360687
P(iso)  43.407023
 Nucleus: 38 H 
 Shielding tensor (ppm): 
                  0          1          2    
      0       1.367589 434.776812 -38.681565
      1     -572.559466  56.778562 -598.643633
      2      22.840112 431.123782  20.267321
 P Tensor eigenvectors:
                   0          1          2    
      0      -0.721309  -0.123964   0.681429
      1       0.034896  -0.989108  -0.142998
      2       0.691734  -0.079367   0.717778
 P Eigenvalues: 
                  0          1          2    
      0      17.807035  25.496532  35.109904
P(iso)  26.137824
 Nucleus: 39 H 
 Shielding tensor (ppm): 
                  0          1          2    
      0      67.555104 439.655838  72.819954
      1     -589.938191  45.838999 581.493647
      2     -70.492956 -433.992940  93.846710
 P Tensor eigenvectors:
                   0          1          2    
      0       0.702229  -0.042510   0.710681
      1      -0.095498  -0.994819   0.034857
      2       0.705518  -0.092346  -0.702650
 P Eigenvalues: 
                  0          1          2    
      0      81.736925  53.491991  72.011897
P(iso)  69.080271
 Nucleus: 41 H 
 Shielding tensor (ppm): 
                  0          1          2    
      0      -2.220918 -338.338595  80.569018
      1     470.802128   2.478050 705.463815
      2     -49.152206 -518.367692  -6.054890
 P Tensor eigenvectors:
                   0          1          2    
      0      -0.829460   0.081967   0.552519
      1       0.091557   0.995747  -0.010273
      2       0.551011  -0.042066   0.833437
 P Eigenvalues: 
                  0          1          2    
      0     -18.325231   5.297732   7.229742
P(iso)  -1.932586
 Nucleus: 42 H 
 Shielding tensor (ppm): 
                  0          1          2    
      0     -59.793530 -319.255379 -110.142917
      1     475.334348  24.429251 -569.716177
      2      93.215895 421.152448 -85.474498
 P Tensor eigenvectors:
                   0          1          2    
      0       0.771429  -0.008726  -0.636255
      1      -0.164177  -0.968780  -0.185770
      2       0.614770  -0.247767   0.748778
 P Eigenvalues: 
                  0          1          2    
      0     -80.029829 -16.701220 -24.107727
P(iso)  -40.279592
 Nucleus: 44 H 
 Shielding tensor (ppm): 
                  0          1          2    
      0      57.909491 -145.945997  -0.428022
      1     184.959873 -116.975504   5.954855
      2      11.821494  -4.624623 -93.888528
 P Tensor eigenvectors:
                   0          1          2    
      0       0.689684  -0.044548  -0.722739
      1       0.721418  -0.043729   0.691118
      2       0.062392   0.998050  -0.001978
 P Eigenvalues: 
                  0          1          2    
      0     -13.737673 -94.120052 -45.096816
P(iso)  -50.984847
 Nucleus: 45 H 
 Shielding tensor (ppm): 
                  0          1          2    
      0      49.390618  70.358842  10.411547
      1     -151.137532 -98.217938  -4.397322
      2      -6.219408   3.404784 -84.824881
 P Tensor eigenvectors:
                   0          1          2    
      0       0.600856   0.016973   0.799177
      1      -0.797746   0.076187   0.598162
      2      -0.050734  -0.996949   0.059317
 P Eigenvalues: 
                  0          1          2    
      0      -6.340929 -84.963958 -42.347315
P(iso)  -44.550734
 Nucleus: 46 H 
 Shielding tensor (ppm): 
                  0          1          2    
      0     -142.556525 -158.367439   1.235776
      1     298.147407  24.971097 -17.455448
      2      -4.207809   6.634318 -165.155870
 P Tensor eigenvectors:
                   0          1          2    
      0       0.305611   0.057445  -0.950422
      1      -0.951977  -0.000932  -0.306167
      2      -0.018473   0.998348   0.054401
 P Eigenvalues: 
                  0          1          2    
      0     -31.580874 -165.248990 -85.911433
P(iso)  -94.247099
 Nucleus: 47 H 
 Shielding tensor (ppm): 
                  0          1          2    
      0     -158.764404 445.761211  47.094810
      1     -543.881034  52.470843 127.854656
      2     -49.799285 -72.038955 -146.766263
 P Tensor eigenvectors:
                   0          1          2    
      0       0.193342  -0.487778   0.851288
      1      -0.102197  -0.872952  -0.476980
      2       0.975794   0.005221  -0.218628
 P Eigenvalues: 
                  0          1          2    
      0     -149.271497 -39.820791 -63.967536
P(iso)  -84.353274
# -----------------------------------------------------------
$ EPRNMR_ATensor
   description: Hyperfine A tensor
   geom. index: 1
   prop. index: 1
 Number of stored nuclei 27
 Source density: 1 SCF 
 Spin multiplicity: 2 
 Nucleus: 9 H  
 Isotope: 1 
 Nuclear Spin:  0.5 
 Prefactor (MHz): 533.551395 
 Raw A tensor (MHz): 
                  0          1          2    
      0      -0.108769   0.003386  -0.001799
      1       0.003370   0.268049  -0.010677
      2      -0.001791  -0.010658  -0.114345
 A Tensor eigenvectors:
                   0          1          2    
      0      -0.965293   0.261009   0.009106
      1       0.016077   0.024585   0.999568
      2       0.260673   0.965023  -0.027928
 A Eigenvalues: 
                  0          1          2    
      0      -0.108341  -0.115101   0.268378
A(iso)  0.014979
 Nucleus: 10 H  
 Isotope: 1 
 Nuclear Spin:  0.5 
 Prefactor (MHz): 533.551395 
 Raw A tensor (MHz): 
                  0          1          2    
      0      -0.260944   0.858503   0.008486
      1       0.858630   0.878022   0.037360
      2       0.008579   0.037567  -0.751031
 A Tensor eigenvectors:
                   0          1          2    
      0       0.844599   0.251369  -0.472721
      1      -0.447271  -0.154031  -0.881035
      2      -0.294279   0.955556  -0.017664
 A Eigenvalues: 
                  0          1          2    
      0      -0.718586  -0.754828   1.339461
A(iso)  -0.044651
 Nucleus: 12 H  
 Isotope: 1 
 Nuclear Spin:  0.5 
 Prefactor (MHz): 533.551395 
 Raw A tensor (MHz): 
                  0          1          2    
      0      -0.021235   0.092340   0.008001
      1       0.092347   0.181341   0.020631
      2       0.008007   0.020642  -0.055826
 A Tensor eigenvectors:
                   0          1          2    
      0       0.932017   0.041023   0.360086
      1      -0.362187   0.070200   0.929458
      2       0.012851  -0.996689   0.080286
 A Eigenvalues: 
                  0          1          2    
      0      -0.057011  -0.057609   0.218900
A(iso)  0.034760
 Nucleus: 13 H  
 Isotope: 1 
 Nuclear Spin:  0.5 
 Prefactor (MHz): 533.551395 
 Raw A tensor (MHz): 
                  0          1          2    
      0      -0.024808   0.093318  -0.012300
      1       0.093333   0.177242  -0.027016
      2      -0.012288  -0.026985  -0.058993
 A Tensor eigenvectors:
                   0          1          2    
      0       0.713764   0.599103  -0.362790
      1      -0.349737  -0.143908  -0.925729
      2      -0.606816   0.787633   0.106813
 A Eigenvalues: 
                  0          1          2    
      0      -0.060086  -0.063405   0.216932
A(iso)  0.031147
 Nucleus: 15 H  
 Isotope: 1 
 Nuclear Spin:  0.5 
 Prefactor (MHz): 533.551395 
 Raw A tensor (MHz): 
                  0          1          2    
      0      -0.068130   0.025672   0.000991
      1       0.025669   0.138794   0.013033
      2       0.000996   0.013036  -0.070771
 A Tensor eigenvectors:
                   0          1          2    
      0      -0.788362  -0.603212  -0.120914
      1       0.058480   0.122174  -0.990784
      2       0.612426  -0.788168  -0.061041
 A Eigenvalues: 
                  0          1          2    
      0      -0.070806  -0.072031   0.142730
A(iso)  -0.000036
 Nucleus: 16 H  
 Isotope: 1 
 Nuclear Spin:  0.5 
 Prefactor (MHz): 533.551395 
 Raw A tensor (MHz): 
                  0          1          2    
      0      -0.069229   0.026116  -0.003373
      1       0.026119   0.137327  -0.023725
      2      -0.003368  -0.023705  -0.070150
 A Tensor eigenvectors:
                   0          1          2    
      0       0.821256   0.557152  -0.122964
      1      -0.164226   0.024435  -0.986120
      2      -0.546414   0.830051   0.111567
 A Eigenvalues: 
                  0          1          2    
      0      -0.072209  -0.073109   0.143266
A(iso)  -0.000684
 Nucleus: 18 H  
 Isotope: 1 
 Nuclear Spin:  0.5 
 Prefactor (MHz): 533.551395 
 Raw A tensor (MHz): 
                  0          1          2    
      0      -0.034387   0.039623  -0.004255
      1       0.039631   0.080219  -0.012671
      2      -0.004251  -0.012657  -0.045476
 A Tensor eigenvectors:
                   0          1          2    
      0       0.654811   0.695112  -0.296719
      1      -0.275203  -0.146351  -0.950181
      2      -0.703907   0.703847   0.095465
 A Eigenvalues: 
                  0          1          2    
      0      -0.046469  -0.047041   0.093867
A(iso)  0.000119
 Nucleus: 19 H  
 Isotope: 1 
 Nuclear Spin:  0.5 
 Prefactor (MHz): 533.551395 
 Raw A tensor (MHz): 
                  0          1          2    
      0      -0.034197   0.039233   0.001972
      1       0.039237   0.080888   0.007070
      2       0.001975   0.007075  -0.045869
 A Tensor eigenvectors:
                   0          1          2    
      0      -0.648317   0.702200   0.294280
      1       0.158872  -0.253237   0.954270
      2       0.744610   0.665422   0.052618
 A Eigenvalues: 
                  0          1          2    
      0      -0.046078  -0.046478   0.093378
A(iso)  0.000274
 Nucleus: 21 H  
 Isotope: 1 
 Nuclear Spin:  0.5 
 Prefactor (MHz): 533.551395 
 Raw A tensor (MHz): 
                  0          1          2    
      0      -0.035195   0.012274  -0.001374
      1       0.012276   0.071086  -0.010558
      2      -0.001372  -0.010550  -0.035568
 A Tensor eigenvectors:
                   0          1          2    
      0       0.706760   0.698393  -0.112861
      1      -0.148598  -0.009422  -0.988853
      2      -0.691671   0.715653   0.097121
 A Eigenvalues: 
                  0          1          2    
      0      -0.036432  -0.036769   0.073524
A(iso)  0.000108
 Nucleus: 22 H  
 Isotope: 1 
 Nuclear Spin:  0.5 
 Prefactor (MHz): 533.551395 
 Raw A tensor (MHz): 
                  0          1          2    
      0      -0.035058   0.012119   0.000323
      1       0.012118   0.071482   0.004364
      2       0.000325   0.004366  -0.036264
 A Tensor eigenvectors:
                   0          1          2    
      0      -0.726526   0.678039   0.111461
      1       0.053969  -0.105402   0.992964
      2       0.685016   0.727430   0.039984
 A Eigenvalues: 
                  0          1          2    
      0      -0.036263  -0.036595   0.073018
A(iso)  0.000053
 Nucleus: 24 H  
 Isotope: 1 
 Nuclear Spin:  0.5 
 Prefactor (MHz): 533.551395 
 Raw A tensor (MHz): 
                  0          1          2    
      0      -0.160712  -0.795982   0.214172
      1      -0.796142   2.266593  -0.711220
      2       0.214308  -0.710900  -0.228724
 A Tensor eigenvectors:
                   0          1          2    
      0       0.948364  -0.153640   0.277491
      1       0.305770   0.210252  -0.928600
      2       0.084327   0.965499   0.246374
 A Eigenvalues: 
                  0          1          2    
      0      -0.398342  -0.417628   2.693128
A(iso)  0.625719
 Nucleus: 25 H  
 Isotope: 1 
 Nuclear Spin:  0.5 
 Prefactor (MHz): 533.551395 
 Raw A tensor (MHz): 
                  0          1          2    
      0      -0.092869  -0.548001  -0.326132
      1      -0.548514   2.905103   0.329996
      2      -0.326223   0.330005  -0.120922
 A Tensor eigenvectors:
                   0          1          2    
      0      -0.663649   0.725385  -0.182722
      1      -0.212774   0.051126   0.975763
      2       0.717145   0.686442   0.120414
 A Eigenvalues: 
                  0          1          2    
      0       0.083362  -0.440584   3.048534
A(iso)  0.897104
 Nucleus: 27 H  
 Isotope: 1 
 Nuclear Spin:  0.5 
 Prefactor (MHz): 533.551395 
 Raw A tensor (MHz): 
                  0          1          2    
      0      -3.668614   2.453013   0.871420
      1       2.452592   1.972505   2.406993
      2       0.871594   2.406514  -3.494977
 A Tensor eigenvectors:
                   0          1          2    
      0       0.329485  -0.236606   0.914034
      1       0.884051  -0.262593  -0.386651
      2       0.331503   0.935448   0.122651
 A Eigenvalues: 
                  0          1          2    
      0       3.789224  -4.391082  -4.589228
A(iso)  -1.730362
 Nucleus: 28 H  
 Isotope: 1 
 Nuclear Spin:  0.5 
 Prefactor (MHz): 533.551395 
 Raw A tensor (MHz): 
                  0          1          2    
      0      -3.998148   2.593471  -1.415841
      1       2.593972   3.018105  -2.192985
      2      -1.415033  -2.190769  -4.750962
 A Tensor eigenvectors:
                   0          1          2    
      0       0.749858  -0.318724  -0.579766
      1      -0.411642  -0.910794  -0.031706
      2      -0.517941   0.262431  -0.814166
 A Eigenvalues: 
                  0          1          2    
      0      -4.447609   4.560765  -5.844161
A(iso)  -1.910335
 Nucleus: 30 H  
 Isotope: 1 
 Nuclear Spin:  0.5 
 Prefactor (MHz): 533.551395 
 Raw A tensor (MHz): 
                  0          1          2    
      0      48.159077  -5.876634   3.152874
      1      -5.873154  47.280929  -3.316888
      2       3.150701  -3.318629  42.940195
 A Tensor eigenvectors:
                   0          1          2    
      0       0.015528   0.730749  -0.682470
      1       0.487029   0.590581   0.643441
      2       0.873248  -0.342374  -0.346726
 A Eigenvalues: 
                  0          1          2    
      0      41.145614  41.934831  55.299756
A(iso)  46.126734
 Nucleus: 31 H  
 Isotope: 1 
 Nuclear Spin:  0.5 
 Prefactor (MHz): 533.551395 
 Raw A tensor (MHz): 
                  0          1          2    
      0     129.747596  -5.605577  -2.793082
      1      -5.605240 131.689687   1.604356
      2      -2.790940   1.603215 125.799709
 A Tensor eigenvectors:
                   0          1          2    
      0      -0.645677   0.416829   0.639808
      1      -0.324031   0.609135  -0.723849
      2      -0.691451  -0.674691  -0.258239
 A Eigenvalues: 
                  0          1          2    
      0     123.944134 126.076764 137.216094
A(iso)  129.078997
 Nucleus: 33 H  
 Isotope: 1 
 Nuclear Spin:  0.5 
 Prefactor (MHz): 533.551395 
 Raw A tensor (MHz): 
                  0          1          2    
      0     -30.499080  -1.054083  17.040851
      1      -1.053253 -96.690671  -4.451498
      2      17.039124  -4.451917 -50.337241
 A Tensor eigenvectors:
                   0          1          2    
      0      -0.864431  -0.502664  -0.009348
      1       0.041272  -0.089482   0.995133
      2      -0.501054   0.859838   0.098097
 A Eigenvalues: 
                  0          1          2    
      0     -20.572050 -59.835319 -97.119623
A(iso)  -59.175664
 Nucleus: 35 H  
 Isotope: 1 
 Nuclear Spin:  0.5 
 Prefactor (MHz): 533.551395 
 Raw A tensor (MHz): 
                  0          1          2    
      0     130.113492   5.976653  -1.642580
      1       5.975628 132.838037  -0.397868
      2      -1.640739  -0.396830 125.955672
 A Tensor eigenvectors:
                   0          1          2    
      0      -0.649621   0.430024  -0.626954
      1       0.437004  -0.463597  -0.770782
      2      -0.622109  -0.774698   0.113240
 A Eigenvalues: 
                  0          1          2    
      0     124.520693 126.629318 137.757190
A(iso)  129.635734
 Nucleus: 36 H  
 Isotope: 1 
 Nuclear Spin:  0.5 
 Prefactor (MHz): 533.551395 
 Raw A tensor (MHz): 
                  0          1          2    
      0      48.552760   5.133962   4.187829
      1       5.130607  46.680584   3.977506
      2       4.184963   3.979463  44.995925
 A Tensor eigenvectors:
                   0          1          2    
      0       0.015272   0.741952  -0.670279
      1       0.619822  -0.533045  -0.575920
      2      -0.784594  -0.406658  -0.468019
 A Eigenvalues: 
                  0          1          2    
      0      41.771262  42.571602  55.886405
A(iso)  46.743090
 Nucleus: 38 H  
 Isotope: 1 
 Nuclear Spin:  0.5 
 Prefactor (MHz): 533.551395 
 Raw A tensor (MHz): 
                  0          1          2    
      0      -3.577859  -2.646828   0.400292
      1      -2.646255   2.547155  -1.190454
      2       0.400527  -1.190106  -4.191952
 A Tensor eigenvectors:
                   0          1          2    
      0      -0.343848  -0.254164   0.903974
      1       0.925896   0.068650   0.371488
      2      -0.156477   0.964722   0.211724
 A Eigenvalues: 
                  0          1          2    
      0       3.731110  -4.382185  -4.571581
A(iso)  -1.740886
 Nucleus: 39 H  
 Isotope: 1 
 Nuclear Spin:  0.5 
 Prefactor (MHz): 533.551395 
 Raw A tensor (MHz): 
                  0          1          2    
