-------------------------------------------------------------
----------------------- !PROPERTIES! ------------------------
-------------------------------------------------------------
# -----------------------------------------------------------
$ PAL_Flags
   description: The PAL Flags
   geom. index: 1
   prop. index: 1
        Diskflag:     2
# -----------------------------------------------------------
$ SCF_Energy
   description: The SCF energy
   geom. index: 1
   prop. index: 1
        SCF Energy:     -815.7961190875
# -----------------------------------------------------------
$ DFT_Energy
   description: The DFT energy
   geom. index: 1
   prop. index: 1
   Number of Alpha Electrons                 77.0002036932 
   Number of Beta  Electrons                 76.0002008516 
   Total number of  Electrons               153.0004045448 
   Exchange energy                          -93.8270254030 
   Correlation energy                        -5.8964090372 
   Correlation energy NL                      0.0000000000 
   Exchange-Correlation energy              -99.7234344402 
   Embedding correction                       0.0000000000 
   Total DFT Energy (No VdW correction)    -815.7961190875 
# -----------------------------------------------------------
$ Mayer_Pop
   description: The Mayer population analysis
   geom. index: 1
   prop. index: 1
     Number of atoms                     : 48
     Threshold for printing              : 0.1000000
     Number of bond orders printed       : 48
  NA   - Mulliken gross atomic population
  ZA   - Total nuclear charge
  QA   - Mulliken gross atomic charge
  VA   - Mayer's total valence
  BVA  - Mayer's bonded valence
  FA   - Mayer's free valence
  ATOM       NA         ZA         QA         VA         BVA        FA
  0   0     6.6050     6.0000    -0.6050     3.3886     3.3886     0.0000
  1   0     5.3735     6.0000     0.6265     2.8964     2.8964     0.0000
  2   0     5.3735     6.0000     0.6265     2.8953     2.8953     0.0000
  3   0     6.0388     6.0000    -0.0388     3.8145     3.8145     0.0000
  4   0     6.0642     6.0000    -0.0642     4.1285     4.1285     0.0000
  5   0     5.9797     6.0000     0.0203     3.8830     3.8830     0.0000
  6   0     6.0376     6.0000    -0.0376     3.8152     3.8152     0.0000
  7   0     6.0637     6.0000    -0.0637     4.1282     4.1282     0.0000
  8   0     5.9783     6.0000     0.0217     3.8808     3.8808     0.0000
  9   0     1.0508     1.0000    -0.0508     1.0031     1.0031     0.0000
 10   0     1.0509     1.0000    -0.0509     1.0030     1.0030     0.0000
 11   0     5.9573     6.0000     0.0427     4.0291     4.0291     0.0000
 12   0     0.9683     1.0000     0.0317     0.9699     0.9699     0.0000
 13   0     0.9683     1.0000     0.0317     0.9698     0.9698     0.0000
 14   0     6.0366     6.0000    -0.0366     4.1153     4.1153     0.0000
 15   0     0.9835     1.0000     0.0165     0.9629     0.9629     0.0000
 16   0     0.9836     1.0000     0.0164     0.9629     0.9629     0.0000
 17   0     6.0244     6.0000    -0.0244     4.1174     4.1174     0.0000
 18   0     0.9938     1.0000     0.0062     0.9674     0.9674     0.0000
 19   0     0.9938     1.0000     0.0062     0.9674     0.9674     0.0000
 20   0     5.9970     6.0000     0.0030     4.0167     4.0167     0.0000
 21   0     0.9827     1.0000     0.0173     0.9773     0.9773     0.0000
 22   0     0.9828     1.0000     0.0172     0.9774     0.9774     0.0000
 23   0     5.9518     6.0000     0.0482     4.0208     4.0208     0.0000
 24   0     0.9679     1.0000     0.0321     0.9694     0.9694     0.0000
 25   0     0.9680     1.0000     0.0320     0.9698     0.9698     0.0000
 26   0     6.0359     6.0000    -0.0359     4.1172     4.1172     0.0000
 27   0     0.9834     1.0000     0.0166     0.9634     0.9634     0.0000
 28   0     0.9831     1.0000     0.0169     0.9632     0.9632     0.0000
 29   0     5.9853     6.0000     0.0147     4.0741     4.0741     0.0000
 30   0     0.9964     1.0000     0.0036     0.9695     0.9695     0.0000
 31   0     0.9964     1.0000     0.0036     0.9696     0.9696     0.0000
 32   0     6.0064     6.0000    -0.0064     4.0848     4.0847     0.0001
 33   0     0.9979     1.0000     0.0021     0.9700     0.9700     0.0000
 34   0     0.9978     1.0000     0.0022     0.9699     0.9699     0.0000
 35   0     6.0001     6.0000    -0.0001     4.0591     4.0564     0.0027
 36   0     0.9964     1.0000     0.0036     0.9708     0.9708     0.0000
 37   0     0.9964     1.0000     0.0036     0.9709     0.9709     0.0000
 38   0     6.0013     6.0000    -0.0013     4.1002     4.0977     0.0025
 39   0     0.9892     1.0000     0.0108     0.9658     0.9656     0.0002
 40   0     0.9892     1.0000     0.0108     0.9658     0.9656     0.0002
 41   0     6.0687     6.0000    -0.0687     3.9787     3.1228     0.8559
 42   0     0.9750     1.0000     0.0250     0.9761     0.9738     0.0023
 43   0     0.9750     1.0000     0.0250     0.9760     0.9737     0.0023
 44   0     6.6051     6.0000    -0.6051     3.3885     3.3885     0.0000
 45   0     1.0290     1.0000    -0.0290     1.0305     1.0305     0.0000
 46   0     1.0290     1.0000    -0.0290     1.0306     1.0306     0.0000
 47   0     0.9872     1.0000     0.0128     0.9735     0.9735     0.0000
      Bond orders larger than 0.1000000
           Atom A     A.N. of A          Atom B    A.N. of B              Bond order
                0             6               1            6                2.120422
                0             6              45            1                1.118378
                1             6               3            6                0.908748
                2             6               6            6                0.907835
                2             6              44            6                2.120307
                3             6               4            6                1.396904
                3             6               8            6                1.372288
                4             6               5            6                1.426772
                4             6              11            6                1.090444
                5             6               6            6                1.373156
                5             6               9            1                0.921314
                6             6               7            6                1.397442
                7             6               8            6                1.426712
                7             6              23            6                1.089484
                8             6              10            1                0.921896
               11             6              12            1                0.898156
               11             6              13            1                0.897985
               11             6              14            6                1.104187
               14             6              15            1                0.929289
               14             6              16            1                0.929354
               14             6              17            6                1.075092
               17             6              18            1                0.941031
               17             6              19            1                0.941040
               17             6              20            6                1.106005
               20             6              21            1                0.966249
               20             6              22            1                0.966203
               20             6              47            1                0.961710
               23             6              24            1                0.897245
               23             6              25            1                0.897210
               23             6              26            6                1.102932
               26             6              27            1                0.927307
               26             6              28            1                0.926892
               26             6              29            6                1.076756
               29             6              30            1                0.933829
               29             6              31            1                0.933783
               29             6              32            6                1.077886
               32             6              33            1                0.935865
               32             6              34            1                0.935852
               32             6              35            6                1.077897
               35             6              36            1                0.940099
               35             6              37            1                0.940102
               35             6              38            6                1.048572
               38             6              39            1                0.935933
               38             6              40            1                0.935899
               38             6              41            6                1.136103
               41             6              42            1                0.964911
               41             6              43            1                0.964921
               44             6              46            1                1.118466
# -----------------------------------------------------------
$ Calculation_Info
   description: Details of the calculation
   geom. index: 1
   prop. index: 1
     Multiplicity:                          2
     Charge:                                0
     number of atoms:                       48
     number of electrons:                   0
     number of frozen core electrons:       1
     number of correlated electrons:        0
     number of basis functions:             429
     number of aux C basis functions:       2871
     number of aux J basis functions:       2871
     number of aux JK basis functions:      2871
     number of aux CABS basis functions:    0
     Total Energy                           -815.796119
# -----------------------------------------------------------
$ SCF_Electric_Properties
   description: The SCF Calculated Electric Properties
   geom. index: 1
   prop. index: 1
       Filename                          : cc-pVDZ.scfp 
       Do Dipole Moment Calculation      : true 
       Do Quadrupole Moment Calculation  : false 
       Do Polarizability Calculation     : false 
** Dipole moment part of electric properties **
        Magnitude of dipole moment (Debye) :        0.3344871079
        Electronic Contribution:
                  0    
      0      -2.075215
      1     -10.770003
      2      -0.123087
        Nuclear Contribution:
                  0    
      0       2.053552
      1      10.640221
      2       0.120953
        Total Dipole moment:
                  0    
      0      -0.021663
      1      -0.129782
      2      -0.002133
# -----------------------------------------------------------
$ EPRNMR_GTensor
   description: Electronic g tensor
   geom. index: 1
   prop. index: 1
 Source density: 1 SCF 
 Spin multiplicity: 2 
 raw g tensor: 
                  0          1          2    
      0       2.002738   0.000173   0.000000
      1       0.000201   2.002535  -0.000005
      2       0.000001  -0.000006   2.003010
 g tensor: 
                  0          1          2    
      0      -0.512066   0.858901   0.008789
      1       0.858907   0.511918   0.014792
      2       0.008205   0.015123  -0.999852
 G eigenvalues: 
                  0          1          2    
      0       2.002424   2.002849   2.003010
# -----------------------------------------------------------
$ EPRNMR_OrbitalShielding
   description: Orbital contribution to the NMR Shielding tensor (ppm)
   geom. index: 1
   prop. index: 1
 Number of stored nuclei 27
 Source density: 1 SCF 
 Nucleus: 9 H  
 Shielding tensor (ppm): 
                  0          1          2    
      0     -15.987056 107.738586   1.408916
      1     -216.113855  69.581949   0.376675
      2      -3.817925   0.269040  36.732466
 P Tensor eigenvectors:
                   0          1          2    
      0       0.001318   0.404209  -0.914666
      1      -0.010979   0.914617   0.404172
      2       0.999939   0.009509   0.005643
 P Eigenvalues: 
                  0          1          2    
      0      36.727638  15.528630  38.071091
P(iso)  30.109120
 Nucleus: 10 H  
 Shielding tensor (ppm): 
                  0          1          2    
      0     103.889028 -93.403209  -1.524979
      1      32.389919  58.376101  -1.455063
      2       0.040239  -0.599084 115.856828
 P Tensor eigenvectors:
                   0          1          2    
      0       0.713644   0.002831   0.700503
      1       0.700317  -0.026279  -0.713348
      2       0.016389   0.999651  -0.020736
 P Eigenvalues: 
                  0          1          2    
      0      51.036745 115.871336 111.213875
P(iso)  92.707319
 Nucleus: 12 H  
 Shielding tensor (ppm): 
                  0          1          2    
      0      55.198914 -209.011550 152.575673
      1     315.465077  16.589057 346.220713
      2     -96.075830 -256.392624  54.205864
 P Tensor eigenvectors:
                   0          1          2    
      0      -0.693782   0.355793   0.626162
      1       0.347418   0.926933  -0.141759
      2       0.630847  -0.119189   0.766698
 P Eigenvalues: 
                  0          1          2    
      0      19.443925  44.798761  61.751149
P(iso)  41.997945
 Nucleus: 13 H  
 Shielding tensor (ppm): 
                  0          1          2    
      0      55.054525 -204.357880 -160.034003
      1     313.574626  19.843612 -345.444241
      2     107.287174 253.561494  50.088175
 P Tensor eigenvectors:
                   0          1          2    
      0      -0.690382   0.354248  -0.630778
      1       0.370171   0.922101   0.112708
      2      -0.621567   0.155684   0.767735
 P Eigenvalues: 
                  0          1          2    
      0      18.905878  44.571898  61.508536
P(iso)  41.662104
 Nucleus: 15 H  
 Shielding tensor (ppm): 
                  0          1          2    
      0      35.656326 286.649100  91.493700
      1     -392.030063  69.812968 449.510806
      2     -78.412452 -328.919298  90.325524
 P Tensor eigenvectors:
                   0          1          2    
      0       0.750923   0.155031   0.641935
      1      -0.128658   0.987772  -0.088051
      2       0.647736   0.016470  -0.761687
 P Eigenvalues: 
                  0          1          2    
      0      65.652963  54.855359  75.286497
P(iso)  65.264939
 Nucleus: 16 H  
 Shielding tensor (ppm): 
                  0          1          2    
      0      35.037749 286.743545 -81.554514
      1     -390.090524  74.206957 -454.088349
      2      63.654676 330.902171  84.969130
 P Tensor eigenvectors:
                   0          1          2    
      0      -0.757297   0.156286   0.634095
      1       0.105215   0.987457  -0.117721
      2       0.644540   0.022434   0.764242
 P Eigenvalues: 
                  0          1          2    
      0      64.832152  54.514958  74.866726
P(iso)  64.737945
 Nucleus: 18 H  
 Shielding tensor (ppm): 
                  0          1          2    
      0      27.616808 -327.335572 -151.907491
      1     472.346882   6.856406 -511.751521
      2     105.056519 372.136691  -0.367947
 P Tensor eigenvectors:
                   0          1          2    
      0      -0.720201   0.195102  -0.665767
      1       0.221037   0.974162   0.046367
      2      -0.657612   0.113766   0.744718
 P Eigenvalues: 
                  0          1          2    
      0     -10.479381  18.601186  25.983462
P(iso)  11.368422
 Nucleus: 19 H  
 Shielding tensor (ppm): 
                  0          1          2    
      0      27.527252 -327.700182 140.667854
      1     468.517495   1.740816 519.688902
      2     -87.736236 -377.914542   6.157032
 P Tensor eigenvectors:
                   0          1          2    
      0      -0.730183   0.197517   0.654079
      1       0.197136   0.977495  -0.075108
      2       0.654194  -0.074100   0.752688
 P Eigenvalues: 
                  0          1          2    
      0      -9.891185  18.915255  26.401030
P(iso)  11.808367
 Nucleus: 21 H  
 Shielding tensor (ppm): 
                  0          1          2    
      0     -29.777189 376.077808 -78.411202
      1     -484.411144  58.748446 -568.479426
      2      53.732582 413.320018   1.740620
 P Tensor eigenvectors:
                   0          1          2    
      0       0.753319   0.207753  -0.623979
      1      -0.086740   0.971891   0.218870
      2      -0.651910   0.110755  -0.750164
 P Eigenvalues: 
                  0          1          2    
      0      -5.291840  15.084793  20.918925
P(iso)  10.237293
 Nucleus: 22 H  
 Shielding tensor (ppm): 
                  0          1          2    
      0     -29.069981 380.528936  91.890688
      1     -492.865753  53.067431 562.441332
      2     -72.297423 -405.609232   8.982630
 P Tensor eigenvectors:
                   0          1          2    
      0       0.741759   0.208066   0.637575
      1      -0.110875   0.975622  -0.189392
      2       0.661438  -0.069792  -0.746745
 P Eigenvalues: 
                  0          1          2    
      0      -4.061940  15.529899  21.512122
P(iso)  10.993360
 Nucleus: 24 H  
 Shielding tensor (ppm): 
                  0          1          2    
      0     101.530984 -57.144171 112.918568
      1      81.946430  30.524535  95.033760
      2     -69.231983 -71.966628  92.982322
 P Tensor eigenvectors:
                   0          1          2    
      0      -0.381136   0.766168   0.517418
      1       0.797185   0.555793  -0.235775
      2       0.468221  -0.322616   0.822611
 P Eigenvalues: 
                  0          1          2    
      0      47.810009  74.334027 102.893805
P(iso)  75.012614
 Nucleus: 25 H  
 Shielding tensor (ppm): 
                  0          1          2    
      0     102.891153 -54.659167 -114.428180
      1      81.694842  31.544136 -94.824544
      2      72.652806  68.296306  91.426991
 P Tensor eigenvectors:
                   0          1          2    
      0      -0.366816   0.758443  -0.538711
      1       0.815538   0.540780   0.206045
      2      -0.447597   0.363759   0.816906
 P Eigenvalues: 
                  0          1          2    
      0      47.878263  74.854081 103.129937
P(iso)  75.287427
 Nucleus: 27 H  
 Shielding tensor (ppm): 
                  0          1          2    
      0      95.624267 127.153817 -44.570493
      1     -194.221507  65.838913 -215.861704
      2      38.227916 155.221777 124.148658
 P Tensor eigenvectors:
                   0          1          2    
      0      -0.764271   0.071909   0.640873
      1       0.137908   0.989000   0.053491
      2       0.629977  -0.129263   0.765781
 P Eigenvalues: 
                  0          1          2    
      0     111.232618  70.008767 104.370453
P(iso)  95.203946
 Nucleus: 28 H  
 Shielding tensor (ppm): 
                  0          1          2    
      0      94.999498 128.846118  48.538343
      1     -197.259026  63.745115 209.985916
      2     -45.607670 -154.233275 125.787605
 P Tensor eigenvectors:
                   0          1          2    
      0      -0.751029   0.071951  -0.656338
      1       0.161287   0.983923  -0.076694
      2      -0.640268   0.163458   0.750559
 P Eigenvalues: 
                  0          1          2    
      0     110.746593  69.722546 104.063080
P(iso)  94.844073
 Nucleus: 30 H  
 Shielding tensor (ppm): 
                  0          1          2    
      0      90.832865 -224.266136 111.100766
      1     296.256085  14.288419 322.767814
      2     -68.137949 -237.626072  74.122290
 P Tensor eigenvectors:
                   0          1          2    
      0      -0.697718   0.349850   0.625136
      1       0.247095   0.936617  -0.248381
      2       0.672408   0.018832   0.739941
 P Eigenvalues: 
                  0          1          2    
      0      60.182813  49.052403  70.008359
P(iso)  59.747858
 Nucleus: 31 H  
 Shielding tensor (ppm): 
                  0          1          2    
      0      92.071729 -225.317643 -118.158173
      1     300.154255  17.169446 -318.761171
      2      78.467974 231.587474  70.907594
 P Tensor eigenvectors:
                   0          1          2    
      0      -0.684205   0.350859  -0.639345
      1       0.269535   0.936253   0.225348
      2      -0.677654   0.018141   0.735158
 P Eigenvalues: 
                  0          1          2    
      0      60.629985  49.257750  70.261035
P(iso)  60.049590
 Nucleus: 33 H  
 Shielding tensor (ppm): 
                  0          1          2    
      0      71.812054 298.675529  66.702722
      1     -413.152291  55.555520 426.014594
      2     -59.361541 -310.809580 103.499944
 P Tensor eigenvectors:
                   0          1          2    
      0       0.720369   0.066830   0.690364
      1      -0.110828   0.993649   0.019456
      2       0.684679   0.090527  -0.723201
 P Eigenvalues: 
                  0          1          2    
      0      90.485573  58.826497  81.555449
P(iso)  76.955839
 Nucleus: 34 H  
 Shielding tensor (ppm): 
                  0          1          2    
      0      72.489611 294.572972 -57.762560
      1     -406.541484  59.345552 -435.207498
      2      45.651077 315.312392 100.003225
 P Tensor eigenvectors:
                   0          1          2    
      0      -0.733428   0.067341   0.676423
      1       0.088991   0.996029  -0.002668
      2       0.673917  -0.058238   0.736508
 P Eigenvalues: 
                  0          1          2    
      0      90.985147  59.035209  81.818032
P(iso)  77.279463
 Nucleus: 36 H  
 Shielding tensor (ppm): 
                  0          1          2    
      0      65.388376 -357.888460 -126.964897
      1     488.158575  10.742822 -523.145713
      2      85.437799 376.487064  41.404497
 P Tensor eigenvectors:
                   0          1          2    
      0       0.716153   0.210203   0.665538
      1      -0.176508   0.977118  -0.118681
      2       0.675256   0.032479  -0.736868
 P Eigenvalues: 
                  0          1          2    
      0      33.680969  35.008375  48.846351
P(iso)  39.178565
 Nucleus: 37 H  
 Shielding tensor (ppm): 
                  0          1          2    
      0      64.075256 -354.247800 116.150504
      1     480.525106   6.126849 530.981039
      2     -69.748072 -383.997428  46.381231
 P Tensor eigenvectors:
                   0          1          2    
      0      -0.728850   0.209861   0.651718
      1       0.155455   0.977730  -0.140989
      2       0.666792   0.001447   0.745242
 P Eigenvalues: 
                  0          1          2    
      0      33.184830  34.811708  48.586797
P(iso)  38.861112
 Nucleus: 39 H  
 Shielding tensor (ppm): 
                  0          1          2    
      0      24.624584 424.942421 -61.916311
      1     -573.799680  56.109546 -611.284170
      2      40.343736 435.854651  57.190077
 P Tensor eigenvectors:
                   0          1          2    
      0      -0.728599   0.100409   0.677541
      1       0.057471   0.994670  -0.085605
      2       0.682525   0.023433   0.730487
 P Eigenvalues: 
                  0          1          2    
      0      49.978520  36.785976  51.159711
P(iso)  45.974736
 Nucleus: 40 H  
 Shielding tensor (ppm): 
                  0          1          2    
      0      23.920549 431.634157  74.325388
      1     -584.523692  50.766132 599.015714
      2     -58.838087 -426.985255  62.582063
 P Tensor eigenvectors:
                   0          1          2    
      0      -0.714435  -0.100987  -0.692376
      1       0.078633  -0.994849   0.063966
      2      -0.695269  -0.008744   0.718696
 P Eigenvalues: 
                  0          1          2    
      0      49.652379  36.643078  50.973288
P(iso)  45.756248
 Nucleus: 42 H  
 Shielding tensor (ppm): 
                  0          1          2    
      0     -92.742682 -152.021696 112.019666
      1     263.781124  12.537093 656.976667
      2     -59.807286 -441.343805 -127.582885
 P Tensor eigenvectors:
                   0          1          2    
      0       0.931764  -0.046004   0.360139
      1      -0.119855  -0.975306   0.185508
      2      -0.342711   0.216014   0.914268
 P Eigenvalues: 
                  0          1          2    
      0     -115.618740 -35.158053 -57.011679
P(iso)  -69.262824
 Nucleus: 43 H  
 Shielding tensor (ppm): 
                  0          1          2    
      0     -91.630956 -156.998515 -116.119543
      1     274.256468  18.990874 -647.923094
      2      68.898804 443.387385 -134.815032
 P Tensor eigenvectors:
                   0          1          2    
      0       0.925178  -0.041768  -0.377228
      1      -0.130628  -0.968244  -0.213165
      2       0.356346  -0.246492   0.901254
 P Eigenvalues: 
                  0          1          2    
      0     -115.445059 -35.106534 -56.903521
P(iso)  -69.151705
 Nucleus: 45 H  
 Shielding tensor (ppm): 
                  0          1          2    
      0      58.346522 -142.907710  -1.400015
      1     185.554128 -113.201034   0.351925
      2       3.322373  -1.053894 -87.777768
 P Tensor eigenvectors:
                   0          1          2    
      0       0.678873   0.004885  -0.734239
      1       0.734108   0.015512   0.678855
      2       0.014706  -0.999868   0.006944
 P Eigenvalues: 
                  0          1          2    
      0     -12.869411 -87.775669 -41.987200
P(iso)  -47.544093
 Nucleus: 46 H  
 Shielding tensor (ppm): 
                  0          1          2    
      0      51.275593  69.635190   1.162543
      1     -145.123399 -92.951503  -0.741598
      2      -1.465063  -0.133215 -75.795783
 P Tensor eigenvectors:
                   0          1          2    
      0       0.597325   0.003775   0.801991
      1      -0.801963   0.012338   0.597246
      2      -0.007641  -0.999917   0.010398
 P Eigenvalues: 
                  0          1          2    
      0      -5.333454 -75.788165 -36.350075
P(iso)  -39.157231
 Nucleus: 47 H  
 Shielding tensor (ppm): 
                  0          1          2    
      0     -151.007281 -151.531607  -2.133223
      1     291.962153  25.706690   9.141615
      2       5.237851   0.080814 -169.765630
 P Tensor eigenvectors:
                   0          1          2    
      0       0.307028   0.020582   0.951478
      1      -0.951663   0.015494   0.306752
      2      -0.008428  -0.999668   0.024344
 P Eigenvalues: 
                  0          1          2    
      0     -31.931343 -169.872698 -93.262181
P(iso)  -98.355407
# -------------------------------------------------------------
----------------------- !GEOMETRIES! ------------------------
# -------------------------------------------------------------
------------------------ !GEOMETRY! -------------------------
    Number of atoms:    48 
    Geometry Index:     1 
    Coordinates:
               0 C     -4.033094778367    0.125994803348   -0.120549600491
               1 C     -2.818554159963    0.064282883847   -0.113732670172
               2 C      2.844701459201   -0.087698329812   -0.094014351867
               3 C     -1.387308478856    0.001670084666   -0.109120409369
               4 C     -0.717414958248   -1.248577356972   -0.131386660587
               5 C      0.677891065990   -1.227304067284   -0.125201482206
               6 C      1.413449879801   -0.025455385042   -0.098238195024
               7 C      0.743520267374    1.224786462831   -0.076039894750
               8 C     -0.651773573971    1.203496983176   -0.082206585675
               9 H      1.237515260633   -2.162251072567   -0.141592331609
              10 H     -1.211573583562    2.138326119911   -0.066066489081
              11 C     -1.519082260286   -2.535740396733   -0.160318992313
              12 H     -2.193390879593   -2.502423753857   -1.035821529451
              13 H     -2.198916849091   -2.538057103465    0.711569749901
              14 C     -0.725169523566   -3.844428226540   -0.184262823185
              15 H     -0.057419352962   -3.863303077191   -1.065312795767
              16 H     -0.067447502896   -3.901297583529    0.702697694898
              17 C     -1.630154059029   -5.082042813528   -0.216171562014
              18 H     -2.302556901019   -5.063679114324    0.661573357419
              19 H     -2.289169554843   -5.027876249859   -1.102556221444
              20 C     -0.849649520852   -6.398680198417   -0.237162180761
              21 H     -0.209986961918   -6.499596725202    0.656654864667
              22 H     -0.192325075951   -6.460561624074   -1.121673227226
              23 C      1.544976033574    2.512262037489   -0.046310106511
              24 H      2.211264517826    2.483798867127    0.835488588171
              25 H      2.232417441087    2.510877418786   -0.912033266572
              26 C      0.748805671262    3.819979695951   -0.035637353299
              27 H      0.094974337986    3.867835185906   -0.925717702889
              28 H      0.077233566303    3.843478844368    0.842094358274
              29 C      1.650750166063    5.059985232527   -0.009202880964
              30 H      2.308779732440    5.015133993612    0.879125346436
              31 H      2.325396672431    5.040432193237   -0.885894803202
              32 C      0.871144286193    6.379747574150    0.002294809532
              33 H      0.196174153554    6.397851337115    0.879165969436
              34 H      0.212831857039    6.422730970881   -0.886309929740
              35 C      1.768136950226    7.622332063543    0.028248671048
              36 H      2.440868935545    7.614213885973   -0.849002125829
              37 H      2.424363985343    7.589421785874    0.917345190179
              38 C      0.965992061945    8.948772535507    0.039423897256
              39 H      0.313046170776    8.962787281791   -0.853434751666
              40 H      0.295261640628    8.937141160280    0.919052772705
              41 C      1.821040217864   10.171631041101    0.065838411013
              42 H      2.200964910766   10.570215384585    1.010891420388
              43 H      2.218732876918   10.598273512544   -0.859437099671
              44 C      4.059286596737   -0.148836634574   -0.092233725556
              45 H     -5.104117432011    0.181269772310   -0.124553059173
              46 H      5.130370446061   -0.203000096348   -0.089533196764
              47 H     -1.525742724579   -7.268664253116   -0.263007786495
