-------------------------------------------------------------
----------------------- !PROPERTIES! ------------------------
-------------------------------------------------------------
# -----------------------------------------------------------
$ PAL_Flags
   description: The PAL Flags
   geom. index: 1
   prop. index: 1
        Diskflag:     2
# -----------------------------------------------------------
$ SCF_Energy
   description: The SCF energy
   geom. index: 1
   prop. index: 1
        SCF Energy:     -815.7961183985
# -----------------------------------------------------------
$ DFT_Energy
   description: The DFT energy
   geom. index: 1
   prop. index: 1
   Number of Alpha Electrons                 77.0002036933 
   Number of Beta  Electrons                 76.0002008499 
   Total number of  Electrons               153.0004045432 
   Exchange energy                          -93.8270355424 
   Correlation energy                        -5.8964102169 
   Correlation energy NL                      0.0000000000 
   Exchange-Correlation energy              -99.7234457593 
   Embedding correction                       0.0000000000 
   Total DFT Energy (No VdW correction)    -815.7961183985 
# -----------------------------------------------------------
$ Mayer_Pop
   description: The Mayer population analysis
   geom. index: 1
   prop. index: 1
     Number of atoms                     : 48
     Threshold for printing              : 0.1000000
     Number of bond orders printed       : 48
  NA   - Mulliken gross atomic population
  ZA   - Total nuclear charge
  QA   - Mulliken gross atomic charge
  VA   - Mayer's total valence
  BVA  - Mayer's bonded valence
  FA   - Mayer's free valence
  ATOM       NA         ZA         QA         VA         BVA        FA
  0   0     6.6050     6.0000    -0.6050     3.3885     3.3885     0.0000
  1   0     5.3735     6.0000     0.6265     2.8964     2.8964    -0.0000
  2   0     5.3735     6.0000     0.6265     2.8953     2.8953     0.0000
  3   0     6.0388     6.0000    -0.0388     3.8145     3.8145     0.0000
  4   0     6.0641     6.0000    -0.0641     4.1285     4.1285     0.0000
  5   0     5.9797     6.0000     0.0203     3.8830     3.8830     0.0000
  6   0     6.0376     6.0000    -0.0376     3.8151     3.8151     0.0000
  7   0     6.0637     6.0000    -0.0637     4.1282     4.1282     0.0000
  8   0     5.9782     6.0000     0.0218     3.8808     3.8808     0.0000
  9   0     1.0508     1.0000    -0.0508     1.0031     1.0031     0.0000
 10   0     1.0509     1.0000    -0.0509     1.0030     1.0030     0.0000
 11   0     5.9573     6.0000     0.0427     4.0291     4.0291     0.0000
 12   0     0.9683     1.0000     0.0317     0.9699     0.9699     0.0000
 13   0     0.9683     1.0000     0.0317     0.9698     0.9698     0.0000
 14   0     6.0366     6.0000    -0.0366     4.1153     4.1153    -0.0000
 15   0     0.9835     1.0000     0.0165     0.9629     0.9629    -0.0000
 16   0     0.9836     1.0000     0.0164     0.9629     0.9629    -0.0000
 17   0     6.0244     6.0000    -0.0244     4.1174     4.1174     0.0000
 18   0     0.9938     1.0000     0.0062     0.9674     0.9674     0.0000
 19   0     0.9938     1.0000     0.0062     0.9674     0.9674     0.0000
 20   0     5.9970     6.0000     0.0030     4.0167     4.0167    -0.0000
 21   0     0.9827     1.0000     0.0173     0.9773     0.9773     0.0000
 22   0     0.9828     1.0000     0.0172     0.9774     0.9774     0.0000
 23   0     5.9518     6.0000     0.0482     4.0209     4.0209     0.0000
 24   0     0.9679     1.0000     0.0321     0.9694     0.9694     0.0000
 25   0     0.9680     1.0000     0.0320     0.9698     0.9698     0.0000
 26   0     6.0359     6.0000    -0.0359     4.1172     4.1172     0.0000
 27   0     0.9834     1.0000     0.0166     0.9634     0.9634     0.0000
 28   0     0.9831     1.0000     0.0169     0.9632     0.9632     0.0000
 29   0     5.9853     6.0000     0.0147     4.0741     4.0741     0.0000
 30   0     0.9964     1.0000     0.0036     0.9695     0.9695     0.0000
 31   0     0.9964     1.0000     0.0036     0.9696     0.9696     0.0000
 32   0     6.0064     6.0000    -0.0064     4.0848     4.0847     0.0001
 33   0     0.9979     1.0000     0.0021     0.9700     0.9700     0.0000
 34   0     0.9978     1.0000     0.0022     0.9699     0.9699     0.0000
 35   0     6.0001     6.0000    -0.0001     4.0591     4.0564     0.0027
 36   0     0.9964     1.0000     0.0036     0.9708     0.9708     0.0000
 37   0     0.9964     1.0000     0.0036     0.9709     0.9709     0.0000
 38   0     6.0013     6.0000    -0.0013     4.1002     4.0977     0.0025
 39   0     0.9892     1.0000     0.0108     0.9658     0.9656     0.0002
 40   0     0.9892     1.0000     0.0108     0.9658     0.9656     0.0002
 41   0     6.0687     6.0000    -0.0687     3.9787     3.1229     0.8558
 42   0     0.9750     1.0000     0.0250     0.9761     0.9738     0.0023
 43   0     0.9750     1.0000     0.0250     0.9760     0.9737     0.0023
 44   0     6.6051     6.0000    -0.6051     3.3885     3.3885     0.0000
 45   0     1.0290     1.0000    -0.0290     1.0305     1.0305    -0.0000
 46   0     1.0290     1.0000    -0.0290     1.0306     1.0306     0.0000
 47   0     0.9872     1.0000     0.0128     0.9735     0.9735    -0.0000
      Bond orders larger than 0.1000000
           Atom A     A.N. of A          Atom B    A.N. of B              Bond order
                0             6               1            6                2.120416
                0             6              45            1                1.118382
                1             6               3            6                0.908769
                2             6               6            6                0.907860
                2             6              44            6                2.120322
                3             6               4            6                1.396894
                3             6               8            6                1.372281
                4             6               5            6                1.426786
                4             6              11            6                1.090442
                5             6               6            6                1.373148
                5             6               9            1                0.921310
                6             6               7            6                1.397432
                7             6               8            6                1.426726
                7             6              23            6                1.089484
                8             6              10            1                0.921891
               11             6              12            1                0.898157
               11             6              13            1                0.897986
               11             6              14            6                1.104189
               14             6              15            1                0.929289
               14             6              16            1                0.929354
               14             6              17            6                1.075092
               17             6              18            1                0.941031
               17             6              19            1                0.941040
               17             6              20            6                1.106006
               20             6              21            1                0.966249
               20             6              22            1                0.966203
               20             6              47            1                0.961710
               23             6              24            1                0.897246
               23             6              25            1                0.897210
               23             6              26            6                1.102935
               26             6              27            1                0.927307
               26             6              28            1                0.926891
               26             6              29            6                1.076759
               29             6              30            1                0.933829
               29             6              31            1                0.933783
               29             6              32            6                1.077888
               32             6              33            1                0.935864
               32             6              34            1                0.935852
               32             6              35            6                1.077898
               35             6              36            1                0.940099
               35             6              37            1                0.940102
               35             6              38            6                1.048572
               38             6              39            1                0.935933
               38             6              40            1                0.935899
               38             6              41            6                1.136107
               41             6              42            1                0.964915
               41             6              43            1                0.964925
               44             6              46            1                1.118467
# -----------------------------------------------------------
$ Calculation_Info
   description: Details of the calculation
   geom. index: 1
   prop. index: 1
     Multiplicity:                          2
     Charge:                                0
     number of atoms:                       48
     number of electrons:                   0
     number of frozen core electrons:       1
     number of correlated electrons:        0
     number of basis functions:             429
     number of aux C basis functions:       2871
     number of aux J basis functions:       2871
     number of aux JK basis functions:      2871
     number of aux CABS basis functions:    0
     Total Energy                           -815.796118
# -----------------------------------------------------------
$ SCF_Electric_Properties
   description: The SCF Calculated Electric Properties
   geom. index: 1
   prop. index: 1
       Filename                          : cc-pVDZ_i.scfp 
       Do Dipole Moment Calculation      : true 
       Do Quadrupole Moment Calculation  : false 
       Do Polarizability Calculation     : false 
** Dipole moment part of electric properties **
        Magnitude of dipole moment (Debye) :        0.3345855729
        Electronic Contribution:
                  0    
      0      -2.075220
      1     -10.770041
      2      -0.123087
        Nuclear Contribution:
                  0    
      0       2.053552
      1      10.640221
      2       0.120953
        Total Dipole moment:
                  0    
      0      -0.021668
      1      -0.129820
      2      -0.002134
# -----------------------------------------------------------
$ EPRNMR_GTensor
   description: Electronic g tensor
   geom. index: 1
   prop. index: 1
 Source density: 1 SCF 
 Spin multiplicity: 2 
 raw g tensor: 
                  0          1          2    
      0       2.002350   0.000220   0.000000
      1       0.000267   2.002543  -0.000001
      2       0.000001  -0.000001   2.002718
 g tensor: 
                  0          1          2    
      0       0.827258   0.561557  -0.017247
      1      -0.561821   0.826807  -0.027340
      2      -0.001093   0.032307   0.999477
 G eigenvalues: 
                  0          1          2    
      0       2.002185   2.002709   2.002718
# -----------------------------------------------------------
$ EPRNMR_OrbitalShielding
   description: Orbital contribution to the NMR Shielding tensor (ppm)
   geom. index: 1
   prop. index: 1
 Number of stored nuclei 27
 Source density: 1 SCF 
 Nucleus: 9 H 
 Shielding tensor (ppm): 
                  0          1          2    
      0      27.811768   5.522681   0.149835
      1       5.337451  26.291220   0.175941
      2       0.146195   0.180530  18.567157
 P Tensor eigenvectors:
                   0          1          2    
      0      -0.004197  -0.657690  -0.753277
      1      -0.020069   0.753187  -0.657500
      2       0.999790   0.012358  -0.016360
 P Eigenvalues: 
                  0          1          2    
      0      18.562951  21.568958  32.538235
P(iso)  24.223382
 Nucleus: 10 H 
 Shielding tensor (ppm): 
                  0          1          2    
      0      27.816124   5.643420   0.133233
      1       5.450288  26.416318   0.166513
      2       0.147323   0.164834  18.491991
 P Tensor eigenvectors:
                   0          1          2    
      0      -0.004278  -0.662814  -0.748772
      1      -0.017814   0.748711  -0.662657
      2       0.999832   0.010504  -0.015011
 P Eigenvalues: 
                  0          1          2    
      0      18.488420  21.525746  32.710266
P(iso)  24.241477
 Nucleus: 12 H 
 Shielding tensor (ppm): 
                  0          1          2    
      0      28.365117  -1.562375   3.396495
      1      -1.182130  31.399528  -0.098021
      2       5.060457   1.082213  26.215816
 P Tensor eigenvectors:
                   0          1          2    
      0      -0.605997   0.483997  -0.631280
      1      -0.131016   0.722030   0.679343
      2       0.784603   0.494388  -0.374137
 P Eigenvalues: 
                  0          1          2    
      0      22.754013  30.837531  32.388918
P(iso)  28.660154
 Nucleus: 13 H 
 Shielding tensor (ppm): 
                  0          1          2    
      0      28.423478  -1.411246  -3.437487
      1      -0.976503  31.412772   0.297674
      2      -5.087784  -0.886205  26.143465
 P Tensor eigenvectors:
                   0          1          2    
      0       0.601202   0.481736  -0.637563
      1       0.099809   0.746337   0.658042
      2       0.792840  -0.459251   0.400617
 P Eigenvalues: 
                  0          1          2    
      0      22.766577  30.837039  32.376098
P(iso)  28.659905
 Nucleus: 15 H 
 Shielding tensor (ppm): 
                  0          1          2    
      0      30.160831   0.809532  -3.704726
      1       0.773446  31.335049   0.427072
      2      -3.626932   1.807596  27.916758
 P Tensor eigenvectors:
                   0          1          2    
      0       0.582033  -0.141159   0.800819
      1      -0.198654  -0.979661  -0.028303
      2       0.788526  -0.142613  -0.598237
 P Eigenvalues: 
                  0          1          2    
      0      24.913934  31.625652  32.873052
P(iso)  29.804213
 Nucleus: 16 H 
 Shielding tensor (ppm): 
                  0          1          2    
      0      30.074899   0.651731   3.753991
      1       0.604472  31.420432  -0.283173
      2       3.673751  -1.662770  27.922243
 P Tensor eigenvectors:
                   0          1          2    
      0      -0.590971  -0.156343   0.791398
      1       0.165255  -0.983697  -0.070930
      2       0.789585   0.088865   0.607173
 P Eigenvalues: 
                  0          1          2    
      0      24.927044  31.620025  32.870504
P(iso)  29.805858
 Nucleus: 18 H 
 Shielding tensor (ppm): 
                  0          1          2    
      0      30.649151   0.109261  -4.541615
      1       0.194236  30.739326  -0.357763
      2      -4.358314  -1.051783  28.297679
 P Tensor eigenvectors:
                   0          1          2    
      0       0.605917  -0.173456  -0.776387
      1       0.073675   0.983981  -0.162337
      2       0.792109   0.041162   0.608991
 P Eigenvalues: 
                  0          1          2    
      0      24.833988  30.687129  34.165038
P(iso)  29.895385
 Nucleus: 19 H 
 Shielding tensor (ppm): 
                  0          1          2    
      0      30.517593  -0.085900   4.573718
      1       0.016608  30.669132   0.453247
      2       4.397754   1.153065  28.498149
 P Tensor eigenvectors:
                   0          1          2    
      0      -0.617738  -0.174289  -0.766827
      1      -0.105572   0.984683  -0.138759
      2       0.779266  -0.004761  -0.626676
 P Eigenvalues: 
                  0          1          2    
      0      24.837595  30.676285  34.170993
P(iso)  29.894958
 Nucleus: 21 H 
 Shielding tensor (ppm): 
                  0          1          2    
      0      29.685520  -1.690980   3.793752
      1      -2.488600  30.731698  -2.393005
      2       3.189838  -2.060530  30.531656
 P Tensor eigenvectors:
                   0          1          2    
      0      -0.760048   0.321381   0.564838
      1      -0.035037   0.847630  -0.529430
      2       0.648922   0.422182   0.632979
 P Eigenvalues: 
                  0          1          2    
      0      26.588678  28.803246  35.556950
P(iso)  30.316291
 Nucleus: 22 H 
 Shielding tensor (ppm): 
                  0          1          2    
      0      29.825700  -1.555965  -3.889348
      1      -2.388380  30.554717   2.341971
      2      -3.316948   2.018332  30.573393
 P Tensor eigenvectors:
                   0          1          2    
      0      -0.746424   0.329949  -0.577914
      1      -0.005994   0.865060   0.501632
      2      -0.665444  -0.377894   0.643724
 P Eigenvalues: 
                  0          1          2    
      0      26.577171  28.825334  35.551304
P(iso)  30.317937
 Nucleus: 24 H 
 Shielding tensor (ppm): 
                  0          1          2    
      0      28.197837  -1.569284   3.424340
      1      -1.199832  31.616960  -0.179570
      2       5.079598   1.024777  26.213662
 P Tensor eigenvectors:
                   0          1          2    
      0      -0.614287   0.536415  -0.578714
      1      -0.122188   0.659892   0.741358
      2       0.779565   0.526119  -0.339820
 P Eigenvalues: 
                  0          1          2    
      0      22.682366  30.850704  32.495389
P(iso)  28.676153
 Nucleus: 25 H 
 Shielding tensor (ppm): 
                  0          1          2    
      0      28.356236  -1.512512  -3.456594
      1      -1.066772  31.708009   0.359880
      2      -5.087321  -0.815777  25.930953
 P Tensor eigenvectors:
                   0          1          2    
      0       0.596286   0.561557  -0.573670
      1       0.094366   0.660625   0.744762
      2       0.797206  -0.498226   0.340930
 P Eigenvalues: 
                  0          1          2    
      0      22.603832  30.800638  32.590729
P(iso)  28.665066
 Nucleus: 27 H 
 Shielding tensor (ppm): 
                  0          1          2    
      0      29.902036   0.957166   3.872941
      1       0.788442  31.822722  -0.138618
      2       3.777666  -1.606074  27.683480
 P Tensor eigenvectors:
                   0          1          2    
      0      -0.596292   0.075596   0.799200
      1       0.155846  -0.965714   0.207625
      2       0.787495   0.248357   0.564066
 P Eigenvalues: 
                  0          1          2    
      0      24.603964  31.991084  32.813189
P(iso)  29.802746
 Nucleus: 28 H 
 Shielding tensor (ppm): 
                  0          1          2    
      0      30.053718   1.058918  -3.822108
      1       0.906315  31.756903   0.292992
      2      -3.735451   1.727378  27.557077
 P Tensor eigenvectors:
                   0          1          2    
      0       0.580126   0.089627   0.809580
      1      -0.179369  -0.955471   0.234310
      2       0.794532  -0.281143  -0.538218
 P Eigenvalues: 
                  0          1          2    
      0      24.556512  31.976122  32.835063
P(iso)  29.789232
 Nucleus: 30 H 
 Shielding tensor (ppm): 
                  0          1          2    
      0      29.620496   0.092647   4.063168
      1       0.035537  32.043464  -0.046569
      2       3.718674   0.417892  28.296925
 P Tensor eigenvectors:
                   0          1          2    
      0      -0.647119  -0.150586  -0.747369
      1      -0.011573   0.982126  -0.187866
      2       0.762301  -0.112923  -0.637295
 P Eigenvalues: 
                  0          1          2    
      0      25.010594  32.012934  32.937357
P(iso)  29.986962
 Nucleus: 31 H 
 Shielding tensor (ppm): 
                  0          1          2    
      0      29.763598   0.207477  -4.041554
      1       0.143570  32.056646   0.170616
      2      -3.698590  -0.294903  28.142720
 P Tensor eigenvectors:
                   0          1          2    
      0       0.632967  -0.144986  -0.760481
      1      -0.011601   0.980421  -0.196573
      2       0.774092   0.133246   0.618892
 P Eigenvalues: 
                  0          1          2    
      0      24.998711  32.022348  32.941905
P(iso)  29.987655
 Nucleus: 33 H 
 Shielding tensor (ppm): 
                  0          1          2    
      0      29.559565   0.161862  -3.895833
      1       0.105257  31.882544   0.385521
      2      -3.342004   0.723584  28.556452
 P Tensor eigenvectors:
                   0          1          2    
      0       0.656362  -0.265578   0.706157
      1      -0.075010  -0.954328  -0.289192
      2       0.750708   0.136846  -0.646306
 P Eigenvalues: 
                  0          1          2    
      0      25.365368  31.842316  32.790876
P(iso)  29.999520
 Nucleus: 34 H 
 Shielding tensor (ppm): 
                  0          1          2    
      0      29.420095   0.061253   3.907617
      1       0.015181  31.915153  -0.284986
      2       3.351424  -0.629885  28.661835
 P Tensor eigenvectors:
                   0          1          2    
      0      -0.670355  -0.265557   0.692895
      1       0.053396  -0.948612  -0.311903
      2       0.740117  -0.172088   0.650086
 P Eigenvalues: 
                  0          1          2    
      0      25.371455  31.844495  32.781134
P(iso)  29.999028
 Nucleus: 36 H 
 Shielding tensor (ppm): 
                  0          1          2    
      0      30.008479   0.283818  -4.051274
      1       0.429271  31.262362  -0.334087
      2      -3.070380  -0.619009  29.044863
 P Tensor eigenvectors:
                   0          1          2    
      0       0.662677  -0.220077  -0.715839
      1       0.020783   0.960883  -0.276174
      2       0.748617   0.168137   0.641329
 P Eigenvalues: 
                  0          1          2    
      0      25.930986  31.097688  33.287029
P(iso)  30.105234
 Nucleus: 37 H 
 Shielding tensor (ppm): 
                  0          1          2    
      0      29.875897   0.159538   4.070447
      1       0.335865  31.233766   0.405422
      2       3.093622   0.686114  29.207061
 P Tensor eigenvectors:
                   0          1          2    
      0      -0.676416  -0.218617  -0.703327
      1      -0.042101   0.964848  -0.259415
      2       0.735316  -0.145862  -0.661842
 P Eigenvalues: 
                  0          1          2    
      0      25.933729  31.096083  33.286911
P(iso)  30.105574
 Nucleus: 39 H 
 Shielding tensor (ppm): 
                  0          1          2    
      0      29.329975  -0.458690   4.428052
      1      -0.762002  30.219444  -1.422974
      2       2.779514  -1.806908  28.012729
 P Tensor eigenvectors:
                   0          1          2    
      0      -0.617287  -0.458526   0.639305
      1       0.161303  -0.869101  -0.467594
      2       0.770025  -0.185519   0.610446
 P Eigenvalues: 
                  0          1          2    
      0      24.866497  29.562380  33.133272
P(iso)  29.187383
 Nucleus: 40 H 
 Shielding tensor (ppm): 
                  0          1          2    
      0      29.475924  -0.364023  -4.417607
      1      -0.708454  30.126888   1.473202
      2      -2.777776   1.858993  27.961126
 P Tensor eigenvectors:
                   0          1          2    
      0       0.601822  -0.461325   0.651912
      1      -0.183631  -0.874350  -0.449212
      2       0.777232   0.150635  -0.610917
 P Eigenvalues: 
                  0          1          2    
      0      24.860060  29.567756  33.136123
P(iso)  29.187979
 Nucleus: 42 H 
 Shielding tensor (ppm): 
                  0          1          2    
      0      26.809001   1.705564   0.798808
      1       1.745332  29.739428   0.975380
      2      -0.959316   0.208854  24.079130
 P Tensor eigenvectors:
                   0          1          2    
      0       0.094139  -0.905156  -0.414525
      1      -0.141621   0.399964  -0.905523
      2       0.985435   0.143951  -0.090536
 P Eigenvalues: 
                  0          1          2    
      0      23.990681  26.060986  30.575892
P(iso)  26.875853
 Nucleus: 43 H 
 Shielding tensor (ppm): 
                  0          1          2    
      0      26.803526   1.731288  -0.696862
      1       1.731384  29.765970  -0.772535
      2       1.061033  -0.008399  24.056247
 P Tensor eigenvectors:
                   0          1          2    
      0      -0.112441  -0.902331  -0.416119
      1       0.112291   0.404553  -0.907594
      2       0.987293  -0.148777   0.055835
 P Eigenvalues: 
                  0          1          2    
      0      23.992251  26.059433  30.574059
P(iso)  26.875248
 Nucleus: 45 H 
 Shielding tensor (ppm): 
                  0          1          2    
      0      34.970813  -0.769820   0.039633
      1      -1.278498  25.622468   0.029723
      2       0.036226   0.031876  23.768335
 P Tensor eigenvectors:
                   0          1          2    
      0      -0.005107   0.103376  -0.994629
      1      -0.019447   0.994444   0.103456
      2       0.999798   0.019871  -0.003068
 P Eigenvalues: 
                  0          1          2    
      0      23.767540  25.512441  35.081635
P(iso)  28.120539
 Nucleus: 46 H 
 Shielding tensor (ppm): 
                  0          1          2    
      0      34.933621  -0.857462   0.023183
      1      -1.375470  25.666614   0.032932
      2      -0.012768   0.033339  23.758890
 P Tensor eigenvectors:
                   0          1          2    
      0      -0.002563   0.113675  -0.993515
      1      -0.018773   0.993337   0.113703
      2       0.999820   0.018942  -0.000412
 P Eigenvalues: 
                  0          1          2    
      0      23.758258  25.534810  35.066058
P(iso)  28.119709
 Nucleus: 47 H 
 Shielding tensor (ppm): 
                  0          1          2    
      0      28.646204   2.149499   0.074650
      1       3.404924  36.023525   0.257345
      2       0.105778   0.247154  25.668640
 P Tensor eigenvectors:
                   0          1          2    
      0      -0.010046  -0.945239  -0.326224
      1      -0.021620   0.326370  -0.944995
      2       0.999716  -0.002440  -0.023715
 P Eigenvalues: 
                  0          1          2    
      0      25.662271  27.718487  36.957611
P(iso)  30.112790
# -----------------------------------------------------------
$ EPRNMR_ATensor
   description: Hyperfine A tensor
   geom. index: 1
   prop. index: 1
 Number of stored nuclei 27
 Source density: 1 SCF 
 Spin multiplicity: 2 
 Nucleus: 9 H  
 Isotope: 1 
 Nuclear Spin:  0.5 
 Prefactor (MHz): 533.551395 
 Raw A tensor (MHz): 
                  0          1          2    
      0      -0.039220   0.005461   0.000099
      1       0.005438   0.095578   0.002295
      2       0.000098   0.002296  -0.040183
 A Tensor eigenvectors:
                   0          1          2    
      0       0.999151   0.008001   0.040405
      1      -0.040534   0.016579   0.999041
      2       0.007324  -0.999831   0.016889
 A Eigenvalues: 
                  0          1          2    
      0      -0.039440  -0.040222   0.095837
A(iso)  0.005391
 Nucleus: 10 H  
 Isotope: 1 
 Nuclear Spin:  0.5 
 Prefactor (MHz): 533.551395 
 Raw A tensor (MHz): 
                  0          1          2    
      0      -0.073457   0.147753   0.002485
      1       0.147744   0.218379   0.006035
      2       0.002485   0.006035  -0.147338
 A Tensor eigenvectors:
                   0          1          2    
      0       0.922693   0.003315   0.385521
      1      -0.385526   0.015157   0.922573
      2      -0.002784  -0.999880   0.015263
 A Eigenvalues: 
                  0          1          2    
      0      -0.135196  -0.147438   0.280218
A(iso)  -0.000805
 Nucleus: 12 H  
 Isotope: 1 
 Nuclear Spin:  0.5 
 Prefactor (MHz): 533.551395 
 Raw A tensor (MHz): 
                  0          1          2    
      0      -0.025557   0.030505   0.002783
      1       0.030502   0.059412   0.008545
      2       0.002783   0.008544  -0.034973
 A Tensor eigenvectors:
                   0          1          2    
      0       0.946280   0.106617   0.305266
      1      -0.312156   0.054971   0.948439
      2       0.084339  -0.992779   0.085299
 A Eigenvalues: 
                  0          1          2    
      0      -0.035371  -0.035745   0.069998
A(iso)  -0.000372
 Nucleus: 13 H  
 Isotope: 1 
 Nuclear Spin:  0.5 
 Prefactor (MHz): 533.551395 
 Raw A tensor (MHz): 
                  0          1          2    
      0      -0.025498   0.030576  -0.001673
      1       0.030572   0.059815  -0.005114
      2      -0.001673  -0.005114  -0.035418
 A Tensor eigenvectors:
                   0          1          2    
      0       0.948147   0.087398  -0.305579
      1      -0.308770   0.025345  -0.950799
      2      -0.075353   0.995851   0.051017
 A Eigenvalues: 
                  0          1          2    
      0      -0.035321  -0.035695   0.069915
A(iso)  -0.000367
 Nucleus: 15 H  
 Isotope: 1 
 Nuclear Spin:  0.5 
 Prefactor (MHz): 533.551395 
 Raw A tensor (MHz): 
                  0          1          2    
      0      -0.027423   0.011344   0.000960
      1       0.011333   0.056156   0.007114
      2       0.000959   0.007114  -0.028496
 A Tensor eigenvectors:
                   0          1          2    
      0       0.987970   0.081057   0.131704
      1      -0.137610   0.072171   0.987854
      2       0.070567  -0.994093   0.082457
 A Eigenvalues: 
                  0          1          2    
      0      -0.028933  -0.029090   0.058261
A(iso)  0.000079
 Nucleus: 16 H  
 Isotope: 1 
 Nuclear Spin:  0.5 
 Prefactor (MHz): 533.551395 
 Raw A tensor (MHz): 
                  0          1          2    
      0      -0.027359   0.011407  -0.000557
      1       0.011396   0.056442  -0.004100
      2      -0.000556  -0.004100  -0.028842
 A Tensor eigenvectors:
                   0          1          2    
      0       0.989402   0.059702  -0.132362
      1      -0.134856   0.039878  -0.990062
      2      -0.053830   0.997419   0.047507
 A Eigenvalues: 
                  0          1          2    
      0      -0.028882  -0.029039   0.058162
A(iso)  0.000080
 Nucleus: 18 H  
 Isotope: 1 
 Nuclear Spin:  0.5 
 Prefactor (MHz): 533.551395 
 Raw A tensor (MHz): 
                  0          1          2    
      0      -0.016535   0.015884  -0.000658
      1       0.015881   0.037459  -0.002375
      2      -0.000658  -0.002374  -0.020888
 A Tensor eigenvectors:
                   0          1          2    
      0       0.960265   0.094521  -0.262595
      1      -0.265098   0.014758  -0.964108
      2      -0.087253   0.995413   0.039229
 A Eigenvalues: 
                  0          1          2    
      0      -0.020860  -0.020985   0.041881
A(iso)  0.000012
 Nucleus: 19 H  
 Isotope: 1 
 Nuclear Spin:  0.5 
 Prefactor (MHz): 533.551395 
 Raw A tensor (MHz): 
                  0          1          2    
      0      -0.016581   0.015823   0.001258
      1       0.015820   0.037263   0.004576
      2       0.001258   0.004576  -0.020649
 A Tensor eigenvectors:
                   0          1          2    
      0       0.958092   0.116226   0.261823
      1      -0.268555   0.046357   0.962148
      2       0.099689  -0.992140   0.075628
 A Eigenvalues: 
                  0          1          2    
      0      -0.020884  -0.021011   0.041927
A(iso)  0.000011
 Nucleus: 21 H  
 Isotope: 1 
 Nuclear Spin:  0.5 
 Prefactor (MHz): 533.551395 
 Raw A tensor (MHz): 
                  0          1          2    
      0      -0.016540   0.006150  -0.000227
      1       0.006143   0.033860  -0.001882
      2      -0.000227  -0.001881  -0.017285
 A Tensor eigenvectors:
                   0          1          2    
      0       0.992720   0.016407  -0.119318
      1      -0.119828   0.034748  -0.992186
      2      -0.012133   0.999261   0.036461
 A Eigenvalues: 
                  0          1          2    
      0      -0.017279  -0.017354   0.034668
A(iso)  0.000012
 Nucleus: 22 H  
 Isotope: 1 
 Nuclear Spin:  0.5 
 Prefactor (MHz): 533.551395 
 Raw A tensor (MHz): 
                  0          1          2    
      0      -0.016580   0.006097   0.000447
      1       0.006090   0.033727   0.003720
      2       0.000446   0.003720  -0.017111
 A Tensor eigenvectors:
                   0          1          2    
      0       0.992312   0.036335   0.118307
      1      -0.120573   0.068241   0.990356
      2       0.027911  -0.997007   0.072097
 A Eigenvalues: 
                  0          1          2    
      0      -0.017307  -0.017382   0.034726
A(iso)  0.000012
 Nucleus: 24 H  
 Isotope: 1 
 Nuclear Spin:  0.5 
 Prefactor (MHz): 533.551395 
 Raw A tensor (MHz): 
                  0          1          2    
      0      -0.192202  -0.054474   0.025797
      1      -0.054565   0.365635  -0.075522
      2       0.025814  -0.075531  -0.202182
 A Tensor eigenvectors:
                   0          1          2    
      0      -0.819607   0.564197   0.099625
      1      -0.156603  -0.053351  -0.986220
      2      -0.551107  -0.823915   0.132082
 A Eigenvalues: 
                  0          1          2    
      0      -0.185272  -0.224738   0.381262
A(iso)  -0.009583
 Nucleus: 25 H  
 Isotope: 1 
 Nuclear Spin:  0.5 
 Prefactor (MHz): 533.551395 
 Raw A tensor (MHz): 
                  0          1          2    
      0      -0.190907  -0.055735  -0.027211
      1      -0.055826   0.361420   0.090316
      2      -0.027231   0.090326  -0.198701
 A Tensor eigenvectors:
                   0          1          2    
      0      -0.832226  -0.544771   0.103073
      1      -0.171958   0.076875  -0.982100
      2       0.527096  -0.835054  -0.157655
 A Eigenvalues: 
                  0          1          2    
      0      -0.185197  -0.224768   0.381777
A(iso)  -0.009396
 Nucleus: 27 H  
 Isotope: 1 
 Nuclear Spin:  0.5 
 Prefactor (MHz): 533.551395 
 Raw A tensor (MHz): 
                  0          1          2    
      0      -0.303519   0.283934   0.130067
      1       0.283904   0.430418   0.185060
      2       0.130080   0.185079  -0.368254
 A Tensor eigenvectors:
                   0          1          2    
      0      -0.663189   0.672362  -0.328799
      1       0.393648  -0.060293  -0.917282
      2      -0.636570  -0.737763  -0.224688
 A Eigenvalues: 
                  0          1          2    
      0      -0.347188  -0.471685   0.577519
A(iso)  -0.080451
 Nucleus: 28 H  
 Isotope: 1 
 Nuclear Spin:  0.5 
 Prefactor (MHz): 533.551395 
 Raw A tensor (MHz): 
                  0          1          2    
      0      -0.298443   0.291040  -0.120486
      1       0.291010   0.440386  -0.156189
      2      -0.120501  -0.156208  -0.383098
 A Tensor eigenvectors:
                   0          1          2    
      0       0.676094   0.657263  -0.333021
      1      -0.375580  -0.081428  -0.923206
      2      -0.633906   0.749249   0.191802
 A Eigenvalues: 
                  0          1          2    
      0      -0.347133  -0.471834   0.577813
A(iso)  -0.080385
 Nucleus: 30 H  
 Isotope: 1 
 Nuclear Spin:  0.5 
 Prefactor (MHz): 533.551395 
 Raw A tensor (MHz): 
                  0          1          2    
      0      -0.375846  -0.302725   0.183319
      1      -0.303042   1.348941  -0.447647
      2       0.183451  -0.447692  -0.414844
 A Tensor eigenvectors:
                   0          1          2    
      0       0.815568  -0.551282   0.175892
      1       0.276863   0.104835  -0.955173
      2       0.508130   0.827706   0.238130
 A Eigenvalues: 
                  0          1          2    
      0      -0.364451  -0.593646   1.516348
A(iso)  0.186084
 Nucleus: 31 H  
 Isotope: 1 
 Nuclear Spin:  0.5 
 Prefactor (MHz): 533.551395 
 Raw A tensor (MHz): 
                  0          1          2    
      0      -0.367341  -0.306284  -0.191504
      1      -0.306597   1.323491   0.491869
      2      -0.191645   0.491920  -0.393647
 A Tensor eigenvectors:
                   0          1          2    
      0      -0.824986   0.535505  -0.180644
      1      -0.291112  -0.128689   0.947994
      2       0.484408   0.834670   0.262059
 A Eigenvalues: 
                  0          1          2    
      0      -0.363027  -0.592358   1.517888
A(iso)  0.187501
 Nucleus: 33 H  
 Isotope: 1 
 Nuclear Spin:  0.5 
 Prefactor (MHz): 533.551395 
 Raw A tensor (MHz): 
                  0          1          2    
      0      -0.908570   1.361545  -0.859966
      1       1.361403   0.820823  -0.627732
      2      -0.859965  -0.628132  -1.501338
 A Tensor eigenvectors:
                   0          1          2    
      0       0.558129   0.493498   0.667047
      1      -0.547330   0.823174  -0.151044
      2      -0.623636  -0.280792   0.729544
 A Eigenvalues: 
                  0          1          2    
      0      -1.282859   1.851326  -2.157552
A(iso)  -0.529695
 Nucleus: 34 H  
 Isotope: 1 
 Nuclear Spin:  0.5 
 Prefactor (MHz): 533.551395 
 Raw A tensor (MHz): 
                  0          1          2    
      0      -0.941156   1.323676   0.908415
      1       1.323541   0.781364   0.718433
      2       0.908410   0.718835  -1.428582
 A Tensor eigenvectors:
                   0          1          2    
      0       0.546226   0.488040  -0.680775
      1      -0.565318   0.814512   0.130327
      2       0.618104   0.313667   0.720805
 A Eigenvalues: 
                  0          1          2    
      0      -1.283139   1.851291  -2.156526
A(iso)  -0.529458
 Nucleus: 36 H  
 Isotope: 1 
 Nuclear Spin:  0.5 
 Prefactor (MHz): 533.551395 
 Raw A tensor (MHz): 
                  0          1          2    
      0      -5.500300  -2.447862  -3.452094
      1      -2.449919   0.214241   4.263941
      2      -3.453582   4.264491  -5.072824
 A Tensor eigenvectors:
                   0          1          2    
      0       0.377023  -0.683552  -0.624988
      1      -0.778781  -0.599219   0.185570
      2      -0.501351   0.416765  -0.758257
 A Eigenvalues: 
                  0          1          2    
      0       4.146284  -5.542828  -8.962338
A(iso)  -3.452961
 Nucleus: 37 H  
 Isotope: 1 
 Nuclear Spin:  0.5 
 Prefactor (MHz): 533.551395 
 Raw A tensor (MHz): 
                  0          1          2    
      0      -5.622873  -2.467898   3.375815
      1      -2.470010   0.463851  -4.153782
      2       3.377244  -4.154296  -5.183821
 A Tensor eigenvectors:
                   0          1          2    
      0      -0.367825   0.675509   0.639056
      1       0.792991   0.586790  -0.163836
      2      -0.485664   0.446503  -0.751509
 A Eigenvalues: 
                  0          1          2    
      0       4.154562  -5.536752  -8.960652
A(iso)  -3.447614
 Nucleus: 39 H  
 Isotope: 1 
 Nuclear Spin:  0.5 
 Prefactor (MHz): 533.551395 
 Raw A tensor (MHz): 
                  0          1          2    
      0      29.796705   5.809353   3.623574
      1       5.810311  29.572788   3.851260
      2       3.627084   3.852133  26.011565
 A Tensor eigenvectors:
                   0          1          2    
