-------------------------------------------------------------
----------------------- !PROPERTIES! ------------------------
-------------------------------------------------------------
# -----------------------------------------------------------
$ PAL_Flags
   description: The PAL Flags
   geom. index: 1
   prop. index: 1
        Diskflag:     2
# -----------------------------------------------------------
$ SCF_Energy
   description: The SCF energy
   geom. index: 1
   prop. index: 1
        SCF Energy:     -815.7961182319
# -----------------------------------------------------------
$ DFT_Energy
   description: The DFT energy
   geom. index: 1
   prop. index: 1
   Number of Alpha Electrons                 77.0002037353 
   Number of Beta  Electrons                 76.0002009734 
   Total number of  Electrons               153.0004047087 
   Exchange energy                          -93.8270518604 
   Correlation energy                        -5.8964108201 
   Correlation energy NL                      0.0000000000 
   Exchange-Correlation energy              -99.7234626804 
   Embedding correction                       0.0000000000 
   Total DFT Energy (No VdW correction)    -815.7961182319 
# -----------------------------------------------------------
$ Mayer_Pop
   description: The Mayer population analysis
   geom. index: 1
   prop. index: 1
     Number of atoms                     : 48
     Threshold for printing              : 0.1000000
     Number of bond orders printed       : 48
  NA   - Mulliken gross atomic population
  ZA   - Total nuclear charge
  QA   - Mulliken gross atomic charge
  VA   - Mayer's total valence
  BVA  - Mayer's bonded valence
  FA   - Mayer's free valence
  ATOM       NA         ZA         QA         VA         BVA        FA
  0   0     6.6049     6.0000    -0.6049     3.3886     3.3886     0.0000
  1   0     5.3735     6.0000     0.6265     2.8964     2.8964     0.0000
  2   0     5.3735     6.0000     0.6265     2.8952     2.8952     0.0000
  3   0     6.0388     6.0000    -0.0388     3.8145     3.8145     0.0000
  4   0     6.0642     6.0000    -0.0642     4.1285     4.1285     0.0000
  5   0     5.9798     6.0000     0.0202     3.8830     3.8830     0.0000
  6   0     6.0376     6.0000    -0.0376     3.8152     3.8152     0.0000
  7   0     6.0637     6.0000    -0.0637     4.1282     4.1282     0.0000
  8   0     5.9783     6.0000     0.0217     3.8808     3.8808     0.0000
  9   0     1.0508     1.0000    -0.0508     1.0031     1.0031     0.0000
 10   0     1.0509     1.0000    -0.0509     1.0030     1.0030     0.0000
 11   0     5.9573     6.0000     0.0427     4.0291     4.0291     0.0000
 12   0     0.9683     1.0000     0.0317     0.9699     0.9699     0.0000
 13   0     0.9683     1.0000     0.0317     0.9698     0.9698     0.0000
 14   0     6.0366     6.0000    -0.0366     4.1153     4.1153     0.0000
 15   0     0.9835     1.0000     0.0165     0.9629     0.9629     0.0000
 16   0     0.9836     1.0000     0.0164     0.9629     0.9629     0.0000
 17   0     6.0244     6.0000    -0.0244     4.1174     4.1174     0.0000
 18   0     0.9938     1.0000     0.0062     0.9674     0.9674     0.0000
 19   0     0.9938     1.0000     0.0062     0.9674     0.9674     0.0000
 20   0     5.9969     6.0000     0.0031     4.0167     4.0167     0.0000
 21   0     0.9827     1.0000     0.0173     0.9773     0.9773     0.0000
 22   0     0.9828     1.0000     0.0172     0.9774     0.9774     0.0000
 23   0     5.9518     6.0000     0.0482     4.0208     4.0208     0.0000
 24   0     0.9679     1.0000     0.0321     0.9694     0.9694     0.0000
 25   0     0.9680     1.0000     0.0320     0.9698     0.9698     0.0000
 26   0     6.0359     6.0000    -0.0359     4.1172     4.1172     0.0000
 27   0     0.9834     1.0000     0.0166     0.9634     0.9634     0.0000
 28   0     0.9831     1.0000     0.0169     0.9632     0.9632     0.0000
 29   0     5.9852     6.0000     0.0148     4.0741     4.0741     0.0000
 30   0     0.9964     1.0000     0.0036     0.9696     0.9696     0.0000
 31   0     0.9964     1.0000     0.0036     0.9696     0.9696     0.0000
 32   0     6.0064     6.0000    -0.0064     4.0848     4.0847     0.0001
 33   0     0.9979     1.0000     0.0021     0.9700     0.9700     0.0000
 34   0     0.9978     1.0000     0.0022     0.9699     0.9699     0.0000
 35   0     6.0001     6.0000    -0.0001     4.0591     4.0564     0.0027
 36   0     0.9964     1.0000     0.0036     0.9708     0.9708     0.0000
 37   0     0.9964     1.0000     0.0036     0.9709     0.9709     0.0000
 38   0     6.0013     6.0000    -0.0013     4.1002     4.0977     0.0025
 39   0     0.9892     1.0000     0.0108     0.9658     0.9656     0.0002
 40   0     0.9892     1.0000     0.0108     0.9658     0.9656     0.0002
 41   0     6.0687     6.0000    -0.0687     3.9787     3.1229     0.8558
 42   0     0.9750     1.0000     0.0250     0.9761     0.9738     0.0023
 43   0     0.9750     1.0000     0.0250     0.9760     0.9737     0.0023
 44   0     6.6051     6.0000    -0.6051     3.3885     3.3885     0.0000
 45   0     1.0290     1.0000    -0.0290     1.0305     1.0305     0.0000
 46   0     1.0290     1.0000    -0.0290     1.0306     1.0306     0.0000
 47   0     0.9872     1.0000     0.0128     0.9735     0.9735     0.0000
      Bond orders larger than 0.1000000
           Atom A     A.N. of A          Atom B    A.N. of B              Bond order
                0             6               1            6                2.120432
                0             6              45            1                1.118377
                1             6               3            6                0.908753
                2             6               6            6                0.907842
                2             6              44            6                2.120250
                3             6               4            6                1.396908
                3             6               8            6                1.372285
                4             6               5            6                1.426774
                4             6              11            6                1.090445
                5             6               6            6                1.373151
                5             6               9            1                0.921315
                6             6               7            6                1.397448
                7             6               8            6                1.426707
                7             6              23            6                1.089488
                8             6              10            1                0.921897
               11             6              12            1                0.898161
               11             6              13            1                0.897979
               11             6              14            6                1.104187
               14             6              15            1                0.929276
               14             6              16            1                0.929367
               14             6              17            6                1.075092
               17             6              18            1                0.941035
               17             6              19            1                0.941036
               17             6              20            6                1.106004
               20             6              21            1                0.966255
               20             6              22            1                0.966197
               20             6              47            1                0.961710
               23             6              24            1                0.897228
               23             6              25            1                0.897223
               23             6              26            6                1.102934
               26             6              27            1                0.927296
               26             6              28            1                0.926903
               26             6              29            6                1.076756
               29             6              30            1                0.933828
               29             6              31            1                0.933784
               29             6              32            6                1.077890
               32             6              33            1                0.935861
               32             6              34            1                0.935855
               32             6              35            6                1.077893
               35             6              36            1                0.940095
               35             6              37            1                0.940104
               35             6              38            6                1.048565
               38             6              39            1                0.935931
               38             6              40            1                0.935895
               38             6              41            6                1.136127
               41             6              42            1                0.964915
               41             6              43            1                0.964918
               44             6              46            1                1.118492
# -----------------------------------------------------------
$ Calculation_Info
   description: Details of the calculation
   geom. index: 1
   prop. index: 1
     Multiplicity:                          2
     Charge:                                0
     number of atoms:                       48
     number of electrons:                   0
     number of frozen core electrons:       1
     number of correlated electrons:        0
     number of basis functions:             429
     number of aux C basis functions:       2871
     number of aux J basis functions:       2871
     number of aux JK basis functions:      2871
     number of aux CABS basis functions:    0
     Total Energy                           -815.796118
# -----------------------------------------------------------
$ SCF_Electric_Properties
   description: The SCF Calculated Electric Properties
   geom. index: 1
   prop. index: 1
       Filename                          : cc-pVDZ.scfp 
       Do Dipole Moment Calculation      : true 
       Do Quadrupole Moment Calculation  : false 
       Do Polarizability Calculation     : false 
** Dipole moment part of electric properties **
        Magnitude of dipole moment (Debye) :        0.3352237802
        Electronic Contribution:
                  0    
      0      -2.075723
      1     -10.768963
      2      -0.138068
        Nuclear Contribution:
                  0    
      0       2.054393
      1      10.638830
      2       0.136099
        Total Dipole moment:
                  0    
      0      -0.021330
      1      -0.130133
      2      -0.001969
# -----------------------------------------------------------
$ EPRNMR_GTensor
   description: Electronic g tensor
   geom. index: 1
   prop. index: 1
 Source density: 1 SCF 
 Spin multiplicity: 2 
 raw g tensor: 
                  0          1          2    
      0       2.002738   0.000173   0.000000
      1       0.000202   2.002535  -0.000005
      2       0.000001  -0.000006   2.003010
 g tensor: 
                  0          1          2    
      0      -0.511807   0.859054   0.008904
      1       0.859059   0.511653   0.015108
      2       0.008423   0.015381  -0.999846
 G eigenvalues: 
                  0          1          2    
      0       2.002424   2.002849   2.003010
# -----------------------------------------------------------
$ EPRNMR_OrbitalShielding
   description: Orbital contribution to the NMR Shielding tensor (ppm)
   geom. index: 1
   prop. index: 1
 Number of stored nuclei 27
 Source density: 1 SCF 
 Nucleus: 9 H 
 Shielding tensor (ppm): 
                  0          1          2    
      0     -15.986468 107.735141   1.458233
      1     -216.111471  69.580206   0.282852
      2      -3.873631   0.394992  36.732028
 P Tensor eigenvectors:
                   0          1          2    
      0       0.000532   0.404205  -0.914668
      1      -0.012077   0.914604   0.404169
      2       0.999927   0.010831   0.005368
 P Eigenvalues: 
                  0          1          2    
      0      36.728029  15.527146  38.070590
P(iso)  30.108588
 Nucleus: 10 H 
 Shielding tensor (ppm): 
                  0          1          2    
      0     103.889284 -93.397878  -1.577022
      1      32.385698  58.377338  -1.372375
      2       0.122324  -0.720887 115.855928
 P Tensor eigenvectors:
                   0          1          2    
      0      -0.713629   0.002098   0.700521
      1      -0.700337  -0.025263  -0.713365
      2      -0.016201   0.999679  -0.019498
 P Eigenvalues: 
                  0          1          2    
      0      51.036849 115.872239 111.213462
P(iso)  92.707517
 Nucleus: 12 H 
 Shielding tensor (ppm): 
                  0          1          2    
      0      55.124146 -208.822237 152.629235
      1     315.248525  16.596258 346.410838
      2     -96.100224 -256.494336  54.172711
 P Tensor eigenvectors:
                   0          1          2    
      0      -0.694176   0.355806   0.625716
      1       0.347493   0.926933  -0.141576
      2       0.630371  -0.119153   0.767095
 P Eigenvalues: 
                  0          1          2    
      0      19.381171  44.779980  61.731963
P(iso)  41.964372
 Nucleus: 13 H 
 Shielding tensor (ppm): 
                  0          1          2    
      0      55.129386 -204.548614 -159.981854
      1     313.789738  19.834765 -345.253752
      2     107.266466 253.455892  50.125886
 P Tensor eigenvectors:
                   0          1          2    
      0      -0.689988   0.354226  -0.631222
      1       0.370103   0.922105   0.112903
      2      -0.622046   0.155715   0.767341
 P Eigenvalues: 
                  0          1          2    
      0      18.970437  44.591088  61.528513
P(iso)  41.696679
 Nucleus: 15 H 
 Shielding tensor (ppm): 
                  0          1          2    
      0      35.574349 286.789304  91.416359
      1     -392.187950  69.832722 449.378389
      2     -78.339206 -328.773540  90.230504
 P Tensor eigenvectors:
                   0          1          2    
      0       0.750696   0.155158   0.642170
      1      -0.128523   0.987757  -0.088414
      2       0.648026   0.016162  -0.761447
 P Eigenvalues: 
                  0          1          2    
      0      65.578386  54.818222  75.240967
P(iso)  65.212525
 Nucleus: 16 H 
 Shielding tensor (ppm): 
                  0          1          2    
      0      35.120497 286.602494 -81.632032
      1     -389.932386  74.185333 -454.225366
      2      63.729876 331.043824  85.063426
 P Tensor eigenvectors:
                   0          1          2    
      0      -0.757525   0.156151   0.633856
      1       0.105352   0.987485  -0.117361
      2       0.644249   0.022126   0.764495
 P Eigenvalues: 
                  0          1          2    
      0      64.905857  54.551698  74.911702
P(iso)  64.789752
 Nucleus: 18 H 
 Shielding tensor (ppm): 
                  0          1          2    
      0      27.683295 -327.442134 -151.839109
      1     472.423400   6.823253 -511.805645
      2     104.963762 372.193310  -0.270929
 P Tensor eigenvectors:
                   0          1          2    
      0      -0.720186   0.195178  -0.665760
      1       0.220871   0.974186   0.046671
      2      -0.657683   0.113436   0.744705
 P Eigenvalues: 
                  0          1          2    
      0     -10.409988  18.627349  26.018258
P(iso)  11.411873
 Nucleus: 19 H 
 Shielding tensor (ppm): 
                  0          1          2    
      0      27.458348 -327.596173 140.733678
      1     468.445603   1.775071 519.638222
      2     -87.825950 -377.850262   6.057814
 P Tensor eigenvectors:
                   0          1          2    
      0      -0.730198   0.197431   0.654088
      1       0.197294   0.977487  -0.074794
      2       0.654130  -0.074433   0.752711
 P Eigenvalues: 
                  0          1          2    
      0      -9.962157  18.888240  26.365149
P(iso)  11.763744
 Nucleus: 21 H 
 Shielding tensor (ppm): 
                  0          1          2    
      0     -29.705181 376.050339 -78.543771
      1     -484.409205  58.701441 -568.593166
      2      53.888184 413.394031   1.860190
 P Tensor eigenvectors:
                   0          1          2    
      0       0.753370   0.207658  -0.623948
      1      -0.086949   0.971957   0.218496
      2      -0.651823   0.110357  -0.750299
 P Eigenvalues: 
                  0          1          2    
      0      -5.216009  15.114361  20.958098
P(iso)  10.285483
 Nucleus: 22 H 
 Shielding tensor (ppm): 
                  0          1          2    
      0     -29.141079 380.557016  91.752121
      1     -492.870916  53.114041 562.334932
      2     -72.134931 -405.528427   8.861736
 P Tensor eigenvectors:
                   0          1          2    
      0       0.741708   0.208155   0.637605
      1      -0.110659   0.975574  -0.189763
      2       0.661531  -0.070192  -0.746626
 P Eigenvalues: 
                  0          1          2    
      0      -4.138050  15.500073  21.472673
P(iso)  10.944899
 Nucleus: 24 H 
 Shielding tensor (ppm): 
                  0          1          2    
      0     101.585588 -57.188700 112.931486
      1      82.007545  30.543492  94.972957
      2     -69.289098 -71.940632  92.975877
 P Tensor eigenvectors:
                   0          1          2    
      0      -0.380713   0.765998   0.517982
      1       0.797291   0.555664  -0.235720
      2       0.468385  -0.323241   0.822272
 P Eigenvalues: 
                  0          1          2    
      0      47.822555  74.371811 102.910591
P(iso)  75.034986
 Nucleus: 25 H 
 Shielding tensor (ppm): 
                  0          1          2    
      0     102.835992 -54.612236 -114.419000
      1      81.637238  31.525983 -94.887034
      2      72.594560  68.322230  91.426570
 P Tensor eigenvectors:
                   0          1          2    
      0      -0.367257   0.758620  -0.538161
      1       0.815427   0.540940   0.206066
      2      -0.447439   0.363152   0.817263
 P Eigenvalues: 
                  0          1          2    
      0      47.862559  74.814182 103.111804
P(iso)  75.262848
 Nucleus: 27 H 
 Shielding tensor (ppm): 
                  0          1          2    
      0      95.580102 127.218865 -44.586106
      1     -194.299867  65.827003 -215.818578
      2      38.260200 155.155312 124.117109
 P Tensor eigenvectors:
                   0          1          2    
      0      -0.764051   0.072128   0.641111
      1       0.138112   0.988980   0.053332
      2       0.630199  -0.129293   0.765593
 P Eigenvalues: 
                  0          1          2    
      0     111.190690  69.987010 104.346513
P(iso)  95.174738
 Nucleus: 28 H 
 Shielding tensor (ppm): 
                  0          1          2    
      0      95.045592 128.781893  48.522331
      1     -197.177735  63.757875 210.035092
      2     -45.573096 -154.306714 125.818440
 P Tensor eigenvectors:
                   0          1          2    
      0      -0.751267   0.071740  -0.656088
      1       0.161089   0.983942  -0.076870
      2      -0.640038   0.163439   0.750759
 P Eigenvalues: 
                  0          1          2    
      0     110.789406  69.745243 104.087257
P(iso)  94.873969
 Nucleus: 30 H 
 Shielding tensor (ppm): 
                  0          1          2    
      0      90.868320 -224.303050 111.103492
      1     296.280973  14.294621 322.762510
      2     -68.152975 -237.654965  74.152686
 P Tensor eigenvectors:
                   0          1          2    
      0      -0.697671   0.349923   0.625147
      1       0.247104   0.936588  -0.248480
      2       0.672454   0.018881   0.739898
 P Eigenvalues: 
                  0          1          2    
      0      60.216853  49.070479  70.028295
P(iso)  59.771876
 Nucleus: 31 H 
 Shielding tensor (ppm): 
                  0          1          2    
      0      92.027740 -225.279663 -118.149004
      1     300.137950  17.164717 -318.771441
      2      78.447111 231.564727  70.864186
 P Tensor eigenvectors:
                   0          1          2    
      0      -0.684260   0.350742  -0.639350
      1       0.269502   0.936295   0.225211
      2      -0.677611   0.018203   0.735195
 P Eigenvalues: 
                  0          1          2    
      0      60.585586  49.235747  70.235309
P(iso)  60.018881
 Nucleus: 33 H 
 Shielding tensor (ppm): 
                  0          1          2    
      0      71.864571 298.688719  66.709617
      1     -413.183819  55.549823 425.948181
      2     -59.379098 -310.798437 103.551513
 P Tensor eigenvectors:
                   0          1          2    
      0       0.720298   0.066715   0.690449
      1      -0.110851   0.993643   0.019632
      2       0.684751   0.090678  -0.723114
 P Eigenvalues: 
                  0          1          2    
      0      90.538633  58.846607  81.580667
P(iso)  76.988636
 Nucleus: 34 H 
 Shielding tensor (ppm): 
                  0          1          2    
      0      72.438059 294.554240 -57.740443
      1     -406.497362  59.347980 -435.268125
      2      45.622536 315.324504  99.940031
 P Tensor eigenvectors:
                   0          1          2    
      0      -0.733504   0.067431   0.676332
      1       0.088951   0.996032  -0.002836
      2       0.673839  -0.058081   0.736591
 P Eigenvalues: 
                  0          1          2    
      0      90.926032  59.012116  81.787921
P(iso)  77.242023
 Nucleus: 36 H 
 Shielding tensor (ppm): 
                  0          1          2    
      0      65.347783 -357.920437 -126.985907
      1     488.245135  10.761162 -523.014566
      2      85.476963 376.365965  41.322356
 P Tensor eigenvectors:
                   0          1          2    
      0       0.716012   0.210101   0.665721
      1      -0.176560   0.977133  -0.118484
      2       0.675391   0.032703  -0.736734
 P Eigenvalues: 
                  0          1          2    
      0      33.625505  34.987158  48.818637
P(iso)  39.143767
 Nucleus: 37 H 
 Shielding tensor (ppm): 
                  0          1          2    
      0      64.116459 -354.179015 116.114277
      1     480.390988   6.117753 531.127308
      2     -69.697489 -384.141444  46.455844
 P Tensor eigenvectors:
                   0          1          2    
      0      -0.729037   0.209908   0.651494
      1       0.155367   0.977720  -0.141156
      2       0.666608   0.001687   0.745407
 P Eigenvalues: 
                  0          1          2    
      0      33.238284  34.834912  48.616859
P(iso)  38.896685
 Nucleus: 39 H 
 Shielding tensor (ppm): 
                  0          1          2    
      0      24.570023 424.838137 -61.841990
      1     -573.631704  56.133525 -611.424353
      2      40.241224 435.939595  57.092591
 P Tensor eigenvectors:
                   0          1          2    
      0      -0.728777   0.100460   0.677342
      1       0.057353   0.994659  -0.085815
      2       0.682345   0.023693   0.730646
 P Eigenvalues: 
                  0          1          2    
      0      49.909460  36.760625  51.126054
P(iso)  45.932046
 Nucleus: 40 H 
 Shielding tensor (ppm): 
                  0          1          2    
      0      23.976940 431.746754  74.384009
      1     -584.699252  50.738257 598.873218
      2     -58.932903 -426.912847  62.667554
 P Tensor eigenvectors:
                   0          1          2    
      0      -0.714249  -0.100909  -0.692579
      1       0.078736  -0.994855   0.063750
      2      -0.695448  -0.008997   0.718520
 P Eigenvalues: 
                  0          1          2    
      0      49.716035  36.665166  51.001550
P(iso)  45.794250
 Nucleus: 42 H 
 Shielding tensor (ppm): 
                  0          1          2    
      0     -92.589296 -152.416882 112.006240
      1     264.223329  12.469021 657.234369
      2     -59.750032 -441.513945 -127.376199
 P Tensor eigenvectors:
                   0          1          2    
      0       0.931598  -0.045958   0.360574
      1      -0.119722  -0.975419   0.184996
      2      -0.343209   0.215511   0.914201
 P Eigenvalues: 
                  0          1          2    
      0     -115.495292 -35.100750 -56.900433
P(iso)  -69.165491
 Nucleus: 43 H 
 Shielding tensor (ppm): 
                  0          1          2    
      0     -91.578418 -157.544649 -116.112193
      1     275.012311  19.004550 -647.624089
      2      68.941472 443.268694 -134.851355
 P Tensor eigenvectors:
                   0          1          2    
      0       0.924770  -0.041478  -0.378260
      1      -0.130631  -0.968237  -0.213195
      2       0.357402  -0.246569   0.900815
 P Eigenvalues: 
                  0          1          2    
      0     -115.459145 -35.091625 -56.874452
P(iso)  -69.141741
 Nucleus: 45 H 
 Shielding tensor (ppm): 
                  0          1          2    
      0      58.346422 -142.907525  -1.526467
      1     185.555240 -113.200264   0.339756
      2       3.451701  -1.044984 -87.777504
 P Tensor eigenvectors:
                   0          1          2    
      0       0.678868   0.004755  -0.734245
      1       0.734107   0.016094   0.678843
      2       0.015045  -0.999859   0.007434
 P Eigenvalues: 
                  0          1          2    
      0     -12.869473 -87.775326 -41.986546
P(iso)  -47.543782
 Nucleus: 46 H 
 Shielding tensor (ppm): 
                  0          1          2    
      0      51.274675  69.620722   1.280972
      1     -145.108364 -92.952889  -0.773364
      2      -1.586498  -0.108108 -75.798242
 P Tensor eigenvectors:
                   0          1          2    
      0       0.597343   0.003806   0.801977
      1      -0.801941   0.013474   0.597252
      2      -0.008533  -0.999902   0.011100
 P Eigenvalues: 
                  0          1          2    
      0      -5.331964 -75.790348 -36.354143
P(iso)  -39.158818
 Nucleus: 47 H 
 Shielding tensor (ppm): 
                  0          1          2    
      0     -151.008557 -151.532274  -2.139313
      1     291.962852  25.711954   8.722159
      2       5.188888   0.282619 -169.771201
 P Tensor eigenvectors:
                   0          1          2    
      0       0.307048   0.019137   0.951502
      1      -0.951652   0.015534   0.306784
      2      -0.008909  -0.999696   0.022982
 P Eigenvalues: 
                  0          1          2    
      0     -31.930767 -169.873592 -93.263445
P(iso)  -98.355935
# -----------------------------------------------------------
$ EPRNMR_ATensor
   description: Hyperfine A tensor
   geom. index: 1
   prop. index: 1
 Number of stored nuclei 27
 Source density: 1 SCF 
 Spin multiplicity: 2 
 Nucleus: 9 H  
 Isotope: 1 
 Nuclear Spin:  0.5 
 Prefactor (MHz): 533.551395 
 Raw A tensor (MHz): 
                  0          1          2    
      0      -0.039243   0.005451   0.000100
      1       0.005429   0.095554   0.002323
      2       0.000099   0.002323  -0.040203
 A Tensor eigenvectors:
                   0          1          2    
      0       0.999151   0.008365   0.040335
      1      -0.040471   0.016767   0.999040
      2       0.007681  -0.999824   0.017091
 A Eigenvalues: 
                  0          1          2    
      0      -0.039463  -0.040243   0.095813
A(iso)  0.005369
 Nucleus: 10 H  
 Isotope: 1 
 Nuclear Spin:  0.5 
 Prefactor (MHz): 533.551395 
 Raw A tensor (MHz): 
                  0          1          2    
      0      -0.073466   0.147737   0.002551
      1       0.147729   0.218398   0.006197
      2       0.002551   0.006197  -0.147328
 A Tensor eigenvectors:
                   0          1          2    
      0       0.922713   0.003374   0.385473
      1      -0.385477   0.015575   0.922586
      2      -0.002891  -0.999873   0.015672
 A Eigenvalues: 
                  0          1          2    
      0      -0.135191  -0.147433   0.280227
A(iso)  -0.000799
 Nucleus: 12 H  
 Isotope: 1 
 Nuclear Spin:  0.5 
 Prefactor (MHz): 533.551395 
 Raw A tensor (MHz): 
                  0          1          2    
      0      -0.025566   0.030493   0.002789
      1       0.030489   0.059398   0.008565
      2       0.002789   0.008565  -0.034972
 A Tensor eigenvectors:
                   0          1          2    
      0       0.946263   0.107017   0.305179
      1      -0.312112   0.055071   0.948448
      2       0.084694  -0.992731   0.085513
 A Eigenvalues: 
                  0          1          2    
      0      -0.035373  -0.035748   0.069981
A(iso)  -0.000380
 Nucleus: 13 H  
 Isotope: 1 
 Nuclear Spin:  0.5 
 Prefactor (MHz): 533.551395 
 Raw A tensor (MHz): 
                  0          1          2    
      0      -0.025508   0.030580  -0.001667
      1       0.030577   0.059816  -0.005093
      2      -0.001667  -0.005093  -0.035431
 A Tensor eigenvectors:
                   0          1          2    
      0       0.948072   0.088182  -0.305588
      1      -0.308783   0.024867  -0.950807
      2      -0.076245   0.995794   0.050804
 A Eigenvalues: 
                  0          1          2    
      0      -0.035333  -0.035706   0.069916
A(iso)  -0.000374
 Nucleus: 15 H  
 Isotope: 1 
 Nuclear Spin:  0.5 
 Prefactor (MHz): 533.551395 
 Raw A tensor (MHz): 
                  0          1          2    
      0      -0.027419   0.011337   0.000960
      1       0.011326   0.056147   0.007119
      2       0.000959   0.007118  -0.028489
 A Tensor eigenvectors:
                   0          1          2    
      0       0.987984   0.080980   0.131647
      1      -0.137552   0.072257   0.987855
      2       0.070484  -0.994093   0.082527
 A Eigenvalues: 
                  0          1          2    
      0      -0.028927  -0.029084   0.058251
A(iso)  0.000080
 Nucleus: 16 H  
 Isotope: 1 
 Nuclear Spin:  0.5 
 Prefactor (MHz): 533.551395 
 Raw A tensor (MHz): 
                  0          1          2    
      0      -0.027362   0.011407  -0.000556
      1       0.011397   0.056451  -0.004095
      2      -0.000556  -0.004094  -0.028846
 A Tensor eigenvectors:
                   0          1          2    
      0       0.989365   0.060338  -0.132348
      1      -0.134865   0.039721  -0.990068
      2      -0.054482   0.997387   0.047436
 A Eigenvalues: 
                  0          1          2    
      0      -0.028885  -0.029042   0.058170
A(iso)  0.000081
 Nucleus: 18 H  
 Isotope: 1 
 Nuclear Spin:  0.5 
 Prefactor (MHz): 533.551395 
 Raw A tensor (MHz): 
                  0          1          2    
      0      -0.016538   0.015885  -0.000658
      1       0.015881   0.037463  -0.002373
      2      -0.000657  -0.002373  -0.020890
 A Tensor eigenvectors:
                   0          1          2    
      0       0.960252   0.094721  -0.262572
      1      -0.265076   0.014674  -0.964116
      2      -0.087469   0.995396   0.039199
 A Eigenvalues: 
                  0          1          2    
      0      -0.020862  -0.020988   0.041885
A(iso)  0.000012
 Nucleus: 19 H  
 Isotope: 1 
 Nuclear Spin:  0.5 
 Prefactor (MHz): 533.551395 
 Raw A tensor (MHz): 
                  0          1          2    
      0      -0.016580   0.015818   0.001258
      1       0.015815   0.037259   0.004578
      2       0.001258   0.004577  -0.020646
 A Tensor eigenvectors:
                   0          1          2    
      0       0.958155   0.115803   0.261779
      1      -0.268494   0.046511   0.962158
      2       0.099245  -0.992183   0.075657
 A Eigenvalues: 
                  0          1          2    
      0      -0.020882  -0.021008   0.041922
A(iso)  0.000011
 Nucleus: 21 H  
 Isotope: 1 
 Nuclear Spin:  0.5 
 Prefactor (MHz): 533.551395 
 Raw A tensor (MHz): 
                  0          1          2    
      0      -0.016542   0.006149  -0.000227
      1       0.006142   0.033863  -0.001884
      2      -0.000227  -0.001883  -0.017286
 A Tensor eigenvectors:
                   0          1          2    
      0       0.992725   0.016377  -0.119286
      1      -0.119796   0.034783  -0.992189
      2      -0.012100   0.999261   0.036491
 A Eigenvalues: 
                  0          1          2    
      0      -0.017280  -0.017355   0.034671
A(iso)  0.000012
 Nucleus: 22 H  
 Isotope: 1 
 Nuclear Spin:  0.5 
 Prefactor (MHz): 533.551395 
 Raw A tensor (MHz): 
                  0          1          2    
      0      -0.016578   0.006094   0.000446
      1       0.006087   0.033723   0.003718
      2       0.000446   0.003718  -0.017109
 A Tensor eigenvectors:
                   0          1          2    
      0       0.992316   0.036339   0.118274
      1      -0.120539   0.068211   0.990362
      2       0.027921  -0.997009   0.072067
 A Eigenvalues: 
                  0          1          2    
      0      -0.017305  -0.017380   0.034721
A(iso)  0.000012
 Nucleus: 24 H  
 Isotope: 1 
 Nuclear Spin:  0.5 
 Prefactor (MHz): 533.551395 
 Raw A tensor (MHz): 
                  0          1          2    
      0      -0.192014  -0.054562   0.025759
      1      -0.054654   0.365885  -0.075218
      2       0.025777  -0.075227  -0.202123
 A Tensor eigenvectors:
                   0          1          2    
      0      -0.819910   0.563735   0.099751
      1      -0.156378  -0.052922  -0.986278
      2      -0.550721  -0.824258   0.131547
 A Eigenvalues: 
                  0          1          2    
      0      -0.185126  -0.224571   0.381445
A(iso)  -0.009417
 Nucleus: 25 H  
 Isotope: 1 
 Nuclear Spin:  0.5 
 Prefactor (MHz): 533.551395 
 Raw A tensor (MHz): 
                  0          1          2    
      0      -0.190747  -0.055714  -0.027225
      1      -0.055804   0.361450   0.090606
      2      -0.027245   0.090616  -0.198411
 A Tensor eigenvectors:
                   0          1          2    
      0      -0.832097  -0.544970   0.103064
      1      -0.172250   0.077285  -0.982017
      2       0.527205  -0.834886  -0.158179
 A Eigenvalues: 
                  0          1          2    
      0      -0.185039  -0.224570   0.381901
A(iso)  -0.009236
 Nucleus: 27 H  
 Isotope: 1 
 Nuclear Spin:  0.5 
 Prefactor (MHz): 533.551395 
 Raw A tensor (MHz): 
                  0          1          2    
      0      -0.303251   0.283869   0.130162
      1       0.283839   0.430516   0.185368
      2       0.130176   0.185387  -0.367947
 A Tensor eigenvectors:
                   0          1          2    
      0      -0.663483   0.672075  -0.328794
      1       0.393902  -0.059849  -0.917202
      2      -0.636106  -0.738061  -0.225023
 A Eigenvalues: 
                  0          1          2    
      0      -0.346971  -0.471459   0.577747
A(iso)  -0.080227
 Nucleus: 28 H  
 Isotope: 1 
 Nuclear Spin:  0.5 
 Prefactor (MHz): 533.551395 
 Raw A tensor (MHz): 
                  0          1          2    
      0      -0.298368   0.290983  -0.120329
      1       0.290954   0.440768  -0.155869
      2      -0.120344  -0.155888  -0.382984
 A Tensor eigenvectors:
                   0          1          2    
      0       0.675948   0.657483  -0.332882
      1      -0.375199  -0.081745  -0.923333
      2      -0.634287   0.749022   0.191432
 A Eigenvalues: 
                  0          1          2    
      0      -0.346953  -0.471613   0.577983
A(iso)  -0.080195
 Nucleus: 30 H  
 Isotope: 1 
 Nuclear Spin:  0.5 
 Prefactor (MHz): 533.551395 
 Raw A tensor (MHz): 
                  0          1          2    
      0      -0.375107  -0.302956   0.183196
      1      -0.303273   1.350105  -0.446872
      2       0.183328  -0.446917  -0.414517
 A Tensor eigenvectors:
                   0          1          2    
      0       0.815540  -0.551301   0.175959
      1       0.276695   0.104422  -0.955267
      2       0.508266   0.827746   0.237703
 A Eigenvalues: 
                  0          1          2    
      0      -0.363774  -0.592911   1.517166
A(iso)  0.186827
 Nucleus: 31 H  
 Isotope: 1 
 Nuclear Spin:  0.5 
 Prefactor (MHz): 533.551395 
 Raw A tensor (MHz): 
                  0          1          2    
      0      -0.366583  -0.306374  -0.191631
      1      -0.306687   1.323535   0.492630
      2      -0.191772   0.492680  -0.392536
 A Tensor eigenvectors:
                   0          1          2    
      0      -0.825060   0.535356  -0.180747
      1      -0.291400  -0.129074   0.947853
      2       0.484109   0.834706   0.262497
 A Eigenvalues: 
                  0          1          2    
      0      -0.362403  -0.591631   1.518450
A(iso)  0.188139
 Nucleus: 33 H  
 Isotope: 1 
 Nuclear Spin:  0.5 
 Prefactor (MHz): 533.551395 
 Raw A tensor (MHz): 
                  0          1          2    
      0      -0.906246   1.361781  -0.859003
      1       1.361639   0.823952  -0.626414
      2      -0.859003  -0.626814  -1.499980
 A Tensor eigenvectors:
                   0          1          2    
      0       0.558344   0.493450   0.666903
      1      -0.546959   0.823374  -0.151301
      2      -0.623770  -0.280291   0.729622
 A Eigenvalues: 
                  0          1          2    
      0      -1.280584   1.853436  -2.155126
A(iso)  -0.527425
 Nucleus: 34 H  
 Isotope: 1 
 Nuclear Spin:  0.5 
 Prefactor (MHz): 533.551395 
 Raw A tensor (MHz): 
                  0          1          2    
      0      -0.938896   1.323045   0.908853
      1       1.322911   0.783369   0.719751
      2       0.908848   0.720152  -1.425287
 A Tensor eigenvectors:
                   0          1          2    
      0       0.546289   0.487948  -0.680790
      1      -0.565576   0.814405   0.129878
      2       0.617812   0.314088   0.720872
 A Eigenvalues: 
                  0          1          2    
      0      -1.280800   1.853790  -2.153803
A(iso)  -0.526938
 Nucleus: 36 H  
 Isotope: 1 
 Nuclear Spin:  0.5 
 Prefactor (MHz): 533.551395 
 Raw A tensor (MHz): 
                  0          1          2    
      0      -5.504125  -2.448068  -3.454494
      1      -2.450125   0.200643   4.264653
      2      -3.455984   4.265203  -5.076738
 A Tensor eigenvectors:
                   0          1          2    
      0       0.377361  -0.683476  -0.624868
      1      -0.778398  -0.599643   0.185807
      2      -0.501692   0.416280  -0.758298
 A Eigenvalues: 
                  0          1          2    
      0       4.138099  -5.549340  -8.968979
A(iso)  -3.460073
 Nucleus: 37 H  
 Isotope: 1 
 Nuclear Spin:  0.5 
 Prefactor (MHz): 533.551395 
 Raw A tensor (MHz): 
                  0          1          2    
      0      -5.631709  -2.468644   3.375372
      1      -2.470757   0.458590  -4.150715
      2       3.376801  -4.151228  -5.191937
 A Tensor eigenvectors:
                   0          1          2    
      0      -0.367814   0.675151   0.639440
      1       0.793121   0.586760  -0.163315
      2      -0.485460   0.447083  -0.751295
 A Eigenvalues: 
                  0          1          2    
      0       4.146058  -5.543464  -8.967650
A(iso)  -3.455019
 Nucleus: 39 H  
 Isotope: 1 
 Nuclear Spin:  0.5 
 Prefactor (MHz): 533.551395 
 Raw A tensor (MHz): 
                  0          1          2    
      0      29.825984   5.806873   3.624479
      1       5.807828  29.607526   3.856379
      2       3.627988   3.857252  26.047982
 A Tensor eigenvectors:
