-------------------------------------------------------------
----------------------- !PROPERTIES! ------------------------
-------------------------------------------------------------
# -----------------------------------------------------------
$ PAL_Flags
   description: The PAL Flags
   geom. index: 1
   prop. index: 1
        Diskflag:     2
# -----------------------------------------------------------
$ SCF_Energy
   description: The SCF energy
   geom. index: 1
   prop. index: 1
        SCF Energy:     -815.7961177273
# -----------------------------------------------------------
$ DFT_Energy
   description: The DFT energy
   geom. index: 1
   prop. index: 1
   Number of Alpha Electrons                 77.0002037353 
   Number of Beta  Electrons                 76.0002009732 
   Total number of  Electrons               153.0004047085 
   Exchange energy                          -93.8270531950 
   Correlation energy                        -5.8964115795 
   Correlation energy NL                      0.0000000000 
   Exchange-Correlation energy              -99.7234647744 
   Embedding correction                       0.0000000000 
   Total DFT Energy (No VdW correction)    -815.7961177273 
# -----------------------------------------------------------
$ Mayer_Pop
   description: The Mayer population analysis
   geom. index: 1
   prop. index: 1
     Number of atoms                     : 48
     Threshold for printing              : 0.1000000
     Number of bond orders printed       : 48
  NA   - Mulliken gross atomic population
  ZA   - Total nuclear charge
  QA   - Mulliken gross atomic charge
  VA   - Mayer's total valence
  BVA  - Mayer's bonded valence
  FA   - Mayer's free valence
  ATOM       NA         ZA         QA         VA         BVA        FA
  0   0     6.6049     6.0000    -0.6049     3.3886     3.3886     0.0000
  1   0     5.3735     6.0000     0.6265     2.8964     2.8964     0.0000
  2   0     5.3735     6.0000     0.6265     2.8952     2.8952     0.0000
  3   0     6.0388     6.0000    -0.0388     3.8145     3.8145     0.0000
  4   0     6.0642     6.0000    -0.0642     4.1285     4.1285     0.0000
  5   0     5.9798     6.0000     0.0202     3.8830     3.8830     0.0000
  6   0     6.0376     6.0000    -0.0376     3.8152     3.8152     0.0000
  7   0     6.0637     6.0000    -0.0637     4.1282     4.1282     0.0000
  8   0     5.9783     6.0000     0.0217     3.8808     3.8808     0.0000
  9   0     1.0508     1.0000    -0.0508     1.0031     1.0031     0.0000
 10   0     1.0509     1.0000    -0.0509     1.0030     1.0030     0.0000
 11   0     5.9573     6.0000     0.0427     4.0291     4.0291     0.0000
 12   0     0.9683     1.0000     0.0317     0.9699     0.9699     0.0000
 13   0     0.9683     1.0000     0.0317     0.9698     0.9698     0.0000
 14   0     6.0366     6.0000    -0.0366     4.1153     4.1153     0.0000
 15   0     0.9835     1.0000     0.0165     0.9629     0.9629     0.0000
 16   0     0.9836     1.0000     0.0164     0.9629     0.9629     0.0000
 17   0     6.0244     6.0000    -0.0244     4.1174     4.1174     0.0000
 18   0     0.9938     1.0000     0.0062     0.9674     0.9674     0.0000
 19   0     0.9938     1.0000     0.0062     0.9674     0.9674     0.0000
 20   0     5.9969     6.0000     0.0031     4.0167     4.0167     0.0000
 21   0     0.9827     1.0000     0.0173     0.9773     0.9773     0.0000
 22   0     0.9828     1.0000     0.0172     0.9774     0.9774     0.0000
 23   0     5.9518     6.0000     0.0482     4.0208     4.0208     0.0000
 24   0     0.9679     1.0000     0.0321     0.9694     0.9694     0.0000
 25   0     0.9680     1.0000     0.0320     0.9698     0.9698     0.0000
 26   0     6.0359     6.0000    -0.0359     4.1172     4.1172     0.0000
 27   0     0.9834     1.0000     0.0166     0.9634     0.9634     0.0000
 28   0     0.9831     1.0000     0.0169     0.9632     0.9632     0.0000
 29   0     5.9852     6.0000     0.0148     4.0741     4.0741     0.0000
 30   0     0.9964     1.0000     0.0036     0.9696     0.9696     0.0000
 31   0     0.9964     1.0000     0.0036     0.9696     0.9696     0.0000
 32   0     6.0064     6.0000    -0.0064     4.0848     4.0847     0.0001
 33   0     0.9979     1.0000     0.0021     0.9700     0.9700     0.0000
 34   0     0.9978     1.0000     0.0022     0.9699     0.9699     0.0000
 35   0     6.0001     6.0000    -0.0001     4.0591     4.0564     0.0027
 36   0     0.9964     1.0000     0.0036     0.9708     0.9708     0.0000
 37   0     0.9964     1.0000     0.0036     0.9709     0.9709     0.0000
 38   0     6.0013     6.0000    -0.0013     4.1002     4.0977     0.0025
 39   0     0.9892     1.0000     0.0108     0.9658     0.9656     0.0002
 40   0     0.9892     1.0000     0.0108     0.9658     0.9656     0.0002
 41   0     6.0687     6.0000    -0.0687     3.9787     3.1229     0.8558
 42   0     0.9750     1.0000     0.0250     0.9761     0.9738     0.0023
 43   0     0.9750     1.0000     0.0250     0.9760     0.9737     0.0023
 44   0     6.6051     6.0000    -0.6051     3.3885     3.3885     0.0000
 45   0     1.0290     1.0000    -0.0290     1.0305     1.0305     0.0000
 46   0     1.0290     1.0000    -0.0290     1.0306     1.0306     0.0000
 47   0     0.9872     1.0000     0.0128     0.9735     0.9735     0.0000
      Bond orders larger than 0.1000000
           Atom A     A.N. of A          Atom B    A.N. of B              Bond order
                0             6               1            6                2.120429
                0             6              45            1                1.118379
                1             6               3            6                0.908762
                2             6               6            6                0.907852
                2             6              44            6                2.120253
                3             6               4            6                1.396904
                3             6               8            6                1.372283
                4             6               5            6                1.426777
                4             6              11            6                1.090446
                5             6               6            6                1.373148
                5             6               9            1                0.921315
                6             6               7            6                1.397445
                7             6               8            6                1.426711
                7             6              23            6                1.089489
                8             6              10            1                0.921896
               11             6              12            1                0.898161
               11             6              13            1                0.897979
               11             6              14            6                1.104187
               14             6              15            1                0.929276
               14             6              16            1                0.929367
               14             6              17            6                1.075092
               17             6              18            1                0.941035
               17             6              19            1                0.941036
               17             6              20            6                1.106005
               20             6              21            1                0.966255
               20             6              22            1                0.966197
               20             6              47            1                0.961710
               23             6              24            1                0.897228
               23             6              25            1                0.897223
               23             6              26            6                1.102934
               26             6              27            1                0.927295
               26             6              28            1                0.926902
               26             6              29            6                1.076756
               29             6              30            1                0.933828
               29             6              31            1                0.933784
               29             6              32            6                1.077890
               32             6              33            1                0.935861
               32             6              34            1                0.935855
               32             6              35            6                1.077893
               35             6              36            1                0.940095
               35             6              37            1                0.940104
               35             6              38            6                1.048564
               38             6              39            1                0.935931
               38             6              40            1                0.935895
               38             6              41            6                1.136130
               41             6              42            1                0.964918
               41             6              43            1                0.964921
               44             6              46            1                1.118493
# -----------------------------------------------------------
$ Calculation_Info
   description: Details of the calculation
   geom. index: 1
   prop. index: 1
     Multiplicity:                          2
     Charge:                                0
     number of atoms:                       48
     number of electrons:                   0
     number of frozen core electrons:       1
     number of correlated electrons:        0
     number of basis functions:             429
     number of aux C basis functions:       2871
     number of aux J basis functions:       2871
     number of aux JK basis functions:      2871
     number of aux CABS basis functions:    0
     Total Energy                           -815.796118
# -----------------------------------------------------------
$ SCF_Electric_Properties
   description: The SCF Calculated Electric Properties
   geom. index: 1
   prop. index: 1
       Filename                          : cc-pVDZ_i.scfp 
       Do Dipole Moment Calculation      : true 
       Do Quadrupole Moment Calculation  : false 
       Do Polarizability Calculation     : false 
** Dipole moment part of electric properties **
        Magnitude of dipole moment (Debye) :        0.3352498293
        Electronic Contribution:
                  0    
      0      -2.075724
      1     -10.768973
      2      -0.138068
        Nuclear Contribution:
                  0    
      0       2.054393
      1      10.638830
      2       0.136099
        Total Dipole moment:
                  0    
      0      -0.021332
      1      -0.130143
      2      -0.001970
# -----------------------------------------------------------
$ EPRNMR_GTensor
   description: Electronic g tensor
   geom. index: 1
   prop. index: 1
 Source density: 1 SCF 
 Spin multiplicity: 2 
 raw g tensor: 
                  0          1          2    
      0       2.002350   0.000219   0.000000
      1       0.000267   2.002543  -0.000001
      2       0.000001  -0.000001   2.002718
 g tensor: 
                  0          1          2    
      0       0.827467   0.561275  -0.016362
      1      -0.561513   0.827055  -0.026131
      2      -0.001134   0.030810   0.999525
 G eigenvalues: 
                  0          1          2    
      0       2.002185   2.002708   2.002718
# -----------------------------------------------------------
$ EPRNMR_OrbitalShielding
   description: Orbital contribution to the NMR Shielding tensor (ppm)
   geom. index: 1
   prop. index: 1
 Number of stored nuclei 27
 Source density: 1 SCF 
 Nucleus: 9 H 
 Shielding tensor (ppm): 
                  0          1          2    
      0      27.811303   5.522877   0.150232
      1       5.338567  26.290242   0.173555
      2       0.142736   0.179333  18.559506
 P Tensor eigenvectors:
                   0          1          2    
      0      -0.004200  -0.657670  -0.753295
      1      -0.019831   0.753208  -0.657484
      2       0.999795   0.012176  -0.016206
 P Eigenvalues: 
                  0          1          2    
      0      18.555387  21.567542  32.538121
P(iso)  24.220350
 Nucleus: 10 H 
 Shielding tensor (ppm): 
                  0          1          2    
      0      27.815240   5.644353   0.132811
      1       5.451182  26.415432   0.166395
      2       0.147009   0.165354  18.486713
 P Tensor eigenvectors:
                   0          1          2    
      0      -0.004188  -0.662822  -0.748765
      1      -0.017884   0.748702  -0.662666
      2       0.999831   0.010616  -0.014990
 P Eigenvalues: 
                  0          1          2    
      0      18.483140  21.523962  32.710283
P(iso)  24.239128
 Nucleus: 12 H 
 Shielding tensor (ppm): 
                  0          1          2    
      0      28.365399  -1.556919   3.397299
      1      -1.180059  31.396008  -0.100569
      2       5.061037   1.078017  26.219928
 P Tensor eigenvectors:
                   0          1          2    
      0      -0.606171   0.482569  -0.632206
      1      -0.130609   0.723703   0.677640
      2       0.784537   0.493338  -0.375660
 P Eigenvalues: 
                  0          1          2    
      0      22.757242  30.837293  32.386800
P(iso)  28.660445
 Nucleus: 13 H 
 Shielding tensor (ppm): 
                  0          1          2    
      0      28.421666  -1.416550  -3.438187
      1      -0.978007  31.415389   0.296729
      2      -5.087295  -0.889636  26.137167
 P Tensor eigenvectors:
                   0          1          2    
      0       0.601035   0.483194  -0.636617
      1       0.100085   0.744770   0.659774
      2       0.792932  -0.460263   0.399272
 P Eigenvalues: 
                  0          1          2    
      0      22.761132  30.835829  32.377260
P(iso)  28.658074
 Nucleus: 15 H 
 Shielding tensor (ppm): 
                  0          1          2    
      0      30.167995   0.807149  -3.703642
      1       0.768814  31.335407   0.426242
      2      -3.627908   1.809257  27.908240
 P Tensor eigenvectors:
                   0          1          2    
      0       0.581260  -0.141859   0.801257
      1      -0.198290  -0.979696  -0.029604
      2       0.789188  -0.141673  -0.597587
 P Eigenvalues: 
                  0          1          2    
      0      24.911855  31.625085  32.874702
P(iso)  29.803881
 Nucleus: 16 H 
 Shielding tensor (ppm): 
                  0          1          2    
      0      30.065898   0.654672   3.756479
      1       0.608868  31.420025  -0.284940
      2       3.672149  -1.663197  27.922358
 P Tensor eigenvectors:
                   0          1          2    
      0      -0.591444  -0.155849   0.791142
      1       0.165614  -0.983705  -0.069972
      2       0.789155   0.089640   0.607617
 P Eigenvalues: 
                  0          1          2    
      0      24.922492  31.620748  32.865042
P(iso)  29.802760
 Nucleus: 18 H 
 Shielding tensor (ppm): 
                  0          1          2    
      0      30.642230   0.106327  -4.545752
      1       0.193500  30.738054  -0.357729
      2      -4.356252  -1.054667  28.298391
 P Tensor eigenvectors:
                   0          1          2    
      0       0.606275  -0.173595  -0.776077
      1       0.073955   0.983963  -0.162322
      2       0.791809   0.041017   0.609390
 P Eigenvalues: 
                  0          1          2    
      0      24.830552  30.686230  34.161893
P(iso)  29.892892
 Nucleus: 19 H 
 Shielding tensor (ppm): 
                  0          1          2    
      0      30.523940  -0.082400   4.570113
      1       0.016928  30.670200   0.453322
      2       4.401110   1.149604  28.494714
 P Tensor eigenvectors:
                   0          1          2    
      0      -0.617323  -0.174050  -0.767215
      1      -0.105227   0.984725  -0.138726
      2       0.779641  -0.004907  -0.626208
 P Eigenvalues: 
                  0          1          2    
      0      24.838599  30.676855  34.173400
P(iso)  29.896285
 Nucleus: 21 H 
 Shielding tensor (ppm): 
                  0          1          2    
      0      29.677898  -1.688057   3.796373
      1      -2.485172  30.728824  -2.392961
      2       3.193234  -2.058475  30.533896
 P Tensor eigenvectors:
                   0          1          2    
      0      -0.760449   0.320862   0.564593
      1      -0.035046   0.847866  -0.529052
      2       0.648452   0.422103   0.633513
 P Eigenvalues: 
                  0          1          2    
      0      26.582395  28.804120  35.554104
P(iso)  30.313539
 Nucleus: 22 H 
 Shielding tensor (ppm): 
                  0          1          2    
      0      29.832738  -1.559035  -3.887095
      1      -2.391735  30.557353   2.342349
      2      -3.317000   2.018840  30.567962
 P Tensor eigenvectors:
                   0          1          2    
      0      -0.745816   0.330623  -0.578314
      1      -0.005851   0.864856   0.501985
      2      -0.666126  -0.377773   0.643089
 P Eigenvalues: 
                  0          1          2    
      0      26.579708  28.824880  35.553465
P(iso)  30.319351
 Nucleus: 24 H 
 Shielding tensor (ppm): 
                  0          1          2    
      0      28.197509  -1.573888   3.426265
      1      -1.200701  31.620131  -0.179932
      2       5.079959   1.025972  26.205839
 P Tensor eigenvectors:
                   0          1          2    
      0      -0.614020   0.537493  -0.577997
      1      -0.122208   0.658727   0.742391
      2       0.779772   0.526479  -0.338785
 P Eigenvalues: 
                  0          1          2    
      0      22.676034  30.848724  32.498721
P(iso)  28.674493
 Nucleus: 25 H 
 Shielding tensor (ppm): 
                  0          1          2    
      0      28.354341  -1.508738  -3.455881
      1      -1.065359  31.703987   0.360039
      2      -5.087838  -0.813184  25.936040
 P Tensor eigenvectors:
                   0          1          2    
      0       0.596559   0.560692  -0.574232
      1       0.094221   0.661616   0.743900
      2       0.797019  -0.497885   0.341864
 P Eigenvalues: 
                  0          1          2    
      0      22.606888  30.800569  32.586912
P(iso)  28.664789
 Nucleus: 27 H 
 Shielding tensor (ppm): 
                  0          1          2    
      0      29.907211   0.956546   3.874216
      1       0.785586  31.822467  -0.138740
      2       3.778083  -1.605530  27.675353
 P Tensor eigenvectors:
                   0          1          2    
      0      -0.595708   0.075288   0.799665
      1       0.155579  -0.965926   0.206839
      2       0.787990   0.247626   0.563696
 P Eigenvalues: 
                  0          1          2    
      0      24.600372  31.990496  32.814163
P(iso)  29.801677
 Nucleus: 28 H 
 Shielding tensor (ppm): 
                  0          1          2    
      0      30.046321   1.061085  -3.821997
      1       0.909127  31.757098   0.293268
      2      -3.736030   1.726121  27.556450
 P Tensor eigenvectors:
                   0          1          2    
      0       0.580474   0.092081   0.809055
      1      -0.179444  -0.954693   0.237403
      2       0.794260  -0.282987  -0.537652
 P Eigenvalues: 
                  0          1          2    
      0      24.553027  31.975513  32.831329
P(iso)  29.786623
 Nucleus: 30 H 
 Shielding tensor (ppm): 
                  0          1          2    
      0      29.614976   0.091454   4.069179
      1       0.036075  32.043286  -0.046909
      2       3.716447   0.417591  28.296696
 P Tensor eigenvectors:
                   0          1          2    
      0      -0.647457  -0.150368  -0.747120
      1      -0.011543   0.982164  -0.187670
      2       0.762015  -0.112884  -0.637645
 P Eigenvalues: 
                  0          1          2    
      0      25.006304  32.012861  32.935793
P(iso)  29.984986
 Nucleus: 31 H 
 Shielding tensor (ppm): 
                  0          1          2    
      0      29.766974   0.208069  -4.035206
      1       0.143335  32.056509   0.170127
      2      -3.701259  -0.290605  28.140809
 P Tensor eigenvectors:
                   0          1          2    
      0       0.632618  -0.144203  -0.760921
      1      -0.011785   0.980606  -0.195634
      2       0.774375   0.132729   0.618649
 P Eigenvalues: 
                  0          1          2    
      0      25.000669  32.022620  32.941003
P(iso)  29.988097
 Nucleus: 33 H 
 Shielding tensor (ppm): 
                  0          1          2    
      0      29.553864   0.166230  -3.895748
      1       0.108101  31.881694   0.386693
      2      -3.344781   0.722371  28.554307
 P Tensor eigenvectors:
                   0          1          2    
      0       0.656543  -0.264580   0.706363
      1      -0.075308  -0.954776  -0.287631
      2       0.750520   0.135647  -0.646777
 P Eigenvalues: 
                  0          1          2    
      0      25.360027  31.843036  32.786801
P(iso)  29.996621
 Nucleus: 34 H 
 Shielding tensor (ppm): 
                  0          1          2    
      0      29.426506   0.059167   3.908867
      1       0.012458  31.914681  -0.284169
      2       3.351654  -0.624843  28.659794
 P Tensor eigenvectors:
                   0          1          2    
      0      -0.669980  -0.264157   0.693793
      1       0.052881  -0.949160  -0.310320
      2       0.740494  -0.171220   0.649887
 P Eigenvalues: 
                  0          1          2    
      0      25.372861  31.844254  32.783866
P(iso)  30.000327
 Nucleus: 36 H 
 Shielding tensor (ppm): 
                  0          1          2    
      0      30.018379   0.283991  -4.044690
      1       0.429002  31.263807  -0.334190
      2      -3.074153  -0.617031  29.043535
 P Tensor eigenvectors:
                   0          1          2    
      0       0.662014  -0.219826  -0.716529
      1       0.020773   0.961035  -0.275646
      2       0.749204   0.167596   0.640785
 P Eigenvalues: 
                  0          1          2    
      0      25.935905  31.099696  33.290121
P(iso)  30.108574
 Nucleus: 37 H 
 Shielding tensor (ppm): 
                  0          1          2    
      0      29.866833   0.160660   4.077228
      1       0.336458  31.233738   0.404930
      2       3.090331   0.681044  29.211899
 P Tensor eigenvectors:
                   0          1          2    
      0      -0.677260  -0.217819  -0.702762
      1      -0.041505   0.964961  -0.259089
      2       0.734572  -0.146303  -0.662570
 P Eigenvalues: 
                  0          1          2    
      0      25.930818  31.096219  33.285433
P(iso)  30.104157
 Nucleus: 39 H 
 Shielding tensor (ppm): 
                  0          1          2    
      0      29.339323  -0.462049   4.425330
      1      -0.764475  30.220184  -1.421894
      2       2.780966  -1.799799  28.015877
 P Tensor eigenvectors:
                   0          1          2    
      0      -0.617092  -0.457687   0.640094
      1       0.160728  -0.869610  -0.466846
      2       0.770301  -0.185206   0.610192
 P Eigenvalues: 
                  0          1          2    
      0      24.874082  29.563861  33.137442
P(iso)  29.191795
 Nucleus: 40 H 
 Shielding tensor (ppm): 
                  0          1          2    
      0      29.472119  -0.357617  -4.422220
      1      -0.706851  30.123940   1.474632
      2      -2.778685   1.861016  27.965806
 P Tensor eigenvectors:
                   0          1          2    
      0       0.602251  -0.461033   0.651723
      1      -0.184144  -0.874594  -0.448528
      2       0.776778   0.150116  -0.611621
 P Eigenvalues: 
                  0          1          2    
      0      24.857562  29.567975  33.136328
P(iso)  29.187288
 Nucleus: 42 H 
 Shielding tensor (ppm): 
                  0          1          2    
      0      26.809888   1.713563   0.809045
      1       1.744366  29.737249   0.975613
      2      -0.954713   0.213621  24.083148
 P Tensor eigenvectors:
                   0          1          2    
      0       0.091841  -0.905112  -0.415136
      1      -0.141586   0.400793  -0.905162
      2       0.985656   0.141908  -0.091342
 P Eigenvalues: 
                  0          1          2    
      0      23.995378  26.057156  30.577751
P(iso)  26.876762
 Nucleus: 43 H 
 Shielding tensor (ppm): 
                  0          1          2    
      0      26.819395   1.735248  -0.704986
      1       1.727039  29.765193  -0.765910
      2       1.064156  -0.011318  24.060314
 P Tensor eigenvectors:
                   0          1          2    
      0      -0.110553  -0.902004  -0.417333
      1       0.111476   0.406003  -0.907047
      2       0.987599  -0.146799   0.055667
 P Eigenvalues: 
                  0          1          2    
      0      23.997477  26.071454  30.575971
P(iso)  26.881634
 Nucleus: 45 H 
 Shielding tensor (ppm): 
                  0          1          2    
      0      34.970822  -0.769598   0.037467
      1      -1.278202  25.623087   0.029894
      2       0.033310   0.031056  23.769016
 P Tensor eigenvectors:
                   0          1          2    
      0      -0.004859   0.103364  -0.994632
      1      -0.019141   0.994452   0.103439
      2       0.999805   0.019541  -0.002854
 P Eigenvalues: 
                  0          1          2    
      0      23.768259  25.513085  35.081582
P(iso)  28.120975
 Nucleus: 46 H 
 Shielding tensor (ppm): 
                  0          1          2    
      0      34.933399  -0.858057   0.025817
      1      -1.375051  25.667237   0.032069
      2      -0.009435   0.033312  23.759223
 P Tensor eigenvectors:
                   0          1          2    
      0      -0.002817   0.113697  -0.993511
      1      -0.018680   0.993336   0.113730
      2       0.999822   0.018880  -0.000674
 P Eigenvalues: 
                  0          1          2    
      0      23.758593  25.535396  35.065870
P(iso)  28.119953
 Nucleus: 47 H 
 Shielding tensor (ppm): 
                  0          1          2    
      0      28.645900   2.149776   0.069267
      1       3.404900  36.024276   0.249971
      2       0.105306   0.236550  25.669833
 P Tensor eigenvectors:
                   0          1          2    
      0      -0.009768  -0.945248  -0.326206
      1      -0.020849   0.326344  -0.945021
      2       0.999735  -0.002430  -0.022895
 P Eigenvalues: 
                  0          1          2    
      0      25.663904  27.718213  36.957892
P(iso)  30.113336
# -----------------------------------------------------------
$ EPRNMR_ATensor
   description: Hyperfine A tensor
   geom. index: 1
   prop. index: 1
 Number of stored nuclei 27
 Source density: 1 SCF 
 Spin multiplicity: 2 
 Nucleus: 9 H  
 Isotope: 1 
 Nuclear Spin:  0.5 
 Prefactor (MHz): 533.551395 
 Raw A tensor (MHz): 
                  0          1          2    
      0      -0.039228   0.005454   0.000100
      1       0.005431   0.095568   0.002323
      2       0.000099   0.002323  -0.040189
 A Tensor eigenvectors:
                   0          1          2    
      0       0.999150   0.008371   0.040355
      1      -0.040491   0.016767   0.999039
      2       0.007687  -0.999824   0.017091
 A Eigenvalues: 
                  0          1          2    
      0      -0.039447  -0.040228   0.095827
A(iso)  0.005384
 Nucleus: 10 H  
 Isotope: 1 
 Nuclear Spin:  0.5 
 Prefactor (MHz): 533.551395 
 Raw A tensor (MHz): 
                  0          1          2    
      0      -0.073468   0.147739   0.002551
      1       0.147730   0.218392   0.006197
      2       0.002551   0.006197  -0.147333
 A Tensor eigenvectors:
                   0          1          2    
      0       0.922711   0.003373   0.385479
      1      -0.385483   0.015575   0.922584
      2      -0.002892  -0.999873   0.015672
 A Eigenvalues: 
                  0          1          2    
      0      -0.135194  -0.147439   0.280223
A(iso)  -0.000803
 Nucleus: 12 H  
 Isotope: 1 
 Nuclear Spin:  0.5 
 Prefactor (MHz): 533.551395 
 Raw A tensor (MHz): 
                  0          1          2    
      0      -0.025561   0.030493   0.002789
      1       0.030490   0.059403   0.008565
      2       0.002789   0.008565  -0.034967
 A Tensor eigenvectors:
                   0          1          2    
      0       0.946297   0.106704   0.305182
      1      -0.312097   0.055174   0.948447
      2       0.084365  -0.992759   0.085513
 A Eigenvalues: 
                  0          1          2    
      0      -0.035368  -0.035743   0.069986
A(iso)  -0.000375
 Nucleus: 13 H  
 Isotope: 1 
 Nuclear Spin:  0.5 
 Prefactor (MHz): 533.551395 
 Raw A tensor (MHz): 
                  0          1          2    
      0      -0.025503   0.030581  -0.001667
      1       0.030577   0.059821  -0.005093
      2      -0.001666  -0.005093  -0.035427
 A Tensor eigenvectors:
                   0          1          2    
      0       0.948100   0.087866  -0.305591
      1      -0.308778   0.024969  -0.950806
      2      -0.075913   0.995819   0.050804
 A Eigenvalues: 
                  0          1          2    
      0      -0.035328  -0.035701   0.069921
A(iso)  -0.000370
 Nucleus: 15 H  
 Isotope: 1 
 Nuclear Spin:  0.5 
 Prefactor (MHz): 533.551395 
 Raw A tensor (MHz): 
                  0          1          2    
      0      -0.027419   0.011337   0.000960
      1       0.011326   0.056146   0.007119
      2       0.000959   0.007118  -0.028489
 A Tensor eigenvectors:
                   0          1          2    
      0       0.987996   0.080831   0.131648
      1      -0.137542   0.072278   0.987855
      2       0.070334  -0.994104   0.082528
 A Eigenvalues: 
                  0          1          2    
      0      -0.028927  -0.029085   0.058251
A(iso)  0.000080
 Nucleus: 16 H  
 Isotope: 1 
 Nuclear Spin:  0.5 
 Prefactor (MHz): 533.551395 
 Raw A tensor (MHz): 
                  0          1          2    
      0      -0.027363   0.011407  -0.000556
      1       0.011397   0.056450  -0.004095
      2      -0.000556  -0.004094  -0.028846
 A Tensor eigenvectors:
                   0          1          2    
      0       0.989374   0.060197  -0.132349
      1      -0.134860   0.039741  -0.990067
      2      -0.054339   0.997395   0.047436
 A Eigenvalues: 
                  0          1          2    
      0      -0.028886  -0.029043   0.058170
A(iso)  0.000080
 Nucleus: 18 H  
 Isotope: 1 
 Nuclear Spin:  0.5 
 Prefactor (MHz): 533.551395 
 Raw A tensor (MHz): 
                  0          1          2    
      0      -0.016538   0.015885  -0.000658
      1       0.015881   0.037463  -0.002373
      2      -0.000658  -0.002373  -0.020890
 A Tensor eigenvectors:
                   0          1          2    
      0       0.960241   0.094825  -0.262574
      1      -0.265080   0.014645  -0.964115
      2      -0.087577   0.995386   0.039199
 A Eigenvalues: 
                  0          1          2    
      0      -0.020862  -0.020988   0.041885
A(iso)  0.000012
 Nucleus: 19 H  
 Isotope: 1 
 Nuclear Spin:  0.5 
 Prefactor (MHz): 533.551395 
 Raw A tensor (MHz): 
                  0          1          2    
      0      -0.016580   0.015818   0.001258
      1       0.015815   0.037259   0.004578
      2       0.001258   0.004577  -0.020646
 A Tensor eigenvectors:
                   0          1          2    
      0       0.958142   0.115908   0.261781
      1      -0.268501   0.046481   0.962157
      2       0.099354  -0.992172   0.075657
 A Eigenvalues: 
                  0          1          2    
      0      -0.020882  -0.021008   0.041922
A(iso)  0.000011
 Nucleus: 21 H  
 Isotope: 1 
 Nuclear Spin:  0.5 
 Prefactor (MHz): 533.551395 
 Raw A tensor (MHz): 
                  0          1          2    
      0      -0.016542   0.006149  -0.000227
      1       0.006142   0.033863  -0.001884
      2      -0.000227  -0.001883  -0.017286
 A Tensor eigenvectors:
                   0          1          2    
      0       0.992724   0.016411  -0.119288
      1      -0.119799   0.034778  -0.992189
      2      -0.012135   0.999260   0.036491
 A Eigenvalues: 
                  0          1          2    
      0      -0.017280  -0.017355   0.034671
A(iso)  0.000012
 Nucleus: 22 H  
 Isotope: 1 
 Nuclear Spin:  0.5 
 Prefactor (MHz): 533.551395 
 Raw A tensor (MHz): 
                  0          1          2    
      0      -0.016578   0.006094   0.000446
      1       0.006087   0.033723   0.003718
      2       0.000446   0.003718  -0.017109
 A Tensor eigenvectors:
                   0          1          2    
      0       0.992314   0.036372   0.118276
      1      -0.120543   0.068207   0.990362
      2       0.027954  -0.997008   0.072067
 A Eigenvalues: 
                  0          1          2    
      0      -0.017305  -0.017380   0.034721
A(iso)  0.000012
 Nucleus: 24 H  
 Isotope: 1 
 Nuclear Spin:  0.5 
 Prefactor (MHz): 533.551395 
 Raw A tensor (MHz): 
                  0          1          2    
      0      -0.192107  -0.054566   0.025773
      1      -0.054658   0.365785  -0.075222
      2       0.025791  -0.075231  -0.202215
 A Tensor eigenvectors:
                   0          1          2    
      0      -0.819833   0.563845   0.099762
      1      -0.156400  -0.052903  -0.986276
      2      -0.550829  -0.824185   0.131557
 A Eigenvalues: 
                  0          1          2    
      0      -0.185208  -0.224676   0.381347
A(iso)  -0.009512
 Nucleus: 25 H  
 Isotope: 1 
 Nuclear Spin:  0.5 
 Prefactor (MHz): 533.551395 
 Raw A tensor (MHz): 
                  0          1          2    
      0      -0.190840  -0.055718  -0.027239
      1      -0.055808   0.361350   0.090609
      2      -0.027259   0.090620  -0.198503
 A Tensor eigenvectors:
                   0          1          2    
      0      -0.832023  -0.545081   0.103076
      1      -0.172275   0.077264  -0.982014
      2       0.527314  -0.834815  -0.158189
 A Eigenvalues: 
                  0          1          2    
      0      -0.185121  -0.224675   0.381804
A(iso)  -0.009331
 Nucleus: 27 H  
 Isotope: 1 
 Nuclear Spin:  0.5 
 Prefactor (MHz): 533.551395 
 Raw A tensor (MHz): 
                  0          1          2    
      0      -0.303367   0.283883   0.130191
      1       0.283853   0.430384   0.185379
      2       0.130204   0.185399  -0.368061
 A Tensor eigenvectors:
                   0          1          2    
      0      -0.663450   0.672098  -0.328814
      1       0.393928  -0.059862  -0.917190
      2      -0.636125  -0.738039  -0.225043
 A Eigenvalues: 
                  0          1          2    
      0      -0.347077  -0.471602   0.577635
A(iso)  -0.080348
 Nucleus: 28 H  
 Isotope: 1 
 Nuclear Spin:  0.5 
 Prefactor (MHz): 533.551395 
 Raw A tensor (MHz): 
                  0          1          2    
      0      -0.298482   0.290998  -0.120357
      1       0.290969   0.440637  -0.155880
      2      -0.120371  -0.155899  -0.383100
 A Tensor eigenvectors:
                   0          1          2    
      0       0.675915   0.657506  -0.332902
      1      -0.375225  -0.081756  -0.923321
      2      -0.634306   0.749000   0.191452
 A Eigenvalues: 
                  0          1          2    
      0      -0.347059  -0.471756   0.577871
A(iso)  -0.080315
 Nucleus: 30 H  
 Isotope: 1 
 Nuclear Spin:  0.5 
 Prefactor (MHz): 533.551395 
 Raw A tensor (MHz): 
                  0          1          2    
      0      -0.375480  -0.302968   0.183255
      1      -0.303285   1.349688  -0.446879
      2       0.183387  -0.446924  -0.414884
 A Tensor eigenvectors:
                   0          1          2    
      0       0.815480  -0.551384   0.175976
      1       0.276727   0.104396  -0.955261
      2       0.508344   0.827694   0.237716
 A Eigenvalues: 
                  0          1          2    
      0      -0.364107  -0.593335   1.516766
A(iso)  0.186441
 Nucleus: 31 H  
 Isotope: 1 
 Nuclear Spin:  0.5 
 Prefactor (MHz): 533.551395 
 Raw A tensor (MHz): 
                  0          1          2    
      0      -0.366953  -0.306385  -0.191691
      1      -0.306697   1.323118   0.492636
      2      -0.191832   0.492686  -0.392905
 A Tensor eigenvectors:
                   0          1          2    
      0      -0.825002   0.535440  -0.180764
      1      -0.291434  -0.129047   0.947846
      2       0.484188   0.834656   0.262510
 A Eigenvalues: 
                  0          1          2    
      0      -0.362736  -0.592054   1.518050
A(iso)  0.187753
 Nucleus: 33 H  
 Isotope: 1 
 Nuclear Spin:  0.5 
 Prefactor (MHz): 533.551395 
 Raw A tensor (MHz): 
                  0          1          2    
      0      -0.907692   1.361835  -0.859218
      1       1.361692   0.822359  -0.626453
      2      -0.859217  -0.626853  -1.501347
 A Tensor eigenvectors:
                   0          1          2    
      0       0.558267   0.493481   0.666944
      1      -0.547002   0.823340  -0.151331
      2      -0.623801  -0.280337   0.729578
 A Eigenvalues: 
                  0          1          2    
      0      -1.281953   1.852017  -2.156744
A(iso)  -0.528893
 Nucleus: 34 H  
 Isotope: 1 
 Nuclear Spin:  0.5 
 Prefactor (MHz): 533.551395 
 Raw A tensor (MHz): 
                  0          1          2    
      0      -0.940350   1.323092   0.909067
      1       1.322958   0.781774   0.719783
      2       0.909062   0.720185  -1.426643
 A Tensor eigenvectors:
                   0          1          2    
      0       0.546211   0.487979  -0.680831
      1      -0.565620   0.814369   0.129910
      2       0.617840   0.314134   0.720828
 A Eigenvalues: 
                  0          1          2    
      0      -1.282169   1.852372  -2.155421
A(iso)  -0.528406
 Nucleus: 36 H  
 Isotope: 1 
 Nuclear Spin:  0.5 
 Prefactor (MHz): 533.551395 
 Raw A tensor (MHz): 
                  0          1          2    
      0      -5.499870  -2.448155  -3.454216
      1      -2.450212   0.205004   4.264715
      2      -3.455705   4.265265  -5.072825
 A Tensor eigenvectors:
                   0          1          2    
      0       0.377352  -0.683518  -0.624827
      1      -0.778415  -0.599614   0.185829
      2      -0.501673   0.416252  -0.758326
 A Eigenvalues: 
                  0          1          2    
      0       4.142327  -5.545367  -8.964651
A(iso)  -3.455897
 Nucleus: 37 H  
 Isotope: 1 
 Nuclear Spin:  0.5 
 Prefactor (MHz): 533.551395 
 Raw A tensor (MHz): 
                  0          1          2    
      0      -5.627447  -2.468723   3.375098
      1      -2.470836   0.462950  -4.150765
      2       3.376527  -4.151279  -5.188041
 A Tensor eigenvectors:
                   0          1          2    
      0      -0.367805   0.675194   0.639400
      1       0.793137   0.586732  -0.163337
      2      -0.485440   0.447056  -0.751324
 A Eigenvalues: 
                  0          1          2    
      0       4.150283  -5.539495  -8.963325
A(iso)  -3.450846
 Nucleus: 39 H  
 Isotope: 1 
 Nuclear Spin:  0.5 
 Prefactor (MHz): 533.551395 
 Raw A tensor (MHz): 
                  0          1          2    
      0      29.804412   5.806748   3.626754
      1       5.807703  29.584043   3.856137
      2       3.630264   3.857010  26.028021
 A Tensor eigenvectors:
                   0          1          2    
