-------------------------------------------------------------
----------------------- !PROPERTIES! ------------------------
-------------------------------------------------------------
# -----------------------------------------------------------
$ PAL_Flags
   description: The PAL Flags
   geom. index: 1
   prop. index: 1
        Diskflag:     2
# -----------------------------------------------------------
$ SCF_Energy
   description: The SCF energy
   geom. index: 1
   prop. index: 1
        SCF Energy:     -815.8755387756
# -----------------------------------------------------------
$ DFT_Energy
   description: The DFT energy
   geom. index: 1
   prop. index: 1
   Number of Alpha Electrons                 77.0001498535 
   Number of Beta  Electrons                 76.0001606479 
   Total number of  Electrons               153.0003105014 
   Exchange energy                          -93.7401195352 
   Correlation energy                        -5.8984968571 
   Correlation energy NL                      0.0000000000 
   Exchange-Correlation energy              -99.6386163923 
   Embedding correction                       0.0000000000 
   Total DFT Energy (No VdW correction)    -815.8755387756 
# -----------------------------------------------------------
$ Mayer_Pop
   description: The Mayer population analysis
   geom. index: 1
   prop. index: 1
     Number of atoms                     : 48
     Threshold for printing              : 0.1000000
     Number of bond orders printed       : 50
  NA   - Mulliken gross atomic population
  ZA   - Total nuclear charge
  QA   - Mulliken gross atomic charge
  VA   - Mayer's total valence
  BVA  - Mayer's bonded valence
  FA   - Mayer's free valence
  ATOM       NA         ZA         QA         VA         BVA        FA
  0   0     6.5436     6.0000    -0.5436     3.8858     3.8858     0.0000
  1   0     5.9987     6.0000     0.0013     3.8141     3.8141     0.0000
  2   0     5.9976     6.0000     0.0024     3.8183     3.8183     0.0000
  3   0     5.6102     6.0000     0.3898     3.9504     3.9504     0.0000
  4   0     5.6640     6.0000     0.3360     3.8363     3.8363     0.0000
  5   0     6.4209     6.0000    -0.4209     4.3078     4.3078     0.0000
  6   0     5.6057     6.0000     0.3943     3.9599     3.9599    -0.0000
  7   0     5.6643     6.0000     0.3357     3.8105     3.8105     0.0000
  8   0     6.4199     6.0000    -0.4199     4.3135     4.3135     0.0000
  9   0     0.8660     1.0000     0.1340     0.9660     0.9660    -0.0000
 10   0     0.8659     1.0000     0.1341     0.9664     0.9664     0.0000
 11   0     6.3883     6.0000    -0.3883     4.0588     4.0588     0.0000
 12   0     0.8466     1.0000     0.1534     0.9628     0.9628     0.0000
 13   0     0.8466     1.0000     0.1534     0.9628     0.9628     0.0000
 14   0     6.2634     6.0000    -0.2634     4.0182     4.0182     0.0000
 15   0     0.8608     1.0000     0.1392     0.9668     0.9668     0.0000
 16   0     0.8607     1.0000     0.1393     0.9667     0.9667     0.0000
 17   0     6.2546     6.0000    -0.2546     3.8888     3.8888     0.0000
 18   0     0.8578     1.0000     0.1422     0.9675     0.9675    -0.0000
 19   0     0.8576     1.0000     0.1424     0.9675     0.9675     0.0000
 20   0     6.5085     6.0000    -0.5085     3.9004     3.9004    -0.0000
 21   0     0.8421     1.0000     0.1579     0.9658     0.9658    -0.0000
 22   0     0.8422     1.0000     0.1578     0.9658     0.9658     0.0000
 23   0     6.4016     6.0000    -0.4016     4.0600     4.0600    -0.0000
 24   0     0.8440     1.0000     0.1560     0.9629     0.9629     0.0000
 25   0     0.8444     1.0000     0.1556     0.9631     0.9631     0.0000
 26   0     6.2648     6.0000    -0.2648     3.9744     3.9744     0.0000
 27   0     0.8573     1.0000     0.1427     0.9676     0.9676     0.0000
 28   0     0.8580     1.0000     0.1420     0.9678     0.9678     0.0000
 29   0     6.2838     6.0000    -0.2838     3.9407     3.9407    -0.0000
 30   0     0.8571     1.0000     0.1429     0.9690     0.9690     0.0000
 31   0     0.8570     1.0000     0.1430     0.9690     0.9690     0.0000
 32   0     6.2824     6.0000    -0.2824     3.9365     3.9364     0.0001
 33   0     0.8549     1.0000     0.1451     0.9698     0.9698     0.0000
 34   0     0.8548     1.0000     0.1452     0.9697     0.9697     0.0000
 35   0     6.3032     6.0000    -0.3032     3.9102     3.9054     0.0048
 36   0     0.8440     1.0000     0.1560     0.9667     0.9667     0.0000
 37   0     0.8440     1.0000     0.1560     0.9667     0.9667     0.0000
 38   0     6.2232     6.0000    -0.2232     3.8809     3.8789     0.0020
 39   0     0.8526     1.0000     0.1474     0.9686     0.9684     0.0002
 40   0     0.8526     1.0000     0.1474     0.9686     0.9684     0.0002
 41   0     6.4332     6.0000    -0.4332     3.8499     2.9900     0.8599
 42   0     0.8340     1.0000     0.1660     0.9703     0.9683     0.0020
 43   0     0.8340     1.0000     0.1660     0.9703     0.9683     0.0020
 44   0     6.5421     6.0000    -0.5421     3.8866     3.8866     0.0000
 45   0     0.8170     1.0000     0.1830     0.9773     0.9773     0.0000
 46   0     0.8171     1.0000     0.1829     0.9772     0.9772     0.0000
 47   0     0.8567     1.0000     0.1433     0.9670     0.9670    -0.0000
      Bond orders larger than 0.1000000
           Atom A     A.N. of A          Atom B    A.N. of B              Bond order
                0             6               1            6                2.701301
                0             6              45            1                0.984178
                1             6               3            6                0.912056
                2             6               6            6                0.919024
                2             6              44            6                2.697996
                3             6               4            6                1.369940
                3             6               5            6                0.116618
                3             6               8            6                1.417730
                4             6               5            6                1.437854
                4             6              11            6                0.944354
                5             6               6            6                1.423597
                5             6               9            1                0.971324
                6             6               7            6                1.359386
                6             6               8            6                0.115664
                7             6               8            6                1.441798
                7             6              23            6                0.937372
                8             6              10            1                0.971975
               11             6              12            1                0.960335
               11             6              13            1                0.960242
               11             6              14            6                1.021165
               14             6              15            1                0.960506
               14             6              16            1                0.960628
               14             6              17            6                0.987576
               17             6              18            1                0.971060
               17             6              19            1                0.971162
               17             6              20            6                0.953913
               20             6              21            1                0.972897
               20             6              22            1                0.972829
               20             6              47            1                0.967601
               23             6              24            1                0.961814
               23             6              25            1                0.961361
               23             6              26            6                1.011229
               26             6              27            1                0.961241
               26             6              28            1                0.960574
               26             6              29            6                0.970408
               29             6              30            1                0.975971
               29             6              31            1                0.975844
               29             6              32            6                0.971418
               32             6              33            1                0.980194
               32             6              34            1                0.980122
               32             6              35            6                0.956083
               35             6              36            1                0.978776
               35             6              37            1                0.978797
               35             6              38            6                0.936578
               38             6              39            1                0.977638
               38             6              40            1                0.977623
               38             6              41            6                0.974162
               41             6              42            1                0.973404
               41             6              43            1                0.973398
               44             6              46            1                0.984053
# -----------------------------------------------------------
$ Calculation_Info
   description: Details of the calculation
   geom. index: 1
   prop. index: 1
     Multiplicity:                          2
     Charge:                                0
     number of atoms:                       48
     number of electrons:                   0
     number of frozen core electrons:       1
     number of correlated electrons:        0
     number of basis functions:             546
     number of aux C basis functions:       3756
     number of aux J basis functions:       3756
     number of aux JK basis functions:      3756
     number of aux CABS basis functions:    0
     Total Energy                           -815.875539
# -----------------------------------------------------------
$ SCF_Electric_Properties
   description: The SCF Calculated Electric Properties
   geom. index: 1
   prop. index: 1
       Filename                          : EPRII_i.scfp 
       Do Dipole Moment Calculation      : true 
       Do Quadrupole Moment Calculation  : false 
       Do Polarizability Calculation     : false 
** Dipole moment part of electric properties **
        Magnitude of dipole moment (Debye) :        0.3779674003
        Electronic Contribution:
                  0    
      0      -2.068998
      1     -10.788093
      2      -0.123628
        Nuclear Contribution:
                  0    
      0       2.053552
      1      10.640221
      2       0.120953
        Total Dipole moment:
                  0    
      0      -0.015446
      1      -0.147872
      2      -0.002675
# -----------------------------------------------------------
$ EPRNMR_GTensor
   description: Electronic g tensor
   geom. index: 1
   prop. index: 1
 Source density: 1 SCF 
 Spin multiplicity: 2 
 raw g tensor: 
                  0          1          2    
      0       2.002348   0.000235   0.000000
      1       0.000286   2.002560  -0.000000
      2       0.000001  -0.000000   2.002720
 g tensor: 
                  0          1          2    
      0      -0.829623  -0.005232   0.558299
      1       0.558322  -0.009839   0.829566
      2       0.001153   0.999938   0.011084
 G eigenvalues: 
                  0          1          2    
      0       2.002173   2.002720   2.002736
# -----------------------------------------------------------
$ EPRNMR_OrbitalShielding
   description: Orbital contribution to the NMR Shielding tensor (ppm)
   geom. index: 1
   prop. index: 1
 Number of stored nuclei 27
 Source density: 1 SCF 
 Nucleus: 9 H 
 Shielding tensor (ppm): 
                  0          1          2    
      0      27.970162   5.962383   0.158922
      1       5.637832  26.004914   0.168258
      2       0.151575   0.171695  18.775043
 P Tensor eigenvectors:
                   0          1          2    
      0      -0.004180  -0.647785  -0.761812
      1      -0.020125   0.761719  -0.647595
      2       0.999789   0.012624  -0.016221
 P Eigenvalues: 
                  0          1          2    
      0      18.770970  21.105267  32.873882
P(iso)  24.250040
 Nucleus: 10 H 
 Shielding tensor (ppm): 
                  0          1          2    
      0      27.988863   6.090057   0.141123
      1       5.745525  26.116387   0.160260
      2       0.151231   0.156158  18.689482
 P Tensor eigenvectors:
                   0          1          2    
      0      -0.004212  -0.652038  -0.758175
      1      -0.017870   0.758110  -0.651882
      2       0.999831   0.010803  -0.014845
 P Eigenvalues: 
                  0          1          2    
      0      18.686025  21.061624  33.047084
P(iso)  24.264911
 Nucleus: 12 H 
 Shielding tensor (ppm): 
                  0          1          2    
      0      28.472602  -1.752647   3.459675
      1      -1.260177  31.615470  -0.191681
      2       5.073825   1.032563  26.342613
 P Tensor eigenvectors:
                   0          1          2    
      0      -0.609912   0.496725  -0.617472
      1      -0.131469   0.704955   0.696961
      2       0.781487   0.506263  -0.364657
 P Eigenvalues: 
                  0          1          2    
      0      22.830717  30.879623  32.720345
P(iso)  28.810228
 Nucleus: 13 H 
 Shielding tensor (ppm): 
                  0          1          2    
      0      28.530347  -1.598177  -3.509148
      1      -1.054549  31.621283   0.393332
      2      -5.102400  -0.833233  26.275282
 P Tensor eigenvectors:
                   0          1          2    
      0       0.605179   0.495462  -0.623118
      1       0.100383   0.728982   0.677132
      2       0.789735  -0.472337   0.391429
 P Eigenvalues: 
                  0          1          2    
      0      22.843298  30.878475  32.705139
P(iso)  28.808971
 Nucleus: 15 H 
 Shielding tensor (ppm): 
                  0          1          2    
      0      30.372542   0.993194  -3.779772
      1       0.827973  31.510408   0.331005
      2      -3.655090   1.732022  28.164970
 P Tensor eigenvectors:
                   0          1          2    
      0       0.588682  -0.057570   0.806312
      1      -0.198666  -0.977172   0.075275
      2       0.783572  -0.204499  -0.586681
 P Eigenvalues: 
                  0          1          2    
      0      25.098383  31.793908  33.155629
P(iso)  30.015973
 Nucleus: 16 H 
 Shielding tensor (ppm): 
                  0          1          2    
      0      30.282917   0.831380   3.836928
      1       0.657061  31.589244  -0.191036
      2       3.701553  -1.589255  28.177760
 P Tensor eigenvectors:
                   0          1          2    
      0      -0.597627  -0.072564   0.798484
      1       0.165545  -0.985604   0.034334
      2       0.784498   0.152704   0.601036
 P Eigenvalues: 
                  0          1          2    
      0      25.110343  31.793679  33.145899
P(iso)  30.016640
 Nucleus: 18 H 
 Shielding tensor (ppm): 
                  0          1          2    
      0      30.837374  -0.061881  -4.702550
      1       0.123166  31.048181  -0.288411
      2      -4.401166  -0.998986  28.516432
 P Tensor eigenvectors:
                   0          1          2    
      0       0.611034  -0.144982  -0.778215
      1       0.074148   0.989245  -0.126079
      2       0.788124   0.019336   0.615212
 P Eigenvalues: 
                  0          1          2    
      0      24.940366  31.034909  34.426711
P(iso)  30.133996
 Nucleus: 19 H 
 Shielding tensor (ppm): 
                  0          1          2    
      0      30.705097  -0.262888   4.725883
      1      -0.056397  30.982069   0.386682
      2       4.436249   1.102591  28.715171
 P Tensor eigenvectors:
                   0          1          2    
      0      -0.622668  -0.146357  -0.768677
      1      -0.106084   0.989072  -0.102386
      2       0.775261   0.017792  -0.631390
 P Eigenvalues: 
                  0          1          2    
      0      24.945793  31.023987  34.432557
P(iso)  30.134113
 Nucleus: 21 H 
 Shielding tensor (ppm): 
                  0          1          2    
      0      30.070089  -1.692812   3.922486
      1      -2.548012  31.086276  -2.456598
      2       3.233711  -2.072816  30.983122
 P Tensor eigenvectors:
                   0          1          2    
      0      -0.763031   0.313409   0.565295
      1      -0.037738   0.851486  -0.523017
      2       0.645259   0.420412   0.637883
 P Eigenvalues: 
                  0          1          2    
      0      26.916491  29.157998  36.064997
P(iso)  30.713162
 Nucleus: 22 H 
 Shielding tensor (ppm): 
                  0          1          2    
      0      30.211496  -1.554167  -4.018384
      1      -2.447306  30.906350   2.400088
      2      -3.365041   2.026470  31.024955
 P Tensor eigenvectors:
                   0          1          2    
      0      -0.749713   0.321604  -0.578361
      1      -0.009265   0.868782   0.495107
      2      -0.661698  -0.376547   0.648358
 P Eigenvalues: 
                  0          1          2    
      0      26.904270  29.179303  36.059227
P(iso)  30.714267
 Nucleus: 24 H 
 Shielding tensor (ppm): 
                  0          1          2    
      0      28.312923  -1.750409   3.474706
      1      -1.277314  31.839023  -0.272418
      2       5.070648   0.985526  26.339247
 P Tensor eigenvectors:
                   0          1          2    
      0      -0.617315   0.542732  -0.569530
      1      -0.123088   0.648388   0.751294
      2       0.777027   0.533887  -0.333456
 P Eigenvalues: 
                  0          1          2    
      0      22.777479  30.890228  32.823486
P(iso)  28.830398
 Nucleus: 25 H 
 Shielding tensor (ppm): 
                  0          1          2    
      0      28.474429  -1.690607  -3.510762
      1      -1.144758  31.925452   0.455767
      2      -5.079613  -0.777897  26.061569
 P Tensor eigenvectors:
                   0          1          2    
      0       0.599265  -0.565629   0.566520
      1       0.095188  -0.652298  -0.751962
      2       0.794872   0.504550  -0.337059
 P Eigenvalues: 
                  0          1          2    
      0      22.703164  30.840048  32.918237
P(iso)  28.820483
 Nucleus: 27 H 
 Shielding tensor (ppm): 
                  0          1          2    
      0      30.123068   1.124714   3.991929
      1       0.816955  31.991145  -0.051703
      2       3.814733  -1.563021  27.949329
 P Tensor eigenvectors:
                   0          1          2    
      0      -0.602807   0.127436   0.787645
      1       0.156302  -0.949176   0.273193
      2       0.782428   0.287793   0.552251
 P Eigenvalues: 
                  0          1          2    
      0      24.775505  32.118581  33.169456
P(iso)  30.021180
 Nucleus: 28 H 
 Shielding tensor (ppm): 
                  0          1          2    
      0      30.276850   1.233336  -3.936714
      1       0.936466  31.933591   0.201142
      2      -3.771711   1.685070  27.816458
 P Tensor eigenvectors:
                   0          1          2    
      0       0.586809   0.140371   0.797466
      1      -0.179456  -0.937822   0.297128
      2       0.789589  -0.317467  -0.525132
 P Eigenvalues: 
                  0          1          2    
      0      24.728902  32.105450  33.192547
P(iso)  30.008966
 Nucleus: 30 H 
 Shielding tensor (ppm): 
                  0          1          2    
      0      29.776096   0.014997   4.236744
      1       0.042726  32.350029  -0.108431
      2       3.767600   0.364425  28.542677
 P Tensor eigenvectors:
                   0          1          2    
      0      -0.653990  -0.096704  -0.750297
      1      -0.007616   0.992587  -0.121294
      2       0.756465  -0.073610  -0.649878
 P Eigenvalues: 
                  0          1          2    
      0      25.109335  32.338062  33.221405
P(iso)  30.222934
 Nucleus: 31 H 
 Shielding tensor (ppm): 
                  0          1          2    
      0      29.922793   0.134756  -4.217046
      1       0.150523  32.358523   0.231832
      2      -3.747634  -0.241065  28.387100
 P Tensor eigenvectors:
                   0          1          2    
      0       0.639885   0.090744   0.763094
      1      -0.015209  -0.991314   0.130636
      2       0.768320  -0.095197  -0.632947
 P Eigenvalues: 
                  0          1          2    
      0      25.098416  32.344744  33.225255
P(iso)  30.222805
 Nucleus: 33 H 
 Shielding tensor (ppm): 
                  0          1          2    
      0      29.709236   0.218073  -4.069603
      1       0.128324  32.170073   0.381756
      2      -3.374519   0.720093  28.872253
 P Tensor eigenvectors:
                   0          1          2    
      0       0.667007  -0.241162   0.704941
      1      -0.076139  -0.963275  -0.257497
      2       0.741151   0.118079  -0.660873
 P Eigenvalues: 
                  0          1          2    
      0      25.503951  32.148096  33.099516
P(iso)  30.250521
 Nucleus: 34 H 
 Shielding tensor (ppm): 
                  0          1          2    
      0      29.565008   0.112606   4.080278
      1       0.037755  32.202374  -0.283075
      2       3.381612  -0.628187  28.981296
 P Tensor eigenvectors:
                   0          1          2    
      0      -0.680854  -0.241940   0.691305
      1       0.055011  -0.958092  -0.281129
      2       0.730350  -0.153379   0.665630
 P Eigenvalues: 
                  0          1          2    
      0      25.508872  32.150062  33.089743
P(iso)  30.249559
 Nucleus: 36 H 
 Shielding tensor (ppm): 
                  0          1          2    
      0      30.184577   0.254342  -4.196971
      1       0.467117  31.617712  -0.321727
      2      -3.176614  -0.600345  29.291572
 P Tensor eigenvectors:
                   0          1          2    
      0       0.668474  -0.215535  -0.711820
      1       0.015970   0.961026  -0.275995
      2       0.743564   0.173128   0.645863
 P Eigenvalues: 
                  0          1          2    
      0      26.022900  31.453705  33.617256
P(iso)  30.364620
 Nucleus: 37 H 
 Shielding tensor (ppm): 
                  0          1          2    
      0      30.048662   0.126450   4.212450
      1       0.370839  31.590060   0.396346
      2       3.199545   0.671143  29.458344
 P Tensor eigenvectors:
                   0          1          2    
      0      -0.682078  -0.214101  -0.699235
      1      -0.037181   0.965098  -0.259238
      2       0.730334  -0.150823  -0.666232
 P Eigenvalues: 
                  0          1          2    
      0      26.027305  31.452119  33.617643
P(iso)  30.365689
 Nucleus: 39 H 
 Shielding tensor (ppm): 
                  0          1          2    
      0      29.376021  -0.371908   4.623288
      1      -0.738823  30.501658  -1.405190
      2       2.741606  -1.826056  28.249109
 P Tensor eigenvectors:
                   0          1          2    
      0      -0.631876  -0.454826   0.627588
      1       0.156703  -0.867963  -0.471258
      2       0.759063  -0.199432   0.619717
 P Eigenvalues: 
                  0          1          2    
      0      24.947542  29.849444  33.329803
P(iso)  29.375596
 Nucleus: 40 H 
 Shielding tensor (ppm): 
                  0          1          2    
      0      29.526312  -0.272798  -4.613412
      1      -0.686618  30.409309   1.457088
      2      -2.742806   1.879680  28.194716
 P Tensor eigenvectors:
                   0          1          2    
      0       0.616582  -0.457805   0.640500
      1      -0.178599  -0.873676  -0.452541
      2       0.766765   0.164636  -0.620457
 P Eigenvalues: 
                  0          1          2    
      0      24.942471  29.854970  33.332897
P(iso)  29.376779
 Nucleus: 42 H 
 Shielding tensor (ppm): 
                  0          1          2    
      0      26.986639   1.590679   0.916630
      1       1.673534  29.882029   1.081173
      2      -0.937388   0.233242  23.935425
 P Tensor eigenvectors:
                   0          1          2    
      0       0.051682  -0.913018  -0.404633
      1      -0.134255   0.395144  -0.908756
      2       0.989598   0.101290  -0.102156
 P Eigenvalues: 
                  0          1          2    
      0      23.852417  26.284303  30.667373
P(iso)  26.934697
 Nucleus: 43 H 
 Shielding tensor (ppm): 
                  0          1          2    
      0      26.981818   1.620126  -0.812140
      1       1.661835  29.912098  -0.870903
      2       1.042541  -0.025838  23.905973
 P Tensor eigenvectors:
                   0          1          2    
      0      -0.069927  -0.911062  -0.406297
      1       0.104706   0.398340  -0.911242
      2       0.992042  -0.106262   0.067539
 P Eigenvalues: 
                  0          1          2    
      0      23.853701  26.281247  30.664941
P(iso)  26.933296
 Nucleus: 45 H 
 Shielding tensor (ppm): 
                  0          1          2    
      0      35.305134  -0.866435   0.038376
      1      -1.231937  25.840517   0.029814
      2       0.037406   0.031284  23.983830
 P Tensor eigenvectors:
                   0          1          2    
      0      -0.005087   0.105811  -0.994373
      1      -0.019343   0.994190   0.105890
      2       0.999800   0.019773  -0.003010
 P Eigenvalues: 
                  0          1          2    
      0      23.983045  25.726376  35.420061
P(iso)  28.376494
 Nucleus: 46 H 
 Shielding tensor (ppm): 
                  0          1          2    
      0      35.267387  -0.972544   0.019351
      1      -1.330756  25.883575   0.032274
      2      -0.010580   0.031252  23.955399
 P Tensor eigenvectors:
                   0          1          2    
      0      -0.002398   0.117125  -0.993114
      1      -0.017820   0.992954   0.117149
      2       0.999838   0.017978  -0.000294
 P Eigenvalues: 
                  0          1          2    
      0      23.954825  25.744960  35.406575
P(iso)  28.368787
 Nucleus: 47 H 
 Shielding tensor (ppm): 
                  0          1          2    
      0      29.074507   2.116013   0.077294
      1       3.371162  36.468832   0.262109
      2       0.105686   0.249722  25.919953
 P Tensor eigenvectors:
                   0          1          2    
      0      -0.010185  -0.946406  -0.322818
      1      -0.021586   0.322968  -0.946164
      2       0.999715  -0.002669  -0.023718
 P Eigenvalues: 
                  0          1          2    
      0      25.913494  28.168591  37.381208
P(iso)  30.487764
# -----------------------------------------------------------
$ EPRNMR_ATensor
   description: Hyperfine A tensor
   geom. index: 1
   prop. index: 1
 Number of stored nuclei 27
 Source density: 1 SCF 
 Spin multiplicity: 2 
 Nucleus: 9 H  
 Isotope: 1 
 Nuclear Spin:  0.5 
 Prefactor (MHz): 533.551395 
 Raw A tensor (MHz): 
                  0          1          2    
      0      -0.038183   0.005504   0.000099
      1       0.005481   0.096258   0.002290
      2       0.000099   0.002290  -0.039141
 A Tensor eigenvectors:
                   0          1          2    
      0       0.999134   0.008006   0.040832
      1      -0.040961   0.016581   0.999023
      2       0.007321  -0.999830   0.016894
 A Eigenvalues: 
                  0          1          2    
      0      -0.038407  -0.039180   0.096521
A(iso)  0.006311
 Nucleus: 10 H  
 Isotope: 1 
 Nuclear Spin:  0.5 
 Prefactor (MHz): 533.551395 
 Raw A tensor (MHz): 
                  0          1          2    
      0      -0.073288   0.147263   0.002475
      1       0.147253   0.217167   0.006007
      2       0.002475   0.006007  -0.147247
 A Tensor eigenvectors:
                   0          1          2    
      0       0.922556   0.003311   0.385850
      1      -0.385854   0.015140   0.922435
      2      -0.002788  -0.999880   0.015245
 A Eigenvalues: 
                  0          1          2    
      0      -0.134884  -0.147347   0.278862
A(iso)  -0.001123
 Nucleus: 12 H  
 Isotope: 1 
 Nuclear Spin:  0.5 
 Prefactor (MHz): 533.551395 
 Raw A tensor (MHz): 
                  0          1          2    
      0      -0.025522   0.030438   0.002774
      1       0.030435   0.059159   0.008513
      2       0.002774   0.008513  -0.034935
 A Tensor eigenvectors:
                   0          1          2    
      0       0.946780   0.101278   0.305534
      1      -0.312102   0.056640   0.948359
      2       0.078742  -0.993245   0.085235
 A Eigenvalues: 
                  0          1          2    
      0      -0.035324  -0.035704   0.069730
A(iso)  -0.000433
 Nucleus: 13 H  
 Isotope: 1 
 Nuclear Spin:  0.5 
 Prefactor (MHz): 533.551395 
 Raw A tensor (MHz): 
                  0          1          2    
      0      -0.025465   0.030508  -0.001666
      1       0.030504   0.059559  -0.005093
      2      -0.001666  -0.005092  -0.035380
 A Tensor eigenvectors:
                   0          1          2    
      0       0.948560   0.081805  -0.305845
      1      -0.308875   0.027076  -0.950717
      2      -0.069492   0.996281   0.050951
 A Eigenvalues: 
                  0          1          2    
      0      -0.035276  -0.035655   0.069645
A(iso)  -0.000429
 Nucleus: 15 H  
 Isotope: 1 
 Nuclear Spin:  0.5 
 Prefactor (MHz): 533.551395 
 Raw A tensor (MHz): 
                  0          1          2    
      0      -0.027339   0.011352   0.000962
      1       0.011341   0.055996   0.007085
      2       0.000962   0.007084  -0.028429
 A Tensor eigenvectors:
                   0          1          2    
      0       0.986492   0.096772   0.132166
      1      -0.139190   0.069816   0.987802
      2       0.086364  -0.992855   0.082343
 A Eigenvalues: 
                  0          1          2    
      0      -0.028855  -0.029021   0.058104
A(iso)  0.000076
 Nucleus: 16 H  
 Isotope: 1 
 Nuclear Spin:  0.5 
 Prefactor (MHz): 533.551395 
 Raw A tensor (MHz): 
                  0          1          2    
      0      -0.027275   0.011415  -0.000559
      1       0.011404   0.056280  -0.004079
      2      -0.000558  -0.004079  -0.028774
 A Tensor eigenvectors:
                   0          1          2    
      0       0.988235   0.075833  -0.132822
      1      -0.135939   0.037524  -0.990006
      2      -0.070091   0.996414   0.047392
 A Eigenvalues: 
                  0          1          2    
      0      -0.028804  -0.028970   0.058005
A(iso)  0.000077
 Nucleus: 18 H  
 Isotope: 1 
 Nuclear Spin:  0.5 
 Prefactor (MHz): 533.551395 
 Raw A tensor (MHz): 
                  0          1          2    
      0      -0.016486   0.015859  -0.000656
      1       0.015856   0.037358  -0.002366
      2      -0.000656  -0.002366  -0.020842
 A Tensor eigenvectors:
                   0          1          2    
      0       0.960599   0.090329  -0.262849
      1      -0.265281   0.015849  -0.964041
      2      -0.082915   0.995786   0.039187
 A Eigenvalues: 
                  0          1          2    
      0      -0.020809  -0.020939   0.041778
A(iso)  0.000010
 Nucleus: 19 H  
 Isotope: 1 
 Nuclear Spin:  0.5 
 Prefactor (MHz): 533.551395 
 Raw A tensor (MHz): 
                  0          1          2    
      0      -0.016532   0.015798   0.001256
      1       0.015795   0.037163   0.004563
      2       0.001255   0.004562  -0.020605
 A Tensor eigenvectors:
                   0          1          2    
      0       0.958546   0.111819   0.262079
      1      -0.268589   0.047521   0.962082
      2       0.095125  -0.992592   0.075585
 A Eigenvalues: 
                  0          1          2    
      0      -0.020833  -0.020964   0.041824
A(iso)  0.000009
 Nucleus: 21 H  
 Isotope: 1 
 Nuclear Spin:  0.5 
 Prefactor (MHz): 533.551395 
 Raw A tensor (MHz): 
                  0          1          2    
      0      -0.016499   0.006157  -0.000227
      1       0.006150   0.033782  -0.001876
      2      -0.000227  -0.001875  -0.017251
 A Tensor eigenvectors:
                   0          1          2    
      0       0.992640   0.018213  -0.119725
      1      -0.120297   0.034483  -0.992139
      2      -0.013941   0.999239   0.036420
 A Eigenvalues: 
                  0          1          2    
      0      -0.017241  -0.017320   0.034593
A(iso)  0.000010
 Nucleus: 22 H  
 Isotope: 1 
 Nuclear Spin:  0.5 
 Prefactor (MHz): 533.551395 
 Raw A tensor (MHz): 
                  0          1          2    
      0      -0.016539   0.006104   0.000447
      1       0.006097   0.033649   0.003710
      2       0.000447   0.003710  -0.017079
 A Tensor eigenvectors:
                   0          1          2    
      0       0.992203   0.037949   0.118715
      1      -0.121089   0.067993   0.990310
      2       0.029509  -0.996964   0.072058
 A Eigenvalues: 
                  0          1          2    
      0      -0.017270  -0.017349   0.034650
A(iso)  0.000011
 Nucleus: 24 H  
 Isotope: 1 
 Nuclear Spin:  0.5 
 Prefactor (MHz): 533.551395 
 Raw A tensor (MHz): 
                  0          1          2    
      0      -0.193300  -0.053671   0.025761
      1      -0.053763   0.362523  -0.075334
      2       0.025778  -0.075343  -0.203160
 A Tensor eigenvectors:
                   0          1          2    
      0      -0.819416   0.564651   0.098622
      1      -0.155893  -0.053962  -0.986299
      2      -0.551593  -0.823564   0.132242
 A Eigenvalues: 
                  0          1          2    
      0      -0.186178  -0.225759   0.377999
A(iso)  -0.011312
 Nucleus: 25 H  
 Isotope: 1 
 Nuclear Spin:  0.5 
 Prefactor (MHz): 533.551395 
 Raw A tensor (MHz): 
                  0          1          2    
      0      -0.192003  -0.054910  -0.027151
      1      -0.055002   0.358349   0.090072
      2      -0.027170   0.090083  -0.199662
 A Tensor eigenvectors:
                   0          1          2    
      0      -0.831907  -0.545453   0.102040
      1      -0.171239   0.077429  -0.982182
      2       0.527833  -0.834557  -0.157817
 A Eigenvalues: 
                  0          1          2    
      0      -0.186087  -0.225765   0.378536
A(iso)  -0.011105
 Nucleus: 27 H  
 Isotope: 1 
 Nuclear Spin:  0.5 
 Prefactor (MHz): 533.551395 
 Raw A tensor (MHz): 
                  0          1          2    
      0      -0.319722   0.283485   0.130454
      1       0.283447   0.408407   0.183603
      2       0.130465   0.183629  -0.383823
 A Tensor eigenvectors:
                   0          1          2    
      0      -0.658986  -0.675699   0.330406
      1       0.394692   0.063288   0.916631
      2      -0.640278   0.734456   0.224987
 A Eigenvalues: 
                  0          1          2    
      0      -0.362742  -0.488044   0.555648
A(iso)  -0.098379
 Nucleus: 28 H  
 Isotope: 1 
 Nuclear Spin:  0.5 
 Prefactor (MHz): 533.551395 
 Raw A tensor (MHz): 
                  0          1          2    
      0      -0.314614   0.290557  -0.120894
      1       0.290519   0.418322  -0.154919
      2      -0.120906  -0.154944  -0.398561
 A Tensor eigenvectors:
                   0          1          2    
      0      -0.671927   0.660716   0.334617
      1       0.376497  -0.084346   0.922570
      2       0.637781   0.745882  -0.192083
 A Eigenvalues: 
                  0          1          2    
      0      -0.362651  -0.488155   0.555951
A(iso)  -0.098285
 Nucleus: 30 H  
 Isotope: 1 
 Nuclear Spin:  0.5 
 Prefactor (MHz): 533.551395 
 Raw A tensor (MHz): 
                  0          1          2    
      0      -0.324322  -0.299455   0.180788
      1      -0.299779   1.394024  -0.445797
      2       0.180913  -0.445848  -0.365194
 A Tensor eigenvectors:
                   0          1          2    
      0       0.819814  -0.545336   0.174685
      1       0.274858   0.107128  -0.955498
      2       0.502353   0.831344   0.237715
 A Eigenvalues: 
                  0          1          2    
      0      -0.314001  -0.541233   1.559742
A(iso)  0.234836
 Nucleus: 31 H  
 Isotope: 1 
 Nuclear Spin:  0.5 
 Prefactor (MHz): 533.551395 
 Raw A tensor (MHz): 
                  0          1          2    
      0      -0.315779  -0.303050  -0.188834
      1      -0.303369   1.368834   0.489949
      2      -0.188969   0.490005  -0.343867
 A Tensor eigenvectors:
                   0          1          2    
      0       0.829127  -0.529485  -0.179426
      1       0.288934   0.131085   0.948332
      2      -0.478608  -0.838130   0.261673
 A Eigenvalues: 
                  0          1          2    
      0      -0.312444  -0.539796   1.561429
A(iso)  0.236396
 Nucleus: 33 H  
 Isotope: 1 
 Nuclear Spin:  0.5 
 Prefactor (MHz): 533.551395 
 Raw A tensor (MHz): 
                  0          1          2    
      0      -1.034731   1.345461  -0.868936
      1       1.345321   0.674288  -0.617843
      2      -0.868925  -0.618292  -1.614139
 A Tensor eigenvectors:
                   0          1          2    
      0      -0.554100   0.494652  -0.669546
      1       0.549158   0.821673   0.152572
      2       0.625618  -0.283147  -0.726932
 A Eigenvalues: 
                  0          1          2    
      0      -1.387141   1.697300  -2.284741
A(iso)  -0.658194
 Nucleus: 34 H  
 Isotope: 1 
 Nuclear Spin:  0.5 
 Prefactor (MHz): 533.551395 
 Raw A tensor (MHz): 
                  0          1          2    
      0      -1.067661   1.307506   0.916673
      1       1.307375   0.635513   0.707239
      2       0.916658   0.707689  -1.541641
 A Tensor eigenvectors:
                   0          1          2    
      0      -0.542161   0.489137   0.683232
      1       0.567183   0.812956  -0.131935
      2      -0.619972   0.315987  -0.718183
 A Eigenvalues: 
                  0          1          2    
      0      -1.387339   1.697268  -2.283718
A(iso)  -0.657930
 Nucleus: 36 H  
 Isotope: 1 
 Nuclear Spin:  0.5 
 Prefactor (MHz): 533.551395 
 Raw A tensor (MHz): 
                  0          1          2    
      0      -6.245006  -2.407914  -3.442280
      1      -2.410013  -0.663637   4.238445
      2      -3.443746   4.239038  -5.848677
 A Tensor eigenvectors:
                   0          1          2    
      0       0.378938  -0.686333  -0.620768
      1      -0.776119  -0.601042   0.190754
      2      -0.504029   0.409506  -0.760434
 A Eigenvalues: 
                  0          1          2    
      0       3.266113  -6.300929  -9.722504
A(iso)  -4.252440
 Nucleus: 37 H  
 Isotope: 1 
 Nuclear Spin:  0.5 
 Prefactor (MHz): 533.551395 
 Raw A tensor (MHz): 
                  0          1          2    
      0      -6.365575  -2.428128   3.367841
      1      -2.430281  -0.413947  -4.130521
      2       3.369248  -4.131077  -5.956827
 A Tensor eigenvectors:
                   0          1          2    
      0      -0.369701   0.678403   0.634894
      1       0.790394   0.588842  -0.168946
      2      -0.488466   0.439357  -0.753901
 A Eigenvalues: 
                  0          1          2    
      0       3.276006  -6.293143  -9.719211
A(iso)  -4.245450
 Nucleus: 39 H  
 Isotope: 1 
 Nuclear Spin:  0.5 
 Prefactor (MHz): 533.551395 
 Raw A tensor (MHz): 
                  0          1          2    
      0      35.245287   5.698839   3.594297
