-------------------------------------------------------------
----------------------- !PROPERTIES! ------------------------
-------------------------------------------------------------
# -----------------------------------------------------------
$ PAL_Flags
   description: The PAL Flags
   geom. index: 1
   prop. index: 1
        Diskflag:     2
# -----------------------------------------------------------
$ SCF_Energy
   description: The SCF energy
   geom. index: 1
   prop. index: 1
        SCF Energy:     -815.8755389329
# -----------------------------------------------------------
$ DFT_Energy
   description: The DFT energy
   geom. index: 1
   prop. index: 1
   Number of Alpha Electrons                 77.0001498758 
   Number of Beta  Electrons                 76.0001606687 
   Total number of  Electrons               153.0003105445 
   Exchange energy                          -93.7401211676 
   Correlation energy                        -5.8984968732 
   Correlation energy NL                      0.0000000000 
   Exchange-Correlation energy              -99.6386180408 
   Embedding correction                       0.0000000000 
   Total DFT Energy (No VdW correction)    -815.8755389329 
# -----------------------------------------------------------
$ Mayer_Pop
   description: The Mayer population analysis
   geom. index: 1
   prop. index: 1
     Number of atoms                     : 48
     Threshold for printing              : 0.1000000
     Number of bond orders printed       : 50
  NA   - Mulliken gross atomic population
  ZA   - Total nuclear charge
  QA   - Mulliken gross atomic charge
  VA   - Mayer's total valence
  BVA  - Mayer's bonded valence
  FA   - Mayer's free valence
  ATOM       NA         ZA         QA         VA         BVA        FA
  0   0     6.5435     6.0000    -0.5435     3.8858     3.8858     0.0000
  1   0     5.9987     6.0000     0.0013     3.8141     3.8141     0.0000
  2   0     5.9977     6.0000     0.0023     3.8183     3.8183     0.0000
  3   0     5.6101     6.0000     0.3899     3.9504     3.9504    -0.0000
  4   0     5.6641     6.0000     0.3359     3.8363     3.8363     0.0000
  5   0     6.4209     6.0000    -0.4209     4.3077     4.3077     0.0000
  6   0     5.6057     6.0000     0.3943     3.9599     3.9599    -0.0000
  7   0     5.6644     6.0000     0.3356     3.8105     3.8105     0.0000
  8   0     6.4199     6.0000    -0.4199     4.3134     4.3134     0.0000
  9   0     0.8660     1.0000     0.1340     0.9660     0.9660     0.0000
 10   0     0.8659     1.0000     0.1341     0.9664     0.9664     0.0000
 11   0     6.3882     6.0000    -0.3882     4.0588     4.0588    -0.0000
 12   0     0.8466     1.0000     0.1534     0.9628     0.9628     0.0000
 13   0     0.8466     1.0000     0.1534     0.9628     0.9628     0.0000
 14   0     6.2634     6.0000    -0.2634     4.0182     4.0182    -0.0000
 15   0     0.8608     1.0000     0.1392     0.9668     0.9668    -0.0000
 16   0     0.8607     1.0000     0.1393     0.9667     0.9667    -0.0000
 17   0     6.2546     6.0000    -0.2546     3.8888     3.8888     0.0000
 18   0     0.8578     1.0000     0.1422     0.9675     0.9675    -0.0000
 19   0     0.8576     1.0000     0.1424     0.9675     0.9675    -0.0000
 20   0     6.5085     6.0000    -0.5085     3.9004     3.9004     0.0000
 21   0     0.8421     1.0000     0.1579     0.9657     0.9657     0.0000
 22   0     0.8422     1.0000     0.1578     0.9658     0.9658     0.0000
 23   0     6.4016     6.0000    -0.4016     4.0600     4.0600    -0.0000
 24   0     0.8440     1.0000     0.1560     0.9629     0.9629     0.0000
 25   0     0.8444     1.0000     0.1556     0.9631     0.9631     0.0000
 26   0     6.2649     6.0000    -0.2649     3.9744     3.9744     0.0000
 27   0     0.8573     1.0000     0.1427     0.9676     0.9676     0.0000
 28   0     0.8580     1.0000     0.1420     0.9678     0.9678     0.0000
 29   0     6.2838     6.0000    -0.2838     3.9407     3.9407    -0.0000
 30   0     0.8571     1.0000     0.1429     0.9690     0.9690     0.0000
 31   0     0.8570     1.0000     0.1430     0.9690     0.9690     0.0000
 32   0     6.2824     6.0000    -0.2824     3.9365     3.9364     0.0001
 33   0     0.8549     1.0000     0.1451     0.9698     0.9698     0.0000
 34   0     0.8548     1.0000     0.1452     0.9697     0.9697     0.0000
 35   0     6.3032     6.0000    -0.3032     3.9102     3.9054     0.0048
 36   0     0.8440     1.0000     0.1560     0.9667     0.9667     0.0000
 37   0     0.8440     1.0000     0.1560     0.9667     0.9667     0.0000
 38   0     6.2232     6.0000    -0.2232     3.8809     3.8789     0.0020
 39   0     0.8526     1.0000     0.1474     0.9686     0.9684     0.0002
 40   0     0.8526     1.0000     0.1474     0.9686     0.9684     0.0002
 41   0     6.4332     6.0000    -0.4332     3.8499     2.9900     0.8599
 42   0     0.8340     1.0000     0.1660     0.9703     0.9683     0.0020
 43   0     0.8340     1.0000     0.1660     0.9703     0.9683     0.0020
 44   0     6.5420     6.0000    -0.5420     3.8866     3.8866     0.0000
 45   0     0.8170     1.0000     0.1830     0.9773     0.9773    -0.0000
 46   0     0.8171     1.0000     0.1829     0.9772     0.9772     0.0000
 47   0     0.8567     1.0000     0.1433     0.9670     0.9670     0.0000
      Bond orders larger than 0.1000000
           Atom A     A.N. of A          Atom B    A.N. of B              Bond order
                0             6               1            6                2.701309
                0             6              45            1                0.984179
                1             6               3            6                0.912055
                2             6               6            6                0.919039
                2             6              44            6                2.697988
                3             6               4            6                1.369946
                3             6               5            6                0.116615
                3             6               8            6                1.417724
                4             6               5            6                1.437860
                4             6              11            6                0.944340
                5             6               6            6                1.423586
                5             6               9            1                0.971314
                6             6               7            6                1.359397
                6             6               8            6                0.115669
                7             6               8            6                1.441792
                7             6              23            6                0.937363
                8             6              10            1                0.971972
               11             6              12            1                0.960334
               11             6              13            1                0.960239
               11             6              14            6                1.021167
               14             6              15            1                0.960506
               14             6              16            1                0.960628
               14             6              17            6                0.987570
               17             6              18            1                0.971063
               17             6              19            1                0.971165
               17             6              20            6                0.953910
               20             6              21            1                0.972897
               20             6              22            1                0.972829
               20             6              47            1                0.967601
               23             6              24            1                0.961812
               23             6              25            1                0.961359
               23             6              26            6                1.011229
               26             6              27            1                0.961243
               26             6              28            1                0.960578
               26             6              29            6                0.970402
               29             6              30            1                0.975972
               29             6              31            1                0.975845
               29             6              32            6                0.971414
               32             6              33            1                0.980194
               32             6              34            1                0.980122
               32             6              35            6                0.956082
               35             6              36            1                0.978776
               35             6              37            1                0.978797
               35             6              38            6                0.936579
               38             6              39            1                0.977638
               38             6              40            1                0.977623
               38             6              41            6                0.974163
               41             6              42            1                0.973402
               41             6              43            1                0.973396
               44             6              46            1                0.984054
# -----------------------------------------------------------
$ Calculation_Info
   description: Details of the calculation
   geom. index: 1
   prop. index: 1
     Multiplicity:                          2
     Charge:                                0
     number of atoms:                       48
     number of electrons:                   0
     number of frozen core electrons:       1
     number of correlated electrons:        0
     number of basis functions:             546
     number of aux C basis functions:       3756
     number of aux J basis functions:       3756
     number of aux JK basis functions:      3756
     number of aux CABS basis functions:    0
     Total Energy                           -815.875539
# -----------------------------------------------------------
$ SCF_Electric_Properties
   description: The SCF Calculated Electric Properties
   geom. index: 1
   prop. index: 1
       Filename                          : EPRII.scfp 
       Do Dipole Moment Calculation      : true 
       Do Quadrupole Moment Calculation  : false 
       Do Polarizability Calculation     : false 
** Dipole moment part of electric properties **
        Magnitude of dipole moment (Debye) :        0.3777932142
        Electronic Contribution:
                  0    
      0      -2.069038
      1     -10.788020
      2      -0.123627
        Nuclear Contribution:
                  0    
      0       2.053552
      1      10.640221
      2       0.120953
        Total Dipole moment:
                  0    
      0      -0.015486
      1      -0.147799
      2      -0.002673
# -----------------------------------------------------------
$ EPRNMR_GTensor
   description: Electronic g tensor
   geom. index: 1
   prop. index: 1
 Source density: 1 SCF 
 Spin multiplicity: 2 
 raw g tensor: 
                  0          1          2    
      0       2.002745   0.000223   0.000001
      1       0.000224   2.002559  -0.000005
      2       0.000001  -0.000005   2.003024
 g tensor: 
                  0          1          2    
      0      -0.554972   0.831811   0.009823
      1       0.831836   0.554806   0.015446
      2       0.007398   0.016743  -0.999832
 G eigenvalues: 
                  0          1          2    
      0       2.002410   2.002895   2.003024
# -----------------------------------------------------------
$ EPRNMR_OrbitalShielding
   description: Orbital contribution to the NMR Shielding tensor (ppm)
   geom. index: 1
   prop. index: 1
 Number of stored nuclei 27
 Source density: 1 SCF 
 Nucleus: 9 H 
 Shielding tensor (ppm): 
                  0          1          2    
      0     -19.481853 109.988857   1.444997
      1     -215.130069  67.115781   0.358595
      2      -3.815279   0.253860  35.663808
 P Tensor eigenvectors:
                   0          1          2    
      0       0.001224   0.405175  -0.914238
      1      -0.011203   0.914187   0.405137
      2       0.999936   0.009746   0.005658
 P Eigenvalues: 
                  0          1          2    
      0      35.659353  13.947574  33.690809
P(iso)  27.765912
 Nucleus: 10 H 
 Shielding tensor (ppm): 
                  0          1          2    
      0      98.871852 -92.132006  -1.513307
      1      33.204897  56.114280  -1.451542
      2       0.050350  -0.592921 113.183267
 P Tensor eigenvectors:
                   0          1          2    
      0       0.725368   0.003183   0.688354
      1       0.688163  -0.027355  -0.725040
      2       0.016522   0.999621  -0.022033
 P Eigenvalues: 
                  0          1          2    
      0      49.171635 113.196799 105.800965
P(iso)  89.389800
 Nucleus: 12 H 
 Shielding tensor (ppm): 
                  0          1          2    
      0      52.792623 -211.929544 151.399764
      1     314.807912  16.865880 345.713712
      2     -95.949102 -256.048183  52.504557
 P Tensor eigenvectors:
                   0          1          2    
      0      -0.695107   0.353100   0.626216
      1       0.344564   0.928133  -0.140869
      2       0.630953  -0.117853   0.766817
 P Eigenvalues: 
                  0          1          2    
      0      18.946358  43.440491  59.776211
P(iso)  40.721020
 Nucleus: 13 H 
 Shielding tensor (ppm): 
                  0          1          2    
      0      52.636165 -207.313419 -158.996615
      1     312.923938  20.113679 -344.851502
      2     107.108238 253.269047  48.399687
 P Tensor eigenvectors:
                   0          1          2    
      0      -0.691694   0.351591  -0.630827
      1       0.367336   0.923339   0.111843
      2      -0.621790   0.154365   0.767820
 P Eigenvalues: 
                  0          1          2    
      0      18.377199  43.223727  59.548606
P(iso)  40.383177
 Nucleus: 15 H 
 Shielding tensor (ppm): 
                  0          1          2    
      0      34.444770 288.924762  92.562595
      1     -391.185443  68.068391 448.428425
      2     -77.623994 -328.380893  88.366139
 P Tensor eigenvectors:
                   0          1          2    
      0       0.750748   0.157464   0.641547
      1      -0.129942   0.987402  -0.090292
      2       0.647683   0.015577  -0.761751
 P Eigenvalues: 
                  0          1          2    
      0      64.768524  53.223199  72.887576
P(iso)  63.626433
 Nucleus: 16 H 
 Shielding tensor (ppm): 
                  0          1          2    
      0      33.833930 289.073957 -82.530241
      1     -389.223366  72.440058 -452.983989
      2      62.879045 330.404275  83.011191
 P Tensor eigenvectors:
                   0          1          2    
      0      -0.757130   0.158711   0.633691
      1       0.106441   0.987047  -0.120036
      2       0.644534   0.023432   0.764216
 P Eigenvalues: 
                  0          1          2    
      0      63.951912  52.876266  72.457001
P(iso)  63.095060
 Nucleus: 18 H 
 Shielding tensor (ppm): 
                  0          1          2    
      0      26.667231 -331.578151 -151.558207
      1     470.924830   7.542711 -510.505521
      2     104.292097 371.957936  -2.253885
 P Tensor eigenvectors:
                   0          1          2    
      0      -0.721167   0.192275  -0.665544
      1       0.218032   0.974885   0.045390
      2      -0.657556   0.112377   0.744977
 P Eigenvalues: 
                  0          1          2    
      0     -11.207979  18.046287  25.117749
P(iso)  10.652019
 Nucleus: 19 H 
 Shielding tensor (ppm): 
                  0          1          2    
      0      26.588854 -331.924934 140.160876
      1     467.083332   2.463682 518.533798
      2     -87.029593 -377.702115   4.234035
 P Tensor eigenvectors:
                   0          1          2    
      0      -0.731158   0.194661   0.653847
      1       0.194120   0.978172  -0.074145
      2       0.654008  -0.072713   0.752985
 P Eigenvalues: 
                  0          1          2    
      0     -10.592362  18.354052  25.524881
P(iso)  11.095524
 Nucleus: 21 H 
 Shielding tensor (ppm): 
                  0          1          2    
      0     -25.534597 380.614280 -78.415947
      1     -484.237550  57.593436 -567.503729
      2      52.582756 413.383178   3.815565
 P Tensor eigenvectors:
                   0          1          2    
      0       0.753277   0.206394  -0.624480
      1      -0.087070   0.972423   0.216363
      2      -0.651914   0.108607  -0.750474
 P Eigenvalues: 
                  0          1          2    
      0      -1.696624  15.764482  21.806546
P(iso)  11.958135
 Nucleus: 22 H 
 Shielding tensor (ppm): 
                  0          1          2    
      0     -24.884891 385.057457  92.118262
      1     -492.711132  51.951718 561.349956
      2     -71.122588 -405.716567  11.022764
 P Tensor eigenvectors:
                   0          1          2    
      0       0.741712   0.206676   0.638082
      1      -0.111234   0.976070  -0.186852
      2       0.661431  -0.067614  -0.746952
 P Eigenvalues: 
                  0          1          2    
      0      -0.493333  16.200908  22.382015
P(iso)  12.696530
 Nucleus: 24 H 
 Shielding tensor (ppm): 
                  0          1          2    
      0      97.082232 -57.234107 112.009008
      1      82.088577  30.216052  94.928485
      2     -69.280633 -71.671689  90.035772
 P Tensor eigenvectors:
                   0          1          2    
      0      -0.395537   0.763311   0.510791
      1       0.789068   0.567028  -0.236326
      2       0.470023  -0.309574   0.826585
 P Eigenvalues: 
                  0          1          2    
      0      46.817280  71.486349  99.030426
P(iso)  72.444685
 Nucleus: 25 H 
 Shielding tensor (ppm): 
                  0          1          2    
      0      98.415322 -54.768499 -113.532137
      1      81.822854  31.228904 -94.625648
      2      72.695418  68.075624  88.493278
 P Tensor eigenvectors:
                   0          1          2    
      0      -0.380952   0.756035  -0.532247
      1       0.807698   0.552289   0.206401
      2      -0.450000   0.351265   0.821043
 P Eigenvalues: 
                  0          1          2    
      0      46.900280  71.998508  99.238716
P(iso)  72.712501
 Nucleus: 27 H 
 Shielding tensor (ppm): 
                  0          1          2    
      0      91.403098 128.847164 -45.237432
      1     -193.283100  64.096308 -215.266538
      2      37.565324 154.931805 120.925587
 P Tensor eigenvectors:
                   0          1          2    
      0      -0.765340   0.074338   0.639319
      1       0.137597   0.989241   0.049694
      2       0.628746  -0.126001   0.767334
 P Eigenvalues: 
                  0          1          2    
      0     107.814707  68.003285 100.607001
P(iso)  92.141665
 Nucleus: 28 H 
 Shielding tensor (ppm): 
                  0          1          2    
      0      90.757731 130.510803  49.243878
      1     -196.327268  62.011852 209.448553
      2     -44.912830 -153.868124 122.583607
 P Tensor eigenvectors:
                   0          1          2    
      0      -0.752124   0.074368  -0.654812
      1       0.160784   0.984294  -0.072890
      2      -0.639107   0.160106   0.752269
 P Eigenvalues: 
                  0          1          2    
      0     107.343828  67.716273 100.293089
P(iso)  91.784397
 Nucleus: 30 H 
 Shielding tensor (ppm): 
                  0          1          2    
      0      87.068922 -225.840064 110.209587
      1     295.891232  14.263926 322.196491
      2     -67.970275 -237.307588  71.720591
 P Tensor eigenvectors:
                   0          1          2    
      0      -0.699014   0.347038   0.625256
      1       0.245244   0.937663  -0.246260
      2       0.671741   0.018799   0.740548
 P Eigenvalues: 
                  0          1          2    
      0      57.906506  47.619344  67.527588
P(iso)  57.684480
 Nucleus: 31 H 
 Shielding tensor (ppm): 
                  0          1          2    
      0      88.299410 -226.908886 -117.337706
      1     299.781396  17.132304 -318.132086
      2      78.278924 231.304083  68.527824
 P Tensor eigenvectors:
                   0          1          2    
      0      -0.685525   0.348032  -0.639476
      1       0.267662   0.937307   0.223189
      2      -0.677062   0.018162   0.735702
 P Eigenvalues: 
                  0          1          2    
      0      58.372385  47.816466  67.770688
P(iso)  57.986513
 Nucleus: 33 H 
 Shielding tensor (ppm): 
                  0          1          2    
      0      69.012872 301.446694  67.062361
      1     -412.276464  54.222905 425.195275
      2     -58.583116 -310.361679 101.900959
 P Tensor eigenvectors:
                   0          1          2    
      0       0.720681   0.067206   0.690002
      1      -0.109485   0.993833   0.017555
      2       0.684567   0.088196  -0.723594
 P Eigenvalues: 
                  0          1          2    
      0      88.569404  57.373818  79.193515
P(iso)  75.045579
 Nucleus: 34 H 
 Shielding tensor (ppm): 
                  0          1          2    
      0      69.715932 297.361432 -58.066457
      1     -405.659757  57.998415 -434.366276
      2      44.889667 314.926952  98.395019
 P Tensor eigenvectors:
                   0          1          2    
      0      -0.733735   0.067681   0.676057
      1       0.087693   0.996137  -0.004550
      2       0.673753  -0.055947   0.736836
 P Eigenvalues: 
                  0          1          2    
      0      89.069928  57.583479  79.455959
P(iso)  75.369789
 Nucleus: 36 H 
 Shielding tensor (ppm): 
                  0          1          2    
      0      63.939889 -361.106940 -126.098150
      1     487.037151  11.064099 -522.120656
      2      84.603391 375.992029  41.169181
 P Tensor eigenvectors:
                   0          1          2    
      0       0.716610   0.210106   0.665075
      1      -0.175067   0.977206  -0.120080
      2       0.675145   0.030382  -0.737059
 P Eigenvalues: 
                  0          1          2    
      0      33.337341  34.678237  48.157591
P(iso)  38.724390
 Nucleus: 37 H 
 Shielding tensor (ppm): 
                  0          1          2    
      0      62.623161 -357.453810 115.167376
      1     479.400317   6.467450 529.946240
      2     -68.968824 -383.549026  46.129122
 P Tensor eigenvectors:
                   0          1          2    
      0       0.729298   0.209731  -0.651259
      1      -0.154032   0.977753   0.142385
      2      -0.666632   0.003527  -0.745378
 P Eigenvalues: 
                  0          1          2    
      0      32.833950  34.484013  47.901770
P(iso)  38.406578
 Nucleus: 39 H 
 Shielding tensor (ppm): 
                  0          1          2    
      0      23.871242 429.700851 -61.530498
      1     -572.711520  54.941278 -610.044694
      2      40.506336 434.933222  57.930421
 P Tensor eigenvectors:
                   0          1          2    
      0      -0.728715   0.098496   0.677697
      1       0.056379   0.994872  -0.083970
      2       0.682493   0.022982   0.730531
 P Eigenvalues: 
                  0          1          2    
      0      49.428339  36.576288  50.738315
P(iso)  45.580981
 Nucleus: 40 H 
 Shielding tensor (ppm): 
                  0          1          2    
      0      23.175766 436.383281  74.051805
      1     -583.404554  49.608817 597.737615
      2     -58.990786 -426.022902  63.303038
 P Tensor eigenvectors:
                   0          1          2    
      0      -0.714550  -0.099069  -0.692534
      1       0.077527  -0.995039   0.062352
      2      -0.695275  -0.009137   0.718685
 P Eigenvalues: 
                  0          1          2    
      0      49.103576  36.432278  50.551767
P(iso)  45.362540
 Nucleus: 42 H 
 Shielding tensor (ppm): 
                  0          1          2    
      0     -86.399590 -156.258613 112.281127
      1     261.944992  12.887133 655.769920
      2     -54.692971 -435.121206 -127.693955
 P Tensor eigenvectors:
                   0          1          2    
      0       0.933324  -0.039363   0.356871
      1      -0.109521  -0.977812   0.178577
      2      -0.341923   0.205755   0.916926
 P Eigenvalues: 
                  0          1          2    
      0     -110.954586 -34.009146 -56.242680
P(iso)  -67.068804
 Nucleus: 43 H 
 Shielding tensor (ppm): 
                  0          1          2    
      0     -85.182917 -161.098181 -116.375258
      1     272.552216  19.493359 -646.732657
      2      63.866442 437.105676 -135.178390
 P Tensor eigenvectors:
                   0          1          2    
      0       0.926747  -0.035337  -0.374021
      1      -0.120293  -0.971063  -0.206318
      2       0.355908  -0.236197   0.904180
 P Eigenvalues: 
                  0          1          2    
      0     -110.770675 -33.960486 -56.136787
P(iso)  -66.955983
 Nucleus: 45 H 
 Shielding tensor (ppm): 
                  0          1          2    
      0      56.884926 -142.641436  -1.391755
      1     185.597260 -116.416280   0.400429
      2       3.352752  -1.005438 -93.226410
 P Tensor eigenvectors:
                   0          1          2    
      0       0.684224   0.004596  -0.729257
      1       0.729134   0.015162   0.684203
      2       0.014202  -0.999874   0.007023
 P Eigenvalues: 
                  0          1          2    
      0     -13.835434 -93.225417 -45.696914
P(iso)  -50.919255
 Nucleus: 46 H 
 Shielding tensor (ppm): 
                  0          1          2    
      0      50.013170  69.141192   1.172192
      1     -144.537545 -96.117196  -0.716948
      2      -1.448497  -0.107529 -81.028280
 P Tensor eigenvectors:
                   0          1          2    
      0       0.607973   0.003807   0.793949
      1      -0.793922   0.012421   0.607893
      2      -0.007547  -0.999916   0.010575
 P Eigenvalues: 
                  0          1          2    
      0      -5.713129 -81.020982 -40.398195
P(iso)  -42.377436
 Nucleus: 47 H 
 Shielding tensor (ppm): 
                  0          1          2    
      0     -143.991885 -154.640712  -2.192054
      1     289.841956  26.206591   9.010398
      2       5.202586  -0.071207 -163.366050
 P Tensor eigenvectors:
                   0          1          2    
      0       0.314858   0.020733   0.948912
      1      -0.949105   0.015354   0.314586
      2      -0.008047  -0.999667   0.024512
 P Eigenvalues: 
                  0          1          2    
      0     -31.020272 -163.469595 -86.661477
P(iso)  -93.717115
# -----------------------------------------------------------
$ EPRNMR_ATensor
   description: Hyperfine A tensor
   geom. index: 1
   prop. index: 1
 Number of stored nuclei 27
 Source density: 1 SCF 
 Spin multiplicity: 2 
 Nucleus: 9 H  
 Isotope: 1 
 Nuclear Spin:  0.5 
 Prefactor (MHz): 533.551395 
 Raw A tensor (MHz): 
                  0          1          2    
      0      -0.038192   0.005503   0.000099
      1       0.005480   0.096250   0.002290
      2       0.000099   0.002290  -0.039150
 A Tensor eigenvectors:
                   0          1          2    
      0       0.999134   0.008000   0.040824
      1      -0.040952   0.016581   0.999024
      2       0.007315  -0.999831   0.016894
 A Eigenvalues: 
                  0          1          2    
      0      -0.038415  -0.039189   0.096512
A(iso)  0.006303
 Nucleus: 10 H  
 Isotope: 1 
 Nuclear Spin:  0.5 
 Prefactor (MHz): 533.551395 
 Raw A tensor (MHz): 
                  0          1          2    
      0      -0.073287   0.147262   0.002475
      1       0.147252   0.217170   0.006007
      2       0.002475   0.006007  -0.147245
 A Tensor eigenvectors:
                   0          1          2    
      0       0.922557   0.003311   0.385847
      1      -0.385851   0.015139   0.922437
      2      -0.002787  -0.999880   0.015245
 A Eigenvalues: 
                  0          1          2    
      0      -0.134882  -0.147344   0.278864
A(iso)  -0.001121
 Nucleus: 12 H  
 Isotope: 1 
 Nuclear Spin:  0.5 
 Prefactor (MHz): 533.551395 
 Raw A tensor (MHz): 
                  0          1          2    
      0      -0.025525   0.030438   0.002774
      1       0.030435   0.059157   0.008513
      2       0.002774   0.008513  -0.034938
 A Tensor eigenvectors:
                   0          1          2    
      0       0.946755   0.101515   0.305532
      1      -0.312115   0.056562   0.948359
      2       0.078991  -0.993225   0.085235
 A Eigenvalues: 
                  0          1          2    
      0      -0.035327  -0.035706   0.069727
A(iso)  -0.000435
 Nucleus: 13 H  
 Isotope: 1 
 Nuclear Spin:  0.5 
 Prefactor (MHz): 533.551395 
 Raw A tensor (MHz): 
                  0          1          2    
      0      -0.025468   0.030508  -0.001666
      1       0.030504   0.059557  -0.005093
      2      -0.001666  -0.005092  -0.035382
 A Tensor eigenvectors:
                   0          1          2    
      0       0.948540   0.082041  -0.305844
      1      -0.308881   0.027000  -0.950717
      2      -0.069740   0.996263   0.050951
 A Eigenvalues: 
                  0          1          2    
      0      -0.035279  -0.035657   0.069643
A(iso)  -0.000431
 Nucleus: 15 H  
 Isotope: 1 
 Nuclear Spin:  0.5 
 Prefactor (MHz): 533.551395 
 Raw A tensor (MHz): 
                  0          1          2    
      0      -0.027339   0.011352   0.000962
      1       0.011341   0.055996   0.007085
      2       0.000961   0.007084  -0.028429
 A Tensor eigenvectors:
                   0          1          2    
      0       0.986520   0.096491   0.132165
      1      -0.139169   0.069856   0.987802
      2       0.086082  -0.992879   0.082343
 A Eigenvalues: 
                  0          1          2    
      0      -0.028855  -0.029021   0.058104
A(iso)  0.000076
 Nucleus: 16 H  
 Isotope: 1 
 Nuclear Spin:  0.5 
 Prefactor (MHz): 533.551395 
 Raw A tensor (MHz): 
                  0          1          2    
      0      -0.027275   0.011415  -0.000559
      1       0.011404   0.056280  -0.004079
      2      -0.000558  -0.004079  -0.028773
 A Tensor eigenvectors:
                   0          1          2    
      0       0.988257   0.075549  -0.132821
      1      -0.135928   0.037563  -0.990006
      2      -0.069804   0.996434   0.047391
 A Eigenvalues: 
                  0          1          2    
      0      -0.028804  -0.028970   0.058005
A(iso)  0.000077
 Nucleus: 18 H  
 Isotope: 1 
 Nuclear Spin:  0.5 
 Prefactor (MHz): 533.551395 
 Raw A tensor (MHz): 
                  0          1          2    
      0      -0.016486   0.015859  -0.000656
      1       0.015856   0.037358  -0.002366
      2      -0.000656  -0.002366  -0.020842
 A Tensor eigenvectors:
                   0          1          2    
      0       0.960596   0.090371  -0.262848
      1      -0.265281   0.015837  -0.964041
      2      -0.082958   0.995782   0.039187
 A Eigenvalues: 
                  0          1          2    
      0      -0.020809  -0.020939   0.041778
A(iso)  0.000010
 Nucleus: 19 H  
 Isotope: 1 
 Nuclear Spin:  0.5 
 Prefactor (MHz): 533.551395 
 Raw A tensor (MHz): 
                  0          1          2    
      0      -0.016532   0.015798   0.001256
      1       0.015795   0.037163   0.004563
      2       0.001255   0.004562  -0.020605
 A Tensor eigenvectors:
                   0          1          2    
      0       0.958542   0.111863   0.262078
      1      -0.268590   0.047509   0.962082
      2       0.095171  -0.992587   0.075584
 A Eigenvalues: 
                  0          1          2    
      0      -0.020833  -0.020964   0.041824
A(iso)  0.000009
 Nucleus: 21 H  
 Isotope: 1 
 Nuclear Spin:  0.5 
 Prefactor (MHz): 533.551395 
 Raw A tensor (MHz): 
                  0          1          2    
      0      -0.016499   0.006157  -0.000227
      1       0.006150   0.033782  -0.001876
      2      -0.000227  -0.001875  -0.017251
 A Tensor eigenvectors:
                   0          1          2    
      0       0.992637   0.018373  -0.119724
      1      -0.120302   0.034463  -0.992139
      2      -0.014102   0.999237   0.036420
 A Eigenvalues: 
                  0          1          2    
      0      -0.017241  -0.017320   0.034593
A(iso)  0.000010
 Nucleus: 22 H  
 Isotope: 1 
 Nuclear Spin:  0.5 
 Prefactor (MHz): 533.551395 
 Raw A tensor (MHz): 
                  0          1          2    
      0      -0.016539   0.006104   0.000447
      1       0.006097   0.033649   0.003710
      2       0.000447   0.003710  -0.017079
 A Tensor eigenvectors:
                   0          1          2    
      0       0.992197   0.038105   0.118714
      1      -0.121099   0.067974   0.990310
      2       0.029666  -0.996959   0.072058
 A Eigenvalues: 
                  0          1          2    
      0      -0.017270  -0.017349   0.034650
A(iso)  0.000011
 Nucleus: 24 H  
 Isotope: 1 
 Nuclear Spin:  0.5 
 Prefactor (MHz): 533.551395 
 Raw A tensor (MHz): 
                  0          1          2    
      0      -0.193238  -0.053669   0.025754
      1      -0.053761   0.362589  -0.075332
      2       0.025771  -0.075342  -0.203099
 A Tensor eigenvectors:
                   0          1          2    
      0      -0.819459   0.564590   0.098617
      1      -0.155881  -0.053972  -0.986300
      2      -0.551533  -0.823605   0.132237
 A Eigenvalues: 
                  0          1          2    
      0      -0.186121  -0.225691   0.378064
A(iso)  -0.011249
 Nucleus: 25 H  
 Isotope: 1 
 Nuclear Spin:  0.5 
 Prefactor (MHz): 533.551395 
 Raw A tensor (MHz): 
                  0          1          2    
      0      -0.191941  -0.054908  -0.027144
      1      -0.055000   0.358415   0.090070
      2      -0.027163   0.090081  -0.199601
 A Tensor eigenvectors:
                   0          1          2    
      0      -0.831948  -0.545391   0.102034
      1      -0.171226   0.077440  -0.982184
      2       0.527773  -0.834596  -0.157811
 A Eigenvalues: 
                  0          1          2    
      0      -0.186031  -0.225697   0.378601
A(iso)  -0.011043
 Nucleus: 27 H  
 Isotope: 1 
 Nuclear Spin:  0.5 
 Prefactor (MHz): 533.551395 
 Raw A tensor (MHz): 
                  0          1          2    
      0      -0.319629   0.283478   0.130439
      1       0.283440   0.408509   0.183598
      2       0.130449   0.183624  -0.383732
 A Tensor eigenvectors:
                   0          1          2    
      0      -0.659006  -0.675685   0.330395
      1       0.394679   0.063280   0.916638
      2      -0.640266   0.734470   0.224977
 A Eigenvalues: 
                  0          1          2    
      0      -0.362655  -0.487937   0.555740
A(iso)  -0.098284
 Nucleus: 28 H  
 Isotope: 1 
 Nuclear Spin:  0.5 
 Prefactor (MHz): 533.551395 
 Raw A tensor (MHz): 
                  0          1          2    
      0      -0.314523   0.290550  -0.120879
      1       0.290511   0.418423  -0.154914
      2      -0.120891  -0.154939  -0.398471
 A Tensor eigenvectors:
                   0          1          2    
      0      -0.671947   0.660701   0.334606
      1       0.376484  -0.084338   0.922576
      2       0.637767   0.745896  -0.192072
 A Eigenvalues: 
                  0          1          2    
      0      -0.362565  -0.488049   0.556043
A(iso)  -0.098190
 Nucleus: 30 H  
 Isotope: 1 
 Nuclear Spin:  0.5 
 Prefactor (MHz): 533.551395 
 Raw A tensor (MHz): 
                  0          1          2    
      0      -0.324074  -0.299449   0.180758
      1      -0.299773   1.394293  -0.445791
      2       0.180884  -0.445842  -0.364950
 A Tensor eigenvectors:
                   0          1          2    
      0       0.819844  -0.545292   0.174677
      1       0.274841   0.107141  -0.955502
      2       0.502312   0.831371   0.237707
 A Eigenvalues: 
                  0          1          2    
      0      -0.313772  -0.540961   1.560002
A(iso)  0.235090
 Nucleus: 31 H  
 Isotope: 1 
 Nuclear Spin:  0.5 
 Prefactor (MHz): 533.551395 
 Raw A tensor (MHz): 
                  0          1          2    
      0      -0.315532  -0.303044  -0.188804
      1      -0.303364   1.369104   0.489944
      2      -0.188939   0.490001  -0.343622
 A Tensor eigenvectors:
                   0          1          2    
      0       0.829157  -0.529441  -0.179417
      1       0.288916   0.131099   0.948336
      2      -0.478566  -0.838156   0.261666
 A Eigenvalues: 
                  0          1          2    
      0      -0.312215  -0.539524   1.561689
A(iso)  0.236650
 Nucleus: 33 H  
 Isotope: 1 
 Nuclear Spin:  0.5 
 Prefactor (MHz): 533.551395 
 Raw A tensor (MHz): 
                  0          1          2    
      0      -1.033843   1.345436  -0.868828
      1       1.345296   0.675251  -0.617823
      2      -0.868817  -0.618272  -1.613290
 A Tensor eigenvectors:
                   0          1          2    
      0      -0.554137   0.494637  -0.669527
      1       0.549136   0.821691   0.152559
      2       0.625606  -0.283123  -0.726952
 A Eigenvalues: 
                  0          1          2    
      0      -1.386290   1.698175  -2.283766
A(iso)  -0.657294
 Nucleus: 34 H  
 Isotope: 1 
 Nuclear Spin:  0.5 
 Prefactor (MHz): 533.551395 
 Raw A tensor (MHz): 
                  0          1          2    
      0      -1.066769   1.307485   0.916566
      1       1.307353   0.636477   0.707221
      2       0.916551   0.707672  -1.540796
 A Tensor eigenvectors:
                   0          1          2    
      0      -0.542198   0.489122   0.683214
      1       0.567160   0.812974  -0.131921
      2      -0.619960   0.315964  -0.718203
 A Eigenvalues: 
                  0          1          2    
      0      -1.386489   1.698144  -2.282743
A(iso)  -0.657030
 Nucleus: 36 H  
 Isotope: 1 
 Nuclear Spin:  0.5 
 Prefactor (MHz): 533.551395 
 Raw A tensor (MHz): 
                  0          1          2    
      0      -6.246907  -2.407865  -3.442351
      1      -2.409963  -0.665547   4.238402
      2      -3.443818   4.238995  -5.850441
 A Tensor eigenvectors:
                   0          1          2    
      0       0.378939  -0.686318  -0.620784
      1      -0.776115  -0.601051   0.190745
      2      -0.504034   0.409519  -0.760423
 A Eigenvalues: 
                  0          1          2    
      0       3.264206  -6.302708  -9.724393
A(iso)  -4.254298
 Nucleus: 37 H  
 Isotope: 1 
 Nuclear Spin:  0.5 
 Prefactor (MHz): 533.551395 
 Raw A tensor (MHz): 
                  0          1          2    
      0      -6.367476  -2.428081   3.367911
      1      -2.430234  -0.415858  -4.130481
      2       3.369318  -4.131037  -5.958585
 A Tensor eigenvectors:
                   0          1          2    
      0      -0.369702   0.678388   0.634910
      1       0.790390   0.588850  -0.168937
      2      -0.488471   0.439370  -0.753890
 A Eigenvalues: 
                  0          1          2    
      0       3.274100  -6.294921  -9.721098
A(iso)  -4.247307
 Nucleus: 39 H  
 Isotope: 1 
 Nuclear Spin:  0.5 
 Prefactor (MHz): 533.551395 
 Raw A tensor (MHz): 
                  0          1          2    
