-------------------------------------------------------------
----------------------- !PROPERTIES! ------------------------
-------------------------------------------------------------
# -----------------------------------------------------------
$ PAL_Flags
   description: The PAL Flags
   geom. index: 1
   prop. index: 1
        Diskflag:     2
# -----------------------------------------------------------
$ SCF_Energy
   description: The SCF energy
   geom. index: 1
   prop. index: 1
        SCF Energy:     -815.8767260482
# -----------------------------------------------------------
$ DFT_Energy
   description: The DFT energy
   geom. index: 1
   prop. index: 1
   Number of Alpha Electrons                 77.0001482749 
   Number of Beta  Electrons                 76.0001589412 
   Total number of  Electrons               153.0003072160 
   Exchange energy                          -93.7588809100 
   Correlation energy                        -5.8986831024 
   Correlation energy NL                      0.0000000000 
   Exchange-Correlation energy              -99.6575640124 
   Embedding correction                       0.0000000000 
   Total DFT Energy (No VdW correction)    -815.8767260482 
# -----------------------------------------------------------
$ Mayer_Pop
   description: The Mayer population analysis
   geom. index: 1
   prop. index: 1
     Number of atoms                     : 48
     Threshold for printing              : 0.1000000
     Number of bond orders printed       : 50
  NA   - Mulliken gross atomic population
  ZA   - Total nuclear charge
  QA   - Mulliken gross atomic charge
  VA   - Mayer's total valence
  BVA  - Mayer's bonded valence
  FA   - Mayer's free valence
  ATOM       NA         ZA         QA         VA         BVA        FA
  0   0     6.5385     6.0000    -0.5385     3.8879     3.8879     0.0000
  1   0     6.0049     6.0000    -0.0049     3.8127     3.8127     0.0000
  2   0     6.0038     6.0000    -0.0038     3.8169     3.8169     0.0000
  3   0     5.6124     6.0000     0.3876     3.9329     3.9329     0.0000
  4   0     5.6730     6.0000     0.3270     3.8361     3.8361     0.0000
  5   0     6.4153     6.0000    -0.4153     4.2980     4.2980     0.0000
  6   0     5.6082     6.0000     0.3918     3.9424     3.9424     0.0000
  7   0     5.6733     6.0000     0.3267     3.8105     3.8105     0.0000
  8   0     6.4145     6.0000    -0.4145     4.3032     4.3032     0.0000
  9   0     0.8641     1.0000     0.1359     0.9655     0.9655    -0.0000
 10   0     0.8640     1.0000     0.1360     0.9659     0.9659     0.0000
 11   0     6.3904     6.0000    -0.3904     4.0537     4.0537     0.0000
 12   0     0.8440     1.0000     0.1560     0.9620     0.9620     0.0000
 13   0     0.8440     1.0000     0.1560     0.9621     0.9621     0.0000
 14   0     6.2690     6.0000    -0.2690     4.0136     4.0136     0.0000
 15   0     0.8580     1.0000     0.1420     0.9662     0.9662     0.0000
 16   0     0.8576     1.0000     0.1424     0.9660     0.9660     0.0000
 17   0     6.2635     6.0000    -0.2635     3.8881     3.8881     0.0000
 18   0     0.8547     1.0000     0.1453     0.9668     0.9668    -0.0000
 19   0     0.8546     1.0000     0.1454     0.9668     0.9668    -0.0000
 20   0     6.5114     6.0000    -0.5114     3.8999     3.8999     0.0000
 21   0     0.8399     1.0000     0.1601     0.9652     0.9652     0.0000
 22   0     0.8401     1.0000     0.1599     0.9652     0.9652     0.0000
 23   0     6.4032     6.0000    -0.4032     4.0546     4.0546    -0.0000
 24   0     0.8414     1.0000     0.1586     0.9622     0.9622     0.0000
 25   0     0.8418     1.0000     0.1582     0.9624     0.9624     0.0000
 26   0     6.2716     6.0000    -0.2716     3.9708     3.9708     0.0000
 27   0     0.8541     1.0000     0.1459     0.9669     0.9669     0.0000
 28   0     0.8551     1.0000     0.1449     0.9672     0.9672     0.0000
 29   0     6.2902     6.0000    -0.2902     3.9356     3.9356    -0.0000
 30   0     0.8537     1.0000     0.1463     0.9684     0.9684     0.0000
 31   0     0.8538     1.0000     0.1462     0.9684     0.9684     0.0000
 32   0     6.2890     6.0000    -0.2890     3.9316     3.9315     0.0001
 33   0     0.8516     1.0000     0.1484     0.9691     0.9691     0.0000
 34   0     0.8515     1.0000     0.1485     0.9690     0.9690     0.0000
 35   0     6.3096     6.0000    -0.3096     3.9066     3.9018     0.0048
 36   0     0.8407     1.0000     0.1593     0.9660     0.9660     0.0000
 37   0     0.8406     1.0000     0.1594     0.9659     0.9659     0.0000
 38   0     6.2308     6.0000    -0.2308     3.8780     3.8760     0.0020
 39   0     0.8495     1.0000     0.1505     0.9680     0.9679     0.0001
 40   0     0.8495     1.0000     0.1505     0.9680     0.9679     0.0001
 41   0     6.4363     6.0000    -0.4363     3.8498     2.9883     0.8615
 42   0     0.8316     1.0000     0.1684     0.9698     0.9678     0.0020
 43   0     0.8316     1.0000     0.1684     0.9698     0.9678     0.0020
 44   0     6.5370     6.0000    -0.5370     3.8886     3.8886     0.0000
 45   0     0.8156     1.0000     0.1844     0.9771     0.9771     0.0000
 46   0     0.8157     1.0000     0.1843     0.9771     0.9771     0.0000
 47   0     0.8550     1.0000     0.1450     0.9666     0.9666     0.0000
      Bond orders larger than 0.1000000
           Atom A     A.N. of A          Atom B    A.N. of B              Bond order
                0             6               1            6                2.707258
                0             6              45            1                0.983275
                1             6               3            6                0.908619
                2             6               6            6                0.915394
                2             6              44            6                2.704021
                3             6               4            6                1.367482
                3             6               5            6                0.113568
                3             6               8            6                1.415709
                4             6               5            6                1.438551
                4             6              11            6                0.944116
                5             6               6            6                1.421791
                5             6               9            1                0.970080
                6             6               7            6                1.357054
                6             6               8            6                0.112520
                7             6               8            6                1.442585
                7             6              23            6                0.937059
                8             6              10            1                0.970742
               11             6              12            1                0.960500
               11             6              13            1                0.960335
               11             6              14            6                1.019779
               14             6              15            1                0.961218
               14             6              16            1                0.961553
               14             6              17            6                0.985725
               17             6              18            1                0.971634
               17             6              19            1                0.971796
               17             6              20            6                0.954246
               20             6              21            1                0.972905
               20             6              22            1                0.972856
               20             6              47            1                0.967755
               23             6              24            1                0.961811
               23             6              25            1                0.961474
               23             6              26            6                1.009897
               26             6              27            1                0.962284
               26             6              28            1                0.961420
               26             6              29            6                0.968365
               29             6              30            1                0.976784
               29             6              31            1                0.976504
               29             6              32            6                0.969065
               32             6              33            1                0.980735
               32             6              34            1                0.980696
               32             6              35            6                0.954497
               35             6              36            1                0.979126
               35             6              37            1                0.979149
               35             6              38            6                0.934980
               38             6              39            1                0.978218
               38             6              40            1                0.978206
               38             6              41            6                0.972889
               41             6              42            1                0.973739
               41             6              43            1                0.973727
               44             6              46            1                0.983155
# -----------------------------------------------------------
$ Calculation_Info
   description: Details of the calculation
   geom. index: 1
   prop. index: 1
     Multiplicity:                          2
     Charge:                                0
     number of atoms:                       48
     number of electrons:                   0
     number of frozen core electrons:       1
     number of correlated electrons:        0
     number of basis functions:             546
     number of aux C basis functions:       3756
     number of aux J basis functions:       3756
     number of aux JK basis functions:      3756
     number of aux CABS basis functions:    0
     Total Energy                           -815.876726
# -----------------------------------------------------------
$ SCF_Electric_Properties
   description: The SCF Calculated Electric Properties
   geom. index: 1
   prop. index: 1
       Filename                          : EPRII.scfp 
       Do Dipole Moment Calculation      : true 
       Do Quadrupole Moment Calculation  : false 
       Do Polarizability Calculation     : false 
** Dipole moment part of electric properties **
        Magnitude of dipole moment (Debye) :        0.3740046987
        Electronic Contribution:
                  0    
      0      -2.089311
      1     -10.823282
      2      -0.119962
        Nuclear Contribution:
                  0    
      0       2.070862
      1      10.677325
      2       0.117330
        Total Dipole moment:
                  0    
      0      -0.018450
      1      -0.145957
      2      -0.002631
# -----------------------------------------------------------
$ EPRNMR_GTensor
   description: Electronic g tensor
   geom. index: 1
   prop. index: 1
 Source density: 1 SCF 
 Spin multiplicity: 2 
 raw g tensor: 
                  0          1          2    
      0       2.002736   0.000219  -0.000001
      1       0.000225   2.002566  -0.000003
      2      -0.000001  -0.000003   2.003035
 g tensor: 
                  0          1          2    
      0       0.566762   0.823743  -0.015105
      1      -0.823875   0.566595  -0.014139
      2      -0.003089   0.020458   0.999786
 G eigenvalues: 
                  0          1          2    
      0       2.002414   2.002889   2.003035
# -----------------------------------------------------------
$ EPRNMR_OrbitalShielding
   description: Orbital contribution to the NMR Shielding tensor (ppm)
   geom. index: 1
   prop. index: 1
 Number of stored nuclei 27
 Source density: 1 SCF 
 Nucleus: 9 H 
 Shielding tensor (ppm): 
                  0          1          2    
      0     -20.705439 110.734096   1.497057
      1     -215.526125  67.057990   0.595477
      2      -3.830200   0.157350  34.978393
 P Tensor eigenvectors:
                   0          1          2    
      0       0.002377   0.406940  -0.913452
      1      -0.011033   0.913409   0.406892
      2       0.999936   0.009111   0.006660
 P Eigenvalues: 
                  0          1          2    
      0      34.970882  13.567824  32.792239
P(iso)  27.110315
 Nucleus: 10 H 
 Shielding tensor (ppm): 
                  0          1          2    
      0      98.550185 -92.205038  -1.532940
      1      33.453236  55.993775  -1.506172
      2       0.038141  -0.478183 113.323192
 P Tensor eigenvectors:
                   0          1          2    
      0      -0.726573   0.005210  -0.687070
      1      -0.686904  -0.028771   0.726179
      2      -0.015984   0.999572   0.024483
 P Eigenvalues: 
                  0          1          2    
      0      49.112974 113.333425 105.420754
P(iso)  89.289051
 Nucleus: 12 H 
 Shielding tensor (ppm): 
                  0          1          2    
      0      52.403929 -213.037986 153.511723
      1     315.794042  16.962016 349.464098
      2     -97.141113 -258.695748  52.071162
 P Tensor eigenvectors:
                   0          1          2    
      0      -0.697611   0.353671   0.623102
      1       0.345171   0.927997  -0.140283
      2       0.627850  -0.117213   0.769458
 P Eigenvalues: 
                  0          1          2    
      0      18.287826  43.392600  59.756681
P(iso)  40.479035
 Nucleus: 13 H 
 Shielding tensor (ppm): 
                  0          1          2    
      0      52.245471 -208.719777 -160.756700
      1     314.537845  20.159724 -347.644767
      2     108.162585 255.159026  47.810391
 P Tensor eigenvectors:
                   0          1          2    
      0      -0.692741   0.351616  -0.629664
      1       0.367727   0.923284   0.111013
      2      -0.620392   0.154641   0.768895
 P Eigenvalues: 
                  0          1          2    
      0      17.739463  43.076060  59.400064
P(iso)  40.071862
 Nucleus: 15 H 
 Shielding tensor (ppm): 
                  0          1          2    
      0      34.441440 291.100006  93.345932
      1     -393.084793  68.282808 451.847074
      2     -78.035988 -330.817665  88.826276
 P Tensor eigenvectors:
                   0          1          2    
      0       0.751647   0.157634   0.640451
      1      -0.129934   0.987381  -0.090530
      2       0.646640   0.015170  -0.762644
 P Eigenvalues: 
                  0          1          2    
      0      64.986103  53.422728  73.141694
P(iso)  63.850175
 Nucleus: 16 H 
 Shielding tensor (ppm): 
                  0          1          2    
      0      33.773399 290.352408 -83.582222
      1     -389.800513  72.581414 -457.812994
      2      63.547464 333.866891  83.355122
 P Tensor eigenvectors:
                   0          1          2    
      0      -0.759942   0.158896   0.630270
      1       0.107114   0.987017  -0.119682
      2       0.641104   0.023441   0.767096
 P Eigenvalues: 
                  0          1          2    
      0      63.942026  53.068485  72.699423
P(iso)  63.236645
 Nucleus: 18 H 
 Shielding tensor (ppm): 
                  0          1          2    
      0      26.375327 -333.899410 -153.238264
      1     473.452995   7.744158 -515.527651
      2     105.131436 375.506307  -3.257384
 P Tensor eigenvectors:
                   0          1          2    
      0      -0.722849   0.191495  -0.663942
      1       0.217724   0.975010   0.044172
      2      -0.655809   0.112626   0.746478
 P Eigenvalues: 
                  0          1          2    
      0     -12.027713  17.930257  24.959558
P(iso)  10.287367
 Nucleus: 19 H 
 Shielding tensor (ppm): 
                  0          1          2    
      0      26.401751 -333.615756 142.012719
      1     468.551653   2.668680 524.732036
      2     -87.895559 -382.094863   3.570341
 P Tensor eigenvectors:
                   0          1          2    
      0      -0.734138   0.194358   0.650590
      1       0.194073   0.978249  -0.073247
      2       0.650674  -0.072489   0.755889
 P Eigenvalues: 
                  0          1          2    
      0     -11.222568  18.348140  25.515200
P(iso)  10.880257
 Nucleus: 21 H 
 Shielding tensor (ppm): 
                  0          1          2    
      0     -24.258413 383.947795 -78.915981
      1     -488.121459  57.845324 -574.677542
      2      52.388184 418.754383   5.329400
 P Tensor eigenvectors:
                   0          1          2    
      0       0.755045   0.203311  -0.623355
      1      -0.086056   0.973215   0.213184
      2      -0.650001   0.107320  -0.752317
 P Eigenvalues: 
                  0          1          2    
      0      -0.083171  16.370075  22.629408
P(iso)  12.972104
 Nucleus: 22 H 
 Shielding tensor (ppm): 
                  0          1          2    
      0     -23.444004 389.274899  92.709997
      1     -497.898113  52.165639 567.572514
      2     -71.097677 -410.486223  12.865499
 P Tensor eigenvectors:
                   0          1          2    
      0       0.742291   0.203493   0.638431
      1      -0.110124   0.976864  -0.183327
      2       0.660967  -0.065776  -0.747527
 P Eigenvalues: 
                  0          1          2    
      0       1.384624  16.889271  23.313240
P(iso)  13.862378
 Nucleus: 24 H 
 Shielding tensor (ppm): 
                  0          1          2    
      0      96.875511 -57.790065 113.437264
      1      82.554846  30.345630  95.929342
      2     -70.153320 -72.405748  89.838582
 P Tensor eigenvectors:
                   0          1          2    
      0      -0.400536   0.762789   0.507665
      1       0.786464   0.570487  -0.236681
      2       0.470154  -0.304461   0.828407
 P Eigenvalues: 
                  0          1          2    
      0      46.915587  71.209265  98.934871
P(iso)  72.353241
 Nucleus: 25 H 
 Shielding tensor (ppm): 
                  0          1          2    
      0      98.200059 -55.217624 -114.977683
      1      82.224592  31.345496 -95.596372
      2      73.518125  68.770199  88.274540
 P Tensor eigenvectors:
                   0          1          2    
      0      -0.386016   0.755808  -0.528910
      1       0.805237   0.555811   0.206560
      2      -0.450094   0.346162   0.823157
 P Eigenvalues: 
                  0          1          2    
      0      46.964959  71.694332  99.160804
P(iso)  72.606699
 Nucleus: 27 H 
 Shielding tensor (ppm): 
                  0          1          2    
      0      91.143159 129.616089 -45.913434
      1     -193.602457  64.261195 -217.447907
      2      37.985406 156.524701 121.148655
 P Tensor eigenvectors:
                   0          1          2    
      0      -0.767912   0.076039   0.636026
      1       0.138695   0.989112   0.049203
      2       0.625360  -0.125998   0.770097
 P Eigenvalues: 
                  0          1          2    
      0     107.698427  68.175804 100.678779
P(iso)  92.184337
 Nucleus: 28 H 
 Shielding tensor (ppm): 
                  0          1          2    
      0      90.604790 131.589680  49.668520
      1     -197.166177  62.235465 210.955796
      2     -45.221106 -154.927029 122.905203
 P Tensor eigenvectors:
                   0          1          2    
      0      -0.753052   0.075255  -0.653643
      1       0.160966   0.984321  -0.072120
      2      -0.637967   0.159525   0.753359
 P Eigenvalues: 
                  0          1          2    
      0     107.347968  67.933706 100.463784
P(iso)  91.915153
 Nucleus: 30 H 
 Shielding tensor (ppm): 
                  0          1          2    
      0      86.703900 -226.233179 111.999230
      1     295.821617  14.512220 326.352662
      2     -69.075435 -240.294255  71.621421
 P Tensor eigenvectors:
                   0          1          2    
      0      -0.703306   0.347073   0.620404
      1       0.246722   0.937643  -0.244855
      2       0.666700   0.019141   0.745080
 P Eigenvalues: 
                  0          1          2    
      0      57.559406  47.705181  67.572953
P(iso)  57.612514
 Nucleus: 31 H 
 Shielding tensor (ppm): 
                  0          1          2    
      0      88.149580 -228.990217 -118.613256
      1     302.047730  17.252398 -319.956679
      2      78.977108 232.569883  68.146687
 P Tensor eigenvectors:
                   0          1          2    
      0      -0.685169   0.347781  -0.639993
      1       0.267909   0.937384   0.222567
      2      -0.677324   0.018964   0.735440
 P Eigenvalues: 
                  0          1          2    
      0      57.936483  47.848057  67.764126
P(iso)  57.849555
 Nucleus: 33 H 
 Shielding tensor (ppm): 
                  0          1          2    
      0      69.048531 304.497453  67.212010
      1     -415.442755  54.461061 427.730828
      2     -58.737139 -312.074332 102.299554
 P Tensor eigenvectors:
                   0          1          2    
      0       0.720116   0.067008   0.690610
      1      -0.108849   0.993912   0.017063
      2       0.685262   0.087459  -0.723026
 P Eigenvalues: 
                  0          1          2    
      0      88.741436  57.606815  79.460894
P(iso)  75.269715
 Nucleus: 34 H 
 Shielding tensor (ppm): 
                  0          1          2    
      0      69.693781 297.741127 -58.936592
      1     -405.123070  58.074962 -440.297839
      2      45.420994 319.228157  98.720774
 P Tensor eigenvectors:
                   0          1          2    
      0      -0.738702   0.068327   0.670560
      1       0.088253   0.996089  -0.004275
      2       0.668229  -0.056021   0.741843
 P Eigenvalues: 
                  0          1          2    
      0      89.096969  57.756088  79.636460
P(iso)  75.496505
 Nucleus: 36 H 
 Shielding tensor (ppm): 
                  0          1          2    
      0      64.083481 -365.452188 -127.304502
      1     491.861044  11.175773 -525.084372
      2      85.232484 378.014653  40.870949
 P Tensor eigenvectors:
                   0          1          2    
      0       0.715297   0.209938   0.666540
      1      -0.174915   0.977233  -0.120087
      2       0.676575   0.030690  -0.735733
 P Eigenvalues: 
                  0          1          2    
      0      33.067152  34.787563  48.275489
P(iso)  38.710068
 Nucleus: 37 H 
 Shielding tensor (ppm): 
                  0          1          2    
      0      62.336718 -357.559761 117.246003
      1     478.432589   6.809207 538.314734
      2     -70.305191 -389.536757  46.134636
 P Tensor eigenvectors:
                   0          1          2    
      0       0.735054   0.209803  -0.644732
      1      -0.155263   0.977737   0.141152
      2      -0.659992   0.003652  -0.751264
 P Eigenvalues: 
                  0          1          2    
      0      32.619124  34.615948  48.045489
P(iso)  38.426854
 Nucleus: 39 H 
 Shielding tensor (ppm): 
                  0          1          2    
      0      24.307054 430.611498 -62.544559
      1     -572.677938  54.961410 -619.650571
      2      41.125425 441.802954  58.374284
 P Tensor eigenvectors:
                   0          1          2    
      0      -0.734008   0.097899   0.672047
      1       0.057029   0.994946  -0.082650
      2       0.676742   0.022340   0.735881
 P Eigenvalues: 
                  0          1          2    
      0      49.731501  36.831606  51.079640
P(iso)  45.880916
 Nucleus: 40 H 
 Shielding tensor (ppm): 
                  0          1          2    
      0      23.422567 441.953882  73.967820
      1     -589.863129  49.889569 601.376539
      2     -59.034800 -428.383675  63.676786
 P Tensor eigenvectors:
                   0          1          2    
      0      -0.712862  -0.098503  -0.694353
      1       0.076847  -0.995096   0.062272
      2      -0.697082  -0.008968   0.716936
 P Eigenvalues: 
                  0          1          2    
      0      49.395529  36.692771  50.900622
P(iso)  45.662974
 Nucleus: 42 H 
 Shielding tensor (ppm): 
                  0          1          2    
      0     -87.418422 -152.936392 114.046948
      1     257.069059  13.324564 664.029924
      2     -55.315376 -439.958148 -129.719214
 P Tensor eigenvectors:
                   0          1          2    
      0       0.936974  -0.041187   0.346962
      1      -0.109766  -0.977450   0.180394
      2      -0.331709   0.207109   0.920367
 P Eigenvalues: 
                  0          1          2    
      0     -111.664211 -34.651752 -57.497108
P(iso)  -67.937691
 Nucleus: 43 H 
 Shielding tensor (ppm): 
                  0          1          2    
      0     -85.506788 -162.853363 -117.279364
      1     275.097972  19.598334 -652.441870
      2      64.488191 440.068069 -137.415127
 P Tensor eigenvectors:
                   0          1          2    
      0       0.926743  -0.034795  -0.374082
      1      -0.119727  -0.971141  -0.206280
      2       0.356109  -0.235956   0.904163
 P Eigenvalues: 
                  0          1          2    
      0     -111.404518 -34.576102 -57.342961
P(iso)  -67.774527
 Nucleus: 45 H 
 Shielding tensor (ppm): 
                  0          1          2    
      0      56.782932 -142.115596  -1.724204
      1     186.000872 -118.177172   0.128618
      2       3.277513  -0.803537 -95.157039
 P Tensor eigenvectors:
                   0          1          2    
      0       0.685252   0.002675  -0.728301
      1       0.728189   0.015399   0.685203
      2       0.013048  -0.999878   0.008604
 P Eigenvalues: 
                  0          1          2    
      0     -14.111267 -95.153366 -47.286647
P(iso)  -52.183760
 Nucleus: 46 H 
 Shielding tensor (ppm): 
                  0          1          2    
      0      50.191207  70.720321   1.088417
      1     -146.470630 -97.584216  -0.614931
      2      -1.581136  -0.166113 -82.375324
 P Tensor eigenvectors:
                   0          1          2    
      0       0.609945   0.003023   0.792438
      1      -0.792403   0.012495   0.609870
      2      -0.008058  -0.999917   0.010017
 P Eigenvalues: 
                  0          1          2    
      0      -5.996729 -82.368100 -41.403503
P(iso)  -43.256111
 Nucleus: 47 H 
 Shielding tensor (ppm): 
                  0          1          2    
      0     -144.621190 -156.150612  -2.102345
      1     291.575639  26.628022   9.851617
      2       5.205152  -0.585226 -165.083786
 P Tensor eigenvectors:
                   0          1          2    
      0       0.316512   0.023714   0.948292
      1      -0.948566   0.014854   0.316232
      2      -0.006587  -0.999608   0.027196
 P Eigenvalues: 
                  0          1          2    
      0     -31.143500 -165.193417 -86.740038
P(iso)  -94.358985
# -----------------------------------------------------------
$ EPRNMR_ATensor
   description: Hyperfine A tensor
   geom. index: 1
   prop. index: 1
 Number of stored nuclei 27
 Source density: 1 SCF 
 Spin multiplicity: 2 
 Nucleus: 9 H  
 Isotope: 1 
 Nuclear Spin:  0.5 
 Prefactor (MHz): 533.551395 
 Raw A tensor (MHz): 
                  0          1          2    
      0      -0.037929   0.005666   0.000105
      1       0.005643   0.095758   0.002300
      2       0.000105   0.002300  -0.038913
 A Tensor eigenvectors:
                   0          1          2    
      0       0.999049   0.010705   0.042264
      1      -0.042438   0.016618   0.998961
      2       0.009991  -0.999805   0.017057
 A Eigenvalues: 
                  0          1          2    
      0      -0.038167  -0.038952   0.096036
A(iso)  0.006306
 Nucleus: 10 H  
 Isotope: 1 
 Nuclear Spin:  0.5 
 Prefactor (MHz): 533.551395 
 Raw A tensor (MHz): 
                  0          1          2    
      0      -0.072640   0.146557   0.002423
      1       0.146545   0.215735   0.005870
      2       0.002423   0.005871  -0.146530
 A Tensor eigenvectors:
                   0          1          2    
      0       0.922325   0.003295   0.386401
      1      -0.386406   0.014866   0.922209
      2      -0.002706  -0.999884   0.014985
 A Eigenvalues: 
                  0          1          2    
      0      -0.134042  -0.146625   0.277233
A(iso)  -0.001145
 Nucleus: 12 H  
 Isotope: 1 
 Nuclear Spin:  0.5 
 Prefactor (MHz): 533.551395 
 Raw A tensor (MHz): 
                  0          1          2    
      0      -0.025354   0.030285   0.002755
      1       0.030281   0.058743   0.008436
      2       0.002755   0.008436  -0.034740
 A Tensor eigenvectors:
                   0          1          2    
      0       0.946194   0.105374   0.305964
      1      -0.312753   0.055017   0.948240
      2       0.083087  -0.992910   0.085012
 A Eigenvalues: 
                  0          1          2    
      0      -0.035121  -0.035500   0.069270
A(iso)  -0.000450
 Nucleus: 13 H  
 Isotope: 1 
 Nuclear Spin:  0.5 
 Prefactor (MHz): 533.551395 
 Raw A tensor (MHz): 
                  0          1          2    
      0      -0.025282   0.030369  -0.001644
      1       0.030364   0.059130  -0.005019
      2      -0.001644  -0.005019  -0.035178
 A Tensor eigenvectors:
                   0          1          2    
      0       0.948658   0.078349  -0.306447
      1      -0.309347   0.027730  -0.950545
      2      -0.065976   0.996540   0.050543
 A Eigenvalues: 
                  0          1          2    
      0      -0.035070  -0.035447   0.069186
A(iso)  -0.000443
 Nucleus: 15 H  
 Isotope: 1 
 Nuclear Spin:  0.5 
 Prefactor (MHz): 533.551395 
 Raw A tensor (MHz): 
                  0          1          2    
      0      -0.027154   0.011397   0.000962
      1       0.011386   0.055666   0.007001
      2       0.000961   0.007001  -0.028273
 A Tensor eigenvectors:
                   0          1          2    
      0       0.985580   0.104033   0.133454
      1      -0.140933   0.068165   0.987670
      2       0.093653  -0.992235   0.081843
 A Eigenvalues: 
                  0          1          2    
      0      -0.028691  -0.028855   0.057784
A(iso)  0.000080
 Nucleus: 16 H  
 Isotope: 1 
 Nuclear Spin:  0.5 
 Prefactor (MHz): 533.551395 
 Raw A tensor (MHz): 
                  0          1          2    
      0      -0.027083   0.011474  -0.000558
      1       0.011463   0.055930  -0.004033
      2      -0.000558  -0.004033  -0.028608
 A Tensor eigenvectors:
                   0          1          2    
      0       0.988283   0.072536  -0.134297
      1      -0.137267   0.037621  -0.989819
      2      -0.066745   0.996656   0.047137
 A Eigenvalues: 
                  0          1          2    
      0      -0.028638  -0.028800   0.057677
A(iso)  0.000080
 Nucleus: 18 H  
 Isotope: 1 
 Nuclear Spin:  0.5 
 Prefactor (MHz): 533.551395 
 Raw A tensor (MHz): 
                  0          1          2    
      0      -0.016371   0.015760  -0.000644
      1       0.015756   0.037103  -0.002323
      2      -0.000644  -0.002322  -0.020703
 A Tensor eigenvectors:
                   0          1          2    
      0       0.960760   0.088195  -0.262986
      1      -0.265343   0.015949  -0.964022
      2      -0.080828   0.995976   0.038725
 A Eigenvalues: 
                  0          1          2    
      0      -0.020668  -0.020798   0.041494
A(iso)  0.000009
 Nucleus: 19 H  
 Isotope: 1 
 Nuclear Spin:  0.5 
 Prefactor (MHz): 533.551395 
 Raw A tensor (MHz): 
                  0          1          2    
      0      -0.016424   0.015697   0.001244
      1       0.015694   0.036921   0.004517
      2       0.001244   0.004516  -0.020473
 A Tensor eigenvectors:
                   0          1          2    
      0       0.957648   0.119190   0.262113
      1      -0.268952   0.045179   0.962093
      2       0.102830  -0.991843   0.075322
 A Eigenvalues: 
                  0          1          2    
      0      -0.020698  -0.020828   0.041550
A(iso)  0.000008
 Nucleus: 21 H  
 Isotope: 1 
 Nuclear Spin:  0.5 
 Prefactor (MHz): 533.551395 
 Raw A tensor (MHz): 
                  0          1          2    
      0      -0.016409   0.006161  -0.000225
      1       0.006154   0.033607  -0.001846
      2      -0.000224  -0.001845  -0.017166
 A Tensor eigenvectors:
                   0          1          2    
      0       0.992643   0.012730  -0.120405
      1      -0.120781   0.034735  -0.992071
      2      -0.008446   0.999315   0.036017
 A Eigenvalues: 
                  0          1          2    
      0      -0.017156  -0.017233   0.034420
A(iso)  0.000010
 Nucleus: 22 H  
 Isotope: 1 
 Nuclear Spin:  0.5 
 Prefactor (MHz): 533.551395 
 Raw A tensor (MHz): 
                  0          1          2    
      0      -0.016454   0.006104   0.000445
      1       0.006097   0.033485   0.003673
      2       0.000445   0.003673  -0.017000
 A Tensor eigenvectors:
                   0          1          2    
      0       0.991881   0.044071   0.119291
      1      -0.122067   0.066838   0.990269
      2       0.035669  -0.996790   0.071675
 A Eigenvalues: 
                  0          1          2    
      0      -0.017188  -0.017266   0.034485
A(iso)  0.000011
 Nucleus: 24 H  
 Isotope: 1 
 Nuclear Spin:  0.5 
 Prefactor (MHz): 533.551395 
 Raw A tensor (MHz): 
                  0          1          2    
      0      -0.192022  -0.052875   0.026117
      1      -0.052970   0.361025  -0.074868
      2       0.026135  -0.074877  -0.201971
 A Tensor eigenvectors:
                   0          1          2    
      0      -0.818020   0.566806   0.097844
      1      -0.155336  -0.053909  -0.986390
      2      -0.553817  -0.822085   0.132144
 A Eigenvalues: 
                  0          1          2    
      0      -0.184389  -0.224888   0.376309
A(iso)  -0.010989
 Nucleus: 25 H  
 Isotope: 1 
 Nuclear Spin:  0.5 
 Prefactor (MHz): 533.551395 
 Raw A tensor (MHz): 
                  0          1          2    
      0      -0.190765  -0.054098  -0.027459
      1      -0.054192   0.356650   0.089676
      2      -0.027479   0.089688  -0.198519
 A Tensor eigenvectors:
                   0          1          2    
      0      -0.830700  -0.547428   0.101292
      1      -0.170893   0.077578  -0.982231
      2       0.529843  -0.833249  -0.157996
 A Eigenvalues: 
                  0          1          2    
      0      -0.184388  -0.224909   0.376664
A(iso)  -0.010878
 Nucleus: 27 H  
 Isotope: 1 
 Nuclear Spin:  0.5 
 Prefactor (MHz): 533.551395 
 Raw A tensor (MHz): 
                  0          1          2    
      0      -0.317497   0.282617   0.131596
      1       0.282574   0.406532   0.182523
      2       0.131607   0.182550  -0.380562
 A Tensor eigenvectors:
                   0          1          2    
      0      -0.655147  -0.678977   0.331319
      1       0.395463   0.065465   0.916146
      2      -0.643732   0.731235   0.225621
 A Eigenvalues: 
                  0          1          2    
      0      -0.358766  -0.486439   0.553679
A(iso)  -0.097175
 Nucleus: 28 H  
 Isotope: 1 
 Nuclear Spin:  0.5 
 Prefactor (MHz): 533.551395 
 Raw A tensor (MHz): 
                  0          1          2    
      0      -0.311758   0.290058  -0.121674
      1       0.290015   0.415676  -0.153216
      2      -0.121687  -0.153243  -0.396081
 A Tensor eigenvectors:
                   0          1          2    
      0      -0.670041   0.661835   0.336183
      1       0.377317  -0.086364   0.922048
      2       0.639278   0.744658  -0.191854
 A Eigenvalues: 
                  0          1          2    
      0      -0.358988  -0.486477   0.553300
A(iso)  -0.097388
 Nucleus: 30 H  
 Isotope: 1 
 Nuclear Spin:  0.5 
 Prefactor (MHz): 533.551395 
 Raw A tensor (MHz): 
                  0          1          2    
      0      -0.330506  -0.292830   0.182190
      1      -0.293160   1.384571  -0.445858
      2       0.182317  -0.445908  -0.368557
 A Tensor eigenvectors:
                   0          1          2    
      0       0.817204  -0.550061   0.172075
      1       0.273768   0.107743  -0.955742
      2       0.507177   0.828145   0.238637
 A Eigenvalues: 
                  0          1          2    
      0      -0.315595  -0.547577   1.548681
A(iso)  0.228503
 Nucleus: 31 H  
 Isotope: 1 
 Nuclear Spin:  0.5 
 Prefactor (MHz): 533.551395 
 Raw A tensor (MHz): 
                  0          1          2    
      0      -0.322824  -0.299720  -0.189377
      1      -0.300044   1.356469   0.486349
      2      -0.189513   0.486408  -0.354034
 A Tensor eigenvectors:
                   0          1          2    
      0       0.829983  -0.528446  -0.178533
      1       0.287473   0.130962   0.948793
      2      -0.478004  -0.838805   0.260610
 A Eigenvalues: 
                  0          1          2    
      0      -0.317630  -0.549281   1.546522
A(iso)  0.226537
 Nucleus: 33 H  
 Isotope: 1 
 Nuclear Spin:  0.5 
 Prefactor (MHz): 533.551395 
 Raw A tensor (MHz): 
                  0          1          2    
      0      -1.015116   1.348701  -0.867578
      1       1.348552   0.668623  -0.607079
      2      -0.867570  -0.607526  -1.607363
 A Tensor eigenvectors:
                   0          1          2    
      0      -0.552469   0.498032  -0.668388
      1       0.550373   0.820175   0.156210
      2       0.625993  -0.281561  -0.727225
 A Eigenvalues: 
                  0          1          2    
      0      -1.375695   1.696121  -2.274283
A(iso)  -0.651285
 Nucleus: 34 H  
 Isotope: 1 
 Nuclear Spin:  0.5 
 Prefactor (MHz): 533.551395 
 Raw A tensor (MHz): 
                  0          1          2    
      0      -1.065042   1.306333   0.918727
      1       1.306198   0.632056   0.704500
      2       0.918715   0.704951  -1.523457
 A Tensor eigenvectors:
                   0          1          2    
      0      -0.535400   0.489799   0.688072
      1       0.567561   0.811961  -0.136360
      2      -0.625476   0.317516  -0.712715
 A Eigenvalues: 
                  0          1          2    
      0      -1.376608   1.695732  -2.275568
A(iso)  -0.652148
 Nucleus: 36 H  
 Isotope: 1 
 Nuclear Spin:  0.5 
 Prefactor (MHz): 533.551395 
 Raw A tensor (MHz): 
                  0          1          2    
      0      -6.139164  -2.414796  -3.447589
      1      -2.416909  -0.531090   4.220370
      2      -3.449058   4.220972  -5.793780
 A Tensor eigenvectors:
                   0          1          2    
      0       0.379340  -0.687085  -0.619689
      1      -0.777814  -0.599530   0.188599
      2      -0.501106   0.410460  -0.761850
 A Eigenvalues: 
                  0          1          2    
      0       3.367175  -6.187817  -9.643392
A(iso)  -4.154678
 Nucleus: 37 H  
 Isotope: 1 
 Nuclear Spin:  0.5 
 Prefactor (MHz): 533.551395 
 Raw A tensor (MHz): 
                  0          1          2    
      0      -6.334134  -2.385042   3.372576
      1      -2.387212  -0.299039  -4.146092
      2       3.373988  -4.146633  -5.817474
 A Tensor eigenvectors:
                   0          1          2    
      0      -0.364885   0.674591   0.641705
      1       0.791202   0.587967  -0.168208
      2      -0.490773   0.446342  -0.748278
 A Eigenvalues: 
                  0          1          2    
      0       3.374237  -6.182611  -9.642273
A(iso)  -4.150216
 Nucleus: 39 H  
 Isotope: 1 
 Nuclear Spin:  0.5 
 Prefactor (MHz): 533.551395 
 Raw A tensor (MHz): 
                  0          1          2    
