-------------------------------------------------------------
----------------------- !PROPERTIES! ------------------------
-------------------------------------------------------------
# -----------------------------------------------------------
$ PAL_Flags
   description: The PAL Flags
   geom. index: 1
   prop. index: 1
        Diskflag:     2
# -----------------------------------------------------------
$ SCF_Energy
   description: The SCF energy
   geom. index: 1
   prop. index: 1
        SCF Energy:     -815.8767260184
# -----------------------------------------------------------
$ DFT_Energy
   description: The DFT energy
   geom. index: 1
   prop. index: 1
   Number of Alpha Electrons                 77.0001482756 
   Number of Beta  Electrons                 76.0001589414 
   Total number of  Electrons               153.0003072169 
   Exchange energy                          -93.7588809108 
   Correlation energy                        -5.8986831082 
   Correlation energy NL                      0.0000000000 
   Exchange-Correlation energy              -99.6575640190 
   Embedding correction                       0.0000000000 
   Total DFT Energy (No VdW correction)    -815.8767260184 
# -----------------------------------------------------------
$ Mayer_Pop
   description: The Mayer population analysis
   geom. index: 1
   prop. index: 1
     Number of atoms                     : 48
     Threshold for printing              : 0.1000000
     Number of bond orders printed       : 50
  NA   - Mulliken gross atomic population
  ZA   - Total nuclear charge
  QA   - Mulliken gross atomic charge
  VA   - Mayer's total valence
  BVA  - Mayer's bonded valence
  FA   - Mayer's free valence
  ATOM       NA         ZA         QA         VA         BVA        FA
  0   0     6.5385     6.0000    -0.5385     3.8879     3.8879     0.0000
  1   0     6.0049     6.0000    -0.0049     3.8127     3.8127     0.0000
  2   0     6.0038     6.0000    -0.0038     3.8169     3.8169     0.0000
  3   0     5.6124     6.0000     0.3876     3.9329     3.9329     0.0000
  4   0     5.6730     6.0000     0.3270     3.8361     3.8361     0.0000
  5   0     6.4153     6.0000    -0.4153     4.2980     4.2980     0.0000
  6   0     5.6082     6.0000     0.3918     3.9424     3.9424     0.0000
  7   0     5.6733     6.0000     0.3267     3.8105     3.8105     0.0000
  8   0     6.4145     6.0000    -0.4145     4.3032     4.3032     0.0000
  9   0     0.8641     1.0000     0.1359     0.9655     0.9655    -0.0000
 10   0     0.8640     1.0000     0.1360     0.9659     0.9659     0.0000
 11   0     6.3904     6.0000    -0.3904     4.0537     4.0537     0.0000
 12   0     0.8440     1.0000     0.1560     0.9620     0.9620     0.0000
 13   0     0.8440     1.0000     0.1560     0.9621     0.9621     0.0000
 14   0     6.2690     6.0000    -0.2690     4.0136     4.0136     0.0000
 15   0     0.8580     1.0000     0.1420     0.9662     0.9662     0.0000
 16   0     0.8576     1.0000     0.1424     0.9660     0.9660     0.0000
 17   0     6.2635     6.0000    -0.2635     3.8881     3.8881     0.0000
 18   0     0.8547     1.0000     0.1453     0.9668     0.9668    -0.0000
 19   0     0.8546     1.0000     0.1454     0.9668     0.9668    -0.0000
 20   0     6.5114     6.0000    -0.5114     3.8999     3.8999    -0.0000
 21   0     0.8399     1.0000     0.1601     0.9652     0.9652    -0.0000
 22   0     0.8401     1.0000     0.1599     0.9652     0.9652    -0.0000
 23   0     6.4032     6.0000    -0.4032     4.0546     4.0546    -0.0000
 24   0     0.8414     1.0000     0.1586     0.9622     0.9622     0.0000
 25   0     0.8418     1.0000     0.1582     0.9624     0.9624     0.0000
 26   0     6.2716     6.0000    -0.2716     3.9708     3.9708     0.0000
 27   0     0.8541     1.0000     0.1459     0.9669     0.9669     0.0000
 28   0     0.8551     1.0000     0.1449     0.9672     0.9672     0.0000
 29   0     6.2902     6.0000    -0.2902     3.9356     3.9356    -0.0000
 30   0     0.8537     1.0000     0.1463     0.9684     0.9684     0.0000
 31   0     0.8538     1.0000     0.1462     0.9684     0.9684     0.0000
 32   0     6.2890     6.0000    -0.2890     3.9316     3.9315     0.0001
 33   0     0.8516     1.0000     0.1484     0.9691     0.9691     0.0000
 34   0     0.8515     1.0000     0.1485     0.9690     0.9690     0.0000
 35   0     6.3096     6.0000    -0.3096     3.9066     3.9018     0.0048
 36   0     0.8407     1.0000     0.1593     0.9660     0.9660     0.0000
 37   0     0.8406     1.0000     0.1594     0.9659     0.9659     0.0000
 38   0     6.2308     6.0000    -0.2308     3.8780     3.8760     0.0020
 39   0     0.8495     1.0000     0.1505     0.9680     0.9679     0.0001
 40   0     0.8495     1.0000     0.1505     0.9680     0.9679     0.0001
 41   0     6.4363     6.0000    -0.4363     3.8498     2.9883     0.8615
 42   0     0.8316     1.0000     0.1684     0.9698     0.9678     0.0020
 43   0     0.8316     1.0000     0.1684     0.9698     0.9678     0.0020
 44   0     6.5370     6.0000    -0.5370     3.8886     3.8886     0.0000
 45   0     0.8156     1.0000     0.1844     0.9771     0.9771     0.0000
 46   0     0.8157     1.0000     0.1843     0.9771     0.9771     0.0000
 47   0     0.8550     1.0000     0.1450     0.9666     0.9666     0.0000
      Bond orders larger than 0.1000000
           Atom A     A.N. of A          Atom B    A.N. of B              Bond order
                0             6               1            6                2.707259
                0             6              45            1                0.983276
                1             6               3            6                0.908614
                2             6               6            6                0.915380
                2             6              44            6                2.704023
                3             6               4            6                1.367475
                3             6               5            6                0.113562
                3             6               8            6                1.415716
                4             6               5            6                1.438555
                4             6              11            6                0.944107
                5             6               6            6                1.421798
                5             6               9            1                0.970080
                6             6               7            6                1.357046
                6             6               8            6                0.112516
                7             6               8            6                1.442589
                7             6              23            6                0.937057
                8             6              10            1                0.970743
               11             6              12            1                0.960501
               11             6              13            1                0.960336
               11             6              14            6                1.019779
               14             6              15            1                0.961218
               14             6              16            1                0.961553
               14             6              17            6                0.985725
               17             6              18            1                0.971634
               17             6              19            1                0.971796
               17             6              20            6                0.954246
               20             6              21            1                0.972905
               20             6              22            1                0.972856
               20             6              47            1                0.967755
               23             6              24            1                0.961812
               23             6              25            1                0.961475
               23             6              26            6                1.009898
               26             6              27            1                0.962284
               26             6              28            1                0.961420
               26             6              29            6                0.968364
               29             6              30            1                0.976783
               29             6              31            1                0.976504
               29             6              32            6                0.969064
               32             6              33            1                0.980735
               32             6              34            1                0.980696
               32             6              35            6                0.954497
               35             6              36            1                0.979126
               35             6              37            1                0.979149
               35             6              38            6                0.934980
               38             6              39            1                0.978218
               38             6              40            1                0.978206
               38             6              41            6                0.972889
               41             6              42            1                0.973739
               41             6              43            1                0.973727
               44             6              46            1                0.983154
# -----------------------------------------------------------
$ Calculation_Info
   description: Details of the calculation
   geom. index: 1
   prop. index: 1
     Multiplicity:                          2
     Charge:                                0
     number of atoms:                       48
     number of electrons:                   0
     number of frozen core electrons:       1
     number of correlated electrons:        0
     number of basis functions:             546
     number of aux C basis functions:       3756
     number of aux J basis functions:       3756
     number of aux JK basis functions:      3756
     number of aux CABS basis functions:    0
     Total Energy                           -815.876726
# -----------------------------------------------------------
$ SCF_Electric_Properties
   description: The SCF Calculated Electric Properties
   geom. index: 1
   prop. index: 1
       Filename                          : EPRII_i.scfp 
       Do Dipole Moment Calculation      : true 
       Do Quadrupole Moment Calculation  : false 
       Do Polarizability Calculation     : false 
** Dipole moment part of electric properties **
        Magnitude of dipole moment (Debye) :        0.3739669555
        Electronic Contribution:
                  0    
      0      -2.089317
      1     -10.823266
      2      -0.119961
        Nuclear Contribution:
                  0    
      0       2.070862
      1      10.677325
      2       0.117330
        Total Dipole moment:
                  0    
      0      -0.018455
      1      -0.145941
      2      -0.002631
# -----------------------------------------------------------
$ EPRNMR_GTensor
   description: Electronic g tensor
   geom. index: 1
   prop. index: 1
 Source density: 1 SCF 
 Spin multiplicity: 2 
 raw g tensor: 
                  0          1          2    
      0       2.002352   0.000238  -0.000002
      1       0.000289   2.002565   0.000002
      2      -0.000002   0.000001   2.002728
 g tensor: 
                  0          1          2    
      0       0.829453  -0.011040  -0.558468
      1      -0.558562  -0.009130  -0.829412
      2       0.004058   0.999897  -0.013739
 G eigenvalues: 
                  0          1          2    
      0       2.002174   2.002728   2.002743
# -----------------------------------------------------------
$ EPRNMR_OrbitalShielding
   description: Orbital contribution to the NMR Shielding tensor (ppm)
   geom. index: 1
   prop. index: 1
 Number of stored nuclei 27
 Source density: 1 SCF 
 Nucleus: 9 H 
 Shielding tensor (ppm): 
                  0          1          2    
      0      28.040256   6.046715   0.152422
      1       5.745670  25.920380   0.162879
      2       0.150932   0.164370  18.916446
 P Tensor eigenvectors:
                   0          1          2    
      0      -0.003312  -0.643780  -0.765204
      1      -0.020515   0.765091  -0.643596
      2       0.999784   0.013566  -0.015741
 P Eigenvalues: 
                  0          1          2    
      0      18.912578  20.990089  32.974415
P(iso)  24.292361
 Nucleus: 10 H 
 Shielding tensor (ppm): 
                  0          1          2    
      0      28.058216   6.169184   0.133829
      1       5.846384  26.029419   0.153023
      2       0.148742   0.148702  18.839031
 P Tensor eigenvectors:
                   0          1          2    
      0      -0.003407  -0.647944  -0.761681
      1      -0.018015   0.761601  -0.647796
      2       0.999832   0.011515  -0.014268
 P Eigenvalues: 
                  0          1          2    
      0      18.835812  20.951377  33.139478
P(iso)  24.308889
 Nucleus: 12 H 
 Shielding tensor (ppm): 
                  0          1          2    
      0      28.682853  -1.748438   3.499560
      1      -1.261562  31.799235  -0.194918
      2       5.077259   1.026433  26.531247
 P Tensor eigenvectors:
                   0          1          2    
      0      -0.609759   0.490234  -0.622788
      1      -0.130927   0.712670   0.689174
      2       0.781698   0.501770  -0.370372
 P Eigenvalues: 
                  0          1          2    
      0      23.008009  31.079434  32.925892
P(iso)  29.004445
 Nucleus: 13 H 
 Shielding tensor (ppm): 
                  0          1          2    
      0      28.750405  -1.612033  -3.552315
      1      -1.067336  31.812893   0.400111
      2      -5.101860  -0.813669  26.432543
 P Tensor eigenvectors:
                   0          1          2    
      0       0.603501   0.492918  -0.626752
      1       0.099661   0.733237   0.672630
      2       0.791109  -0.468396   0.393385
 P Eigenvalues: 
                  0          1          2    
      0      23.004611  31.060109  32.931121
P(iso)  28.998614
 Nucleus: 15 H 
 Shielding tensor (ppm): 
                  0          1          2    
      0      30.591138   1.011190  -3.831069
      1       0.834153  31.741105   0.325467
      2      -3.656735   1.719437  28.277493
 P Tensor eigenvectors:
                   0          1          2    
      0       0.585489  -0.040152   0.809685
      1      -0.195513  -0.976285   0.092963
      2       0.786751  -0.212733  -0.579454
 P Eigenvalues: 
                  0          1          2    
      0      25.228079  32.015585  33.366072
P(iso)  30.203246
 Nucleus: 16 H 
 Shielding tensor (ppm): 
                  0          1          2    
      0      30.477838   0.836959   3.885661
      1       0.656353  31.809846  -0.180008
      2       3.700399  -1.576683  28.331370
 P Tensor eigenvectors:
                   0          1          2    
      0      -0.597096  -0.063537   0.799649
      1       0.162613  -0.985748   0.043099
      2       0.785514   0.155768   0.598919
 P Eigenvalues: 
                  0          1          2    
      0      25.261161  32.008254  33.349640
P(iso)  30.206352
 Nucleus: 18 H 
 Shielding tensor (ppm): 
                  0          1          2    
      0      31.084783  -0.043873  -4.758182
      1       0.135781  31.265382  -0.303958
      2      -4.402860  -0.987663  28.695199
 P Tensor eigenvectors:
                   0          1          2    
      0       0.609253  -0.145829  -0.779451
      1       0.072852   0.989081  -0.128106
      2       0.789622   0.021264   0.613225
 P Eigenvalues: 
                  0          1          2    
      0      25.118414  31.248365  34.678585
P(iso)  30.348455
 Nucleus: 19 H 
 Shielding tensor (ppm): 
                  0          1          2    
      0      30.933414  -0.253708   4.783897
      1      -0.050372  31.201382   0.404966
      2       4.441470   1.095378  28.915746
 P Tensor eigenvectors:
                   0          1          2    
      0      -0.622435  -0.147208  -0.768703
      1      -0.105604   0.988968  -0.103880
      2       0.775514   0.016519  -0.631114
 P Eigenvalues: 
                  0          1          2    
      0      25.126918  31.241298  34.682326
P(iso)  30.350181
 Nucleus: 21 H 
 Shielding tensor (ppm): 
                  0          1          2    
      0      30.319287  -1.719705   3.979684
      1      -2.551773  31.313234  -2.437651
      2       3.285653  -2.064810  31.242338
 P Tensor eigenvectors:
                   0          1          2    
      0      -0.764200   0.305783   0.567887
      1      -0.043816   0.853825  -0.518712
      2       0.643490   0.421282   0.639095
 P Eigenvalues: 
                  0          1          2    
      0      27.114569  29.408880  36.351411
P(iso)  30.958287
 Nucleus: 22 H 
 Shielding tensor (ppm): 
                  0          1          2    
      0      30.479697  -1.576241  -4.082984
      1      -2.449239  31.130589   2.372430
      2      -3.424596   2.010768  31.269159
 P Tensor eigenvectors:
                   0          1          2    
      0      -0.749408   0.314673  -0.582553
      1      -0.014665   0.871741   0.489747
      2      -0.661946  -0.375564   0.648675
 P Eigenvalues: 
                  0          1          2    
      0      27.099799  29.433649  36.345996
P(iso)  30.959815
 Nucleus: 24 H 
 Shielding tensor (ppm): 
                  0          1          2    
      0      28.521867  -1.750916   3.511309
      1      -1.279904  32.040087  -0.279793
      2       5.068912   0.975676  26.506836
 P Tensor eigenvectors:
                   0          1          2    
      0      -0.616276   0.541988  -0.571361
      1      -0.121927   0.651097   0.749137
      2       0.778035   0.531340  -0.335172
 P Eigenvalues: 
                  0          1          2    
      0      22.946565  31.086585  33.035640
P(iso)  29.022930
 Nucleus: 25 H 
 Shielding tensor (ppm): 
                  0          1          2    
      0      28.680124  -1.698435  -3.550090
      1      -1.153106  32.120537   0.466393
      2      -5.080567  -0.759595  26.232142
 P Tensor eigenvectors:
                   0          1          2    
      0       0.598669  -0.563297   0.569466
      1       0.094168  -0.656522  -0.748406
      2       0.795442   0.501673  -0.339995
 P Eigenvalues: 
                  0          1          2    
      0      22.869033  31.027882  33.135889
P(iso)  29.010934
 Nucleus: 27 H 
 Shielding tensor (ppm): 
                  0          1          2    
      0      30.319174   1.119864   4.030559
      1       0.816382  32.213070  -0.042655
      2       3.805430  -1.557703  28.120616
 P Tensor eigenvectors:
                   0          1          2    
      0      -0.602538   0.134624   0.786654
      1       0.154223  -0.947451   0.280270
      2       0.783047   0.290194   0.550114
 P Eigenvalues: 
                  0          1          2    
      0      24.945809  32.333281  33.373769
P(iso)  30.217620
 Nucleus: 28 H 
 Shielding tensor (ppm): 
                  0          1          2    
      0      30.499088   1.250827  -3.974953
      1       0.954913  32.153054   0.194030
      2      -3.765734   1.674688  27.949169
 P Tensor eigenvectors:
                   0          1          2    
      0       0.583989   0.160088   0.795819
      1      -0.178096  -0.931208   0.318014
      2       0.791984  -0.327449  -0.515305
 P Eigenvalues: 
                  0          1          2    
      0      24.879004  32.306679  33.415627
P(iso)  30.200437
 Nucleus: 30 H 
 Shielding tensor (ppm): 
                  0          1          2    
      0      29.968959   0.022084   4.287870
      1       0.045547  32.584031  -0.105972
      2       3.769369   0.365070  28.736093
 P Tensor eigenvectors:
                   0          1          2    
      0      -0.654688  -0.101868  -0.749004
      1      -0.007296   0.991683  -0.128496
      2       0.755864  -0.078660  -0.649986
 P Eigenvalues: 
                  0          1          2    
      0      25.276453  32.570604  33.442026
P(iso)  30.429694
 Nucleus: 31 H 
 Shielding tensor (ppm): 
                  0          1          2    
      0      30.170498   0.135622  -4.266269
      1       0.142247  32.602502   0.233516
      2      -3.745289  -0.234168  28.518020
 P Tensor eigenvectors:
                   0          1          2    
      0       0.635214   0.089336   0.767152
      1      -0.014999  -0.991673   0.127902
      2       0.772190  -0.092752  -0.628585
 P Eigenvalues: 
                  0          1          2    
      0      25.253349  32.589661  33.448009
P(iso)  30.430340
 Nucleus: 33 H 
 Shielding tensor (ppm): 
                  0          1          2    
      0      29.956454   0.217072  -4.117051
      1       0.130095  32.417563   0.382320
      2      -3.370374   0.713976  28.997904
 P Tensor eigenvectors:
                   0          1          2    
      0       0.661730  -0.243223   0.709194
      1      -0.075167  -0.962673  -0.260020
      2       0.745965   0.118755  -0.655312
 P Eigenvalues: 
                  0          1          2    
      0      25.662225  32.395966  33.313729
P(iso)  30.457307
 Nucleus: 34 H 
 Shielding tensor (ppm): 
                  0          1          2    
      0      29.750072   0.113266   4.130051
      1       0.039325  32.450078  -0.282762
      2       3.379998  -0.625379  29.174262
 P Tensor eigenvectors:
                   0          1          2    
      0      -0.681773  -0.247222   0.688525
      1       0.054274  -0.955668  -0.289401
      2       0.729547  -0.159937   0.664967
 P Eigenvalues: 
                  0          1          2    
      0      25.674559  32.395455  33.304398
P(iso)  30.458137
 Nucleus: 36 H 
 Shielding tensor (ppm): 
                  0          1          2    
      0      30.440729   0.249211  -4.242025
      1       0.469413  31.868841  -0.324625
      2      -3.170930  -0.594109  29.414794
 P Tensor eigenvectors:
                   0          1          2    
      0       0.662385  -0.219244  -0.716365
      1       0.016499   0.960256  -0.278631
      2       0.748982   0.172742   0.639677
 P Eigenvalues: 
                  0          1          2    
      0      26.184422  31.704026  33.835916
P(iso)  30.574788
 Nucleus: 37 H 
 Shielding tensor (ppm): 
                  0          1          2    
      0      30.226580   0.121629   4.262447
      1       0.376798  31.834532   0.405502
      2       3.199706   0.668527  29.662885
 P Tensor eigenvectors:
                   0          1          2    
      0      -0.683863  -0.216602  -0.696717
      1      -0.036808   0.963943  -0.263551
      2       0.728681  -0.154588  -0.667178
 P Eigenvalues: 
                  0          1          2    
      0      26.194663  31.692946  33.836389
P(iso)  30.574666
 Nucleus: 39 H 
 Shielding tensor (ppm): 
                  0          1          2    
      0      29.576736  -0.356681   4.680693
      1      -0.746339  30.730937  -1.420949
      2       2.732175  -1.826330  28.463303
 P Tensor eigenvectors:
                   0          1          2    
      0      -0.633424  -0.454426   0.626315
      1       0.156524  -0.867910  -0.471416
      2       0.757809  -0.200572   0.620883
 P Eigenvalues: 
                  0          1          2    
      0      25.131498  30.076700  33.562778
P(iso)  29.590325
 Nucleus: 40 H 
 Shielding tensor (ppm): 
                  0          1          2    
      0      29.802582  -0.285015  -4.656901
      1      -0.715227  30.644254   1.463818
      2      -2.719144   1.874586  28.325590
 P Tensor eigenvectors:
                   0          1          2    
      0       0.610270  -0.459333   0.645433
      1      -0.177026  -0.873211  -0.454054
      2       0.772161   0.162837  -0.614208
 P Eigenvalues: 
                  0          1          2    
      0      25.124265  30.081010  33.567152
P(iso)  29.590809
 Nucleus: 42 H 
 Shielding tensor (ppm): 
                  0          1          2    
      0      27.175657   1.565537   0.919440
      1       1.651313  30.098365   1.107284
      2      -0.925425   0.188947  23.936844
 P Tensor eigenvectors:
                   0          1          2    
      0       0.040741  -0.915693  -0.399808
      1      -0.126250   0.392216  -0.911168
      2       0.991162   0.087598  -0.099627
 P Eigenvalues: 
                  0          1          2    
      0      23.861438  26.490100  30.859328
P(iso)  27.070289
 Nucleus: 43 H 
 Shielding tensor (ppm): 
                  0          1          2    
      0      27.168040   1.590976  -0.780642
      1       1.652425  30.126578  -0.885927
      2       1.063898   0.028884  23.911234
 P Tensor eigenvectors:
                   0          1          2    
      0      -0.069389  -0.913009  -0.401996
      1       0.098554   0.394722  -0.913500
      2       0.992710  -0.103005   0.062591
 P Eigenvalues: 
                  0          1          2    
      0      23.861743  26.487055  30.857055
P(iso)  27.068618
 Nucleus: 45 H 
 Shielding tensor (ppm): 
                  0          1          2    
      0      35.469407  -0.840877   0.022088
      1      -1.263008  25.961885   0.031967
      2       0.017105   0.032141  24.111594
 P Tensor eigenvectors:
                   0          1          2    
      0      -0.003486   0.105205  -0.994444
      1      -0.019320   0.994258   0.105253
      2       0.999807   0.019579  -0.001434
 P Eigenvalues: 
                  0          1          2    
      0      24.110906  25.847667  35.584314
P(iso)  28.514295
 Nucleus: 46 H 
 Shielding tensor (ppm): 
                  0          1          2    
      0      35.430413  -0.949813   0.010824
      1      -1.364288  26.007397   0.033637
      2      -0.018900   0.032132  24.082873
 P Tensor eigenvectors:
                   0          1          2    
      0      -0.001665   0.116758  -0.993159
      1      -0.018013   0.992996   0.116769
      2       0.999836   0.018084   0.000449
 P Eigenvalues: 
                  0          1          2    
      0      24.082288  25.868093  35.570302
P(iso)  28.506895
 Nucleus: 47 H 
 Shielding tensor (ppm): 
                  0          1          2    
      0      29.273414   2.154025   0.081792
      1       3.384704  36.794548   0.274572
      2       0.110075   0.260339  26.113463
 P Tensor eigenvectors:
                   0          1          2    
      0      -0.010863  -0.947072  -0.320837
      1      -0.022207   0.321005  -0.946817
      2       0.999694  -0.003160  -0.024518
 P Eigenvalues: 
                  0          1          2    
      0      26.106481  28.364567  37.710377
P(iso)  30.727142
# -----------------------------------------------------------
$ EPRNMR_ATensor
   description: Hyperfine A tensor
   geom. index: 1
   prop. index: 1
 Number of stored nuclei 27
 Source density: 1 SCF 
 Spin multiplicity: 2 
 Nucleus: 9 H  
 Isotope: 1 
 Nuclear Spin:  0.5 
 Prefactor (MHz): 533.551395 
 Raw A tensor (MHz): 
                  0          1          2    
      0      -0.037928   0.005666   0.000105
      1       0.005643   0.095759   0.002300
      2       0.000105   0.002300  -0.038912
 A Tensor eigenvectors:
                   0          1          2    
      0       0.999049   0.010705   0.042265
      1      -0.042440   0.016618   0.998961
      2       0.009992  -0.999805   0.017057
 A Eigenvalues: 
                  0          1          2    
      0      -0.038166  -0.038951   0.096037
A(iso)  0.006306
 Nucleus: 10 H  
 Isotope: 1 
 Nuclear Spin:  0.5 
 Prefactor (MHz): 533.551395 
 Raw A tensor (MHz): 
                  0          1          2    
      0      -0.072640   0.146557   0.002423
      1       0.146545   0.215734   0.005870
      2       0.002423   0.005871  -0.146531
 A Tensor eigenvectors:
                   0          1          2    
      0       0.922325   0.003295   0.386401
      1      -0.386405   0.014866   0.922209
      2      -0.002706  -0.999884   0.014985
 A Eigenvalues: 
                  0          1          2    
      0      -0.134043  -0.146626   0.277232
A(iso)  -0.001146
 Nucleus: 12 H  
 Isotope: 1 
 Nuclear Spin:  0.5 
 Prefactor (MHz): 533.551395 
 Raw A tensor (MHz): 
                  0          1          2    
      0      -0.025353   0.030285   0.002755
      1       0.030281   0.058744   0.008436
      2       0.002755   0.008436  -0.034740
 A Tensor eigenvectors:
                   0          1          2    
      0       0.946194   0.105372   0.305964
      1      -0.312753   0.055017   0.948240
      2       0.083084  -0.992910   0.085012
 A Eigenvalues: 
                  0          1          2    
      0      -0.035121  -0.035500   0.069271
A(iso)  -0.000450
 Nucleus: 13 H  
 Isotope: 1 
 Nuclear Spin:  0.5 
 Prefactor (MHz): 533.551395 
 Raw A tensor (MHz): 
                  0          1          2    
      0      -0.025282   0.030369  -0.001644
      1       0.030364   0.059130  -0.005019
      2      -0.001644  -0.005019  -0.035177
 A Tensor eigenvectors:
                   0          1          2    
      0       0.948658   0.078347  -0.306447
      1      -0.309347   0.027730  -0.950545
      2      -0.065975   0.996540   0.050543
 A Eigenvalues: 
                  0          1          2    
      0      -0.035069  -0.035446   0.069187
A(iso)  -0.000443
 Nucleus: 15 H  
 Isotope: 1 
 Nuclear Spin:  0.5 
 Prefactor (MHz): 533.551395 
 Raw A tensor (MHz): 
                  0          1          2    
      0      -0.027154   0.011397   0.000962
      1       0.011386   0.055666   0.007001
      2       0.000961   0.007001  -0.028273
 A Tensor eigenvectors:
                   0          1          2    
      0       0.985580   0.104026   0.133454
      1      -0.140932   0.068166   0.987670
      2       0.093646  -0.992236   0.081843
 A Eigenvalues: 
                  0          1          2    
      0      -0.028691  -0.028855   0.057784
A(iso)  0.000079
 Nucleus: 16 H  
 Isotope: 1 
 Nuclear Spin:  0.5 
 Prefactor (MHz): 533.551395 
 Raw A tensor (MHz): 
                  0          1          2    
      0      -0.027083   0.011474  -0.000558
      1       0.011463   0.055930  -0.004033
      2      -0.000558  -0.004033  -0.028608
 A Tensor eigenvectors:
                   0          1          2    
      0       0.988283   0.072530  -0.134297
      1      -0.137267   0.037622  -0.989819
      2      -0.066739   0.996656   0.047137
 A Eigenvalues: 
                  0          1          2    
      0      -0.028638  -0.028800   0.057677
A(iso)  0.000080
 Nucleus: 18 H  
 Isotope: 1 
 Nuclear Spin:  0.5 
 Prefactor (MHz): 533.551395 
 Raw A tensor (MHz): 
                  0          1          2    
      0      -0.016371   0.015760  -0.000644
      1       0.015756   0.037103  -0.002323
      2      -0.000644  -0.002322  -0.020703
 A Tensor eigenvectors:
                   0          1          2    
      0       0.960759   0.088201  -0.262986
      1      -0.265343   0.015948  -0.964022
      2      -0.080834   0.995975   0.038725
 A Eigenvalues: 
                  0          1          2    
      0      -0.020668  -0.020798   0.041494
A(iso)  0.000009
 Nucleus: 19 H  
 Isotope: 1 
 Nuclear Spin:  0.5 
 Prefactor (MHz): 533.551395 
 Raw A tensor (MHz): 
                  0          1          2    
      0      -0.016424   0.015697   0.001244
      1       0.015694   0.036921   0.004517
      2       0.001244   0.004516  -0.020473
 A Tensor eigenvectors:
                   0          1          2    
      0       0.957649   0.119188   0.262113
      1      -0.268952   0.045179   0.962093
      2       0.102828  -0.991843   0.075322
 A Eigenvalues: 
                  0          1          2    
      0      -0.020698  -0.020828   0.041550
A(iso)  0.000008
 Nucleus: 21 H  
 Isotope: 1 
 Nuclear Spin:  0.5 
 Prefactor (MHz): 533.551395 
 Raw A tensor (MHz): 
                  0          1          2    
      0      -0.016409   0.006161  -0.000225
      1       0.006154   0.033607  -0.001846
      2      -0.000224  -0.001845  -0.017166
 A Tensor eigenvectors:
                   0          1          2    
      0       0.992643   0.012735  -0.120405
      1      -0.120781   0.034735  -0.992071
      2      -0.008451   0.999315   0.036017
 A Eigenvalues: 
                  0          1          2    
      0      -0.017156  -0.017233   0.034420
A(iso)  0.000010
 Nucleus: 22 H  
 Isotope: 1 
 Nuclear Spin:  0.5 
 Prefactor (MHz): 533.551395 
 Raw A tensor (MHz): 
                  0          1          2    
      0      -0.016454   0.006104   0.000445
      1       0.006097   0.033485   0.003673
      2       0.000445   0.003673  -0.017000
 A Tensor eigenvectors:
                   0          1          2    
      0       0.991881   0.044069   0.119291
      1      -0.122067   0.066838   0.990269
      2       0.035667  -0.996790   0.071675
 A Eigenvalues: 
                  0          1          2    
      0      -0.017188  -0.017266   0.034485
A(iso)  0.000011
 Nucleus: 24 H  
 Isotope: 1 
 Nuclear Spin:  0.5 
 Prefactor (MHz): 533.551395 
 Raw A tensor (MHz): 
                  0          1          2    
      0      -0.192024  -0.052875   0.026117
      1      -0.052970   0.361023  -0.074868
      2       0.026135  -0.074877  -0.201973
 A Tensor eigenvectors:
                   0          1          2    
      0      -0.818019   0.566808   0.097844
      1      -0.155336  -0.053909  -0.986390
      2      -0.553819  -0.822084   0.132144
 A Eigenvalues: 
                  0          1          2    
      0      -0.184391  -0.224890   0.376307
A(iso)  -0.010991
 Nucleus: 25 H  
 Isotope: 1 
 Nuclear Spin:  0.5 
 Prefactor (MHz): 533.551395 
 Raw A tensor (MHz): 
                  0          1          2    
      0      -0.190767  -0.054098  -0.027459
      1      -0.054192   0.356648   0.089676
      2      -0.027479   0.089688  -0.198521
 A Tensor eigenvectors:
                   0          1          2    
      0      -0.830699  -0.547430   0.101292
      1      -0.170893   0.077578  -0.982231
      2       0.529844  -0.833248  -0.157996
 A Eigenvalues: 
                  0          1          2    
      0      -0.184390  -0.224911   0.376662
A(iso)  -0.010880
 Nucleus: 27 H  
 Isotope: 1 
 Nuclear Spin:  0.5 
 Prefactor (MHz): 533.551395 
 Raw A tensor (MHz): 
                  0          1          2    
      0      -0.317499   0.282617   0.131597
      1       0.282574   0.406529   0.182523
      2       0.131608   0.182550  -0.380564
 A Tensor eigenvectors:
                   0          1          2    
      0      -0.655146  -0.678978   0.331319
      1       0.395464   0.065466   0.916146
      2      -0.643733   0.731234   0.225622
 A Eigenvalues: 
                  0          1          2    
      0      -0.358769  -0.486442   0.553677
A(iso)  -0.097178
 Nucleus: 28 H  
 Isotope: 1 
 Nuclear Spin:  0.5 
 Prefactor (MHz): 533.551395 
 Raw A tensor (MHz): 
                  0          1          2    
      0      -0.311761   0.290058  -0.121674
      1       0.290015   0.415673  -0.153216
      2      -0.121687  -0.153243  -0.396084
 A Tensor eigenvectors:
                   0          1          2    
      0      -0.670040   0.661836   0.336183
      1       0.377317  -0.086364   0.922048
      2       0.639279   0.744657  -0.191855
 A Eigenvalues: 
                  0          1          2    
      0      -0.358990  -0.486479   0.553298
A(iso)  -0.097391
 Nucleus: 30 H  
 Isotope: 1 
 Nuclear Spin:  0.5 
 Prefactor (MHz): 533.551395 
 Raw A tensor (MHz): 
                  0          1          2    
      0      -0.330508  -0.292830   0.182190
      1      -0.293160   1.384569  -0.445858
      2       0.182317  -0.445908  -0.368559
 A Tensor eigenvectors:
                   0          1          2    
      0       0.817204  -0.550062   0.172075
      1       0.273768   0.107743  -0.955742
      2       0.507177   0.828145   0.238637
 A Eigenvalues: 
                  0          1          2    
      0      -0.315597  -0.547579   1.548679
A(iso)  0.228501
 Nucleus: 31 H  
 Isotope: 1 
 Nuclear Spin:  0.5 
 Prefactor (MHz): 533.551395 
 Raw A tensor (MHz): 
                  0          1          2    
      0      -0.322826  -0.299720  -0.189378
      1      -0.300044   1.356467   0.486349
      2      -0.189514   0.486408  -0.354036
 A Tensor eigenvectors:
                   0          1          2    
      0       0.829982  -0.528446  -0.178533
      1       0.287473   0.130962   0.948793
      2      -0.478005  -0.838805   0.260610
 A Eigenvalues: 
                  0          1          2    
      0      -0.317632  -0.549284   1.546520
A(iso)  0.226535
 Nucleus: 33 H  
 Isotope: 1 
 Nuclear Spin:  0.5 
 Prefactor (MHz): 533.551395 
 Raw A tensor (MHz): 
                  0          1          2    
      0      -1.015150   1.348702  -0.867582
      1       1.348553   0.668586  -0.607079
      2      -0.867574  -0.607527  -1.607394
 A Tensor eigenvectors:
                   0          1          2    
      0      -0.552468   0.498032  -0.668389
      1       0.550374   0.820175   0.156211
      2       0.625994  -0.281562  -0.727224
 A Eigenvalues: 
                  0          1          2    
      0      -1.375726   1.696087  -2.274319
A(iso)  -0.651319
 Nucleus: 34 H  
 Isotope: 1 
 Nuclear Spin:  0.5 
 Prefactor (MHz): 533.551395 
 Raw A tensor (MHz): 
                  0          1          2    
      0      -1.065076   1.306334   0.918730
      1       1.306198   0.632020   0.704500
      2       0.918719   0.704952  -1.523488
 A Tensor eigenvectors:
                   0          1          2    
      0      -0.535399   0.489800   0.688073
      1       0.567562   0.811960  -0.136360
      2      -0.625477   0.317517  -0.712714
 A Eigenvalues: 
                  0          1          2    
      0      -1.376639   1.695699  -2.275604
A(iso)  -0.652182
 Nucleus: 36 H  
 Isotope: 1 
 Nuclear Spin:  0.5 
 Prefactor (MHz): 533.551395 
 Raw A tensor (MHz): 
                  0          1          2    
      0      -6.139090  -2.414797  -3.447584
      1      -2.416910  -0.531012   4.220370
      2      -3.449053   4.220973  -5.793711
 A Tensor eigenvectors:
                   0          1          2    
      0       0.379340  -0.687086  -0.619688
      1      -0.777814  -0.599530   0.188599
      2      -0.501105   0.410459  -0.761851
 A Eigenvalues: 
                  0          1          2    
      0       3.367250  -6.187747  -9.643315
A(iso)  -4.154604
 Nucleus: 37 H  
 Isotope: 1 
 Nuclear Spin:  0.5 
 Prefactor (MHz): 533.551395 
 Raw A tensor (MHz): 
                  0          1          2    
      0      -6.334060  -2.385043   3.372570
      1      -2.387213  -0.298962  -4.146092
      2       3.373983  -4.146633  -5.817405
 A Tensor eigenvectors:
                   0          1          2    
      0      -0.364885   0.674592   0.641705
      1       0.791202   0.587967  -0.168209
      2      -0.490773   0.446341  -0.748279
 A Eigenvalues: 
                  0          1          2    
      0       3.374311  -6.182541  -9.642197
A(iso)  -4.150142
 Nucleus: 39 H  
 Isotope: 1 
 Nuclear Spin:  0.5 
 Prefactor (MHz): 533.551395 
 Raw A tensor (MHz): 
                  0          1          2    
      0      34.177524   5.691824   3.583276
