-------------------------------------------------------------
----------------------- !PROPERTIES! ------------------------
-------------------------------------------------------------
# -----------------------------------------------------------
$ PAL_Flags
   description: The PAL Flags
   geom. index: 1
   prop. index: 1
        Diskflag:     2
# -----------------------------------------------------------
$ SCF_Energy
   description: The SCF energy
   geom. index: 1
   prop. index: 1
        SCF Energy:     -928.8442717123
# -----------------------------------------------------------
$ DFT_Energy
   description: The DFT energy
   geom. index: 1
   prop. index: 1
   Number of Alpha Electrons                 85.0001982608 
   Number of Beta  Electrons                 84.0001997960 
   Total number of  Electrons               169.0003980568 
   Exchange energy                         -105.6156251785 
   Correlation energy                        -6.5719241133 
   Correlation energy NL                      0.0000000000 
   Exchange-Correlation energy             -112.1875492917 
   Embedding correction                       0.0000000000 
   Total DFT Energy (No VdW correction)    -928.8442717123 
# -----------------------------------------------------------
$ Mayer_Pop
   description: The Mayer population analysis
   geom. index: 1
   prop. index: 1
     Number of atoms                     : 49
     Threshold for printing              : 0.1000000
     Number of bond orders printed       : 51
  NA   - Mulliken gross atomic population
  ZA   - Total nuclear charge
  QA   - Mulliken gross atomic charge
  VA   - Mayer's total valence
  BVA  - Mayer's bonded valence
  FA   - Mayer's free valence
  ATOM       NA         ZA         QA         VA         BVA        FA
  0   0     6.2753     6.0000    -0.2753     3.1202     3.0192     0.1010
  1   0     6.1010     6.0000    -0.1010     4.1751     4.0993     0.0758
  2   0     5.7088     6.0000     0.2912     2.5016     2.4988     0.0028
  3   0     5.9197     6.0000     0.0803     3.6848     3.6830     0.0018
  4   0     6.0569     6.0000    -0.0569     4.1394     4.1242     0.0152
  5   0     5.9841     6.0000     0.0159     3.8826     3.8783     0.0043
  6   0     6.1674     6.0000    -0.1674     3.8121     3.7821     0.0300
  7   0     6.0639     6.0000    -0.0639     4.1192     4.1161     0.0031
  8   0     5.9522     6.0000     0.0478     3.8937     3.8826     0.0111
  9   0     1.0465     1.0000    -0.0465     1.0054     1.0054     0.0000
 10   0     1.0328     1.0000    -0.0328     1.0089     1.0089     0.0000
 11   0     5.9414     6.0000     0.0586     4.0194     4.0193     0.0001
 12   0     0.9558     1.0000     0.0442     0.9753     0.9752     0.0001
 13   0     0.9559     1.0000     0.0441     0.9752     0.9751     0.0001
 14   0     6.0404     6.0000    -0.0404     4.1105     4.1105     0.0000
 15   0     0.9854     1.0000     0.0146     0.9620     0.9620     0.0000
 16   0     0.9855     1.0000     0.0145     0.9620     0.9620     0.0000
 17   0     6.0244     6.0000    -0.0244     4.1184     4.1184     0.0000
 18   0     0.9887     1.0000     0.0113     0.9680     0.9680     0.0000
 19   0     0.9887     1.0000     0.0113     0.9680     0.9680     0.0000
 20   0     5.9978     6.0000     0.0022     4.0166     4.0166     0.0000
 21   0     0.9839     1.0000     0.0161     0.9770     0.9770     0.0000
 22   0     0.9839     1.0000     0.0161     0.9770     0.9770     0.0000
 23   0     5.9619     6.0000     0.0381     4.0279     4.0279     0.0000
 24   0     0.9663     1.0000     0.0337     0.9689     0.9689     0.0000
 25   0     0.9663     1.0000     0.0337     0.9689     0.9689     0.0000
 26   0     6.0362     6.0000    -0.0362     4.1152     4.1152     0.0000
 27   0     0.9781     1.0000     0.0219     0.9635     0.9635     0.0000
 28   0     0.9782     1.0000     0.0218     0.9635     0.9635     0.0000
 29   0     6.0275     6.0000    -0.0275     4.1191     4.1191     0.0000
 30   0     0.9944     1.0000     0.0056     0.9669     0.9669     0.0000
 31   0     0.9944     1.0000     0.0056     0.9669     0.9669     0.0000
 32   0     5.9968     6.0000     0.0032     4.0173     4.0173     0.0000
 33   0     0.9793     1.0000     0.0207     0.9777     0.9777     0.0000
 34   0     0.9793     1.0000     0.0207     0.9777     0.9777     0.0000
 35   0     5.8381     6.0000     0.1619     2.6307     2.6172     0.0135
 36   0     0.9841     1.0000     0.0159     0.9739     0.9739     0.0000
 37   0     0.9859     1.0000     0.0141     0.9738     0.9738     0.0000
 38   0     6.2650     6.0000    -0.2650     3.9233     3.9228     0.0005
 39   0     5.9632     6.0000     0.0368     3.9939     3.9927     0.0012
 40   0     5.9581     6.0000     0.0419     4.0009     4.0006     0.0003
 41   0     5.9610     6.0000     0.0390     4.0010     3.9994     0.0016
 42   0     5.9582     6.0000     0.0418     4.0006     4.0003     0.0003
 43   0     5.9661     6.0000     0.0339     3.9933     3.9921     0.0012
 44   0     1.0182     1.0000    -0.0182     0.9699     0.9699     0.0000
 45   0     1.0195     1.0000    -0.0195     0.9699     0.9699     0.0000
 46   0     1.0325     1.0000    -0.0325     0.9842     0.9842     0.0000
 47   0     1.0320     1.0000    -0.0320     0.9840     0.9840     0.0000
 48   0     1.0194     1.0000    -0.0194     0.9699     0.9699     0.0000
      Bond orders larger than 0.1000000
           Atom A     A.N. of A          Atom B    A.N. of B              Bond order
                0             6               1            6                2.897354
                1             6               3            6                1.056343
                2             6               6            6                0.923646
                2             6              35            6                1.680299
                2             6              38            6               -0.183982
                3             6               4            6                1.277323
                3             6               8            6                1.276044
                4             6               5            6                1.484529
                4             6              11            6                1.101337
                5             6               6            6                1.330092
                5             6               9            1                0.923819
                6             6               7            6                1.330471
                7             6               8            6                1.494066
                7             6              23            6                1.093733
                8             6              10            1                0.924638
               11             6              12            1                0.892570
               11             6              13            1                0.892501
               11             6              14            6                1.100906
               14             6              15            1                0.928544
               14             6              16            1                0.928536
               14             6              17            6                1.075254
               17             6              18            1                0.941376
               17             6              19            1                0.941377
               17             6              20            6                1.105608
               20             6              21            1                0.966086
               20             6              22            1                0.966085
               20             6              36            1                0.961899
               23             6              24            1                0.896615
               23             6              25            1                0.896650
               23             6              26            6                1.104526
               26             6              27            1                0.929948
               26             6              28            1                0.929947
               26             6              29            6                1.073970
               29             6              30            1                0.941070
               29             6              31            1                0.941071
               29             6              32            6                1.106626
               32             6              33            1                0.966230
               32             6              34            1                0.966235
               32             6              37            1                0.961292
               35             6              38            6                0.952517
               38             6              39            6                1.428805
               38             6              43            6                1.426844
               39             6              40            6                1.474810
               39             6              46            1                0.941659
               40             6              41            6                1.440951
               40             6              48            1                0.938711
               41             6              42            6                1.440373
               41             6              44            1                0.943964
               42             6              43            6                1.474996
               42             6              45            1                0.938706
               43             6              47            1                0.941977
# -----------------------------------------------------------
$ Calculation_Info
   description: Details of the calculation
   geom. index: 1
   prop. index: 1
     Multiplicity:                          2
     Charge:                                0
     number of atoms:                       49
     number of electrons:                   0
     number of frozen core electrons:       1
     number of correlated electrons:        0
     number of basis functions:             461
     number of aux C basis functions:       3164
     number of aux J basis functions:       3164
     number of aux JK basis functions:      3164
     number of aux CABS basis functions:    0
     Total Energy                           -928.844272
# -----------------------------------------------------------
$ SCF_Electric_Properties
   description: The SCF Calculated Electric Properties
   geom. index: 1
   prop. index: 1
       Filename                          : cc-pVDZ.scfp 
       Do Dipole Moment Calculation      : true 
       Do Quadrupole Moment Calculation  : false 
       Do Polarizability Calculation     : false 
** Dipole moment part of electric properties **
        Magnitude of dipole moment (Debye) :        9.5104379114
        Electronic Contribution:
                  0    
      0       8.913819
      1      -0.214269
      2       0.002397
        Nuclear Contribution:
                  0    
      0      -5.173547
      1       0.114161
      2       0.004807
        Total Dipole moment:
                  0    
      0       3.740272
      1      -0.100107
      2       0.007203
# -----------------------------------------------------------
$ EPRNMR_GTensor
   description: Electronic g tensor
   geom. index: 1
   prop. index: 1
 Source density: 1 SCF 
 Spin multiplicity: 2 
 raw g tensor: 
                  0          1          2    
      0       2.006961  -0.000048   0.000027
      1      -0.000083   2.003874   0.000003
      2       0.000033   0.000003   2.002376
 g tensor: 
                  0          1          2    
      0      -0.006538   0.021214  -0.999754
      1      -0.002129   0.999772   0.021228
      2       0.999976   0.002267  -0.006492
 G eigenvalues: 
                  0          1          2    
      0       2.002376   2.003873   2.006962
# -----------------------------------------------------------
$ EPRNMR_OrbitalShielding
   description: Orbital contribution to the NMR Shielding tensor (ppm)
   geom. index: 1
   prop. index: 1
 Number of stored nuclei 25
 Source density: 1 SCF 
 Nucleus: 9 H 
 Shielding tensor (ppm): 
                  0          1          2    
      0      40.414909 155.862869   0.239765
      1     -173.843759 134.504801  -0.053871
      2      -0.373017   0.048113 126.887851
 P Tensor eigenvectors:
                   0          1          2    
      0       0.001017  -0.804521   0.593923
      1      -0.000718  -0.593924  -0.804521
      2       0.999999   0.000392  -0.001181
 P Eigenvalues: 
                  0          1          2    
      0     126.887647  65.013038 109.906877
P(iso)  100.602520
 Nucleus: 10 H 
 Shielding tensor (ppm): 
                  0          1          2    
      0      38.966364 -161.597344  -0.310883
      1       7.132296  27.797703  -0.122357
      2      -0.074000  -0.059858  35.860469
 P Tensor eigenvectors:
                   0          1          2    
      0       0.974900   0.004270  -0.222600
      1       0.222590   0.002763   0.974908
      2       0.004778  -0.999987   0.001743
 P Eigenvalues: 
                  0          1          2    
      0       4.891536  35.860788  61.872211
P(iso)  34.208178
 Nucleus: 12 H 
 Shielding tensor (ppm): 
                  0          1          2    
      0      72.156007 -87.704875 284.864897
      1     180.691378 -12.611635 214.628046
      2     -191.929348 -159.369773  26.240567
 P Tensor eigenvectors:
                   0          1          2    
      0      -0.521490   0.696171   0.493350
      1       0.748554   0.650783  -0.127078
      2       0.409532  -0.303029   0.860498
 P Eigenvalues: 
                  0          1          2    
      0     -22.249441  43.664231  64.370148
P(iso)  28.594979
 Nucleus: 13 H 
 Shielding tensor (ppm): 
                  0          1          2    
      0      72.208332 -86.525028 -285.200698
      1     180.015920 -12.379230 -214.571938
      2     192.787666 159.136574  25.809108
 P Tensor eigenvectors:
                   0          1          2    
      0      -0.521204   0.695713  -0.494297
      1       0.750332   0.649517   0.123004
      2      -0.406630   0.306776   0.860547
 P Eigenvalues: 
                  0          1          2    
      0     -22.320420  43.633493  64.325137
P(iso)  28.546070
 Nucleus: 15 H 
 Shielding tensor (ppm): 
                  0          1          2    
      0      56.226509 247.525685 209.746224
      1     -308.054686 112.331273 323.996451
      2     -158.865928 -235.969859 138.512707
 P Tensor eigenvectors:
                   0          1          2    
      0      -0.678011   0.461301  -0.572278
      1       0.393333   0.885401   0.247699
      2      -0.620959   0.057153   0.781756
 P Eigenvalues: 
                  0          1          2    
      0     112.698944  81.551447 112.820097
P(iso)  102.356830
 Nucleus: 16 H 
 Shielding tensor (ppm): 
                  0          1          2    
      0      56.215056 248.226689 -208.789516
      1     -308.341655 112.695338 -324.592997
      2     157.416558 236.204801 137.952189
 P Tensor eigenvectors:
                   0          1          2    
      0      -0.678814   0.461540   0.571132
      1       0.390599   0.885568  -0.251399
      2       0.621807  -0.052430   0.781413
 P Eigenvalues: 
                  0          1          2    
      0     112.591017  81.509920 112.761646
P(iso)  102.287528
 Nucleus: 18 H 
 Shielding tensor (ppm): 
                  0          1          2    
      0      39.980791 -201.930989 -259.543964
      1     327.526118 -19.379746 -399.402035
      2     177.367223 290.006836 -17.977394
 P Tensor eigenvectors:
                   0          1          2    
      0      -0.696883   0.429028  -0.574708
      1       0.453755   0.884319   0.109939
      2      -0.555392   0.184162   0.810941
 P Eigenvalues: 
                  0          1          2    
      0     -34.071005  14.935797  21.758859
P(iso)  0.874550
 Nucleus: 19 H 
 Shielding tensor (ppm): 
                  0          1          2    
      0      39.910172 -202.670152 258.864664
      1     327.627688 -19.847314 400.141657
      2     -175.893498 -290.515772 -17.251252
 P Tensor eigenvectors:
                   0          1          2    
      0      -0.697915   0.429504   0.573098
      1       0.451312   0.885091  -0.113720
      2       0.556087  -0.179280   0.811558
 P Eigenvalues: 
                  0          1          2    
      0     -33.984886  14.978202  21.818290
P(iso)  0.937202
 Nucleus: 21 H 
 Shielding tensor (ppm): 
                  0          1          2    
      0      -6.930945 373.229336 -185.030947
      1     -445.746772  86.494769 -458.326676
      2     135.167882 330.152065  52.254290
 P Tensor eigenvectors:
                   0          1          2    
      0      -0.681252  -0.395618   0.615940
      1       0.256112  -0.917024  -0.305734
      2       0.685786  -0.050532   0.726047
 P Eigenvalues: 
                  0          1          2    
      0      40.468066  38.540024  52.810025
P(iso)  43.939372
 Nucleus: 22 H 
 Shielding tensor (ppm): 
                  0          1          2    
      0      -6.913931 373.027069 186.593616
      1     -446.104500  85.947103 457.625581
      2     -137.261203 -329.317506  53.057234
 P Tensor eigenvectors:
                   0          1          2    
      0      -0.679920  -0.395540  -0.617460
      1       0.259153  -0.917321   0.302260
      2      -0.685966   0.045496   0.726210
 P Eigenvalues: 
                  0          1          2    
      0      40.617867  38.592940  52.879599
P(iso)  44.030135
 Nucleus: 24 H 
 Shielding tensor (ppm): 
                  0          1          2    
      0      69.559464 -127.793731 -14.639607
      1     189.269328 101.584370 225.756500
      2      19.379993 -166.089501 125.691088
 P Tensor eigenvectors:
                   0          1          2    
      0       0.801959   0.035414   0.596328
      1      -0.072706  -0.985034   0.156275
      2      -0.592938   0.168683   0.787382
 P Eigenvalues: 
                  0          1          2    
      0      86.196901  90.199783 120.438238
P(iso)  98.944974
 Nucleus: 25 H 
 Shielding tensor (ppm): 
                  0          1          2    
      0      69.618343 -128.042470  13.842405
      1     189.631530 101.946228 -225.643051
      2     -18.345221 165.774513 125.407224
 P Tensor eigenvectors:
                   0          1          2    
      0       0.801280   0.035444  -0.597239
      1      -0.076233  -0.984059  -0.160677
      2       0.593413  -0.174277   0.785804
 P Eigenvalues: 
                  0          1          2    
      0      86.256835  90.230480 120.484480
P(iso)  98.990599
 Nucleus: 27 H 
 Shielding tensor (ppm): 
                  0          1          2    
      0      55.306672 162.955517  92.365323
      1     -265.823601  47.164436 -332.197175
      2     -57.524121 242.385584  65.575016
 P Tensor eigenvectors:
                   0          1          2    
      0       0.762130   0.213333   0.611267
      1       0.259530  -0.965642   0.013428
      2      -0.593129  -0.148408   0.791311
 P Eigenvalues: 
                  0          1          2    
      0      36.099295  55.157729  76.789101
P(iso)  56.015375
 Nucleus: 28 H 
 Shielding tensor (ppm): 
                  0          1          2    
      0      55.318731 163.842991 -91.435044
      1     -266.704451  46.658687 331.536295
      2      56.018140 -242.126860  65.956516
 P Tensor eigenvectors:
                   0          1          2    
      0       0.761037   0.212944  -0.612763
      1       0.256236  -0.966454  -0.017617
      2       0.595958   0.143605   0.790071
 P Eigenvalues: 
                  0          1          2    
      0      36.059966  55.126263  76.747705
P(iso)  55.977978
 Nucleus: 30 H 
 Shielding tensor (ppm): 
                  0          1          2    
      0      38.327683 -272.471755 -16.527573
      1     378.059847  64.980715 407.864798
      2      20.528240 -295.606368  66.638139
 P Tensor eigenvectors:
                   0          1          2    
      0      -0.735986   0.070133  -0.673354
      1      -0.010563  -0.995688  -0.092161
      2       0.676914   0.060716  -0.733554
 P Eigenvalues: 
                  0          1          2    
      0      49.327922  50.712890  69.905726
P(iso)  56.648846
 Nucleus: 31 H 
 Shielding tensor (ppm): 
                  0          1          2    
      0      38.403610 -273.155198  14.996903
      1     379.015872  65.604624 -407.068956
      2     -18.486380 295.008096  66.085385
 P Tensor eigenvectors:
                   0          1          2    
      0       0.734571   0.070198  -0.674891
      1       0.006837  -0.995349  -0.096088
      2       0.678498  -0.065969   0.731635
 P Eigenvalues: 
                  0          1          2    
      0      49.421084  50.734014  69.938521
P(iso)  56.697873
 Nucleus: 33 H 
 Shielding tensor (ppm): 
                  0          1          2    
      0      -7.827751 236.188006 -68.726927
      1     -351.212970  31.107859 465.046368
      2      46.162471 -336.677670  -6.344999
 P Tensor eigenvectors:
                   0          1          2    
      0      -0.797290  -0.045980  -0.601843
      1      -0.131728   0.986315   0.099153
      2      -0.589048  -0.158333   0.792435
 P Eigenvalues: 
                  0          1          2    
      0     -19.354742  15.091960  21.197890
P(iso)  5.645036
 Nucleus: 34 H 
 Shielding tensor (ppm): 
                  0          1          2    
      0      -7.850627 234.957758  70.040575
      1     -349.752470  31.808123 -465.866953
      2     -48.075037 337.590813  -6.950126
 P Tensor eigenvectors:
                   0          1          2    
      0      -0.798881  -0.046488   0.599690
      1      -0.134925   0.985451  -0.103349
      2       0.586161   0.163477   0.793530
 P Eigenvalues: 
                  0          1          2    
      0     -19.333645  15.113498  21.227517
P(iso)  5.669123
 Nucleus: 36 H 
 Shielding tensor (ppm): 
                  0          1          2    
      0     -111.839895  41.897475   0.262686
      1     114.250469  15.012675   0.798639
      2       0.200784   0.169315 -147.092582
 P Tensor eigenvectors:
                   0          1          2    
      0       0.123094   0.007458  -0.992367
      1       0.992395  -0.001030   0.123090
      2      -0.000104  -0.999972  -0.007528
 P Eigenvalues: 
                  0          1          2    
      0      32.165185 -147.094108 -128.990879
P(iso)  -81.306601
 Nucleus: 37 H 
 Shielding tensor (ppm): 
                  0          1          2    
      0     -114.530059 -289.244655  -0.788791
      1     357.623242  61.094843   0.832485
      2       0.955668   0.110190 -100.591956
 P Tensor eigenvectors:
                   0          1          2    
      0      -0.001104  -0.529954  -0.848025
      1      -0.002682   0.848024  -0.529950
      2       0.999996   0.001689  -0.002357
 P Eigenvalues: 
                  0          1          2    
      0     -100.593320 -18.959272 -34.474580
P(iso)  -51.342391
 Nucleus: 44 H 
 Shielding tensor (ppm): 
                  0          1          2    
      0      41.569818 -22.915057   0.027955
      1       3.768135 -241.425059  -0.139139
      2       0.055926  -0.145520 -173.390470
 P Tensor eigenvectors:
                   0          1          2    
      0       0.999469   0.000186  -0.032581
      1       0.032580   0.002036   0.999467
      2       0.000252  -0.999998   0.002029
 P Eigenvalues: 
                  0          1          2    
      0      40.645949 -173.390188 -240.501472
P(iso)  -124.415237
 Nucleus: 45 H 
 Shielding tensor (ppm): 
                  0          1          2    
      0      13.948441 551.232776   1.123638
      1     -307.087602 -97.166982  -0.111066
      2      -0.576904   0.122238 -84.204624
 P Tensor eigenvectors:
                   0          1          2    
      0      -0.000270  -0.986381  -0.164474
      1      -0.001991   0.164474  -0.986379
      2       0.999998   0.000061  -0.002009
 P Eigenvalues: 
                  0          1          2    
      0     -84.204707 -28.666242 -54.552216
P(iso)  -55.807722
 Nucleus: 46 H 
 Shielding tensor (ppm): 
                  0          1          2    
      0       7.826075 -527.284230  -1.115402
      1     362.368181 158.654225   0.197775
      2       0.719449  -0.045939 107.730705
 P Tensor eigenvectors:
                   0          1          2    
      0      -0.000254  -0.961631  -0.274346
      1      -0.002061   0.274346  -0.961629
      2       0.999998   0.000321  -0.002052
 P Eigenvalues: 
                  0          1          2    
      0     107.730616  62.686447 103.793943
P(iso)  91.403668
 Nucleus: 47 H 
 Shielding tensor (ppm): 
                  0          1          2    
      0      17.867866 512.443928   0.940623
      1     -325.249390 142.776378  -0.034139
      2      -0.612656   0.229005 102.594817
 P Tensor eigenvectors:
                   0          1          2    
      0      -0.000371   0.980171  -0.198154
      1      -0.001888   0.198153   0.980169
      2       0.999998   0.000738   0.001777
 P Eigenvalues: 
                  0          1          2    
      0     102.594590  59.130234 101.514236
P(iso)  87.746353
 Nucleus: 48 H 
 Shielding tensor (ppm): 
                  0          1          2    
      0      -0.612447 -579.744177  -1.139504
      1     325.367695 -76.377960   0.084815
      2       0.667022  -0.151533 -79.032205
 P Tensor eigenvectors:
                   0          1          2    
      0      -0.000247  -0.994771   0.102134
      1      -0.002002  -0.102133  -0.994769
      2       0.999998  -0.000450  -0.001967
 P Eigenvalues: 
                  0          1          2    
      0     -79.032065 -27.247326 -49.743221
P(iso)  -52.007537
# -----------------------------------------------------------
$ EPRNMR_ATensor
   description: Hyperfine A tensor
   geom. index: 1
   prop. index: 1
 Number of stored nuclei 25
 Source density: 1 SCF 
 Spin multiplicity: 2 
 Nucleus: 9 H  
 Isotope: 1 
 Nuclear Spin:  0.5 
 Prefactor (MHz): 533.551395 
 Raw A tensor (MHz): 
                  0          1          2    
      0       5.359457   1.472986   0.004863
      1       1.475117   4.366507   0.004536
      2       0.004880   0.004521   2.451782
 A Tensor eigenvectors:
                   0          1          2    
      0      -0.000774  -0.583354  -0.812217
      1      -0.001774   0.812217  -0.583353
      2       0.999998   0.000990  -0.001663
 A Eigenvalues: 
                  0          1          2    
      0       2.451770   3.307568   6.418408
A(iso)  4.059248
 Nucleus: 10 H  
 Isotope: 1 
 Nuclear Spin:  0.5 
 Prefactor (MHz): 533.551395 
 Raw A tensor (MHz): 
                  0          1          2    
      0      -9.877420  -2.140903  -0.004493
      1      -2.151555  -4.168102   0.009759
      2      -0.004544   0.009818  -9.867313
 A Tensor eigenvectors:
                   0          1          2    
      0       0.316218  -0.001014  -0.948686
      1      -0.948685  -0.002093  -0.316215
      2      -0.001665   0.999997  -0.001624
 A Eigenvalues: 
                  0          1          2    
      0      -3.451278  -9.867329 -10.594228
A(iso)  -7.970945
 Nucleus: 12 H  
 Isotope: 1 
 Nuclear Spin:  0.5 
 Prefactor (MHz): 533.551395 
 Raw A tensor (MHz): 
                  0          1          2    
      0      11.945494  -0.670708   0.029071
      1      -0.664920  14.573665   1.259010
      2       0.030761   1.258243  10.697820
 A Tensor eigenvectors:
                   0          1          2    
      0      -0.138252   0.970126  -0.199352
      1      -0.299422   0.150924   0.942109
      2       0.944051   0.189939   0.269611
 A Eigenvalues: 
                  0          1          2    
      0      10.294501  11.847976  15.074502
A(iso)  12.405660
 Nucleus: 13 H  
 Isotope: 1 
 Nuclear Spin:  0.5 
 Prefactor (MHz): 533.551395 
 Raw A tensor (MHz): 
                  0          1          2    
      0      11.952407  -0.669791  -0.031607
      1      -0.663968  14.587809  -1.240713
      2      -0.033299  -1.240015  10.689085
 A Tensor eigenvectors:
                   0          1          2    
      0       0.137437   0.970222  -0.199452
      1       0.294923   0.152146   0.943330
      2       0.945585  -0.188472  -0.265230
 A Eigenvalues: 
                  0          1          2    
      0      10.297748  11.854658  15.076896
A(iso)  12.409767
 Nucleus: 15 H  
 Isotope: 1 
 Nuclear Spin:  0.5 
 Prefactor (MHz): 533.551395 
 Raw A tensor (MHz): 
                  0          1          2    
      0      -0.397627  -0.652241  -0.120370
      1      -0.650318   0.470478   0.323515
      2      -0.119844   0.323197  -0.864970
 A Tensor eigenvectors:
                   0          1          2    
      0       0.881384   0.458599   0.113352
      1       0.416709  -0.867791   0.270725
      2       0.222520  -0.191378  -0.955960
 A Eigenvalues: 
                  0          1          2    
      0      -0.735574   0.885855  -0.942400
A(iso)  -0.264040
 Nucleus: 16 H  
 Isotope: 1 
 Nuclear Spin:  0.5 
 Prefactor (MHz): 533.551395 
 Raw A tensor (MHz): 
                  0          1          2    
      0      -0.397539  -0.652390   0.117379
      1      -0.650461   0.473882  -0.317852
      2       0.116869  -0.317555  -0.867360
 A Tensor eigenvectors:
                   0          1          2    
      0      -0.881475   0.458340   0.113699
      1      -0.417314  -0.868740   0.266720
      2       0.221023   0.187659   0.957044
 A Eigenvalues: 
                  0          1          2    
      0      -0.735017   0.886088  -0.942087
A(iso)  -0.263672
 Nucleus: 18 H  
 Isotope: 1 
 Nuclear Spin:  0.5 
 Prefactor (MHz): 533.551395 
 Raw A tensor (MHz): 
                  0          1          2    
      0      -0.289053  -0.061046  -0.000227
      1      -0.060116   0.840902  -0.193343
      2      -0.000357  -0.193197  -0.356030
 A Tensor eigenvectors:
                   0          1          2    
      0       0.993520   0.101198   0.051733
      1       0.035113   0.159605  -0.986556
      2      -0.108095   0.981980   0.155017
 A Eigenvalues: 
                  0          1          2    
      0      -0.291139  -0.387451   0.874409
A(iso)  0.065273
 Nucleus: 19 H  
 Isotope: 1 
 Nuclear Spin:  0.5 
 Prefactor (MHz): 533.551395 
 Raw A tensor (MHz): 
                  0          1          2    
      0      -0.288997  -0.061155  -0.000372
      1      -0.060231   0.838602   0.199831
      2      -0.000240   0.199677  -0.353680
 A Tensor eigenvectors:
                   0          1          2    
      0       0.993744   0.098911  -0.051870
      1       0.035033   0.164923   0.985684
      2       0.106049  -0.981334   0.160426
 A Eigenvalues: 
                  0          1          2    
      0      -0.291147  -0.387197   0.874268
A(iso)  0.065308
 Nucleus: 21 H  
 Isotope: 1 
 Nuclear Spin:  0.5 
 Prefactor (MHz): 533.551395 
 Raw A tensor (MHz): 
                  0          1          2    
      0      -0.076474  -0.126259   0.015877
      1      -0.125720   0.338071  -0.068673
      2       0.015820  -0.068636  -0.167854
 A Tensor eigenvectors:
                   0          1          2    
      0       0.963554   0.013549   0.267170
      1       0.262965   0.135404  -0.955257
      2      -0.049119   0.990698   0.126907
 A Eigenvalues: 
                  0          1          2    
      0      -0.111601  -0.177018   0.382362
A(iso)  0.031248
 Nucleus: 22 H  
 Isotope: 1 
 Nuclear Spin:  0.5 
 Prefactor (MHz): 533.551395 
 Raw A tensor (MHz): 
                  0          1          2    
      0      -0.076399  -0.126262  -0.016504
      1      -0.125725   0.337371   0.071027
      2      -0.016444   0.070986  -0.167184
 A Tensor eigenvectors:
                   0          1          2    
      0       0.963504   0.013190  -0.267368
      1       0.262981   0.139954   0.954596
      2       0.050010  -0.990070   0.131377
 A Eigenvalues: 
                  0          1          2    
      0      -0.111579  -0.176998   0.382365
A(iso)  0.031263
 Nucleus: 24 H  
 Isotope: 1 
 Nuclear Spin:  0.5 
 Prefactor (MHz): 533.551395 
 Raw A tensor (MHz): 
                  0          1          2    
      0      -3.787175   0.361492   0.064139
      1       0.361016  -3.411979   0.363828
      2       0.064109   0.363506  -4.610776
 A Tensor eigenvectors:
                   0          1          2    
      0       0.476456   0.878157  -0.042779
      1       0.849488  -0.447268   0.279859
      2       0.226626  -0.169681  -0.959088
 A Eigenvalues: 
                  0          1          2    
      0      -3.112420  -3.983522  -4.713989
A(iso)  -3.936643
 Nucleus: 25 H  
 Isotope: 1 
 Nuclear Spin:  0.5 
 Prefactor (MHz): 533.551395 
 Raw A tensor (MHz): 
                  0          1          2    
      0      -3.783040   0.361263  -0.061926
      1       0.360788  -3.403701  -0.356438
      2      -0.061882  -0.356110  -4.611740
 A Tensor eigenvectors:
                   0          1          2    
      0       0.476258   0.878278   0.042495
      1       0.850968  -0.448201  -0.273807
      2      -0.221433   0.166565  -0.960845
 A Eigenvalues: 
                  0          1          2    
      0      -3.109020  -3.978977  -4.710484
A(iso)  -3.932827
 Nucleus: 27 H  
 Isotope: 1 
 Nuclear Spin:  0.5 
 Prefactor (MHz): 533.551395 
 Raw A tensor (MHz): 
                  0          1          2    
      0       0.260779   0.589694  -0.111093
      1       0.587376   1.073527  -0.275747
      2      -0.110577  -0.275558  -0.171282
 A Tensor eigenvectors:
                   0          1          2    
      0       0.889075  -0.057222  -0.454171
      1      -0.430754   0.231165  -0.872361
      2       0.154906   0.971230   0.180875
 A Eigenvalues: 
                  0          1          2    
      0      -0.043312  -0.230375   1.436711
A(iso)  0.387675
 Nucleus: 28 H  
 Isotope: 1 
 Nuclear Spin:  0.5 
 Prefactor (MHz): 533.551395 
 Raw A tensor (MHz): 
                  0          1          2    
      0       0.261246   0.589090   0.114174
      1       0.586770   1.071780   0.282702
      2       0.113655   0.282536  -0.167593
 A Tensor eigenvectors:
                   0          1          2    
      0       0.889149  -0.057808   0.453951
      1      -0.429538   0.236707   0.871474
      2      -0.157831  -0.969860   0.185637
 A Eigenvalues: 
                  0          1          2    
      0      -0.042632  -0.229797   1.437862
A(iso)  0.388478
 Nucleus: 30 H  
 Isotope: 1 
 Nuclear Spin:  0.5 
 Prefactor (MHz): 533.551395 
 Raw A tensor (MHz): 
                  0          1          2    
      0      -0.046710   0.185106   0.025411
      1       0.184517   0.160518   0.082150
      2       0.025284   0.082093  -0.294798
 A Tensor eigenvectors:
                   0          1          2    
      0      -0.868218   0.494878  -0.035962
      1       0.480778   0.856969   0.185627
      2       0.122681   0.143875  -0.981962
 A Eigenvalues: 
                  0          1          2    
      0      -0.152544   0.280958  -0.309404
A(iso)  -0.060330
 Nucleus: 31 H  
 Isotope: 1 
 Nuclear Spin:  0.5 
 Prefactor (MHz): 533.551395 
 Raw A tensor (MHz): 
                  0          1          2    
      0      -0.046510   0.185248  -0.024265
      1       0.184658   0.161609  -0.079382
      2      -0.024137  -0.079319  -0.295634
 A Tensor eigenvectors:
                   0          1          2    
      0       0.868177   0.494942  -0.036073
      1      -0.481554   0.857792   0.179716
      2       0.119893  -0.138654   0.983057
 A Eigenvalues: 
                  0          1          2    
      0      -0.152353   0.281079  -0.309262
A(iso)  -0.060179
 Nucleus: 33 H  
 Isotope: 1 
 Nuclear Spin:  0.5 
 Prefactor (MHz): 533.551395 
 Raw A tensor (MHz): 
                  0          1          2    
      0      -0.108375   0.125897   0.017333
      1       0.125348   0.276422   0.065749
      2       0.017264   0.065711  -0.197359
 A Tensor eigenvectors:
                   0          1          2    
      0       0.959205   0.002819   0.282698
      1      -0.280504   0.134232   0.950421
      2      -0.035268  -0.990946   0.129547
 A Eigenvalues: 
                  0          1          2    
      0      -0.145679  -0.206309   0.322677
A(iso)  -0.009770
 Nucleus: 34 H  
 Isotope: 1 
 Nuclear Spin:  0.5 
 Prefactor (MHz): 533.551395 
 Raw A tensor (MHz): 
                  0          1          2    
      0      -0.108299   0.126010  -0.016728
      1       0.125462   0.276935  -0.063302
      2      -0.016659  -0.063259  -0.197972
 A Tensor eigenvectors:
                   0          1          2    
      0       0.959150   0.003338  -0.282877
      1      -0.280927   0.129039  -0.951015
      2       0.033328   0.991634   0.124706
 A Eigenvalues: 
                  0          1          2    
      0      -0.145638  -0.206260   0.322562
A(iso)  -0.009779
 Nucleus: 36 H  
 Isotope: 1 
 Nuclear Spin:  0.5 
 Prefactor (MHz): 533.551395 
 Raw A tensor (MHz): 
                  0          1          2    
      0      -0.135777  -0.046031  -0.000144
      1      -0.045765   0.292328   0.001220
      2      -0.000143   0.001219  -0.174580
 A Tensor eigenvectors:
                   0          1          2    
      0       0.994396  -0.000691  -0.105712
      1       0.105714   0.002544   0.994393
      2      -0.000418  -0.999997   0.002603
 A Eigenvalues: 
                  0          1          2    
      0      -0.140642  -0.174584   0.297197
A(iso)  -0.006010
 Nucleus: 37 H  
 Isotope: 1 
 Nuclear Spin:  0.5 
 Prefactor (MHz): 533.551395 
 Raw A tensor (MHz): 
                  0          1          2    
      0      -0.055112   0.099987   0.000274
      1       0.099736   0.175580   0.000876
      2       0.000274   0.000877  -0.139170
 A Tensor eigenvectors:
                   0          1          2    
      0       0.936917  -0.000077   0.349553
      1      -0.349551   0.002808   0.936913
      2      -0.001054  -0.999996   0.002604
 A Eigenvalues: 
                  0          1          2    
      0      -0.092334  -0.139172   0.212805
A(iso)  -0.006234
 Nucleus: 44 H  
 Isotope: 1 
 Nuclear Spin:  0.5 
 Prefactor (MHz): 533.551395 
 Raw A tensor (MHz): 
                  0          1          2    
      0      -0.964717  -0.152527   0.000220
      1      -0.152541  -4.787729  -0.003577
      2       0.000220  -0.003577  -3.079411
 A Tensor eigenvectors:
                   0          1          2    
      0       0.999208   0.000253   0.039802
      1      -0.039802   0.002071   0.999205
      2       0.000171  -0.999998   0.002080
 A Eigenvalues: 
                  0          1          2    
      0      -0.958641  -3.079403  -4.793813
A(iso)  -2.943952
 Nucleus: 45 H  
 Isotope: 1 
 Nuclear Spin:  0.5 
 Prefactor (MHz): 533.551395 
 Raw A tensor (MHz): 
                  0          1          2    
      0       1.637524  -0.331087  -0.000387
      1      -0.331031   1.066678   0.000632
      2      -0.000386   0.000633   0.710027
 A Tensor eigenvectors:
                   0          1          2    
      0      -0.000322   0.416567  -0.909105
      1      -0.002070   0.909103   0.416567
      2       0.999998   0.002016   0.000570
