-------------------------------------------------------------
----------------------- !PROPERTIES! ------------------------
-------------------------------------------------------------
# -----------------------------------------------------------
$ PAL_Flags
   description: The PAL Flags
   geom. index: 1
   prop. index: 1
        Diskflag:     2
# -----------------------------------------------------------
$ SCF_Energy
   description: The SCF energy
   geom. index: 1
   prop. index: 1
        SCF Energy:     -928.8442733648
# -----------------------------------------------------------
$ DFT_Energy
   description: The DFT energy
   geom. index: 1
   prop. index: 1
   Number of Alpha Electrons                 85.0001982488 
   Number of Beta  Electrons                 84.0001997884 
   Total number of  Electrons               169.0003980372 
   Exchange energy                         -105.6157993273 
   Correlation energy                        -6.5719333024 
   Correlation energy NL                      0.0000000000 
   Exchange-Correlation energy             -112.1877326297 
   Embedding correction                       0.0000000000 
   Total DFT Energy (No VdW correction)    -928.8442733648 
# -----------------------------------------------------------
$ Mayer_Pop
   description: The Mayer population analysis
   geom. index: 1
   prop. index: 1
     Number of atoms                     : 49
     Threshold for printing              : 0.1000000
     Number of bond orders printed       : 51
  NA   - Mulliken gross atomic population
  ZA   - Total nuclear charge
  QA   - Mulliken gross atomic charge
  VA   - Mayer's total valence
  BVA  - Mayer's bonded valence
  FA   - Mayer's free valence
  ATOM       NA         ZA         QA         VA         BVA        FA
  0   0     6.2752     6.0000    -0.2752     3.1203     3.0193     0.1010
  1   0     6.1012     6.0000    -0.1012     4.1751     4.0993     0.0758
  2   0     5.7086     6.0000     0.2914     2.5014     2.4986     0.0028
  3   0     5.9197     6.0000     0.0803     3.6847     3.6829     0.0018
  4   0     6.0569     6.0000    -0.0569     4.1395     4.1243     0.0152
  5   0     5.9840     6.0000     0.0160     3.8826     3.8783     0.0043
  6   0     6.1674     6.0000    -0.1674     3.8121     3.7821     0.0300
  7   0     6.0639     6.0000    -0.0639     4.1193     4.1162     0.0031
  8   0     5.9522     6.0000     0.0478     3.8937     3.8826     0.0111
  9   0     1.0465     1.0000    -0.0465     1.0054     1.0054     0.0000
 10   0     1.0328     1.0000    -0.0328     1.0089     1.0089     0.0000
 11   0     5.9414     6.0000     0.0586     4.0194     4.0193     0.0001
 12   0     0.9558     1.0000     0.0442     0.9753     0.9752     0.0001
 13   0     0.9559     1.0000     0.0441     0.9752     0.9751     0.0001
 14   0     6.0404     6.0000    -0.0404     4.1105     4.1105     0.0000
 15   0     0.9854     1.0000     0.0146     0.9620     0.9620     0.0000
 16   0     0.9855     1.0000     0.0145     0.9620     0.9620     0.0000
 17   0     6.0244     6.0000    -0.0244     4.1183     4.1183     0.0000
 18   0     0.9887     1.0000     0.0113     0.9680     0.9680     0.0000
 19   0     0.9887     1.0000     0.0113     0.9680     0.9680     0.0000
 20   0     5.9978     6.0000     0.0022     4.0166     4.0166     0.0000
 21   0     0.9839     1.0000     0.0161     0.9770     0.9770     0.0000
 22   0     0.9839     1.0000     0.0161     0.9770     0.9770     0.0000
 23   0     5.9619     6.0000     0.0381     4.0279     4.0279     0.0000
 24   0     0.9663     1.0000     0.0337     0.9689     0.9689     0.0000
 25   0     0.9663     1.0000     0.0337     0.9689     0.9689     0.0000
 26   0     6.0362     6.0000    -0.0362     4.1152     4.1152     0.0000
 27   0     0.9781     1.0000     0.0219     0.9635     0.9635     0.0000
 28   0     0.9782     1.0000     0.0218     0.9635     0.9635     0.0000
 29   0     6.0274     6.0000    -0.0274     4.1191     4.1191     0.0000
 30   0     0.9944     1.0000     0.0056     0.9669     0.9669     0.0000
 31   0     0.9944     1.0000     0.0056     0.9669     0.9669     0.0000
 32   0     5.9968     6.0000     0.0032     4.0173     4.0173     0.0000
 33   0     0.9793     1.0000     0.0207     0.9777     0.9777     0.0000
 34   0     0.9793     1.0000     0.0207     0.9777     0.9777     0.0000
 35   0     5.8383     6.0000     0.1617     2.6305     2.6170     0.0135
 36   0     0.9841     1.0000     0.0159     0.9740     0.9740     0.0000
 37   0     0.9859     1.0000     0.0141     0.9738     0.9738     0.0000
 38   0     6.2651     6.0000    -0.2651     3.9233     3.9228     0.0005
 39   0     5.9632     6.0000     0.0368     3.9939     3.9927     0.0012
 40   0     5.9581     6.0000     0.0419     4.0010     4.0007     0.0003
 41   0     5.9610     6.0000     0.0390     4.0010     3.9994     0.0016
 42   0     5.9582     6.0000     0.0418     4.0006     4.0003     0.0003
 43   0     5.9661     6.0000     0.0339     3.9933     3.9921     0.0012
 44   0     1.0182     1.0000    -0.0182     0.9699     0.9699     0.0000
 45   0     1.0195     1.0000    -0.0195     0.9699     0.9699     0.0000
 46   0     1.0325     1.0000    -0.0325     0.9842     0.9842     0.0000
 47   0     1.0320     1.0000    -0.0320     0.9840     0.9840     0.0000
 48   0     1.0194     1.0000    -0.0194     0.9699     0.9699     0.0000
      Bond orders larger than 0.1000000
           Atom A     A.N. of A          Atom B    A.N. of B              Bond order
                0             6               1            6                2.897439
                1             6               3            6                1.056331
                2             6               6            6                0.923641
                2             6              35            6                1.680188
                2             6              38            6               -0.184046
                3             6               4            6                1.277330
                3             6               8            6                1.276025
                4             6               5            6                1.484553
                4             6              11            6                1.101365
                5             6               6            6                1.330023
                5             6               9            1                0.923812
                6             6               7            6                1.330506
                7             6               8            6                1.494100
                7             6              23            6                1.093737
                8             6              10            1                0.924643
               11             6              12            1                0.892564
               11             6              13            1                0.892494
               11             6              14            6                1.100913
               14             6              15            1                0.928544
               14             6              16            1                0.928535
               14             6              17            6                1.075260
               17             6              18            1                0.941378
               17             6              19            1                0.941379
               17             6              20            6                1.105606
               20             6              21            1                0.966089
               20             6              22            1                0.966087
               20             6              36            1                0.961908
               23             6              24            1                0.896616
               23             6              25            1                0.896651
               23             6              26            6                1.104528
               26             6              27            1                0.929947
               26             6              28            1                0.929949
               26             6              29            6                1.073977
               29             6              30            1                0.941073
               29             6              31            1                0.941073
               29             6              32            6                1.106622
               32             6              33            1                0.966233
               32             6              34            1                0.966238
               32             6              37            1                0.961300
               35             6              38            6                0.952517
               38             6              39            6                1.428771
               38             6              43            6                1.426888
               39             6              40            6                1.474818
               39             6              46            1                0.941671
               40             6              41            6                1.440970
               40             6              48            1                0.938706
               41             6              42            6                1.440351
               41             6              44            1                0.943964
               42             6              43            6                1.474985
               42             6              45            1                0.938711
               43             6              47            1                0.941963
# -----------------------------------------------------------
$ Calculation_Info
   description: Details of the calculation
   geom. index: 1
   prop. index: 1
     Multiplicity:                          2
     Charge:                                0
     number of atoms:                       49
     number of electrons:                   0
     number of frozen core electrons:       1
     number of correlated electrons:        0
     number of basis functions:             461
     number of aux C basis functions:       3164
     number of aux J basis functions:       3164
     number of aux JK basis functions:      3164
     number of aux CABS basis functions:    0
     Total Energy                           -928.844273
# -----------------------------------------------------------
$ SCF_Electric_Properties
   description: The SCF Calculated Electric Properties
   geom. index: 1
   prop. index: 1
       Filename                          : cc-pVDZ.scfp 
       Do Dipole Moment Calculation      : true 
       Do Quadrupole Moment Calculation  : false 
       Do Polarizability Calculation     : false 
** Dipole moment part of electric properties **
        Magnitude of dipole moment (Debye) :        9.5103933009
        Electronic Contribution:
                  0    
      0       8.913787
      1      -0.213304
      2       0.001844
        Nuclear Contribution:
                  0    
      0      -5.173536
      1       0.113089
      2       0.005387
        Total Dipole moment:
                  0    
      0       3.740251
      1      -0.100215
      2       0.007231
# -----------------------------------------------------------
$ EPRNMR_GTensor
   description: Electronic g tensor
   geom. index: 1
   prop. index: 1
 Source density: 1 SCF 
 Spin multiplicity: 2 
 raw g tensor: 
                  0          1          2    
      0       2.006968  -0.000075   0.000026
      1      -0.000199   2.003527   0.000002
      2       0.000031   0.000002   2.002211
 g tensor: 
                  0          1          2    
      0      -0.006000   0.039739  -0.999192
      1      -0.002142   0.999207   0.039753
      2       0.999980   0.002379  -0.005910
 G eigenvalues: 
                  0          1          2    
      0       2.002211   2.003522   2.006973
# -----------------------------------------------------------
$ EPRNMR_OrbitalShielding
   description: Orbital contribution to the NMR Shielding tensor (ppm)
   geom. index: 1
   prop. index: 1
 Number of stored nuclei 25
 Source density: 1 SCF 
 Nucleus: 9 H 
 Shielding tensor (ppm): 
                  0          1          2    
      0      27.370882   6.815419   0.023580
      1       5.921968  25.919225   0.021899
      2       0.014088   0.031843  18.852717
 P Tensor eigenvectors:
                   0          1          2    
      0       0.001856  -0.672100  -0.740458
      1      -0.005401   0.740441  -0.672099
      2       0.999984   0.005247  -0.002256
 P Eigenvalues: 
                  0          1          2    
      0      18.852604  20.236074  33.054145
P(iso)  24.047608
 Nucleus: 10 H 
 Shielding tensor (ppm): 
                  0          1          2    
      0      29.902231   1.243079   0.016176
      1       3.992900  25.518901   0.016678
      2       0.035752  -0.009291  19.497033
 P Tensor eigenvectors:
                   0          1          2    
      0      -0.002423   0.400543   0.916275
      1       0.000266  -0.916277   0.400544
      2       0.999997   0.001214   0.002114
 P Eigenvalues: 
                  0          1          2    
      0      19.496968  24.300500  31.120699
P(iso)  24.972722
 Nucleus: 12 H 
 Shielding tensor (ppm): 
                  0          1          2    
      0      30.517195   1.152008   4.195257
      1       0.076273  29.772089  -0.927236
      2       5.352800   0.694611  26.017127
 P Tensor eigenvectors:
                   0          1          2    
      0      -0.529342   0.075954   0.845002
      1       0.071429  -0.988459   0.133595
      2       0.845396   0.131075   0.517807
 P Eigenvalues: 
                  0          1          2    
      0      22.963937  29.744856  33.597619
P(iso)  28.768804
 Nucleus: 13 H 
 Shielding tensor (ppm): 
                  0          1          2    
      0      30.519196   1.184551  -4.168233
      1       0.099402  29.774711   0.946200
      2      -5.317197  -0.642942  26.003176
 P Tensor eigenvectors:
                   0          1          2    
      0       0.527843   0.074989   0.846025
      1      -0.077640  -0.987664   0.135984
      2       0.845786  -0.137464  -0.515509
 P Eigenvalues: 
                  0          1          2    
      0      22.976928  29.751486  33.568670
P(iso)  28.765695
 Nucleus: 15 H 
 Shielding tensor (ppm): 
                  0          1          2    
      0      30.179254   1.589780  -3.463298
      1       1.076214  31.115370   0.164619
      2      -3.564141   1.524837  28.121415
 P Tensor eigenvectors:
                   0          1          2    
      0       0.596457  -0.134491  -0.791298
      1      -0.228607   0.916564  -0.328098
      2       0.769401   0.376593   0.515945
 P Eigenvalues: 
                  0          1          2    
      0      25.124308  31.284272  33.007458
P(iso)  29.805346
 Nucleus: 16 H 
 Shielding tensor (ppm): 
                  0          1          2    
      0      30.166001   1.573890   3.477200
      1       1.056416  31.124069  -0.148584
      2       3.571387  -1.497090  28.122785
 P Tensor eigenvectors:
                   0          1          2    
      0      -0.597856  -0.134733  -0.790199
      1       0.224091   0.918379  -0.326133
      2       0.769644  -0.372057  -0.518866
 P Eigenvalues: 
                  0          1          2    
      0      25.124277  31.281400  33.007177
P(iso)  29.804285
 Nucleus: 18 H 
 Shielding tensor (ppm): 
                  0          1          2    
      0      31.054574   0.404547  -4.653490
      1       0.337335  30.092632  -0.329605
      2      -4.439880  -1.095416  28.375471
 P Tensor eigenvectors:
                   0          1          2    
      0       0.594906  -0.168945  -0.785840
      1       0.063167   0.984465  -0.163828
      2       0.801309   0.047823   0.596336
 P Eigenvalues: 
                  0          1          2    
      0      24.951398  29.999150  34.572129
P(iso)  29.840892
 Nucleus: 19 H 
 Shielding tensor (ppm): 
                  0          1          2    
      0      31.037045   0.377207   4.664929
      1       0.314765  30.084034   0.337969
      2       4.452585   1.109094  28.401266
 P Tensor eigenvectors:
                   0          1          2    
      0      -0.596575  -0.168922  -0.784578
      1      -0.067429   0.984691  -0.160736
      2       0.799720  -0.042988  -0.598833
 P Eigenvalues: 
                  0          1          2    
      0      24.946899  29.997972  34.577474
P(iso)  29.840782
 Nucleus: 21 H 
 Shielding tensor (ppm): 
                  0          1          2    
      0      29.972186  -1.351265   3.821707
      1      -2.283337  30.438955  -2.291229
      2       3.232475  -1.991885  30.526078
 P Tensor eigenvectors:
                   0          1          2    
      0      -0.724987   0.361802   0.586083
      1       0.040604   0.871892  -0.488011
      2       0.687564   0.330005   0.646802
 P Eigenvalues: 
                  0          1          2    
      0      26.705886  28.850668  35.380664
P(iso)  30.312406
 Nucleus: 22 H 
 Shielding tensor (ppm): 
                  0          1          2    
      0      29.988807  -1.335817  -3.829672
      1      -2.271248  30.417646   2.284357
      2      -3.245145   1.989873  30.531513
 P Tensor eigenvectors:
                   0          1          2    
      0      -0.723299   0.362793  -0.587554
      1       0.044380   0.873532   0.484740
      2      -0.689108  -0.324536   0.647925
 P Eigenvalues: 
                  0          1          2    
      0      26.706130  28.851349  35.380488
P(iso)  30.312655
 Nucleus: 24 H 
 Shielding tensor (ppm): 
                  0          1          2    
      0      28.552167  -2.156048   3.134918
      1      -1.585450  31.166812  -0.211893
      2       4.471136   0.955770  25.917231
 P Tensor eigenvectors:
                   0          1          2    
      0      -0.584095   0.521626  -0.621883
      1      -0.159164   0.677683   0.717922
      2       0.795927   0.518317  -0.312807
 P Eigenvalues: 
                  0          1          2    
      0      22.971068  30.040184  32.624958
P(iso)  28.545403
 Nucleus: 25 H 
 Shielding tensor (ppm): 
                  0          1          2    
      0      28.563893  -2.140389  -3.141666
      1      -1.565118  31.168256   0.235158
      2      -4.483697  -0.935913  25.902262
 P Tensor eigenvectors:
                   0          1          2    
      0       0.582950   0.521555  -0.623017
      1       0.155427   0.681040   0.715560
      2       0.797504  -0.513969   0.315949
 P Eigenvalues: 
                  0          1          2    
      0      22.966310  30.041901  32.626200
P(iso)  28.544804
 Nucleus: 27 H 
 Shielding tensor (ppm): 
                  0          1          2    
      0      30.159120  -0.395634   4.067547
      1       0.197930  31.067341  -0.156386
      2       3.855048  -1.494909  27.958459
 P Tensor eigenvectors:
                   0          1          2    
      0      -0.598289  -0.263439   0.756737
      1       0.090572  -0.960590  -0.262798
      2       0.796145  -0.088690   0.598571
 P Eigenvalues: 
                  0          1          2    
      0      24.889600  30.974250  33.321069
P(iso)  29.728307
 Nucleus: 28 H 
 Shielding tensor (ppm): 
                  0          1          2    
      0      30.172630  -0.376921  -4.063073
      1       0.219038  31.059684   0.171504
      2      -3.850923   1.498958  27.949893
 P Tensor eigenvectors:
                   0          1          2    
      0       0.596835  -0.262057   0.758363
      1      -0.094027  -0.961492  -0.258249
      2       0.796836   0.082826  -0.598492
 P Eigenvalues: 
                  0          1          2    
      0      24.889122  30.976397  33.316689
P(iso)  29.727403
 Nucleus: 30 H 
 Shielding tensor (ppm): 
                  0          1          2    
      0      30.561492  -0.493861   4.445311
      1      -0.210453  30.681073   0.495984
      2       4.212016   1.256595  28.189624
 P Tensor eigenvectors:
                   0          1          2    
      0      -0.598223  -0.153553  -0.786480
      1      -0.144920   0.986016  -0.082280
      2       0.788116   0.064755  -0.612111
 P Eigenvalues: 
                  0          1          2    
      0      24.747878  30.800262  33.884048
P(iso)  29.810729
 Nucleus: 31 H 
 Shielding tensor (ppm): 
                  0          1          2    
      0      30.580465  -0.470046  -4.442744
      1      -0.189417  30.690748  -0.483405
      2      -4.210565  -1.246291  28.161502
 P Tensor eigenvectors:
                   0          1          2    
      0       0.596495  -0.153301  -0.787841
      1       0.141045   0.986336  -0.085136
      2       0.790127  -0.060338   0.609966
 P Eigenvalues: 
                  0          1          2    
      0      24.745894  30.801562  33.885260
P(iso)  29.810905
 Nucleus: 33 H 
 Shielding tensor (ppm): 
                  0          1          2    
      0      29.941176  -1.992533  -3.970718
      1      -2.650383  30.363759   2.273719
      2      -3.373767   1.976116  30.451914
 P Tensor eigenvectors:
                   0          1          2    
      0      -0.758007   0.260293  -0.598057
      1      -0.100471   0.859380   0.501370
      2      -0.644461  -0.440130   0.625264
 P Eigenvalues: 
                  0          1          2    
      0      26.491320  28.547581  35.717948
P(iso)  30.252283
 Nucleus: 34 H 
 Shielding tensor (ppm): 
                  0          1          2    
      0      29.921983  -2.008038   3.959396
      1      -2.662422  30.384350  -2.281290
      2       3.358657  -1.985334  30.449895
 P Tensor eigenvectors:
                   0          1          2    
      0       0.759700  -0.259254   0.596359
      1       0.103611  -0.857113  -0.504601
      2      -0.641967  -0.445135   0.624287
 P Eigenvalues: 
                  0          1          2    
      0      26.491648  28.545115  35.719464
P(iso)  30.252076
 Nucleus: 36 H 
 Shielding tensor (ppm): 
                  0          1          2    
      0      28.706051   2.233795   0.010187
      1       3.416601  35.873858   0.030437
      2       0.013561   0.030435  25.589675
 P Tensor eigenvectors:
                   0          1          2    
      0      -0.001495   0.941769   0.336257
      1      -0.002534  -0.336259   0.941766
      2       0.999996   0.000555   0.002889
 P Eigenvalues: 
                  0          1          2    
      0      25.589580  27.727157  36.852847
P(iso)  30.056528
 Nucleus: 37 H 
 Shielding tensor (ppm): 
                  0          1          2    
      0      28.591734   1.761130   0.008748
      1       3.114601  36.077569   0.031465
      2       0.012087   0.029203  25.532003
 P Tensor eigenvectors:
                   0          1          2    
      0      -0.001366   0.955596   0.294676
      1      -0.002564  -0.294678   0.955593
      2       0.999996   0.000550   0.002853
 P Eigenvalues: 
                  0          1          2    
      0      25.531911  27.868795  36.800601
P(iso)  30.067102
 Nucleus: 44 H 
 Shielding tensor (ppm): 
                  0          1          2    
      0      23.897056   0.081105   0.000949
      1       0.078635  27.137831   0.013124
      2       0.000859   0.012958  21.113486
 P Tensor eigenvectors:
                   0          1          2    
      0      -0.000264  -0.999697  -0.024599
      1      -0.002163   0.024600  -0.999695
      2       0.999998  -0.000210  -0.002169
 P Eigenvalues: 
                  0          1          2    
      0      21.113457  23.895089  27.139826
P(iso)  24.049458
 Nucleus: 45 H 
 Shielding tensor (ppm): 
                  0          1          2    
      0      26.983986  -1.528456  -0.001516
      1      -1.499629  24.448317   0.008001
      2      -0.002155   0.007243  20.770464
 P Tensor eigenvectors:
                   0          1          2    
      0      -0.000241   0.423330  -0.905975
      1      -0.002177   0.905973   0.423330
      2       0.999998   0.002074   0.000704
 P Eigenvalues: 
                  0          1          2    
      0      20.770448  23.741391  27.690928
P(iso)  24.067589
 Nucleus: 46 H 
 Shielding tensor (ppm): 
                  0          1          2    
      0      26.903516  -3.074546  -0.004216
      1      -2.531843  24.709375   0.009363
      2      -0.005309   0.010089  19.948837
 P Tensor eigenvectors:
                   0          1          2    
      0      -0.000204   0.568052  -0.822992
      1      -0.002140   0.822990   0.568051
      2       0.999998   0.001878   0.001048
 P Eigenvalues: 
                  0          1          2    
      0      19.948817  22.796395  28.816516
P(iso)  23.853909
 Nucleus: 47 H 
 Shielding tensor (ppm): 
                  0          1          2    
      0      27.844395   2.444335   0.007273
      1       1.945888  24.005579   0.011028
      2       0.003702   0.009808  19.669528
 P Tensor eigenvectors:
                   0          1          2    
      0      -0.000054  -0.417745  -0.908564
      1      -0.002402   0.908562  -0.417743
      2       0.999997   0.002160  -0.001052
 P Eigenvalues: 
                  0          1          2    
      0      19.669503  23.009208  28.840791
P(iso)  23.839834
 Nucleus: 48 H 
 Shielding tensor (ppm): 
                  0          1          2    
      0      27.047753   1.215049   0.004514
      1       1.193500  24.304357   0.007630
      2       0.003383   0.008538  20.823005
 P Tensor eigenvectors:
                   0          1          2    
      0      -0.000210  -0.352705  -0.935735
      1      -0.002243   0.935732  -0.352704
      2       0.999997   0.002025  -0.000988
 P Eigenvalues: 
                  0          1          2    
      0      20.822986  23.850737  27.501392
P(iso)  24.058372
# -----------------------------------------------------------
$ EPRNMR_ATensor
   description: Hyperfine A tensor
   geom. index: 1
   prop. index: 1
 Number of stored nuclei 25
 Source density: 1 SCF 
 Spin multiplicity: 2 
 Nucleus: 9 H  
 Isotope: 1 
 Nuclear Spin:  0.5 
 Prefactor (MHz): 533.551395 
 Raw A tensor (MHz): 
                  0          1          2    
      0       5.363150   1.472899   0.004937
      1       1.475028   4.367055   0.004450
      2       0.004953   0.004435   2.454361
 A Tensor eigenvectors:
                   0          1          2    
      0      -0.000850  -0.582958  -0.812502
      1      -0.001673   0.812502  -0.582956
      2       0.999998   0.000863  -0.001666
 A Eigenvalues: 
                  0          1          2    
      0       2.454350   3.309269   6.420948
A(iso)  4.061522
 Nucleus: 10 H  
 Isotope: 1 
 Nuclear Spin:  0.5 
 Prefactor (MHz): 533.551395 
 Raw A tensor (MHz): 
                  0          1          2    
      0      -9.856336  -2.134965  -0.004435
      1      -2.145615  -4.147771   0.009798
      2      -0.004486   0.009858  -9.845270
 A Tensor eigenvectors:
                   0          1          2    
      0       0.315616  -0.000940  -0.948887
      1      -0.948886  -0.002072  -0.315613
      2      -0.001669   0.999997  -0.001546
 A Eigenvalues: 
                  0          1          2    
      0      -3.434438  -9.845286 -10.569653
A(iso)  -7.949792
 Nucleus: 12 H  
 Isotope: 1 
 Nuclear Spin:  0.5 
 Prefactor (MHz): 533.551395 
 Raw A tensor (MHz): 
                  0          1          2    
      0      11.948513  -0.669628   0.029670
      1      -0.663838  14.577349   1.258673
      2       0.031360   1.257905  10.700958
 A Tensor eigenvectors:
                   0          1          2    
      0      -0.138378   0.970181  -0.198998
      1      -0.299311   0.150568   0.942201
      2       0.944068   0.189942   0.269550
 A Eigenvalues: 
                  0          1          2    
      0      10.297810  11.851530  15.077481
A(iso)  12.408940
 Nucleus: 13 H  
 Isotope: 1 
 Nuclear Spin:  0.5 
 Prefactor (MHz): 533.551395 
 Raw A tensor (MHz): 
                  0          1          2    
      0      11.954719  -0.668486  -0.031985
      1      -0.662662  14.590713  -1.240728
      2      -0.033678  -1.240030  10.691892
 A Tensor eigenvectors:
                   0          1          2    
      0       0.137446   0.970305  -0.199039
      1       0.294883   0.151751   0.943407
      2       0.945597  -0.188361  -0.265269
 A Eigenvalues: 
                  0          1          2    
      0      10.300553  11.857523  15.079248
A(iso)  12.412442
 Nucleus: 15 H  
 Isotope: 1 
 Nuclear Spin:  0.5 
 Prefactor (MHz): 533.551395 
 Raw A tensor (MHz): 
                  0          1          2    
      0      -0.397966  -0.652145  -0.120286
      1      -0.650222   0.470883   0.323490
      2      -0.119760   0.323171  -0.864962
 A Tensor eigenvectors:
                   0          1          2    
      0       0.881467   0.458405   0.113493
      1       0.416498  -0.867903   0.270691
      2       0.222587  -0.191335  -0.955953
 A Eigenvalues: 
                  0          1          2    
      0      -0.735668   0.885990  -0.942367
A(iso)  -0.264015
 Nucleus: 16 H  
 Isotope: 1 
 Nuclear Spin:  0.5 
 Prefactor (MHz): 533.551395 
 Raw A tensor (MHz): 
                  0          1          2    
      0      -0.397861  -0.652276   0.117351
      1      -0.650347   0.474253  -0.317913
      2       0.116841  -0.317615  -0.867276
 A Tensor eigenvectors:
                   0          1          2    
      0      -0.881563   0.458145   0.113798
      1      -0.417100  -0.868838   0.266735
      2       0.221075   0.187679   0.957028
 A Eigenvalues: 
                  0          1          2    
      0      -0.735094   0.886228  -0.942018
A(iso)  -0.263628
 Nucleus: 18 H  
 Isotope: 1 
 Nuclear Spin:  0.5 
 Prefactor (MHz): 533.551395 
 Raw A tensor (MHz): 
                  0          1          2    
      0      -0.289055  -0.060730  -0.000264
      1      -0.059800   0.840753  -0.193337
      2      -0.000394  -0.193191  -0.355962
 A Tensor eigenvectors:
                   0          1          2    
      0       0.993541   0.101125   0.051469
      1       0.034863   0.159599  -0.986566
      2      -0.107981   0.981989   0.155043
 A Eigenvalues: 
                  0          1          2    
      0      -0.291111  -0.387384   0.874232
A(iso)  0.065245
 Nucleus: 19 H  
 Isotope: 1 
 Nuclear Spin:  0.5 
 Prefactor (MHz): 533.551395 
 Raw A tensor (MHz): 
                  0          1          2    
      0      -0.289008  -0.060853  -0.000312
      1      -0.059929   0.838486   0.199721
      2      -0.000179   0.199567  -0.353664
 A Tensor eigenvectors:
                   0          1          2    
      0       0.993747   0.099013  -0.051614
      1       0.034773   0.164838   0.985707
      2       0.106106  -0.981338   0.160365
 A Eigenvalues: 
                  0          1          2    
      0      -0.291125  -0.387151   0.874090
A(iso)  0.065271
 Nucleus: 21 H  
 Isotope: 1 
 Nuclear Spin:  0.5 
 Prefactor (MHz): 533.551395 
 Raw A tensor (MHz): 
                  0          1          2    
      0      -0.076531  -0.126143   0.015864
      1      -0.125605   0.338081  -0.068679
      2       0.015807  -0.068642  -0.167828
 A Tensor eigenvectors:
                   0          1          2    
      0       0.963618   0.013546   0.266941
      1       0.262738   0.135416  -0.955317
      2      -0.049089   0.990696   0.126930
 A Eigenvalues: 
                  0          1          2    
      0      -0.111594  -0.176993   0.382309
A(iso)  0.031241
 Nucleus: 22 H  
 Isotope: 1 
 Nuclear Spin:  0.5 
 Prefactor (MHz): 533.551395 
 Raw A tensor (MHz): 
                  0          1          2    
      0      -0.076456  -0.126147  -0.016476
      1      -0.125610   0.337391   0.070997
      2      -0.016417   0.070956  -0.167167
 A Tensor eigenvectors:
                   0          1          2    
      0       0.963567   0.013260  -0.267139
      1       0.262746   0.139912   0.954667
      2       0.050035  -0.990075   0.131330
 A Eigenvalues: 
                  0          1          2    
      0      -0.111571  -0.176973   0.382312
A(iso)  0.031256
 Nucleus: 24 H  
 Isotope: 1 
 Nuclear Spin:  0.5 
 Prefactor (MHz): 533.551395 
 Raw A tensor (MHz): 
                  0          1          2    
      0      -3.779191   0.361522   0.063699
      1       0.361045  -3.404618   0.363778
      2       0.063668   0.363457  -4.603728
 A Tensor eigenvectors:
                   0          1          2    
      0       0.476699   0.878004  -0.043208
      1       0.849413  -0.447403   0.279872
      2       0.226398  -0.170116  -0.959065
 A Eigenvalues: 
                  0          1          2    
      0      -3.105023  -3.975588  -4.706925
A(iso)  -3.929179
 Nucleus: 25 H  
 Isotope: 1 
 Nuclear Spin:  0.5 
 Prefactor (MHz): 533.551395 
 Raw A tensor (MHz): 
                  0          1          2    
      0      -3.775790   0.361274  -0.061455
      1       0.360798  -3.397124  -0.356399
      2      -0.061411  -0.356071  -4.605455
 A Tensor eigenvectors:
                   0          1          2    
      0       0.476506   0.878121   0.042956
      1       0.850888  -0.448333  -0.273838
      2      -0.221205   0.167036  -0.960816
 A Eigenvalues: 
                  0          1          2    
      0      -3.102410  -3.971765  -4.704193
A(iso)  -3.926123
 Nucleus: 27 H  
 Isotope: 1 
 Nuclear Spin:  0.5 
 Prefactor (MHz): 533.551395 
 Raw A tensor (MHz): 
                  0          1          2    
      0       0.260883   0.589807  -0.111097
      1       0.587489   1.072727  -0.275624
      2      -0.110582  -0.275435  -0.171622
 A Tensor eigenvectors:
                   0          1          2    
      0       0.888939  -0.057214  -0.454437
      1      -0.431018   0.231162  -0.872232
      2       0.154952   0.971232   0.180829
 A Eigenvalues: 
                  0          1          2    
      0      -0.043491  -0.230685   1.436163
A(iso)  0.387329
 Nucleus: 28 H  
 Isotope: 1 
 Nuclear Spin:  0.5 
 Prefactor (MHz): 533.551395 
 Raw A tensor (MHz): 
                  0          1          2    
      0       0.261375   0.589185   0.114242
      1       0.586866   1.070954   0.282651
      2       0.113724   0.282485  -0.167862
 A Tensor eigenvectors:
                   0          1          2    
      0       0.889020  -0.057690   0.454220
      1      -0.429821   0.236722   0.871330
      2      -0.157791  -0.969863   0.185654
 A Eigenvalues: 
                  0          1          2    
      0      -0.042788  -0.230068   1.437322
A(iso)  0.388155
 Nucleus: 30 H  
 Isotope: 1 
 Nuclear Spin:  0.5 
 Prefactor (MHz): 533.551395 
 Raw A tensor (MHz): 
                  0          1          2    
      0      -0.046580   0.185035   0.025405
      1       0.184445   0.160504   0.082139
      2       0.025277   0.082082  -0.294788
 A Tensor eigenvectors:
                   0          1          2    
      0      -0.868191   0.494931  -0.035889
      1       0.480846   0.856940   0.185584
      2       0.122606   0.143865  -0.981973
 A Eigenvalues: 
                  0          1          2    
      0      -0.152390   0.280915  -0.309390
A(iso)  -0.060288
 Nucleus: 31 H  
 Isotope: 1 
 Nuclear Spin:  0.5 
 Prefactor (MHz): 533.551395 
 Raw A tensor (MHz): 
                  0          1          2    
      0      -0.046368   0.185183  -0.024241
      1       0.184593   0.161601  -0.079357
      2      -0.024113  -0.079294  -0.295623
 A Tensor eigenvectors:
                   0          1          2    
      0       0.868139   0.495009  -0.036068
      1      -0.481627   0.857761   0.179669
      2       0.119875  -0.138607   0.983066
 A Eigenvalues: 
                  0          1          2    
      0      -0.152191   0.281044  -0.309243
A(iso)  -0.060130
 Nucleus: 33 H  
 Isotope: 1 
 Nuclear Spin:  0.5 
 Prefactor (MHz): 533.551395 
 Raw A tensor (MHz): 
                  0          1          2    
      0      -0.108264   0.125952   0.017353
      1       0.125403   0.276369   0.065752
      2       0.017283   0.065713  -0.197330
 A Tensor eigenvectors:
                   0          1          2    
      0       0.959149   0.002951   0.282887
      1      -0.280708   0.134225   0.950361
      2      -0.035166  -0.990947   0.129570
 A Eigenvalues: 
                  0          1          2    
      0      -0.145611  -0.206282   0.322669
A(iso)  -0.009742
 Nucleus: 34 H  
 Isotope: 1 
 Nuclear Spin:  0.5 
 Prefactor (MHz): 533.551395 
 Raw A tensor (MHz): 
                  0          1          2    
      0      -0.108186   0.126071  -0.016735
      1       0.125523   0.276893  -0.063281
      2      -0.016666  -0.063238  -0.197952
 A Tensor eigenvectors:
                   0          1          2    
      0       0.959093   0.003365  -0.283071
      1      -0.281124   0.129006  -0.950961
      2       0.033318   0.991638   0.124675
 A Eigenvalues: 
                  0          1          2    
      0      -0.145571  -0.206236   0.322562
A(iso)  -0.009748
 Nucleus: 36 H  
 Isotope: 1 
 Nuclear Spin:  0.5 
 Prefactor (MHz): 533.551395 
 Raw A tensor (MHz): 
                  0          1          2    
      0      -0.135781  -0.045922  -0.000139
      1      -0.045656   0.292300   0.001199
      2      -0.000139   0.001199  -0.174553
 A Tensor eigenvectors:
                   0          1          2    
      0       0.994422  -0.000627  -0.105476
      1       0.105477   0.002507   0.994419
      2      -0.000359  -0.999997   0.002559
 A Eigenvalues: 
                  0          1          2    
      0      -0.140624  -0.174556   0.297146
A(iso)  -0.006011
 Nucleus: 37 H  
 Isotope: 1 
 Nuclear Spin:  0.5 
 Prefactor (MHz): 533.551395 
 Raw A tensor (MHz): 
                  0          1          2    
      0      -0.055051   0.100000   0.000278
      1       0.099749   0.175544   0.000882
      2       0.000278   0.000883  -0.139164
 A Tensor eigenvectors:
                   0          1          2    
      0       0.936869  -0.000038   0.349680
      1      -0.349679   0.002816   0.936865
      2      -0.001020  -0.999996   0.002625
 A Eigenvalues: 
                  0          1          2    
      0      -0.092293  -0.139166   0.212789
A(iso)  -0.006223
 Nucleus: 44 H  
 Isotope: 1 
 Nuclear Spin:  0.5 
 Prefactor (MHz): 533.551395 
 Raw A tensor (MHz): 
                  0          1          2    
      0      -0.973375  -0.149714   0.000218
      1      -0.149727  -4.805057  -0.003739
      2       0.000218  -0.003739  -3.092745
 A Tensor eigenvectors:
                   0          1          2    
      0       0.999240   0.000256   0.038983
      1      -0.038984   0.002161   0.999238
      2       0.000171  -0.999998   0.002169
 A Eigenvalues: 
                  0          1          2    
      0      -0.967533  -3.092737  -4.810907
A(iso)  -2.957059
 Nucleus: 45 H  
 Isotope: 1 
 Nuclear Spin:  0.5 
 Prefactor (MHz): 533.551395 
 Raw A tensor (MHz): 
                  0          1          2    
      0       1.649470  -0.333435  -0.000404
      1      -0.333379   1.074587   0.000718
      2      -0.000403   0.000719   0.719829
 A Tensor eigenvectors:
                   0          1          2    
      0      -0.000439   0.416572  -0.909103
      1      -0.002436   0.909100   0.416572
      2       0.999997   0.002398   0.000615
 A Eigenvalues: 
