-------------------------------------------------------------
----------------------- !PROPERTIES! ------------------------
-------------------------------------------------------------
# -----------------------------------------------------------
$ PAL_Flags
   description: The PAL Flags
   geom. index: 1
   prop. index: 1
        Diskflag:     2
# -----------------------------------------------------------
$ SCF_Energy
   description: The SCF energy
   geom. index: 1
   prop. index: 1
        SCF Energy:     -928.8442752077
# -----------------------------------------------------------
$ DFT_Energy
   description: The DFT energy
   geom. index: 1
   prop. index: 1
   Number of Alpha Electrons                 85.0001982513 
   Number of Beta  Electrons                 84.0001997900 
   Total number of  Electrons               169.0003980413 
   Exchange energy                         -105.6157871664 
   Correlation energy                        -6.5719328281 
   Correlation energy NL                      0.0000000000 
   Exchange-Correlation energy             -112.1877199945 
   Embedding correction                       0.0000000000 
   Total DFT Energy (No VdW correction)    -928.8442752077 
# -----------------------------------------------------------
$ Mayer_Pop
   description: The Mayer population analysis
   geom. index: 1
   prop. index: 1
     Number of atoms                     : 49
     Threshold for printing              : 0.1000000
     Number of bond orders printed       : 51
  NA   - Mulliken gross atomic population
  ZA   - Total nuclear charge
  QA   - Mulliken gross atomic charge
  VA   - Mayer's total valence
  BVA  - Mayer's bonded valence
  FA   - Mayer's free valence
  ATOM       NA         ZA         QA         VA         BVA        FA
  0   0     6.2752     6.0000    -0.2752     3.1203     3.0193     0.1010
  1   0     6.1012     6.0000    -0.1012     4.1751     4.0993     0.0758
  2   0     5.7086     6.0000     0.2914     2.5013     2.4985     0.0028
  3   0     5.9197     6.0000     0.0803     3.6847     3.6829     0.0018
  4   0     6.0569     6.0000    -0.0569     4.1395     4.1243     0.0152
  5   0     5.9840     6.0000     0.0160     3.8826     3.8783     0.0043
  6   0     6.1674     6.0000    -0.1674     3.8121     3.7821     0.0300
  7   0     6.0639     6.0000    -0.0639     4.1193     4.1162     0.0031
  8   0     5.9522     6.0000     0.0478     3.8937     3.8826     0.0111
  9   0     1.0465     1.0000    -0.0465     1.0054     1.0054     0.0000
 10   0     1.0328     1.0000    -0.0328     1.0089     1.0089     0.0000
 11   0     5.9414     6.0000     0.0586     4.0194     4.0193     0.0001
 12   0     0.9558     1.0000     0.0442     0.9753     0.9752     0.0001
 13   0     0.9559     1.0000     0.0441     0.9752     0.9751     0.0001
 14   0     6.0404     6.0000    -0.0404     4.1105     4.1105     0.0000
 15   0     0.9854     1.0000     0.0146     0.9620     0.9620     0.0000
 16   0     0.9855     1.0000     0.0145     0.9620     0.9620     0.0000
 17   0     6.0244     6.0000    -0.0244     4.1183     4.1183     0.0000
 18   0     0.9887     1.0000     0.0113     0.9680     0.9680     0.0000
 19   0     0.9887     1.0000     0.0113     0.9680     0.9680     0.0000
 20   0     5.9978     6.0000     0.0022     4.0166     4.0166     0.0000
 21   0     0.9839     1.0000     0.0161     0.9770     0.9770     0.0000
 22   0     0.9839     1.0000     0.0161     0.9770     0.9770     0.0000
 23   0     5.9619     6.0000     0.0381     4.0279     4.0279     0.0000
 24   0     0.9663     1.0000     0.0337     0.9689     0.9689     0.0000
 25   0     0.9663     1.0000     0.0337     0.9689     0.9689     0.0000
 26   0     6.0362     6.0000    -0.0362     4.1152     4.1152     0.0000
 27   0     0.9781     1.0000     0.0219     0.9635     0.9635     0.0000
 28   0     0.9782     1.0000     0.0218     0.9635     0.9635     0.0000
 29   0     6.0274     6.0000    -0.0274     4.1191     4.1191     0.0000
 30   0     0.9944     1.0000     0.0056     0.9669     0.9669     0.0000
 31   0     0.9944     1.0000     0.0056     0.9669     0.9669     0.0000
 32   0     5.9968     6.0000     0.0032     4.0173     4.0173     0.0000
 33   0     0.9793     1.0000     0.0207     0.9777     0.9777     0.0000
 34   0     0.9793     1.0000     0.0207     0.9777     0.9777     0.0000
 35   0     5.8383     6.0000     0.1617     2.6305     2.6170     0.0135
 36   0     0.9841     1.0000     0.0159     0.9740     0.9740     0.0000
 37   0     0.9859     1.0000     0.0141     0.9738     0.9738     0.0000
 38   0     6.2651     6.0000    -0.2651     3.9233     3.9228     0.0005
 39   0     5.9632     6.0000     0.0368     3.9939     3.9927     0.0012
 40   0     5.9581     6.0000     0.0419     4.0010     4.0007     0.0003
 41   0     5.9610     6.0000     0.0390     4.0010     3.9994     0.0016
 42   0     5.9582     6.0000     0.0418     4.0006     4.0003     0.0003
 43   0     5.9661     6.0000     0.0339     3.9933     3.9921     0.0012
 44   0     1.0182     1.0000    -0.0182     0.9699     0.9699     0.0000
 45   0     1.0195     1.0000    -0.0195     0.9699     0.9699     0.0000
 46   0     1.0325     1.0000    -0.0325     0.9842     0.9842     0.0000
 47   0     1.0320     1.0000    -0.0320     0.9840     0.9840     0.0000
 48   0     1.0194     1.0000    -0.0194     0.9699     0.9699     0.0000
      Bond orders larger than 0.1000000
           Atom A     A.N. of A          Atom B    A.N. of B              Bond order
                0             6               1            6                2.897420
                1             6               3            6                1.056322
                2             6               6            6                0.923630
                2             6              35            6                1.680192
                2             6              38            6               -0.184048
                3             6               4            6                1.277335
                3             6               8            6                1.276022
                4             6               5            6                1.484552
                4             6              11            6                1.101365
                5             6               6            6                1.330014
                5             6               9            1                0.923810
                6             6               7            6                1.330529
                7             6               8            6                1.494086
                7             6              23            6                1.093736
                8             6              10            1                0.924644
               11             6              12            1                0.892564
               11             6              13            1                0.892493
               11             6              14            6                1.100914
               14             6              15            1                0.928544
               14             6              16            1                0.928535
               14             6              17            6                1.075259
               17             6              18            1                0.941378
               17             6              19            1                0.941379
               17             6              20            6                1.105605
               20             6              21            1                0.966089
               20             6              22            1                0.966087
               20             6              36            1                0.961907
               23             6              24            1                0.896615
               23             6              25            1                0.896652
               23             6              26            6                1.104529
               26             6              27            1                0.929947
               26             6              28            1                0.929949
               26             6              29            6                1.073976
               29             6              30            1                0.941073
               29             6              31            1                0.941074
               29             6              32            6                1.106622
               32             6              33            1                0.966233
               32             6              34            1                0.966238
               32             6              37            1                0.961300
               35             6              38            6                0.952516
               38             6              39            6                1.428773
               38             6              43            6                1.426889
               39             6              40            6                1.474816
               39             6              46            1                0.941669
               40             6              41            6                1.440969
               40             6              48            1                0.938706
               41             6              42            6                1.440353
               41             6              44            1                0.943964
               42             6              43            6                1.474988
               42             6              45            1                0.938710
               43             6              47            1                0.941966
# -----------------------------------------------------------
$ Calculation_Info
   description: Details of the calculation
   geom. index: 1
   prop. index: 1
     Multiplicity:                          2
     Charge:                                0
     number of atoms:                       49
     number of electrons:                   0
     number of frozen core electrons:       1
     number of correlated electrons:        0
     number of basis functions:             461
     number of aux C basis functions:       3164
     number of aux J basis functions:       3164
     number of aux JK basis functions:      3164
     number of aux CABS basis functions:    0
     Total Energy                           -928.844275
# -----------------------------------------------------------
$ SCF_Electric_Properties
   description: The SCF Calculated Electric Properties
   geom. index: 1
   prop. index: 1
       Filename                          : cc-pVDZ.scfp 
       Do Dipole Moment Calculation      : true 
       Do Quadrupole Moment Calculation  : false 
       Do Polarizability Calculation     : false 
** Dipole moment part of electric properties **
        Magnitude of dipole moment (Debye) :        9.5101749491
        Electronic Contribution:
                  0    
      0       8.913701
      1      -0.213314
      2       0.001857
        Nuclear Contribution:
                  0    
      0      -5.173536
      1       0.113089
      2       0.005387
        Total Dipole moment:
                  0    
      0       3.740165
      1      -0.100225
      2       0.007244
# -----------------------------------------------------------
$ EPRNMR_GTensor
   description: Electronic g tensor
   geom. index: 1
   prop. index: 1
 Source density: 1 SCF 
 Spin multiplicity: 2 
 raw g tensor: 
                  0          1          2    
      0       2.006960  -0.000051   0.000027
      1      -0.000085   2.003875   0.000003
      2       0.000033   0.000003   2.002376
 g tensor: 
                  0          1          2    
      0      -0.006543   0.021959  -0.999737
      1      -0.002110   0.999756   0.021973
      2       0.999976   0.002253  -0.006495
 G eigenvalues: 
                  0          1          2    
      0       2.002376   2.003874   2.006961
# -----------------------------------------------------------
$ EPRNMR_OrbitalShielding
   description: Orbital contribution to the NMR Shielding tensor (ppm)
   geom. index: 1
   prop. index: 1
 Number of stored nuclei 25
 Source density: 1 SCF 
 Nucleus: 9 H 
 Shielding tensor (ppm): 
                  0          1          2    
      0      40.374901 155.960981   0.233189
      1     -173.944027 134.485577  -0.057464
      2      -0.368917   0.053210 126.848907
 P Tensor eigenvectors:
                   0          1          2    
      0       0.000938  -0.804411   0.594072
      1      -0.000736  -0.594073  -0.804411
      2       0.999999   0.000317  -0.001149
 P Eigenvalues: 
                  0          1          2    
      0     126.848724  64.994990 109.865672
P(iso)  100.569795
 Nucleus: 10 H 
 Shielding tensor (ppm): 
                  0          1          2    
      0      38.965129 -161.660400  -0.306609
      1       7.205448  27.847068  -0.122925
      2      -0.075425  -0.061760  35.894438
 P Tensor eigenvectors:
                   0          1          2    
      0       0.974939   0.004346  -0.222429
      1       0.222419   0.002749   0.974947
      2       0.004849  -0.999987   0.001713
 P Eigenvalues: 
                  0          1          2    
      0       4.920250  35.894758  61.891627
P(iso)  34.235545
 Nucleus: 12 H 
 Shielding tensor (ppm): 
                  0          1          2    
      0      72.166951 -87.782859 284.936862
      1     180.749897 -12.644946 214.653268
      2     -191.980551 -159.389817  26.224748
 P Tensor eigenvectors:
                   0          1          2    
      0      -0.521411   0.696227   0.493354
      1       0.748546   0.650759  -0.127243
      2       0.409645  -0.302952   0.860472
 P Eigenvalues: 
                  0          1          2    
      0     -22.258545  43.652969  64.352330
P(iso)  28.582251
 Nucleus: 13 H 
 Shielding tensor (ppm): 
                  0          1          2    
      0      72.222071 -86.618147 -285.273201
      1     180.086029 -12.413378 -214.593242
      2     192.836662 159.160416  25.794026
 P Tensor eigenvectors:
                   0          1          2    
      0      -0.521123   0.695762  -0.494315
      1       0.750307   0.649508   0.123202
      2      -0.406780   0.306684   0.860508
 P Eigenvalues: 
                  0          1          2    
      0     -22.329236  43.623376  64.308579
P(iso)  28.534240
 Nucleus: 15 H 
 Shielding tensor (ppm): 
                  0          1          2    
      0      56.208269 247.602848 209.834878
      1     -308.132521 112.338582 324.040171
      2     -158.929076 -235.997913 138.510553
 P Tensor eigenvectors:
                   0          1          2    
      0      -0.677933   0.461420  -0.572275
      1       0.393426   0.885338   0.247776
      2      -0.620985   0.057172   0.781735
 P Eigenvalues: 
                  0          1          2    
      0     112.699120  81.545753 112.812530
P(iso)  102.352468
 Nucleus: 16 H 
 Shielding tensor (ppm): 
                  0          1          2    
      0      56.199719 248.297104 -208.880464
      1     -308.415555 112.702013 -324.630369
      2     157.481539 236.234136 137.954420
 P Tensor eigenvectors:
                   0          1          2    
      0      -0.678738   0.461653   0.571132
      1       0.390698   0.885508  -0.251458
      2       0.621828  -0.052466   0.781395
 P Eigenvalues: 
                  0          1          2    
      0     112.596640  81.505083 112.754429
P(iso)  102.285384
 Nucleus: 18 H 
 Shielding tensor (ppm): 
                  0          1          2    
      0      39.998517 -202.007075 -259.641177
      1     327.598918 -19.415283 -399.439404
      2     177.431188 290.036764 -17.995308
 P Tensor eigenvectors:
                   0          1          2    
      0      -0.696814   0.429144  -0.574705
      1       0.453815   0.884272   0.110065
      2      -0.555430   0.184115   0.810925
 P Eigenvalues: 
                  0          1          2    
      0     -34.085649  14.927157  21.746418
P(iso)  0.862642
 Nucleus: 19 H 
 Shielding tensor (ppm): 
                  0          1          2    
      0      39.923653 -202.730866 258.965217
      1     327.689505 -19.880073 400.178334
      2     -175.964696 -290.542068 -17.275620
 P Tensor eigenvectors:
                   0          1          2    
      0      -0.697850   0.429617   0.573092
      1       0.451391   0.885039  -0.113811
      2       0.556104  -0.179265   0.811550
 P Eigenvalues: 
                  0          1          2    
      0     -34.002594  14.967527  21.803025
P(iso)  0.922653
 Nucleus: 21 H 
 Shielding tensor (ppm): 
                  0          1          2    
      0      -6.952417 373.320902 -185.131412
      1     -445.828333  86.504237 -458.350985
      2     135.241683 330.169973  52.249850
 P Tensor eigenvectors:
                   0          1          2    
      0      -0.681178  -0.395758   0.615932
      1       0.256224  -0.916965  -0.305816
      2       0.685818  -0.050498   0.726019
 P Eigenvalues: 
                  0          1          2    
      0      40.465981  38.534106  52.801583
P(iso)  43.933890
 Nucleus: 22 H 
 Shielding tensor (ppm): 
                  0          1          2    
      0      -6.942807 373.119779 186.684578
      1     -446.178466  85.958386 457.656872
      2     -137.323950 -329.338423  53.039420
 P Tensor eigenvectors:
                   0          1          2    
      0      -0.679856  -0.395690  -0.617434
      1       0.259248  -0.917256   0.302376
      2      -0.685992   0.045503   0.726184
 P Eigenvalues: 
                  0          1          2    
      0      40.604708  38.583521  52.866769
P(iso)  44.018333
 Nucleus: 24 H 
 Shielding tensor (ppm): 
                  0          1          2    
      0      69.582680 -127.722009 -14.570314
      1     189.165238 101.605639 225.681020
      2      19.327456 -166.032806 125.714318
 P Tensor eigenvectors:
                   0          1          2    
      0       0.802053   0.035167   0.596217
      1      -0.073000  -0.985008   0.156302
      2      -0.592775   0.168886   0.787461
 P Eigenvalues: 
                  0          1          2    
      0      86.198929  90.230821 120.472888
P(iso)  98.967546
 Nucleus: 25 H 
 Shielding tensor (ppm): 
                  0          1          2    
      0      69.637458 -127.967604  13.776901
      1     189.520273 101.964000 -225.577887
      2     -18.297624 165.729070 125.427456
 P Tensor eigenvectors:
                   0          1          2    
      0       0.801393   0.035197  -0.597102
      1      -0.076501  -0.984037  -0.160681
      2       0.593226  -0.174447   0.785908
 P Eigenvalues: 
                  0          1          2    
      0      86.253340  90.260044 120.515531
P(iso)  99.009638
 Nucleus: 27 H 
 Shielding tensor (ppm): 
                  0          1          2    
      0      55.297252 162.920024  92.291362
      1     -265.786230  47.200271 -332.140482
      2     -57.468722 242.340323  65.589104
 P Tensor eigenvectors:
                   0          1          2    
      0       0.762156   0.213149   0.611299
      1       0.259422  -0.965673   0.013271
      2      -0.593143  -0.148470   0.791289
 P Eigenvalues: 
                  0          1          2    
      0      36.110243  55.169706  76.806678
P(iso)  56.028876
 Nucleus: 28 H 
 Shielding tensor (ppm): 
                  0          1          2    
      0      55.313279 163.805921 -91.364572
      1     -266.661088  46.695335 331.491730
      2      55.965265 -242.090417  65.975649
 P Tensor eigenvectors:
                   0          1          2    
      0       0.761078   0.212774  -0.612771
      1       0.256131  -0.966484  -0.017474
      2       0.595951   0.143651   0.790068
 P Eigenvalues: 
                  0          1          2    
      0      36.075078  55.140700  76.768485
P(iso)  55.994754
 Nucleus: 30 H 
 Shielding tensor (ppm): 
                  0          1          2    
      0      38.350422 -272.401101 -16.432351
      1     377.984728  64.975465 407.817764
      2      20.461013 -295.571168  66.646392
 P Tensor eigenvectors:
                   0          1          2    
      0      -0.736021   0.069939  -0.673336
      1      -0.010382  -0.995698  -0.092074
      2       0.676879   0.060777  -0.733581
 P Eigenvalues: 
                  0          1          2    
      0      49.328446  50.723186  69.920649
P(iso)  56.657427
 Nucleus: 31 H 
 Shielding tensor (ppm): 
                  0          1          2    
      0      38.425384 -273.085998  14.899395
      1     378.942238  65.600145 -407.018631
      2     -18.415631 294.971707  66.091663
 P Tensor eigenvectors:
                   0          1          2    
      0       0.734602   0.070005  -0.674878
      1       0.006650  -0.995358  -0.096011
      2       0.678466  -0.066042   0.731657
 P Eigenvalues: 
                  0          1          2    
      0      49.420912  50.743799  69.952481
P(iso)  56.705731
 Nucleus: 33 H 
 Shielding tensor (ppm): 
                  0          1          2    
      0      -7.842090 236.184204 -68.628788
      1     -351.186773  31.137571 465.001136
      2      46.088630 -336.641016  -6.334713
 P Tensor eigenvectors:
                   0          1          2    
      0      -0.797295  -0.045777  -0.601851
      1      -0.131572   0.986323   0.099278
      2      -0.589075  -0.158341   0.792413
 P Eigenvalues: 
                  0          1          2    
      0     -19.345907  15.098828  21.207847
P(iso)  5.653589
 Nucleus: 34 H 
 Shielding tensor (ppm): 
                  0          1          2    
      0      -7.864023 234.959566  69.942962
      1     -349.734486  31.838580 -465.812157
      2     -48.002616 337.548692  -6.940567
 P Tensor eigenvectors:
                   0          1          2    
      0      -0.798874  -0.046281   0.599715
      1      -0.134772   0.985459  -0.103479
      2       0.586205   0.163492   0.793495
 P Eigenvalues: 
                  0          1          2    
      0     -19.324325  15.120576  21.237738
P(iso)  5.677997
 Nucleus: 36 H 
 Shielding tensor (ppm): 
                  0          1          2    
      0     -111.826512  41.913427   0.253355
      1     114.282955  14.979723   0.774764
      2       0.204963   0.182482 -147.110055
 P Tensor eigenvectors:
                   0          1          2    
      0       0.123251   0.007031  -0.992351
      1       0.992375  -0.000829   0.123249
      2       0.000044  -0.999975  -0.007080
 P Eigenvalues: 
                  0          1          2    
      0      32.158112 -147.111539 -129.003417
P(iso)  -81.318948
 Nucleus: 37 H 
 Shielding tensor (ppm): 
                  0          1          2    
      0     -114.489704 -289.139588  -0.789496
      1     357.569978  61.086667   0.829676
      2       0.957265   0.113724 -100.560465
 P Tensor eigenvectors:
                   0          1          2    
      0      -0.001095  -0.529819  -0.848110
      1      -0.002685   0.848109  -0.529814
      2       0.999996   0.001698  -0.002351
 P Eigenvalues: 
                  0          1          2    
      0     -100.561832 -18.947023 -34.454647
P(iso)  -51.321168
 Nucleus: 44 H 
 Shielding tensor (ppm): 
                  0          1          2    
      0      41.580623 -22.458004   0.021198
      1       3.656322 -241.457672  -0.147737
      2       0.061183  -0.154742 -173.410631
 P Tensor eigenvectors:
                   0          1          2    
      0       0.999495   0.000223  -0.031788
      1       0.031787   0.002173   0.999492
      2       0.000292  -0.999998   0.002165
 P Eigenvalues: 
                  0          1          2    
      0      40.697285 -173.410311 -240.574654
P(iso)  -124.429227
 Nucleus: 45 H 
 Shielding tensor (ppm): 
                  0          1          2    
      0      13.859299 551.432270   1.203043
      1     -307.166732 -96.952333  -0.114166
      2      -0.622842   0.124514 -84.107291
 P Tensor eigenvectors:
                   0          1          2    
      0      -0.000278  -0.986467  -0.163961
      1      -0.002133   0.163961  -0.986465
      2       0.999998   0.000076  -0.002150
 P Eigenvalues: 
                  0          1          2    
      0     -84.107380 -28.627756 -54.465189
P(iso)  -55.733442
 Nucleus: 46 H 
 Shielding tensor (ppm): 
                  0          1          2    
      0       7.829597 -527.547583  -1.202780
      1     362.448951 158.505203   0.209684
      2       0.780805  -0.041406 107.616389
 P Tensor eigenvectors:
                   0          1          2    
      0      -0.000267  -0.961744  -0.273948
      1      -0.002224   0.273948  -0.961742
      2       0.999997   0.000352  -0.002212
 P Eigenvalues: 
                  0          1          2    
      0     107.616274  62.635805 103.699109
P(iso)  91.317063
 Nucleus: 47 H 
 Shielding tensor (ppm): 
                  0          1          2    
      0      17.856152 512.183047   1.021116
      1     -325.145868 142.937767  -0.026703
      2      -0.669407   0.237658 102.711100
 P Tensor eigenvectors:
                   0          1          2    
      0      -0.000362   0.980094  -0.198534
      1      -0.002047   0.198533   0.980092
      2       0.999998   0.000761   0.001934
 P Eigenvalues: 
                  0          1          2    
      0     102.710837  59.180411 101.613771
P(iso)  87.835006
 Nucleus: 48 H 
 Shielding tensor (ppm): 
                  0          1          2    
      0      -0.519358 -579.570496  -1.228028
      1     325.266041 -76.603693   0.087781
      2       0.720049  -0.154378 -79.135986
 P Tensor eigenvectors:
                   0          1          2    
      0      -0.000254  -0.994717   0.102659
      1      -0.002156  -0.102659  -0.994714
      2       0.999998  -0.000474  -0.002119
 P Eigenvalues: 
                  0          1          2    
      0     -79.135836 -27.290068 -49.833133
P(iso)  -52.086346
# -----------------------------------------------------------
$ EPRNMR_ATensor
   description: Hyperfine A tensor
   geom. index: 1
   prop. index: 1
 Number of stored nuclei 25
 Source density: 1 SCF 
 Spin multiplicity: 2 
 Nucleus: 9 H  
 Isotope: 1 
 Nuclear Spin:  0.5 
 Prefactor (MHz): 533.551395 
 Raw A tensor (MHz): 
                  0          1          2    
      0       5.361465   1.472477   0.004922
      1       1.474607   4.366128   0.004431
      2       0.004939   0.004415   2.452732
 A Tensor eigenvectors:
                   0          1          2    
      0      -0.000851  -0.583016  -0.812460
      1      -0.001661   0.812460  -0.583014
      2       0.999998   0.000853  -0.001660
 A Eigenvalues: 
                  0          1          2    
      0       2.452721   3.308484   6.419121
A(iso)  4.060108
 Nucleus: 10 H  
 Isotope: 1 
 Nuclear Spin:  0.5 
 Prefactor (MHz): 533.551395 
 Raw A tensor (MHz): 
                  0          1          2    
      0      -9.874119  -2.137920  -0.004503
      1      -2.148569  -4.162824   0.009747
      2      -0.004554   0.009806  -9.863041
 A Tensor eigenvectors:
                   0          1          2    
      0       0.315822  -0.001041  -0.948818
      1      -0.948817  -0.002100  -0.315819
      2      -0.001664   0.999997  -0.001651
 A Eigenvalues: 
                  0          1          2    
      0      -3.447991  -9.863057 -10.588936
A(iso)  -7.966661
 Nucleus: 12 H  
 Isotope: 1 
 Nuclear Spin:  0.5 
 Prefactor (MHz): 533.551395 
 Raw A tensor (MHz): 
                  0          1          2    
      0      11.946756  -0.669700   0.029669
      1      -0.663910  14.575513   1.258713
      2       0.031359   1.257945  10.699283
 A Tensor eigenvectors:
                   0          1          2    
      0      -0.138402   0.970173  -0.199019
      1      -0.299331   0.150578   0.942193
      2       0.944058   0.189974   0.269562
 A Eigenvalues: 
                  0          1          2    
      0      10.296091  11.849754  15.075707
A(iso)  12.407184
 Nucleus: 13 H  
 Isotope: 1 
 Nuclear Spin:  0.5 
 Prefactor (MHz): 533.551395 
 Raw A tensor (MHz): 
                  0          1          2    
      0      11.953405  -0.668673  -0.032075
      1      -0.662849  14.589309  -1.240667
      2      -0.033767  -1.239968  10.690487
 A Tensor eigenvectors:
                   0          1          2    
      0       0.137523   0.970284  -0.199091
      1       0.294884   0.151780   0.943402
      2       0.945585  -0.188448  -0.265248
 A Eigenvalues: 
                  0          1          2    
      0      10.299146  11.856178  15.077877
A(iso)  12.411067
 Nucleus: 15 H  
 Isotope: 1 
 Nuclear Spin:  0.5 
 Prefactor (MHz): 533.551395 
 Raw A tensor (MHz): 
                  0          1          2    
      0      -0.397981  -0.652106  -0.120285
      1      -0.650183   0.470934   0.323517
      2      -0.119759   0.323199  -0.864965
 A Tensor eigenvectors:
                   0          1          2    
      0       0.881486   0.458376   0.113464
      1       0.416477  -0.867916   0.270682
      2       0.222551  -0.191347  -0.955959
 A Eigenvalues: 
                  0          1          2    
      0      -0.735637   0.886003  -0.942378
A(iso)  -0.264004
 Nucleus: 16 H  
 Isotope: 1 
 Nuclear Spin:  0.5 
 Prefactor (MHz): 533.551395 
 Raw A tensor (MHz): 
                  0          1          2    
      0      -0.397885  -0.652246   0.117334
      1      -0.650318   0.474294  -0.317925
      2       0.116825  -0.317628  -0.867308
 A Tensor eigenvectors:
                   0          1          2    
      0      -0.881575   0.458120   0.113804
      1      -0.417075  -0.868852   0.266730
      2       0.221073   0.187678   0.957029
 A Eigenvalues: 
                  0          1          2    
      0      -0.735077   0.886230  -0.942052
A(iso)  -0.263633
 Nucleus: 18 H  
 Isotope: 1 
 Nuclear Spin:  0.5 
 Prefactor (MHz): 533.551395 
 Raw A tensor (MHz): 
                  0          1          2    
      0      -0.289065  -0.060742  -0.000270
      1      -0.059811   0.840773  -0.193331
      2      -0.000400  -0.193184  -0.355983
 A Tensor eigenvectors:
                   0          1          2    
      0       0.993535   0.101190   0.051476
      1       0.034861   0.159593  -0.986567
      2      -0.108046   0.981983   0.155033
 A Eigenvalues: 
                  0          1          2    
      0      -0.291121  -0.387403   0.874249
A(iso)  0.065242
 Nucleus: 19 H  
 Isotope: 1 
 Nuclear Spin:  0.5 
 Prefactor (MHz): 533.551395 
 Raw A tensor (MHz): 
                  0          1          2    
      0      -0.289012  -0.060855  -0.000317
      1      -0.059931   0.838493   0.199740
      2      -0.000185   0.199587  -0.353665
 A Tensor eigenvectors:
                   0          1          2    
      0       0.993751   0.098970  -0.051616
      1       0.034780   0.164851   0.985705
      2       0.106064  -0.981341   0.160378
 A Eigenvalues: 
                  0          1          2    
      0      -0.291130  -0.387157   0.874103
A(iso)  0.065272
 Nucleus: 21 H  
 Isotope: 1 
 Nuclear Spin:  0.5 
 Prefactor (MHz): 533.551395 
 Raw A tensor (MHz): 
                  0          1          2    
      0      -0.076538  -0.126153   0.015864
      1      -0.125614   0.338095  -0.068678
      2       0.015807  -0.068641  -0.167832
 A Tensor eigenvectors:
                   0          1          2    
      0       0.963616   0.013558   0.266946
      1       0.262742   0.135412  -0.955317
      2      -0.049100   0.990697   0.126923
 A Eigenvalues: 
                  0          1          2    
      0      -0.111605  -0.176997   0.382326
A(iso)  0.031241
 Nucleus: 22 H  
 Isotope: 1 
 Nuclear Spin:  0.5 
 Prefactor (MHz): 533.551395 
 Raw A tensor (MHz): 
                  0          1          2    
      0      -0.076464  -0.126155  -0.016480
      1      -0.125618   0.337403   0.071002
      2      -0.016421   0.070962  -0.167168
 A Tensor eigenvectors:
                   0          1          2    
      0       0.963567   0.013232  -0.267141
      1       0.262752   0.139912   0.954665
      2       0.050009  -0.990076   0.131338
 A Eigenvalues: 
                  0          1          2    
      0      -0.111582  -0.176975   0.382328
A(iso)  0.031257
 Nucleus: 24 H  
 Isotope: 1 
 Nuclear Spin:  0.5 
 Prefactor (MHz): 533.551395 
 Raw A tensor (MHz): 
                  0          1          2    
      0      -3.785290   0.361385   0.064015
      1       0.360909  -3.410723   0.363819
      2       0.063985   0.363497  -4.609455
 A Tensor eigenvectors:
                   0          1          2    
      0       0.476648   0.878049  -0.042859
      1       0.849395  -0.447432   0.279881
      2       0.226573  -0.169809  -0.959078
 A Eigenvalues: 
                  0          1          2    
      0      -3.111134  -3.981659  -4.712674
A(iso)  -3.935156
 Nucleus: 25 H  
 Isotope: 1 
 Nuclear Spin:  0.5 
 Prefactor (MHz): 533.551395 
 Raw A tensor (MHz): 
                  0          1          2    
      0      -3.781575   0.361133  -0.061776
      1       0.360658  -3.402900  -0.356439
      2      -0.061732  -0.356111  -4.610847
 A Tensor eigenvectors:
                   0          1          2    
      0       0.476447   0.878171   0.042601
      1       0.850875  -0.448353  -0.273845
      2      -0.221382   0.166720  -0.960830
 A Eigenvalues: 
                  0          1          2    
      0      -3.108200  -3.977515  -4.709607
A(iso)  -3.931774
 Nucleus: 27 H  
 Isotope: 1 
 Nuclear Spin:  0.5 
 Prefactor (MHz): 533.551395 
 Raw A tensor (MHz): 
                  0          1          2    
      0       0.261045   0.589928  -0.111137
      1       0.587610   1.073079  -0.275672
      2      -0.110622  -0.275484  -0.171460
 A Tensor eigenvectors:
                   0          1          2    
      0       0.888944  -0.057177  -0.454433
      1      -0.431022   0.231152  -0.872232
      2       0.154915   0.971236   0.180837
 A Eigenvalues: 
                  0          1          2    
      0      -0.043390  -0.230534   1.436588
A(iso)  0.387555
 Nucleus: 28 H  
 Isotope: 1 
 Nuclear Spin:  0.5 
 Prefactor (MHz): 533.551395 
 Raw A tensor (MHz): 
                  0          1          2    
      0       0.261550   0.589313   0.114265
      1       0.586994   1.071316   0.282686
      2       0.113747   0.282521  -0.167708
 A Tensor eigenvectors:
                   0          1          2    
      0       0.889020  -0.057701   0.454219
      1      -0.429818   0.236720   0.871332
      2      -0.157799  -0.969863   0.185648
 A Eigenvalues: 
                  0          1          2    
      0      -0.042679  -0.229919   1.437755
A(iso)  0.388386
 Nucleus: 30 H  
 Isotope: 1 
 Nuclear Spin:  0.5 
 Prefactor (MHz): 533.551395 
 Raw A tensor (MHz): 
                  0          1          2    
      0      -0.046585   0.185088   0.025419
      1       0.184499   0.160469   0.082148
      2       0.025291   0.082091  -0.294797
 A Tensor eigenvectors:
                   0          1          2    
      0      -0.868145   0.495010  -0.035896
      1       0.480919   0.856892   0.185616
      2       0.122641   0.143879  -0.981966
 A Eigenvalues: 
                  0          1          2    
      0      -0.152447   0.280937  -0.309403
A(iso)  -0.060305
 Nucleus: 31 H  
 Isotope: 1 
 Nuclear Spin:  0.5 
 Prefactor (MHz): 533.551395 
 Raw A tensor (MHz): 
                  0          1          2    
      0      -0.046377   0.185234  -0.024260
      1       0.184645   0.161564  -0.079369
      2      -0.024132  -0.079306  -0.295634
 A Tensor eigenvectors:
                   0          1          2    
      0       0.868097   0.495084  -0.036052
      1      -0.481700   0.857714   0.179699
      2       0.119888  -0.138630   0.983061
 A Eigenvalues: 
                  0          1          2    
      0      -0.152252   0.281063  -0.309258
A(iso)  -0.060149
 Nucleus: 33 H  
 Isotope: 1 
 Nuclear Spin:  0.5 
 Prefactor (MHz): 533.551395 
 Raw A tensor (MHz): 
                  0          1          2    
      0      -0.108297   0.125973   0.017351
      1       0.125424   0.276364   0.065753
      2       0.017281   0.065714  -0.197360
 A Tensor eigenvectors:
                   0          1          2    
      0       0.959143   0.002880   0.282907
      1      -0.280718   0.134238   0.950356
      2      -0.035240  -0.990945   0.129562
 A Eigenvalues: 
                  0          1          2    
      0      -0.145654  -0.206312   0.322673
A(iso)  -0.009764
 Nucleus: 34 H  
 Isotope: 1 
 Nuclear Spin:  0.5 
 Prefactor (MHz): 533.551395 
 Raw A tensor (MHz): 
                  0          1          2    
      0      -0.108222   0.126091  -0.016737
      1       0.125543   0.276886  -0.063288
      2      -0.016668  -0.063245  -0.197980
 A Tensor eigenvectors:
                   0          1          2    
      0       0.959088   0.003341  -0.283088
      1      -0.281137   0.129021  -0.950955
      2       0.033347   0.991636   0.124682
 A Eigenvalues: 
                  0          1          2    
      0      -0.145615  -0.206265   0.322564
A(iso)  -0.009772
 Nucleus: 36 H  
 Isotope: 1 
 Nuclear Spin:  0.5 
 Prefactor (MHz): 533.551395 
 Raw A tensor (MHz): 
                  0          1          2    
      0      -0.135785  -0.045927  -0.000141
      1      -0.045661   0.292311   0.001203
      2      -0.000140   0.001203  -0.174556
 A Tensor eigenvectors:
                   0          1          2    
      0       0.994421  -0.000661  -0.105483
      1       0.105484   0.002512   0.994418
      2      -0.000392  -0.999997   0.002567
 A Eigenvalues: 
                  0          1          2    
      0      -0.140629  -0.174559   0.297158
A(iso)  -0.006010
 Nucleus: 37 H  
 Isotope: 1 
 Nuclear Spin:  0.5 
 Prefactor (MHz): 533.551395 
 Raw A tensor (MHz): 
                  0          1          2    
      0      -0.055058   0.100020   0.000277
      1       0.099769   0.175544   0.000881
      2       0.000277   0.000881  -0.139174
 A Tensor eigenvectors:
                   0          1          2    
      0       0.936854  -0.000054   0.349722
      1      -0.349720   0.002815   0.936850
      2      -0.001035  -0.999996   0.002619
 A Eigenvalues: 
                  0          1          2    
      0      -0.092313  -0.139176   0.212801
A(iso)  -0.006229
 Nucleus: 44 H  
 Isotope: 1 
 Nuclear Spin:  0.5 
 Prefactor (MHz): 533.551395 
 Raw A tensor (MHz): 
                  0          1          2    
      0      -0.966268  -0.149485   0.000216
      1      -0.149498  -4.792163  -0.003729
      2       0.000216  -0.003729  -3.082335
 A Tensor eigenvectors:
                   0          1          2    
      0       0.999240   0.000254   0.038982
      1      -0.038983   0.002158   0.999238
      2       0.000170  -0.999998   0.002167
 A Eigenvalues: 
                  0          1          2    
      0      -0.960436  -3.082327  -4.798003
A(iso)  -2.946922
 Nucleus: 45 H  
 Isotope: 1 
 Nuclear Spin:  0.5 
 Prefactor (MHz): 533.551395 
 Raw A tensor (MHz): 
                  0          1          2    
      0       1.641101  -0.331399  -0.000398
      1      -0.331343   1.068210   0.000720
      2      -0.000397   0.000721   0.712481
 A Tensor eigenvectors:
                   0          1          2    
      0      -0.000439   0.415975  -0.909376
      1      -0.002433   0.909373   0.415974
      2       0.999997   0.002395   0.000613
