-------------------------------------------------------------
----------------------- !PROPERTIES! ------------------------
-------------------------------------------------------------
# -----------------------------------------------------------
$ PAL_Flags
   description: The PAL Flags
   geom. index: 1
   prop. index: 1
        Diskflag:     2
# -----------------------------------------------------------
$ SCF_Energy
   description: The SCF energy
   geom. index: 1
   prop. index: 1
        SCF Energy:     -928.8442766561
# -----------------------------------------------------------
$ DFT_Energy
   description: The DFT energy
   geom. index: 1
   prop. index: 1
   Number of Alpha Electrons                 85.0001982506 
   Number of Beta  Electrons                 84.0001997896 
   Total number of  Electrons               169.0003980402 
   Exchange energy                         -105.6157764695 
   Correlation energy                        -6.5719321569 
   Correlation energy NL                      0.0000000000 
   Exchange-Correlation energy             -112.1877086264 
   Embedding correction                       0.0000000000 
   Total DFT Energy (No VdW correction)    -928.8442766561 
# -----------------------------------------------------------
$ Mayer_Pop
   description: The Mayer population analysis
   geom. index: 1
   prop. index: 1
     Number of atoms                     : 49
     Threshold for printing              : 0.1000000
     Number of bond orders printed       : 51
  NA   - Mulliken gross atomic population
  ZA   - Total nuclear charge
  QA   - Mulliken gross atomic charge
  VA   - Mayer's total valence
  BVA  - Mayer's bonded valence
  FA   - Mayer's free valence
  ATOM       NA         ZA         QA         VA         BVA        FA
  0   0     6.2753     6.0000    -0.2753     3.1203     3.0193     0.1010
  1   0     6.1011     6.0000    -0.1011     4.1751     4.0993     0.0758
  2   0     5.7087     6.0000     0.2913     2.5014     2.4986     0.0028
  3   0     5.9197     6.0000     0.0803     3.6847     3.6829     0.0018
  4   0     6.0569     6.0000    -0.0569     4.1395     4.1243     0.0152
  5   0     5.9840     6.0000     0.0160     3.8826     3.8783     0.0043
  6   0     6.1674     6.0000    -0.1674     3.8121     3.7821     0.0300
  7   0     6.0639     6.0000    -0.0639     4.1193     4.1162     0.0031
  8   0     5.9522     6.0000     0.0478     3.8937     3.8826     0.0111
  9   0     1.0465     1.0000    -0.0465     1.0054     1.0054     0.0000
 10   0     1.0328     1.0000    -0.0328     1.0089     1.0089     0.0000
 11   0     5.9414     6.0000     0.0586     4.0194     4.0193     0.0001
 12   0     0.9558     1.0000     0.0442     0.9753     0.9752     0.0001
 13   0     0.9559     1.0000     0.0441     0.9752     0.9751     0.0001
 14   0     6.0404     6.0000    -0.0404     4.1105     4.1105     0.0000
 15   0     0.9854     1.0000     0.0146     0.9620     0.9620     0.0000
 16   0     0.9855     1.0000     0.0145     0.9620     0.9620     0.0000
 17   0     6.0244     6.0000    -0.0244     4.1183     4.1183     0.0000
 18   0     0.9887     1.0000     0.0113     0.9680     0.9680     0.0000
 19   0     0.9887     1.0000     0.0113     0.9680     0.9680     0.0000
 20   0     5.9978     6.0000     0.0022     4.0166     4.0166     0.0000
 21   0     0.9839     1.0000     0.0161     0.9770     0.9770     0.0000
 22   0     0.9839     1.0000     0.0161     0.9770     0.9770     0.0000
 23   0     5.9619     6.0000     0.0381     4.0279     4.0279     0.0000
 24   0     0.9663     1.0000     0.0337     0.9689     0.9689     0.0000
 25   0     0.9663     1.0000     0.0337     0.9689     0.9689     0.0000
 26   0     6.0362     6.0000    -0.0362     4.1152     4.1152     0.0000
 27   0     0.9781     1.0000     0.0219     0.9635     0.9635     0.0000
 28   0     0.9782     1.0000     0.0218     0.9635     0.9635     0.0000
 29   0     6.0274     6.0000    -0.0274     4.1191     4.1191     0.0000
 30   0     0.9944     1.0000     0.0056     0.9669     0.9669     0.0000
 31   0     0.9944     1.0000     0.0056     0.9669     0.9669     0.0000
 32   0     5.9968     6.0000     0.0032     4.0173     4.0173     0.0000
 33   0     0.9793     1.0000     0.0207     0.9777     0.9777     0.0000
 34   0     0.9793     1.0000     0.0207     0.9777     0.9777     0.0000
 35   0     5.8382     6.0000     0.1618     2.6306     2.6171     0.0135
 36   0     0.9841     1.0000     0.0159     0.9740     0.9740     0.0000
 37   0     0.9859     1.0000     0.0141     0.9738     0.9738     0.0000
 38   0     6.2650     6.0000    -0.2650     3.9233     3.9228     0.0005
 39   0     5.9632     6.0000     0.0368     3.9939     3.9927     0.0012
 40   0     5.9581     6.0000     0.0419     4.0010     4.0007     0.0003
 41   0     5.9610     6.0000     0.0390     4.0010     3.9994     0.0016
 42   0     5.9582     6.0000     0.0418     4.0006     4.0003     0.0003
 43   0     5.9661     6.0000     0.0339     3.9933     3.9921     0.0012
 44   0     1.0182     1.0000    -0.0182     0.9699     0.9699     0.0000
 45   0     1.0195     1.0000    -0.0195     0.9699     0.9699     0.0000
 46   0     1.0325     1.0000    -0.0325     0.9842     0.9842     0.0000
 47   0     1.0320     1.0000    -0.0320     0.9840     0.9840     0.0000
 48   0     1.0194     1.0000    -0.0194     0.9699     0.9699     0.0000
      Bond orders larger than 0.1000000
           Atom A     A.N. of A          Atom B    A.N. of B              Bond order
                0             6               1            6                2.897404
                1             6               3            6                1.056330
                2             6               6            6                0.923649
                2             6              35            6                1.680210
                2             6              38            6               -0.184034
                3             6               4            6                1.277334
                3             6               8            6                1.276024
                4             6               5            6                1.484554
                4             6              11            6                1.101366
                5             6               6            6                1.330016
                5             6               9            1                0.923810
                6             6               7            6                1.330523
                7             6               8            6                1.494092
                7             6              23            6                1.093737
                8             6              10            1                0.924644
               11             6              12            1                0.892564
               11             6              13            1                0.892493
               11             6              14            6                1.100913
               14             6              15            1                0.928544
               14             6              16            1                0.928535
               14             6              17            6                1.075259
               17             6              18            1                0.941378
               17             6              19            1                0.941379
               17             6              20            6                1.105606
               20             6              21            1                0.966089
               20             6              22            1                0.966087
               20             6              36            1                0.961907
               23             6              24            1                0.896615
               23             6              25            1                0.896651
               23             6              26            6                1.104528
               26             6              27            1                0.929947
               26             6              28            1                0.929949
               26             6              29            6                1.073976
               29             6              30            1                0.941073
               29             6              31            1                0.941073
               29             6              32            6                1.106622
               32             6              33            1                0.966233
               32             6              34            1                0.966238
               32             6              37            1                0.961300
               35             6              38            6                0.952519
               38             6              39            6                1.428769
               38             6              43            6                1.426885
               39             6              40            6                1.474816
               39             6              46            1                0.941669
               40             6              41            6                1.440969
               40             6              48            1                0.938707
               41             6              42            6                1.440352
               41             6              44            1                0.943965
               42             6              43            6                1.474986
               42             6              45            1                0.938712
               43             6              47            1                0.941966
# -----------------------------------------------------------
$ Calculation_Info
   description: Details of the calculation
   geom. index: 1
   prop. index: 1
     Multiplicity:                          2
     Charge:                                0
     number of atoms:                       49
     number of electrons:                   0
     number of frozen core electrons:       1
     number of correlated electrons:        0
     number of basis functions:             461
     number of aux C basis functions:       3164
     number of aux J basis functions:       3164
     number of aux JK basis functions:      3164
     number of aux CABS basis functions:    0
     Total Energy                           -928.844277
# -----------------------------------------------------------
$ SCF_Electric_Properties
   description: The SCF Calculated Electric Properties
   geom. index: 1
   prop. index: 1
       Filename                          : cc-pVDZ_i.scfp 
       Do Dipole Moment Calculation      : true 
       Do Quadrupole Moment Calculation  : false 
       Do Polarizability Calculation     : false 
** Dipole moment part of electric properties **
        Magnitude of dipole moment (Debye) :        9.5106609323
        Electronic Contribution:
                  0    
      0       8.913892
      1      -0.213317
      2       0.001849
        Nuclear Contribution:
                  0    
      0      -5.173536
      1       0.113089
      2       0.005387
        Total Dipole moment:
                  0    
      0       3.740356
      1      -0.100228
      2       0.007236
# -----------------------------------------------------------
$ EPRNMR_GTensor
   description: Electronic g tensor
   geom. index: 1
   prop. index: 1
 Source density: 1 SCF 
 Spin multiplicity: 2 
 raw g tensor: 
                  0          1          2    
      0       2.006968  -0.000076   0.000026
      1      -0.000199   2.003526   0.000002
      2       0.000031   0.000002   2.002211
 g tensor: 
                  0          1          2    
      0      -0.006011   0.039747  -0.999192
      1      -0.002141   0.999207   0.039761
      2       0.999980   0.002379  -0.005921
 G eigenvalues: 
                  0          1          2    
      0       2.002211   2.003520   2.006974
# -----------------------------------------------------------
$ EPRNMR_OrbitalShielding
   description: Orbital contribution to the NMR Shielding tensor (ppm)
   geom. index: 1
   prop. index: 1
 Number of stored nuclei 25
 Source density: 1 SCF 
 Nucleus: 9 H 
 Shielding tensor (ppm): 
                  0          1          2    
      0      27.370740   6.815797   0.023592
      1       5.921289  25.919872   0.021876
      2       0.014030   0.031932  18.853575
 P Tensor eigenvectors:
                   0          1          2    
      0       0.001875  -0.672129  -0.740431
      1      -0.005422   0.740415  -0.672128
      2       0.999984   0.005275  -0.002256
 P Eigenvalues: 
                  0          1          2    
      0      18.853462  20.236523  33.054201
P(iso)  24.048062
 Nucleus: 10 H 
 Shielding tensor (ppm): 
                  0          1          2    
      0      29.902019   1.243199   0.016150
      1       3.993168  25.518580   0.016779
      2       0.035755  -0.009333  19.498982
 P Tensor eigenvectors:
                   0          1          2    
      0      -0.002421   0.400552   0.916271
      1       0.000259  -0.916273   0.400554
      2       0.999997   0.001207   0.002115
 P Eigenvalues: 
                  0          1          2    
      0      19.498916  24.300049  31.120615
P(iso)  24.973194
 Nucleus: 12 H 
 Shielding tensor (ppm): 
                  0          1          2    
      0      30.516511   1.151788   4.195263
      1       0.075274  29.772255  -0.927147
      2       5.351845   0.694467  26.018225
 P Tensor eigenvectors:
                   0          1          2    
      0      -0.529395   0.075871   0.844976
      1       0.071389  -0.988477   0.133483
      2       0.845367   0.130987   0.517878
 P Eigenvalues: 
                  0          1          2    
      0      22.964982  29.745111  33.596899
P(iso)  28.768997
 Nucleus: 13 H 
 Shielding tensor (ppm): 
                  0          1          2    
      0      30.518481   1.184318  -4.168141
      1       0.098394  29.774855   0.945947
      2      -5.316156  -0.642720  26.004246
 P Tensor eigenvectors:
                   0          1          2    
      0       0.527892   0.074913   0.846001
      1      -0.077594  -0.987683   0.135877
      2       0.845760  -0.137372  -0.515577
 P Eigenvalues: 
                  0          1          2    
      0      22.978038  29.751709  33.567836
P(iso)  28.765861
 Nucleus: 15 H 
 Shielding tensor (ppm): 
                  0          1          2    
      0      30.179181   1.589610  -3.463573
      1       1.076238  31.115205   0.164732
      2      -3.564073   1.525504  28.121155
 P Tensor eigenvectors:
                   0          1          2    
      0       0.596442  -0.134378  -0.791327
      1      -0.228634   0.916601  -0.327978
      2       0.769404   0.376544   0.515976
 P Eigenvalues: 
                  0          1          2    
      0      25.123904  31.284398  33.007240
P(iso)  29.805180
 Nucleus: 16 H 
 Shielding tensor (ppm): 
                  0          1          2    
      0      30.165918   1.573678   3.477536
      1       1.056441  31.123911  -0.148741
      2       3.571266  -1.497653  28.122522
 P Tensor eigenvectors:
                   0          1          2    
      0      -0.597844  -0.134620  -0.790228
      1       0.224114   0.918417  -0.326011
      2       0.769647  -0.372005  -0.518899
 P Eigenvalues: 
                  0          1          2    
      0      25.123883  31.281513  33.006956
P(iso)  29.804117
 Nucleus: 18 H 
 Shielding tensor (ppm): 
                  0          1          2    
      0      31.054189   0.404225  -4.653523
      1       0.337448  30.092757  -0.329643
      2      -4.439726  -1.095697  28.375037
 P Tensor eigenvectors:
                   0          1          2    
      0       0.594901  -0.168978  -0.785836
      1       0.063194   0.984459  -0.163849
      2       0.801311   0.047814   0.596334
 P Eigenvalues: 
                  0          1          2    
      0      24.951016  29.999281  34.571687
P(iso)  29.840661
 Nucleus: 19 H 
 Shielding tensor (ppm): 
                  0          1          2    
      0      31.036734   0.376978   4.664980
      1       0.314857  30.084144   0.338001
      2       4.452432   1.109240  28.400822
 P Tensor eigenvectors:
                   0          1          2    
      0      -0.596569  -0.168943  -0.784579
      1      -0.067442   0.984688  -0.160751
      2       0.799723  -0.042985  -0.598828
 P Eigenvalues: 
                  0          1          2    
      0      24.946538  29.998085  34.577078
P(iso)  29.840567
 Nucleus: 21 H 
 Shielding tensor (ppm): 
                  0          1          2    
      0      29.972293  -1.351404   3.821671
      1      -2.283168  30.438840  -2.291243
      2       3.232336  -1.991882  30.525672
 P Tensor eigenvectors:
                   0          1          2    
      0      -0.724950   0.361855   0.586096
      1       0.040651   0.871885  -0.488020
      2       0.687601   0.329965   0.646783
 P Eigenvalues: 
                  0          1          2    
      0      26.705834  28.850537  35.380434
P(iso)  30.312268
 Nucleus: 22 H 
 Shielding tensor (ppm): 
                  0          1          2    
      0      29.988998  -1.335853  -3.829655
      1      -2.271094  30.417514   2.284370
      2      -3.244968   1.990021  30.531118
 P Tensor eigenvectors:
                   0          1          2    
      0      -0.723247   0.362876  -0.587567
      1       0.044464   0.873523   0.484747
      2      -0.689157  -0.324466   0.647908
 P Eigenvalues: 
                  0          1          2    
      0      26.706126  28.851203  35.380301
P(iso)  30.312543
 Nucleus: 24 H 
 Shielding tensor (ppm): 
                  0          1          2    
      0      28.551741  -2.156057   3.135016
      1      -1.585323  31.166271  -0.211033
      2       4.470038   0.955799  25.917499
 P Tensor eigenvectors:
                   0          1          2    
      0      -0.584120   0.521622  -0.621864
      1      -0.159230   0.677627   0.717961
      2       0.795896   0.518394  -0.312757
 P Eigenvalues: 
                  0          1          2    
      0      22.971425  30.039992  32.624093
P(iso)  28.545170
 Nucleus: 25 H 
 Shielding tensor (ppm): 
                  0          1          2    
      0      28.563498  -2.140291  -3.141711
      1      -1.564969  31.167696   0.234347
      2      -4.482583  -0.935821  25.902493
 P Tensor eigenvectors:
                   0          1          2    
      0       0.582969   0.521554  -0.622999
      1       0.155481   0.680992   0.715595
      2       0.797479  -0.514034   0.315905
 P Eigenvalues: 
                  0          1          2    
      0      22.966725  30.041663  32.625300
P(iso)  28.544562
 Nucleus: 27 H 
 Shielding tensor (ppm): 
                  0          1          2    
      0      30.159243  -0.395497   4.067685
      1       0.197966  31.067112  -0.156494
      2       3.854760  -1.495798  27.958816
 P Tensor eigenvectors:
                   0          1          2    
      0      -0.598289  -0.263528   0.756705
      1       0.090645  -0.960568  -0.262856
      2       0.796136  -0.088673   0.598585
 P Eigenvalues: 
                  0          1          2    
      0      24.889853  30.974015  33.321303
P(iso)  29.728390
 Nucleus: 28 H 
 Shielding tensor (ppm): 
                  0          1          2    
      0      30.172563  -0.376842  -4.063103
      1       0.219093  31.059484   0.171625
      2      -3.850683   1.499702  27.950244
 P Tensor eigenvectors:
                   0          1          2    
      0       0.596843  -0.262148   0.758325
      1      -0.094090  -0.961467  -0.258319
      2       0.796822   0.082825  -0.598511
 P Eigenvalues: 
                  0          1          2    
      0      24.889342  30.976178  33.316771
P(iso)  29.727430
 Nucleus: 30 H 
 Shielding tensor (ppm): 
                  0          1          2    
      0      30.561347  -0.493806   4.445495
      1      -0.210789  30.680773   0.495997
      2       4.211690   1.257091  28.189741
 P Tensor eigenvectors:
                   0          1          2    
      0      -0.598229  -0.153601  -0.786466
      1      -0.144973   0.986007  -0.082298
      2       0.788102   0.064783  -0.612126
 P Eigenvalues: 
                  0          1          2    
      0      24.747873  30.800049  33.883940
P(iso)  29.810621
 Nucleus: 31 H 
 Shielding tensor (ppm): 
                  0          1          2    
      0      30.580400  -0.470039  -4.442675
      1      -0.189766  30.690459  -0.483457
      2      -4.210359  -1.246880  28.161639
 P Tensor eigenvectors:
                   0          1          2    
      0       0.596492  -0.153359  -0.787831
      1       0.141110   0.986324  -0.085158
      2       0.790117  -0.060375   0.609975
 P Eigenvalues: 
                  0          1          2    
      0      24.745974  30.801377  33.885147
P(iso)  29.810833
 Nucleus: 33 H 
 Shielding tensor (ppm): 
                  0          1          2    
      0      29.941117  -1.992401  -3.970891
      1      -2.650513  30.363625   2.273789
      2      -3.373706   1.976524  30.451418
 P Tensor eigenvectors:
                   0          1          2    
      0      -0.757971   0.260393  -0.598060
      1      -0.100375   0.859382   0.501386
      2      -0.644519  -0.440066   0.625249
 P Eigenvalues: 
                  0          1          2    
      0      26.491052  28.547216  35.717893
P(iso)  30.252053
 Nucleus: 34 H 
 Shielding tensor (ppm): 
                  0          1          2    
      0      29.922121  -2.008074   3.959572
      1      -2.662568  30.384241  -2.281339
      2       3.358572  -1.985554  30.449374
 P Tensor eigenvectors:
                   0          1          2    
      0       0.759661  -0.259330   0.596375
      1       0.103551  -0.857112  -0.504614
      2      -0.642022  -0.445091   0.624261
 P Eigenvalues: 
                  0          1          2    
      0      26.491469  28.544809  35.719458
P(iso)  30.251912
 Nucleus: 36 H 
 Shielding tensor (ppm): 
                  0          1          2    
      0      28.706283   2.234057   0.010074
      1       3.416741  35.873821   0.030453
      2       0.013616   0.030354  25.589369
 P Tensor eigenvectors:
                   0          1          2    
      0      -0.001484   0.941761   0.336281
      1      -0.002534  -0.336283   0.941757
      2       0.999996   0.000545   0.002886
 P Eigenvalues: 
                  0          1          2    
      0      25.589274  27.727235  36.852963
P(iso)  30.056491
 Nucleus: 37 H 
 Shielding tensor (ppm): 
                  0          1          2    
      0      28.591832   1.761235   0.008684
      1       3.114353  36.077387   0.031482
      2       0.012118   0.029097  25.531662
 P Tensor eigenvectors:
                   0          1          2    
      0      -0.001363   0.955597   0.294675
      1      -0.002562  -0.294678   0.955593
      2       0.999996   0.000547   0.002849
 P Eigenvalues: 
                  0          1          2    
      0      25.531571  27.868908  36.800402
P(iso)  30.066960
 Nucleus: 44 H 
 Shielding tensor (ppm): 
                  0          1          2    
      0      23.896429   0.081392   0.000944
      1       0.078949  27.139728   0.013147
      2       0.000867   0.013113  21.102843
 P Tensor eigenvectors:
                   0          1          2    
      0      -0.000263  -0.999696  -0.024673
      1      -0.002172   0.024673  -0.999693
      2       0.999998  -0.000209  -0.002178
 P Eigenvalues: 
                  0          1          2    
      0      21.102814  23.894449  27.141737
P(iso)  24.046333
 Nucleus: 45 H 
 Shielding tensor (ppm): 
                  0          1          2    
      0      26.984146  -1.528715  -0.001508
      1      -1.501226  24.449064   0.007988
      2      -0.002331   0.007219  20.769504
 P Tensor eigenvectors:
                   0          1          2    
      0      -0.000226   0.423507  -0.905893
      1      -0.002164   0.905891   0.423506
      2       0.999998   0.002056   0.000712
 P Eigenvalues: 
                  0          1          2    
      0      20.769488  23.741321  27.691904
P(iso)  24.067571
 Nucleus: 46 H 
 Shielding tensor (ppm): 
                  0          1          2    
      0      26.903268  -3.074395  -0.004223
      1      -2.527629  24.710150   0.009278
      2      -0.005221   0.010060  19.948070
 P Tensor eigenvectors:
                   0          1          2    
      0      -0.000203   0.568041  -0.823000
      1      -0.002127   0.822998   0.568040
      2       0.999998   0.001866   0.001041
 P Eigenvalues: 
                  0          1          2    
      0      19.948050  22.798880  28.814558
P(iso)  23.853829
 Nucleus: 47 H 
 Shielding tensor (ppm): 
                  0          1          2    
      0      27.844212   2.444589   0.007290
      1       1.941629  24.006364   0.011108
      2       0.003568   0.009782  19.675715
 P Tensor eigenvectors:
                   0          1          2    
      0      -0.000045  -0.417636  -0.908615
      1      -0.002418   0.908612  -0.417634
      2       0.999997   0.002178  -0.001050
 P Eigenvalues: 
                  0          1          2    
      0      19.675689  23.011338  28.839264
P(iso)  23.842097
 Nucleus: 48 H 
 Shielding tensor (ppm): 
                  0          1          2    
      0      27.048259   1.215138   0.004517
      1       1.194895  24.304824   0.007644
      2       0.003523   0.008550  20.818954
 P Tensor eigenvectors:
                   0          1          2    
      0      -0.000220  -0.352833  -0.935686
      1      -0.002240   0.935684  -0.352831
      2       0.999997   0.002018  -0.000996
 P Eigenvalues: 
                  0          1          2    
      0      20.818935  23.850719  27.502383
P(iso)  24.057345
# -----------------------------------------------------------
$ EPRNMR_ATensor
   description: Hyperfine A tensor
   geom. index: 1
   prop. index: 1
 Number of stored nuclei 25
 Source density: 1 SCF 
 Spin multiplicity: 2 
 Nucleus: 9 H  
 Isotope: 1 
 Nuclear Spin:  0.5 
 Prefactor (MHz): 533.551395 
 Raw A tensor (MHz): 
                  0          1          2    
      0       5.362278   1.472663   0.004929
      1       1.474792   4.366612   0.004440
      2       0.004945   0.004425   2.453542
 A Tensor eigenvectors:
                   0          1          2    
      0      -0.000850  -0.582991  -0.812478
      1      -0.001667   0.812478  -0.582989
      2       0.999998   0.000858  -0.001663
 A Eigenvalues: 
                  0          1          2    
      0       2.453531   3.308904   6.419998
A(iso)  4.060811
 Nucleus: 10 H  
 Isotope: 1 
 Nuclear Spin:  0.5 
 Prefactor (MHz): 533.551395 
 Raw A tensor (MHz): 
                  0          1          2    
      0      -9.867436  -2.136747  -0.004471
      1      -2.147396  -4.157311   0.009769
      2      -0.004522   0.009829  -9.856408
 A Tensor eigenvectors:
                   0          1          2    
      0       0.315743  -0.000995  -0.948844
      1      -0.948843  -0.002087  -0.315741
      2      -0.001666   0.999997  -0.001603
 A Eigenvalues: 
                  0          1          2    
      0      -3.443065  -9.856424 -10.581666
A(iso)  -7.960385
 Nucleus: 12 H  
 Isotope: 1 
 Nuclear Spin:  0.5 
 Prefactor (MHz): 533.551395 
 Raw A tensor (MHz): 
                  0          1          2    
      0      11.947425  -0.669684   0.029670
      1      -0.663893  14.576169   1.258685
      2       0.031360   1.257917  10.699909
 A Tensor eigenvectors:
                   0          1          2    
      0      -0.138395   0.970175  -0.199017
      1      -0.299323   0.150579   0.942195
      2       0.944062   0.189965   0.269556
 A Eigenvalues: 
                  0          1          2    
      0      10.296737  11.850426  15.076341
A(iso)  12.407835
 Nucleus: 13 H  
 Isotope: 1 
 Nuclear Spin:  0.5 
 Prefactor (MHz): 533.551395 
 Raw A tensor (MHz): 
                  0          1          2    
      0      11.953881  -0.668604  -0.032034
      1      -0.662780  14.589779  -1.240685
      2      -0.033726  -1.239987  10.690999
 A Tensor eigenvectors:
                   0          1          2    
      0       0.137491   0.970291  -0.199075
      1       0.294885   0.151772   0.943402
      2       0.945589  -0.188413  -0.265257
 A Eigenvalues: 
                  0          1          2    
      0      10.299659  11.856662  15.078338
A(iso)  12.411553
 Nucleus: 15 H  
 Isotope: 1 
 Nuclear Spin:  0.5 
 Prefactor (MHz): 533.551395 
 Raw A tensor (MHz): 
                  0          1          2    
      0      -0.397974  -0.652119  -0.120284
      1      -0.650197   0.470897   0.323503
      2      -0.119758   0.323184  -0.864965
 A Tensor eigenvectors:
                   0          1          2    
      0       0.881476   0.458390   0.113479
      1       0.416488  -0.867909   0.270687
      2       0.222570  -0.191342  -0.955955
 A Eigenvalues: 
                  0          1          2    
      0      -0.735651   0.885983  -0.942375
A(iso)  -0.264014
 Nucleus: 16 H  
 Isotope: 1 
 Nuclear Spin:  0.5 
 Prefactor (MHz): 533.551395 
 Raw A tensor (MHz): 
                  0          1          2    
      0      -0.397873  -0.652256   0.117341
      1      -0.650327   0.474264  -0.317918
      2       0.116831  -0.317620  -0.867294
 A Tensor eigenvectors:
                   0          1          2    
      0      -0.881569   0.458133   0.113802
      1      -0.417088  -0.868845   0.266734
      2       0.221075   0.187679   0.957028
 A Eigenvalues: 
                  0          1          2    
      0      -0.735082   0.886217  -0.942037
A(iso)  -0.263634
 Nucleus: 18 H  
 Isotope: 1 
 Nuclear Spin:  0.5 
 Prefactor (MHz): 533.551395 
 Raw A tensor (MHz): 
                  0          1          2    
      0      -0.289059  -0.060739  -0.000267
      1      -0.059808   0.840760  -0.193333
      2      -0.000396  -0.193187  -0.355973
 A Tensor eigenvectors:
                   0          1          2    
      0       0.993538   0.101158   0.051475
      1       0.034864   0.159596  -0.986567
      2      -0.108014   0.981986   0.155038
 A Eigenvalues: 
                  0          1          2    
      0      -0.291116  -0.387395   0.874237
A(iso)  0.065242
 Nucleus: 19 H  
 Isotope: 1 
 Nuclear Spin:  0.5 
 Prefactor (MHz): 533.551395 
 Raw A tensor (MHz): 
                  0          1          2    
      0      -0.289009  -0.060857  -0.000315
      1      -0.059933   0.838486   0.199731
      2      -0.000183   0.199577  -0.353665
 A Tensor eigenvectors:
                   0          1          2    
      0       0.993749   0.098990  -0.051618
      1       0.034779   0.164845   0.985706
      2       0.106084  -0.981339   0.160372
 A Eigenvalues: 
                  0          1          2    
      0      -0.291127  -0.387154   0.874093
A(iso)  0.065270
 Nucleus: 21 H  
 Isotope: 1 
 Nuclear Spin:  0.5 
 Prefactor (MHz): 533.551395 
 Raw A tensor (MHz): 
                  0          1          2    
      0      -0.076533  -0.126149   0.015864
      1      -0.125610   0.338088  -0.068678
      2       0.015807  -0.068641  -0.167829
 A Tensor eigenvectors:
                   0          1          2    
      0       0.963617   0.013551   0.266945
      1       0.262741   0.135414  -0.955317
      2      -0.049093   0.990696   0.126927
 A Eigenvalues: 
                  0          1          2    
      0      -0.111598  -0.176994   0.382318
A(iso)  0.031242
 Nucleus: 22 H  
 Isotope: 1 
 Nuclear Spin:  0.5 
 Prefactor (MHz): 533.551395 
 Raw A tensor (MHz): 
                  0          1          2    
      0      -0.076459  -0.126151  -0.016478
      1      -0.125614   0.337397   0.071000
      2      -0.016419   0.070959  -0.167166
 A Tensor eigenvectors:
                   0          1          2    
      0       0.963566   0.013244  -0.267141
      1       0.262751   0.139912   0.954666
      2       0.050020  -0.990075   0.131334
 A Eigenvalues: 
                  0          1          2    
      0      -0.111575  -0.176973   0.382320
A(iso)  0.031257
 Nucleus: 24 H  
 Isotope: 1 
 Nuclear Spin:  0.5 
 Prefactor (MHz): 533.551395 
 Raw A tensor (MHz): 
                  0          1          2    
      0      -3.782888   0.361430   0.063890
      1       0.360954  -3.408352   0.363798
      2       0.063860   0.363477  -4.607203
 A Tensor eigenvectors:
                   0          1          2    
      0       0.476677   0.878026  -0.042994
      1       0.849397  -0.447430   0.279879
      2       0.226505  -0.169931  -0.959072
 A Eigenvalues: 
                  0          1          2    
      0      -3.108761  -3.979268  -4.710413
A(iso)  -3.932814
 Nucleus: 25 H  
 Isotope: 1 
 Nuclear Spin:  0.5 
 Prefactor (MHz): 533.551395 
 Raw A tensor (MHz): 
                  0          1          2    
      0      -3.779309   0.361180  -0.061649
      1       0.360704  -3.400672  -0.356419
      2      -0.061605  -0.356091  -4.608740
 A Tensor eigenvectors:
                   0          1          2    
      0       0.476480   0.878146   0.042739
      1       0.850874  -0.448355  -0.273845
      2      -0.221313   0.166847  -0.960824
 A Eigenvalues: 
                  0          1          2    
      0      -3.105967  -3.975263  -4.707491
A(iso)  -3.929574
 Nucleus: 27 H  
 Isotope: 1 
 Nuclear Spin:  0.5 
 Prefactor (MHz): 533.551395 
 Raw A tensor (MHz): 
                  0          1          2    
      0       0.260982   0.589874  -0.111118
      1       0.587556   1.072921  -0.275648
      2      -0.110603  -0.275460  -0.171526
 A Tensor eigenvectors:
                   0          1          2    
      0       0.888941  -0.057198  -0.454437
      1      -0.431021   0.231158  -0.872231
      2       0.154936   0.971233   0.180832
 A Eigenvalues: 
                  0          1          2    
      0      -0.043428  -0.230594   1.436399
A(iso)  0.387459
 Nucleus: 28 H  
 Isotope: 1 
 Nuclear Spin:  0.5 
 Prefactor (MHz): 533.551395 
 Raw A tensor (MHz): 
                  0          1          2    
      0       0.261481   0.589256   0.114254
      1       0.586937   1.071154   0.282668
      2       0.113736   0.282503  -0.167770
 A Tensor eigenvectors:
                   0          1          2    
      0       0.889018  -0.057699   0.454222
      1      -0.429821   0.236722   0.871331
      2      -0.157799  -0.969863   0.185650
 A Eigenvalues: 
                  0          1          2    
      0      -0.042720  -0.229978   1.437563
A(iso)  0.388288
 Nucleus: 30 H  
 Isotope: 1 
 Nuclear Spin:  0.5 
 Prefactor (MHz): 533.551395 
 Raw A tensor (MHz): 
                  0          1          2    
      0      -0.046583   0.185063   0.025412
      1       0.184473   0.160481   0.082144
      2       0.025285   0.082087  -0.294793
 A Tensor eigenvectors:
                   0          1          2    
      0      -0.868165   0.494976  -0.035893
      1       0.480887   0.856912   0.185603
      2       0.122626   0.143874  -0.981969
 A Eigenvalues: 
                  0          1          2    
      0      -0.152421   0.280923  -0.309397
A(iso)  -0.060298
 Nucleus: 31 H  
 Isotope: 1 
 Nuclear Spin:  0.5 
 Prefactor (MHz): 533.551395 
 Raw A tensor (MHz): 
                  0          1          2    
      0      -0.046372   0.185210  -0.024251
      1       0.184620   0.161577  -0.079364
      2      -0.024123  -0.079301  -0.295628
 A Tensor eigenvectors:
                   0          1          2    
      0       0.868115   0.495052  -0.036059
      1      -0.481668   0.857734   0.179688
      2       0.119884  -0.138621   0.983063
 A Eigenvalues: 
                  0          1          2    
      0      -0.152223   0.281052  -0.309251
A(iso)  -0.060141
 Nucleus: 33 H  
 Isotope: 1 
 Nuclear Spin:  0.5 
 Prefactor (MHz): 533.551395 
 Raw A tensor (MHz): 
                  0          1          2    
      0      -0.108283   0.125964   0.017352
      1       0.125415   0.276363   0.065752
      2       0.017282   0.065713  -0.197348
 A Tensor eigenvectors:
                   0          1          2    
      0       0.959145   0.002910   0.282899
      1      -0.280715   0.134233   0.950358
      2      -0.035209  -0.990946   0.129566
 A Eigenvalues: 
                  0          1          2    
      0      -0.145636  -0.206300   0.322668
A(iso)  -0.009756
 Nucleus: 34 H  
 Isotope: 1 
 Nuclear Spin:  0.5 
 Prefactor (MHz): 533.551395 
 Raw A tensor (MHz): 
                  0          1          2    
      0      -0.108206   0.126082  -0.016736
      1       0.125534   0.276886  -0.063285
      2      -0.016667  -0.063242  -0.197968
 A Tensor eigenvectors:
                   0          1          2    
      0       0.959090   0.003349  -0.283082
      1      -0.281132   0.129016  -0.950957
      2       0.033338   0.991637   0.124679
 A Eigenvalues: 
                  0          1          2    
      0      -0.145596  -0.206253   0.322560
A(iso)  -0.009763
 Nucleus: 36 H  
 Isotope: 1 
 Nuclear Spin:  0.5 
 Prefactor (MHz): 533.551395 
 Raw A tensor (MHz): 
                  0          1          2    
      0      -0.135783  -0.045926  -0.000140
      1      -0.045660   0.292304   0.001201
      2      -0.000139   0.001201  -0.174555
 A Tensor eigenvectors:
                   0          1          2    
      0       0.994421  -0.000644  -0.105482
      1       0.105483   0.002510   0.994418
      2      -0.000376  -0.999997   0.002564
 A Eigenvalues: 
                  0          1          2    
      0      -0.140627  -0.174558   0.297151
A(iso)  -0.006011
 Nucleus: 37 H  
 Isotope: 1 
 Nuclear Spin:  0.5 
 Prefactor (MHz): 533.551395 
 Raw A tensor (MHz): 
                  0          1          2    
      0      -0.055053   0.100011   0.000278
      1       0.099760   0.175544   0.000881
      2       0.000277   0.000882  -0.139168
 A Tensor eigenvectors:
                   0          1          2    
      0       0.936860  -0.000046   0.349704
      1      -0.349703   0.002815   0.936857
      2      -0.001028  -0.999996   0.002622
 A Eigenvalues: 
                  0          1          2    
      0      -0.092303  -0.139171   0.212796
A(iso)  -0.006226
 Nucleus: 44 H  
 Isotope: 1 
 Nuclear Spin:  0.5 
 Prefactor (MHz): 533.551395 
 Raw A tensor (MHz): 
                  0          1          2    
      0      -0.969073  -0.149587   0.000217
      1      -0.149600  -4.797521  -0.003733
      2       0.000217  -0.003733  -3.086559
 A Tensor eigenvectors:
                   0          1          2    
      0       0.999240   0.000255   0.038983
      1      -0.038984   0.002159   0.999238
      2       0.000170  -0.999998   0.002168
 A Eigenvalues: 
                  0          1          2    
      0      -0.963237  -3.086551  -4.803365
A(iso)  -2.951051
 Nucleus: 45 H  
 Isotope: 1 
 Nuclear Spin:  0.5 
 Prefactor (MHz): 533.551395 
 Raw A tensor (MHz): 
                  0          1          2    
      0       1.644709  -0.332301  -0.000401
      1      -0.332246   1.070926   0.000719
      2      -0.000400   0.000720   0.715603
 A Tensor eigenvectors:
                   0          1          2    
      0      -0.000439   0.416237  -0.909256
      1      -0.002434   0.909253   0.416236
      2       0.999997   0.002396   0.000614
 A Eigenvalues: 
