-------------------------------------------------------------
----------------------- !PROPERTIES! ------------------------
-------------------------------------------------------------
# -----------------------------------------------------------
$ PAL_Flags
   description: The PAL Flags
   geom. index: 1
   prop. index: 1
        Diskflag:     2
# -----------------------------------------------------------
$ SCF_Energy
   description: The SCF energy
   geom. index: 1
   prop. index: 1
        SCF Energy:     -928.8442708192
# -----------------------------------------------------------
$ DFT_Energy
   description: The DFT energy
   geom. index: 1
   prop. index: 1
   Number of Alpha Electrons                 85.0001982604 
   Number of Beta  Electrons                 84.0001997960 
   Total number of  Electrons               169.0003980564 
   Exchange energy                         -105.6156312424 
   Correlation energy                        -6.5719244448 
   Correlation energy NL                      0.0000000000 
   Exchange-Correlation energy             -112.1875556872 
   Embedding correction                       0.0000000000 
   Total DFT Energy (No VdW correction)    -928.8442708192 
# -----------------------------------------------------------
$ Mayer_Pop
   description: The Mayer population analysis
   geom. index: 1
   prop. index: 1
     Number of atoms                     : 49
     Threshold for printing              : 0.1000000
     Number of bond orders printed       : 51
  NA   - Mulliken gross atomic population
  ZA   - Total nuclear charge
  QA   - Mulliken gross atomic charge
  VA   - Mayer's total valence
  BVA  - Mayer's bonded valence
  FA   - Mayer's free valence
  ATOM       NA         ZA         QA         VA         BVA        FA
  0   0     6.2752     6.0000    -0.2752     3.1202     3.0192     0.1010
  1   0     6.1012     6.0000    -0.1012     4.1751     4.0993     0.0758
  2   0     5.7087     6.0000     0.2913     2.5015     2.4987     0.0028
  3   0     5.9198     6.0000     0.0802     3.6847     3.6829     0.0018
  4   0     6.0568     6.0000    -0.0568     4.1394     4.1242     0.0152
  5   0     5.9841     6.0000     0.0159     3.8826     3.8783     0.0043
  6   0     6.1674     6.0000    -0.1674     3.8121     3.7821     0.0300
  7   0     6.0639     6.0000    -0.0639     4.1192     4.1161     0.0031
  8   0     5.9522     6.0000     0.0478     3.8937     3.8826     0.0111
  9   0     1.0465     1.0000    -0.0465     1.0054     1.0054     0.0000
 10   0     1.0328     1.0000    -0.0328     1.0089     1.0089     0.0000
 11   0     5.9414     6.0000     0.0586     4.0194     4.0193     0.0001
 12   0     0.9558     1.0000     0.0442     0.9753     0.9752     0.0001
 13   0     0.9559     1.0000     0.0441     0.9752     0.9751     0.0001
 14   0     6.0404     6.0000    -0.0404     4.1105     4.1105     0.0000
 15   0     0.9854     1.0000     0.0146     0.9620     0.9620     0.0000
 16   0     0.9855     1.0000     0.0145     0.9620     0.9620     0.0000
 17   0     6.0244     6.0000    -0.0244     4.1184     4.1184     0.0000
 18   0     0.9887     1.0000     0.0113     0.9680     0.9680     0.0000
 19   0     0.9887     1.0000     0.0113     0.9680     0.9680     0.0000
 20   0     5.9978     6.0000     0.0022     4.0166     4.0166     0.0000
 21   0     0.9839     1.0000     0.0161     0.9770     0.9770     0.0000
 22   0     0.9839     1.0000     0.0161     0.9770     0.9770     0.0000
 23   0     5.9619     6.0000     0.0381     4.0279     4.0279     0.0000
 24   0     0.9663     1.0000     0.0337     0.9689     0.9689     0.0000
 25   0     0.9663     1.0000     0.0337     0.9689     0.9689     0.0000
 26   0     6.0362     6.0000    -0.0362     4.1152     4.1152     0.0000
 27   0     0.9781     1.0000     0.0219     0.9635     0.9635     0.0000
 28   0     0.9782     1.0000     0.0218     0.9635     0.9635     0.0000
 29   0     6.0275     6.0000    -0.0275     4.1191     4.1191     0.0000
 30   0     0.9944     1.0000     0.0056     0.9669     0.9669     0.0000
 31   0     0.9944     1.0000     0.0056     0.9669     0.9669     0.0000
 32   0     5.9968     6.0000     0.0032     4.0173     4.0173     0.0000
 33   0     0.9793     1.0000     0.0207     0.9777     0.9777     0.0000
 34   0     0.9793     1.0000     0.0207     0.9777     0.9777     0.0000
 35   0     5.8383     6.0000     0.1617     2.6306     2.6171     0.0135
 36   0     0.9841     1.0000     0.0159     0.9739     0.9739     0.0000
 37   0     0.9859     1.0000     0.0141     0.9738     0.9738     0.0000
 38   0     6.2650     6.0000    -0.2650     3.9233     3.9228     0.0005
 39   0     5.9632     6.0000     0.0368     3.9939     3.9927     0.0012
 40   0     5.9581     6.0000     0.0419     4.0009     4.0006     0.0003
 41   0     5.9610     6.0000     0.0390     4.0010     3.9994     0.0016
 42   0     5.9582     6.0000     0.0418     4.0006     4.0003     0.0003
 43   0     5.9661     6.0000     0.0339     3.9933     3.9921     0.0012
 44   0     1.0182     1.0000    -0.0182     0.9699     0.9699     0.0000
 45   0     1.0195     1.0000    -0.0195     0.9699     0.9699     0.0000
 46   0     1.0325     1.0000    -0.0325     0.9842     0.9842     0.0000
 47   0     1.0320     1.0000    -0.0320     0.9840     0.9840     0.0000
 48   0     1.0194     1.0000    -0.0194     0.9699     0.9699     0.0000
      Bond orders larger than 0.1000000
           Atom A     A.N. of A          Atom B    A.N. of B              Bond order
                0             6               1            6                2.897384
                1             6               3            6                1.056341
                2             6               6            6                0.923642
                2             6              35            6                1.680272
                2             6              38            6               -0.183992
                3             6               4            6                1.277320
                3             6               8            6                1.276041
                4             6               5            6                1.484530
                4             6              11            6                1.101337
                5             6               6            6                1.330090
                5             6               9            1                0.923819
                6             6               7            6                1.330465
                7             6               8            6                1.494073
                7             6              23            6                1.093732
                8             6              10            1                0.924638
               11             6              12            1                0.892570
               11             6              13            1                0.892501
               11             6              14            6                1.100906
               14             6              15            1                0.928544
               14             6              16            1                0.928536
               14             6              17            6                1.075254
               17             6              18            1                0.941376
               17             6              19            1                0.941377
               17             6              20            6                1.105608
               20             6              21            1                0.966086
               20             6              22            1                0.966085
               20             6              36            1                0.961899
               23             6              24            1                0.896615
               23             6              25            1                0.896650
               23             6              26            6                1.104527
               26             6              27            1                0.929948
               26             6              28            1                0.929947
               26             6              29            6                1.073970
               29             6              30            1                0.941070
               29             6              31            1                0.941071
               29             6              32            6                1.106626
               32             6              33            1                0.966230
               32             6              34            1                0.966235
               32             6              37            1                0.961292
               35             6              38            6                0.952513
               38             6              39            6                1.428806
               38             6              43            6                1.426845
               39             6              40            6                1.474812
               39             6              46            1                0.941660
               40             6              41            6                1.440950
               40             6              48            1                0.938710
               41             6              42            6                1.440372
               41             6              44            1                0.943963
               42             6              43            6                1.474996
               42             6              45            1                0.938705
               43             6              47            1                0.941977
# -----------------------------------------------------------
$ Calculation_Info
   description: Details of the calculation
   geom. index: 1
   prop. index: 1
     Multiplicity:                          2
     Charge:                                0
     number of atoms:                       49
     number of electrons:                   0
     number of frozen core electrons:       1
     number of correlated electrons:        0
     number of basis functions:             461
     number of aux C basis functions:       3164
     number of aux J basis functions:       3164
     number of aux JK basis functions:      3164
     number of aux CABS basis functions:    0
     Total Energy                           -928.844271
# -----------------------------------------------------------
$ SCF_Electric_Properties
   description: The SCF Calculated Electric Properties
   geom. index: 1
   prop. index: 1
       Filename                          : cc-pVDZ_i.scfp 
       Do Dipole Moment Calculation      : true 
       Do Quadrupole Moment Calculation  : false 
       Do Polarizability Calculation     : false 
** Dipole moment part of electric properties **
        Magnitude of dipole moment (Debye) :        9.5101603897
        Electronic Contribution:
                  0    
      0       8.913710
      1      -0.214265
      2       0.002387
        Nuclear Contribution:
                  0    
      0      -5.173547
      1       0.114161
      2       0.004807
        Total Dipole moment:
                  0    
      0       3.740163
      1      -0.100104
      2       0.007194
# -----------------------------------------------------------
$ EPRNMR_GTensor
   description: Electronic g tensor
   geom. index: 1
   prop. index: 1
 Source density: 1 SCF 
 Spin multiplicity: 2 
 raw g tensor: 
                  0          1          2    
      0       2.006968  -0.000073   0.000026
      1      -0.000196   2.003527   0.000002
      2       0.000031   0.000002   2.002211
 g tensor: 
                  0          1          2    
      0      -0.006009   0.039121  -0.999216
      1      -0.002148   0.999232   0.039134
      2       0.999980   0.002381  -0.005920
 G eigenvalues: 
                  0          1          2    
      0       2.002211   2.003522   2.006973
# -----------------------------------------------------------
$ EPRNMR_OrbitalShielding
   description: Orbital contribution to the NMR Shielding tensor (ppm)
   geom. index: 1
   prop. index: 1
 Number of stored nuclei 25
 Source density: 1 SCF 
 Nucleus: 9 H 
 Shielding tensor (ppm): 
                  0          1          2    
      0      27.365671   6.817040   0.023587
      1       5.920592  25.922606   0.021840
      2       0.014037   0.032368  18.852146
 P Tensor eigenvectors:
                   0          1          2    
      0       0.001935  -0.672369  -0.740214
      1      -0.005495   0.740197  -0.672368
      2       0.999983   0.005368  -0.002263
 P Eigenvalues: 
                  0          1          2    
      0      18.852031  20.235531  33.052861
P(iso)  24.046808
 Nucleus: 10 H 
 Shielding tensor (ppm): 
                  0          1          2    
      0      29.898992   1.245121   0.015894
      1       3.995187  25.521067   0.016659
      2       0.035670  -0.009356  19.496137
 P Tensor eigenvectors:
                   0          1          2    
      0      -0.002405   0.401005   0.916073
      1       0.000265  -0.916075   0.401006
      2       0.999997   0.001207   0.002097
 P Eigenvalues: 
                  0          1          2    
      0      19.496073  24.300036  31.120087
P(iso)  24.972065
 Nucleus: 12 H 
 Shielding tensor (ppm): 
                  0          1          2    
      0      30.513450   1.151107   4.194090
      1       0.077911  29.772272  -0.926016
      2       5.350907   0.696703  26.016309
 P Tensor eigenvectors:
                   0          1          2    
      0      -0.529405   0.076382   0.844924
      1       0.071273  -0.988413   0.134011
      2       0.845370   0.131166   0.517827
 P Eigenvalues: 
                  0          1          2    
      0      22.963813  29.744548  33.593671
P(iso)  28.767344
 Nucleus: 13 H 
 Shielding tensor (ppm): 
                  0          1          2    
      0      30.515372   1.183751  -4.166797
      1       0.101076  29.774817   0.944813
      2      -5.315489  -0.644156  26.002310
 P Tensor eigenvectors:
                   0          1          2    
      0       0.527902   0.075369   0.845955
      1      -0.077525  -0.987620   0.136369
      2       0.845760  -0.137572  -0.515524
 P Eigenvalues: 
                  0          1          2    
      0      22.976756  29.751157  33.564586
P(iso)  28.764166
 Nucleus: 15 H 
 Shielding tensor (ppm): 
                  0          1          2    
      0      30.176710   1.589321  -3.463193
      1       1.075641  31.114053   0.164114
      2      -3.565989   1.523930  28.117190
 P Tensor eigenvectors:
                   0          1          2    
      0       0.596405  -0.134773  -0.791288
      1      -0.228370   0.916574  -0.328237
      2       0.769512   0.376468   0.515872
 P Eigenvalues: 
                  0          1          2    
      0      25.120461  31.282209  33.005284
P(iso)  29.802651
 Nucleus: 16 H 
 Shielding tensor (ppm): 
                  0          1          2    
      0      30.163752   1.573042   3.477115
      1       1.055413  31.122674  -0.148095
      2       3.572831  -1.495491  28.118712
 P Tensor eigenvectors:
                   0          1          2    
      0      -0.597797  -0.134971  -0.790204
      1       0.223803   0.918432  -0.326183
      2       0.769773  -0.371841  -0.518829
 P Eigenvalues: 
                  0          1          2    
      0      25.121020  31.279155  33.004961
P(iso)  29.801712
 Nucleus: 18 H 
 Shielding tensor (ppm): 
                  0          1          2    
      0      31.052105   0.403754  -4.651655
      1       0.337554  30.091233  -0.330415
      2      -4.438302  -1.096157  28.375906
 P Tensor eigenvectors:
                   0          1          2    
      0       0.594961  -0.169128  -0.785759
      1       0.063335   0.984436  -0.163936
      2       0.801255   0.047769   0.596413
 P Eigenvalues: 
                  0          1          2    
      0      24.952319  29.997732  34.569194
P(iso)  29.839748
 Nucleus: 19 H 
 Shielding tensor (ppm): 
                  0          1          2    
      0      31.034104   0.376298   4.663454
      1       0.314935  30.082635   0.338673
      2       4.450620   1.110074  28.401830
 P Tensor eigenvectors:
                   0          1          2    
      0      -0.596658  -0.169118  -0.784474
      1      -0.067611   0.984660  -0.160851
      2       0.799643  -0.042934  -0.598939
 P Eigenvalues: 
                  0          1          2    
      0      24.947720  29.996573  34.574276
P(iso)  29.839523
 Nucleus: 21 H 
 Shielding tensor (ppm): 
                  0          1          2    
      0      29.973632  -1.351130   3.821900
      1      -2.283794  30.437745  -2.290681
      2       3.233378  -1.990291  30.521508
 P Tensor eigenvectors:
                   0          1          2    
      0      -0.724659   0.361997   0.586369
      1       0.040723   0.871918  -0.487955
      2       0.687904   0.329722   0.646585
 P Eigenvalues: 
                  0          1          2    
      0      26.703982  28.850102  35.378800
P(iso)  30.310961
 Nucleus: 22 H 
 Shielding tensor (ppm): 
                  0          1          2    
      0      29.989796  -1.335119  -3.830240
      1      -2.271386  30.416184   2.283644
      2      -3.246426   1.988709  30.527104
 P Tensor eigenvectors:
                   0          1          2    
      0      -0.722970   0.363016  -0.587820
      1       0.044593   0.873575   0.484642
      2      -0.689438  -0.324169   0.647757
 P Eigenvalues: 
                  0          1          2    
      0      26.703643  28.850850  35.378591
P(iso)  30.311028
 Nucleus: 24 H 
 Shielding tensor (ppm): 
                  0          1          2    
      0      28.548515  -2.156134   3.134068
      1      -1.583826  31.164797  -0.211013
      2       4.470950   0.956350  25.924213
 P Tensor eigenvectors:
                   0          1          2    
      0      -0.584559   0.521140  -0.621856
      1      -0.159375   0.677758   0.717804
      2       0.795544   0.518707  -0.313133
 P Eigenvalues: 
                  0          1          2    
      0      22.974487  30.041064  32.621975
P(iso)  28.545842
 Nucleus: 25 H 
 Shielding tensor (ppm): 
                  0          1          2    
      0      28.560367  -2.140942  -3.140924
      1      -1.563478  31.166674   0.234120
      2      -4.483393  -0.935460  25.908597
 P Tensor eigenvectors:
                   0          1          2    
      0       0.583385   0.521160  -0.622940
      1       0.155597   0.681062   0.715502
      2       0.797152  -0.514341   0.316231
 P Eigenvalues: 
                  0          1          2    
      0      22.969481  30.042325  32.623832
P(iso)  28.545213
 Nucleus: 27 H 
 Shielding tensor (ppm): 
                  0          1          2    
      0      30.156802  -0.395933   4.067343
      1       0.198207  31.065467  -0.155809
      2       3.855982  -1.493786  27.958366
 P Tensor eigenvectors:
                   0          1          2    
      0      -0.598410  -0.263182   0.756730
      1       0.090467  -0.960663  -0.262568
      2       0.796066  -0.088664   0.598680
 P Eigenvalues: 
                  0          1          2    
      0      24.888482  30.972494  33.319659
P(iso)  29.726878
 Nucleus: 28 H 
 Shielding tensor (ppm): 
                  0          1          2    
      0      30.170583  -0.377248  -4.062774
      1       0.219189  31.057875   0.170873
      2      -3.851954   1.498162  27.949270
 P Tensor eigenvectors:
                   0          1          2    
      0       0.596916  -0.261850   0.758370
      1      -0.093928  -0.961549  -0.258073
      2       0.796786   0.082815  -0.598559
 P Eigenvalues: 
                  0          1          2    
      0      24.887759  30.974647  33.315323
P(iso)  29.725909
 Nucleus: 30 H 
 Shielding tensor (ppm): 
                  0          1          2    
      0      30.558480  -0.493819   4.443827
      1      -0.209695  30.679288   0.496631
      2       4.210782   1.257354  28.195209
 P Tensor eigenvectors:
                   0          1          2    
      0      -0.598519  -0.153952  -0.786177
      1      -0.145086   0.985963  -0.082621
      2       0.787861   0.064613  -0.612454
 P Eigenvalues: 
                  0          1          2    
      0      24.751417  30.798491  33.883069
P(iso)  29.810992
 Nucleus: 31 H 
 Shielding tensor (ppm): 
                  0          1          2    
      0      30.577360  -0.470211  -4.441194
      1      -0.188677  30.688858  -0.484148
      2      -4.209048  -1.246842  28.167202
 P Tensor eigenvectors:
                   0          1          2    
      0       0.596797  -0.153670  -0.787539
      1       0.141220   0.986285  -0.085434
      2       0.789867  -0.060229   0.610313
 P Eigenvalues: 
                  0          1          2    
      0      24.749655  30.799705  33.884061
P(iso)  29.811140
 Nucleus: 33 H 
 Shielding tensor (ppm): 
                  0          1          2    
      0      29.941715  -1.992096  -3.971191
      1      -2.650204  30.362196   2.272994
      2      -3.374412   1.974975  30.450450
 P Tensor eigenvectors:
                   0          1          2    
      0      -0.757900   0.260286  -0.598196
      1      -0.100447   0.859463   0.501233
      2      -0.644591  -0.439971   0.625242
 P Eigenvalues: 
                  0          1          2    
      0      26.490378  28.547165  35.716818
P(iso)  30.251454
 Nucleus: 34 H 
 Shielding tensor (ppm): 
                  0          1          2    
      0      29.922558  -2.007832   3.959806
      1      -2.662189  30.382767  -2.280631
      2       3.359545  -1.983691  30.448574
 P Tensor eigenvectors:
                   0          1          2    
      0       0.759609  -0.259175   0.596509
      1       0.103664  -0.857197  -0.504447
      2      -0.642066  -0.445019   0.624267
 P Eigenvalues: 
                  0          1          2    
      0      26.490661  28.544868  35.718370
P(iso)  30.251300
 Nucleus: 36 H 
 Shielding tensor (ppm): 
                  0          1          2    
      0      28.706729   2.233274   0.010211
      1       3.414885  35.874882   0.030919
      2       0.013642   0.030950  25.590256
 P Tensor eigenvectors:
                   0          1          2    
      0      -0.001460   0.941809   0.336146
      1      -0.002592  -0.336149   0.941805
      2       0.999996   0.000504   0.002932
 P Eigenvalues: 
                  0          1          2    
      0      25.590158  27.728562  36.853146
P(iso)  30.057289
 Nucleus: 37 H 
 Shielding tensor (ppm): 
                  0          1          2    
      0      28.591824   1.760551   0.008546
      1       3.113267  36.078188   0.031485
      2       0.012296   0.029103  25.535251
 P Tensor eigenvectors:
                   0          1          2    
      0      -0.001369   0.955629   0.294569
      1      -0.002561  -0.294572   0.955626
      2       0.999996   0.000554   0.002850
 P Eigenvalues: 
                  0          1          2    
      0      25.535160  27.869448  36.800655
P(iso)  30.068421
 Nucleus: 44 H 
 Shielding tensor (ppm): 
                  0          1          2    
      0      23.897525   0.085486   0.000893
      1       0.082884  27.136706   0.012137
      2       0.000583   0.008023  21.108447
 P Tensor eigenvectors:
                   0          1          2    
      0      -0.000218  -0.999664  -0.025938
      1      -0.001712   0.025938  -0.999662
      2       0.999999  -0.000173  -0.001717
 P Eigenvalues: 
                  0          1          2    
      0      21.108430  23.895338  27.138910
P(iso)  24.047559
 Nucleus: 45 H 
 Shielding tensor (ppm): 
                  0          1          2    
      0      26.979785  -1.530850  -0.001288
      1      -1.502170  24.452471   0.007404
      2       0.002465   0.006407  20.792013
 P Tensor eigenvectors:
                   0          1          2    
      0      -0.000582   0.424426  -0.905462
      1      -0.002153   0.905460   0.424426
      2       0.999998   0.002197   0.000387
 P Eigenvalues: 
                  0          1          2    
      0      20.791998  23.742154  27.690117
P(iso)  24.074757
 Nucleus: 46 H 
 Shielding tensor (ppm): 
                  0          1          2    
      0      26.897625  -3.076221  -0.003692
      1      -2.535490  24.714558   0.008827
      2      -0.008304   0.010713  19.923389
 P Tensor eigenvectors:
                   0          1          2    
      0      -0.000005   0.568874  -0.822425
      1      -0.001987   0.822423   0.568873
      2       0.999998   0.001637   0.001126
 P Eigenvalues: 
                  0          1          2    
      0      19.923369  22.795571  28.816631
P(iso)  23.845190
 Nucleus: 47 H 
 Shielding tensor (ppm): 
                  0          1          2    
      0      27.848131   2.442453   0.006658
      1       1.943279  24.001346   0.010376
      2       0.006475   0.010026  19.703577
 P Tensor eigenvectors:
                   0          1          2    
      0      -0.000184  -0.417054  -0.908882
      1      -0.002280   0.908880  -0.417052
      2       0.999997   0.001995  -0.001118
 P Eigenvalues: 
                  0          1          2    
      0      19.703552  23.008022  28.841479
P(iso)  23.851018
 Nucleus: 48 H 
 Shielding tensor (ppm): 
                  0          1          2    
      0      27.051053   1.212454   0.004228
      1       1.190224  24.300607   0.007242
      2      -0.001282   0.008050  20.797085
 P Tensor eigenvectors:
                   0          1          2    
      0       0.000139  -0.351549  -0.936170
      1      -0.002239   0.936167  -0.351548
      2       0.999997   0.002145  -0.000657
 P Eigenvalues: 
                  0          1          2    
      0      20.797068  23.849795  27.501881
P(iso)  24.049582
# -----------------------------------------------------------
$ EPRNMR_ATensor
   description: Hyperfine A tensor
   geom. index: 1
   prop. index: 1
 Number of stored nuclei 25
 Source density: 1 SCF 
 Spin multiplicity: 2 
 Nucleus: 9 H  
 Isotope: 1 
 Nuclear Spin:  0.5 
 Prefactor (MHz): 533.551395 
 Raw A tensor (MHz): 
                  0          1          2    
      0       5.360140   1.473113   0.004870
      1       1.475244   4.366950   0.004544
      2       0.004886   0.004529   2.452462
 A Tensor eigenvectors:
                   0          1          2    
      0      -0.000773  -0.583335  -0.812231
      1      -0.001779   0.812231  -0.583333
      2       0.999998   0.000994  -0.001666
 A Eigenvalues: 
                  0          1          2    
      0       2.452450   3.307972   6.419129
A(iso)  4.059850
 Nucleus: 10 H  
 Isotope: 1 
 Nuclear Spin:  0.5 
 Prefactor (MHz): 533.551395 
 Raw A tensor (MHz): 
                  0          1          2    
      0      -9.873235  -2.140078  -0.004467
      1      -2.150729  -4.164619   0.009778
      2      -0.004518   0.009838  -9.863189
 A Tensor eigenvectors:
                   0          1          2    
      0       0.316158  -0.000975  -0.948706
      1      -0.948705  -0.002082  -0.316156
      2      -0.001667   0.999997  -0.001583
 A Eigenvalues: 
                  0          1          2    
      0      -3.448221  -9.863205 -10.589616
A(iso)  -7.967014
 Nucleus: 12 H  
 Isotope: 1 
 Nuclear Spin:  0.5 
 Prefactor (MHz): 533.551395 
 Raw A tensor (MHz): 
                  0          1          2    
      0      11.946025  -0.670669   0.029093
      1      -0.664882  14.574231   1.258997
      2       0.030782   1.258229  10.698336
 A Tensor eigenvectors:
                   0          1          2    
      0      -0.138254   0.970129  -0.199339
      1      -0.299415   0.150912   0.942113
      2       0.944053   0.189936   0.269607
 A Eigenvalues: 
                  0          1          2    
      0      10.295027  11.848525  15.075040
A(iso)  12.406197
 Nucleus: 13 H  
 Isotope: 1 
 Nuclear Spin:  0.5 
 Prefactor (MHz): 533.551395 
 Raw A tensor (MHz): 
                  0          1          2    
      0      11.952780  -0.669706  -0.031590
      1      -0.663885  14.588229  -1.240739
      2      -0.033282  -1.240042  10.689511
 A Tensor eigenvectors:
                   0          1          2    
      0       0.137417   0.970230  -0.199426
      1       0.294924   0.152127   0.943333
      2       0.945588  -0.188445  -0.265239
 A Eigenvalues: 
                  0          1          2    
      0      10.298169  11.855054  15.077298
A(iso)  12.410173
 Nucleus: 15 H  
 Isotope: 1 
 Nuclear Spin:  0.5 
 Prefactor (MHz): 533.551395 
 Raw A tensor (MHz): 
                  0          1          2    
      0      -0.397625  -0.652252  -0.120370
      1      -0.650330   0.470460   0.323507
      2      -0.119844   0.323189  -0.864972
 A Tensor eigenvectors:
                   0          1          2    
      0       0.881379   0.458607   0.113364
      1       0.416714  -0.867788   0.270729
      2       0.222534  -0.191374  -0.955957
 A Eigenvalues: 
                  0          1          2    
      0      -0.735586   0.885849  -0.942400
A(iso)  -0.264045
 Nucleus: 16 H  
 Isotope: 1 
 Nuclear Spin:  0.5 
 Prefactor (MHz): 533.551395 
 Raw A tensor (MHz): 
                  0          1          2    
      0      -0.397533  -0.652398   0.117385
      1      -0.650469   0.473870  -0.317850
      2       0.116876  -0.317552  -0.867350
 A Tensor eigenvectors:
                   0          1          2    
      0      -0.881471   0.458347   0.113694
      1      -0.417322  -0.868736   0.266722
      2       0.221021   0.187660   0.957044
 A Eigenvalues: 
                  0          1          2    
      0      -0.735023   0.886087  -0.942077
A(iso)  -0.263671
 Nucleus: 18 H  
 Isotope: 1 
 Nuclear Spin:  0.5 
 Prefactor (MHz): 533.551395 
 Raw A tensor (MHz): 
                  0          1          2    
      0      -0.289049  -0.061038  -0.000225
      1      -0.060108   0.840894  -0.193347
      2      -0.000355  -0.193200  -0.356022
 A Tensor eigenvectors:
                   0          1          2    
      0       0.993523   0.101173   0.051727
      1       0.035111   0.159608  -0.986556
      2      -0.108069   0.981982   0.155022
 A Eigenvalues: 
                  0          1          2    
      0      -0.291136  -0.387443   0.874402
A(iso)  0.065274
 Nucleus: 19 H  
 Isotope: 1 
 Nuclear Spin:  0.5 
 Prefactor (MHz): 533.551395 
 Raw A tensor (MHz): 
                  0          1          2    
      0      -0.288995  -0.061150  -0.000369
      1      -0.060227   0.838599   0.199824
      2      -0.000237   0.199670  -0.353680
 A Tensor eigenvectors:
                   0          1          2    
      0       0.993742   0.098933  -0.051866
      1       0.035027   0.164919   0.985685
      2       0.106070  -0.981333   0.160421
 A Eigenvalues: 
                  0          1          2    
      0      -0.291144  -0.387195   0.874263
A(iso)  0.065308
 Nucleus: 21 H  
 Isotope: 1 
 Nuclear Spin:  0.5 
 Prefactor (MHz): 533.551395 
 Raw A tensor (MHz): 
                  0          1          2    
      0      -0.076470  -0.126254   0.015878
      1      -0.125716   0.338068  -0.068673
      2       0.015821  -0.068637  -0.167852
 A Tensor eigenvectors:
                   0          1          2    
      0       0.963556   0.013541   0.267165
      1       0.262961   0.135405  -0.955257
      2      -0.049111   0.990698   0.126910
 A Eigenvalues: 
                  0          1          2    
      0      -0.111596  -0.177015   0.382358
A(iso)  0.031249
 Nucleus: 22 H  
 Isotope: 1 
 Nuclear Spin:  0.5 
 Prefactor (MHz): 533.551395 
 Raw A tensor (MHz): 
                  0          1          2    
      0      -0.076396  -0.126258  -0.016502
      1      -0.125721   0.337369   0.071025
      2      -0.016443   0.070984  -0.167182
 A Tensor eigenvectors:
                   0          1          2    
      0       0.963505   0.013200  -0.267365
      1       0.262976   0.139953   0.954598
      2       0.050019  -0.990070   0.131374
 A Eigenvalues: 
                  0          1          2    
      0      -0.111574  -0.176996   0.382361
A(iso)  0.031263
 Nucleus: 24 H  
 Isotope: 1 
 Nuclear Spin:  0.5 
 Prefactor (MHz): 533.551395 
 Raw A tensor (MHz): 
                  0          1          2    
      0      -3.785395   0.361535   0.064074
      1       0.361059  -3.410252   0.363811
      2       0.064044   0.363490  -4.609106
 A Tensor eigenvectors:
                   0          1          2    
      0       0.476499   0.878130  -0.042854
      1       0.849476  -0.447293   0.279857
      2       0.226583  -0.169755  -0.959085
 A Eigenvalues: 
                  0          1          2    
      0      -3.110669  -3.981772  -4.712311
A(iso)  -3.934917
 Nucleus: 25 H  
 Isotope: 1 
 Nuclear Spin:  0.5 
 Prefactor (MHz): 533.551395 
 Raw A tensor (MHz): 
                  0          1          2    
      0      -3.781369   0.361308  -0.061859
      1       0.360833  -3.402090  -0.356423
      2      -0.061815  -0.356094  -4.610187
 A Tensor eigenvectors:
                   0          1          2    
      0       0.476305   0.878249   0.042573
      1       0.850953  -0.448228  -0.273807
      2      -0.221388   0.166644  -0.960842
 A Eigenvalues: 
                  0          1          2    
      0      -3.107382  -3.977340  -4.708925
A(iso)  -3.931215
 Nucleus: 27 H  
 Isotope: 1 
 Nuclear Spin:  0.5 
 Prefactor (MHz): 533.551395 
 Raw A tensor (MHz): 
                  0          1          2    
      0       0.260739   0.589650  -0.111076
      1       0.587331   1.073425  -0.275731
      2      -0.110561  -0.275542  -0.171323
 A Tensor eigenvectors:
                   0          1          2    
      0       0.889074  -0.057242  -0.454170
      1      -0.430749   0.231171  -0.872362
      2       0.154927   0.971228   0.180871
 A Eigenvalues: 
                  0          1          2    
      0      -0.043327  -0.230412   1.436580
A(iso)  0.387614
 Nucleus: 28 H  
 Isotope: 1 
 Nuclear Spin:  0.5 
 Prefactor (MHz): 533.551395 
 Raw A tensor (MHz): 
                  0          1          2    
      0       0.261201   0.589042   0.114164
      1       0.586723   1.071673   0.282690
      2       0.113645   0.282525  -0.167632
 A Tensor eigenvectors:
                   0          1          2    
      0       0.889150  -0.057808   0.453949
      1      -0.429535   0.236709   0.871475
      2      -0.157832  -0.969859   0.185639
 A Eigenvalues: 
                  0          1          2    
      0      -0.042650  -0.229834   1.437727
A(iso)  0.388414
 Nucleus: 30 H  
 Isotope: 1 
 Nuclear Spin:  0.5 
 Prefactor (MHz): 533.551395 
 Raw A tensor (MHz): 
                  0          1          2    
      0      -0.046710   0.185087   0.025407
      1       0.184498   0.160530   0.082149
      2       0.025279   0.082092  -0.294797
 A Tensor eigenvectors:
                   0          1          2    
      0      -0.868236   0.494848  -0.035958
      1       0.480749   0.856987   0.185618
      2       0.122668   0.143873  -0.981964
 A Eigenvalues: 
                  0          1          2    
      0      -0.152525   0.280949  -0.309402
A(iso)  -0.060326
 Nucleus: 31 H  
 Isotope: 1 
 Nuclear Spin:  0.5 
 Prefactor (MHz): 533.551395 
 Raw A tensor (MHz): 
                  0          1          2    
      0      -0.046508   0.185229  -0.024258
      1       0.184640   0.161622  -0.079379
      2      -0.024130  -0.079316  -0.295632
 A Tensor eigenvectors:
                   0          1          2    
      0       0.868193   0.494913  -0.036080
      1      -0.481526   0.857810   0.179709
      2       0.119890  -0.138649   0.983058
 A Eigenvalues: 
                  0          1          2    
      0      -0.152332   0.281072  -0.309259
A(iso)  -0.060173
 Nucleus: 33 H  
 Isotope: 1 
 Nuclear Spin:  0.5 
 Prefactor (MHz): 533.551395 
 Raw A tensor (MHz): 
                  0          1          2    
      0      -0.108366   0.125888   0.017334
      1       0.125339   0.276422   0.065749
      2       0.017264   0.065711  -0.197350
 A Tensor eigenvectors:
                   0          1          2    
      0       0.959208   0.002840   0.282688
      1      -0.280496   0.134229   0.950423
      2      -0.035246  -0.990946   0.129550
 A Eigenvalues: 
                  0          1          2    
      0      -0.145666  -0.206301   0.322672
A(iso)  -0.009765
 Nucleus: 34 H  
 Isotope: 1 
 Nuclear Spin:  0.5 
 Prefactor (MHz): 533.551395 
 Raw A tensor (MHz): 
                  0          1          2    
      0      -0.108289   0.126002  -0.016727
      1       0.125454   0.276936  -0.063300
      2      -0.016658  -0.063257  -0.197964
 A Tensor eigenvectors:
                   0          1          2    
      0       0.959153   0.003338  -0.282868
      1      -0.280918   0.129036  -0.951018
      2       0.033325   0.991634   0.124703
 A Eigenvalues: 
                  0          1          2    
      0      -0.145624  -0.206252   0.322558
A(iso)  -0.009773
 Nucleus: 36 H  
 Isotope: 1 
 Nuclear Spin:  0.5 
 Prefactor (MHz): 533.551395 
 Raw A tensor (MHz): 
                  0          1          2    
      0      -0.135775  -0.046028  -0.000143
      1      -0.045762   0.292324   0.001218
      2      -0.000142   0.001218  -0.174580
 A Tensor eigenvectors:
                   0          1          2    
      0       0.994397  -0.000676  -0.105707
      1       0.105709   0.002542   0.994394
      2      -0.000403  -0.999997   0.002599
 A Eigenvalues: 
                  0          1          2    
      0      -0.140640  -0.174583   0.297192
A(iso)  -0.006010
 Nucleus: 37 H  
 Isotope: 1 
 Nuclear Spin:  0.5 
 Prefactor (MHz): 533.551395 
 Raw A tensor (MHz): 
                  0          1          2    
      0      -0.055109   0.099979   0.000275
      1       0.099728   0.175582   0.000877
      2       0.000275   0.000878  -0.139166
 A Tensor eigenvectors:
                   0          1          2    
      0       0.936923  -0.000070   0.349535
      1      -0.349534   0.002808   0.936920
      2      -0.001047  -0.999996   0.002607
 A Eigenvalues: 
                  0          1          2    
      0      -0.092326  -0.139169   0.212802
A(iso)  -0.006231
 Nucleus: 44 H  
 Isotope: 1 
 Nuclear Spin:  0.5 
 Prefactor (MHz): 533.551395 
 Raw A tensor (MHz): 
                  0          1          2    
      0      -0.966695  -0.152612   0.000221
      1      -0.152625  -4.791790  -0.003580
      2       0.000221  -0.003580  -3.082503
 A Tensor eigenvectors:
                   0          1          2    
      0       0.999208   0.000254   0.039802
      1      -0.039803   0.002072   0.999205
      2       0.000171  -0.999998   0.002080
 A Eigenvalues: 
                  0          1          2    
      0      -0.960615  -3.082496  -4.797877
A(iso)  -2.946996
 Nucleus: 45 H  
 Isotope: 1 
 Nuclear Spin:  0.5 
 Prefactor (MHz): 533.551395 
 Raw A tensor (MHz): 
                  0          1          2    
      0       1.640351  -0.331818  -0.000389
      1      -0.331762   1.068799   0.000631
      2      -0.000387   0.000632   0.712432
 A Tensor eigenvectors:
                   0          1          2    
      0      -0.000321   0.416785  -0.909005
      1      -0.002070   0.909003   0.416785
      2       0.999998   0.002016   0.000571
 A Eigenvalues: 
