-------------------------------------------------------------
----------------------- !PROPERTIES! ------------------------
-------------------------------------------------------------
# -----------------------------------------------------------
$ PAL_Flags
   description: The PAL Flags
   geom. index: 1
   prop. index: 1
        Diskflag:     2
# -----------------------------------------------------------
$ SCF_Energy
   description: The SCF energy
   geom. index: 1
   prop. index: 1
        SCF Energy:     -928.9198437453
# -----------------------------------------------------------
$ DFT_Energy
   description: The DFT energy
   geom. index: 1
   prop. index: 1
   Number of Alpha Electrons                 85.0001792476 
   Number of Beta  Electrons                 84.0001865889 
   Total number of  Electrons               169.0003658365 
   Exchange energy                         -105.5065174143 
   Correlation energy                        -6.5725080044 
   Correlation energy NL                      0.0000000000 
   Exchange-Correlation energy             -112.0790254187 
   Embedding correction                       0.0000000000 
   Total DFT Energy (No VdW correction)    -928.9198437453 
# -----------------------------------------------------------
$ Mayer_Pop
   description: The Mayer population analysis
   geom. index: 1
   prop. index: 1
     Number of atoms                     : 49
     Threshold for printing              : 0.1000000
     Number of bond orders printed       : 55
  NA   - Mulliken gross atomic population
  ZA   - Total nuclear charge
  QA   - Mulliken gross atomic charge
  VA   - Mayer's total valence
  BVA  - Mayer's bonded valence
  FA   - Mayer's free valence
  ATOM       NA         ZA         QA         VA         BVA        FA
  0   0     6.5060     6.0000    -0.5060     2.3577     2.2545     0.1032
  1   0     6.1362     6.0000    -0.1362     3.5668     3.4931     0.0737
  2   0     6.3819     6.0000    -0.3819     3.7719     3.7692     0.0027
  3   0     5.5960     6.0000     0.4040     3.8978     3.8958     0.0020
  4   0     5.6780     6.0000     0.3220     3.8620     3.8464     0.0156
  5   0     6.4086     6.0000    -0.4086     4.2795     4.2752     0.0043
  6   0     5.4528     6.0000     0.5472     3.9066     3.8767     0.0299
  7   0     5.7422     6.0000     0.2578     3.9327     3.9297     0.0030
  8   0     6.3604     6.0000    -0.3604     4.3059     4.2953     0.0106
  9   0     0.8611     1.0000     0.1389     0.9649     0.9649     0.0000
 10   0     0.8478     1.0000     0.1522     0.9622     0.9622     0.0000
 11   0     6.3733     6.0000    -0.3733     4.0512     4.0511     0.0001
 12   0     0.8330     1.0000     0.1670     0.9611     0.9611     0.0000
 13   0     0.8331     1.0000     0.1669     0.9611     0.9611     0.0000
 14   0     6.2699     6.0000    -0.2699     4.0141     4.0141     0.0000
 15   0     0.8602     1.0000     0.1398     0.9661     0.9661     0.0000
 16   0     0.8601     1.0000     0.1399     0.9660     0.9660     0.0000
 17   0     6.2611     6.0000    -0.2611     3.8888     3.8888     0.0000
 18   0     0.8511     1.0000     0.1489     0.9661     0.9661     0.0000
 19   0     0.8511     1.0000     0.1489     0.9661     0.9661     0.0000
 20   0     6.5116     6.0000    -0.5116     3.8994     3.8994     0.0000
 21   0     0.8414     1.0000     0.1586     0.9654     0.9654     0.0000
 22   0     0.8414     1.0000     0.1586     0.9654     0.9654     0.0000
 23   0     6.3580     6.0000    -0.3580     4.0151     4.0151     0.0000
 24   0     0.8455     1.0000     0.1545     0.9629     0.9629     0.0000
 25   0     0.8456     1.0000     0.1544     0.9629     0.9629     0.0000
 26   0     6.2686     6.0000    -0.2686     4.0205     4.0205     0.0000
 27   0     0.8543     1.0000     0.1457     0.9657     0.9657     0.0000
 28   0     0.8543     1.0000     0.1457     0.9657     0.9657     0.0000
 29   0     6.2641     6.0000    -0.2641     3.8967     3.8967     0.0000
 30   0     0.8562     1.0000     0.1438     0.9666     0.9666     0.0000
 31   0     0.8562     1.0000     0.1438     0.9666     0.9666     0.0000
 32   0     6.5083     6.0000    -0.5083     3.9021     3.9021     0.0000
 33   0     0.8380     1.0000     0.1620     0.9647     0.9647     0.0000
 34   0     0.8380     1.0000     0.1620     0.9647     0.9647     0.0000
 35   0     6.2735     6.0000    -0.2735     3.9361     3.9222     0.0139
 36   0     0.8521     1.0000     0.1479     0.9663     0.9663     0.0000
 37   0     0.8552     1.0000     0.1448     0.9667     0.9667     0.0000
 38   0     5.4195     6.0000     0.5805     3.9315     3.9310     0.0005
 39   0     6.2702     6.0000    -0.2702     4.1928     4.1916     0.0012
 40   0     6.0976     6.0000    -0.0976     4.0982     4.0979     0.0003
 41   0     6.1115     6.0000    -0.1115     4.0777     4.0761     0.0016
 42   0     6.1008     6.0000    -0.1008     4.1015     4.1012     0.0003
 43   0     6.2642     6.0000    -0.2642     4.1810     4.1798     0.0012
 44   0     0.8861     1.0000     0.1139     0.9568     0.9568     0.0000
 45   0     0.8871     1.0000     0.1129     0.9604     0.9604     0.0000
 46   0     0.8747     1.0000     0.1253     0.9592     0.9592     0.0000
 47   0     0.8754     1.0000     0.1246     0.9593     0.9593     0.0000
 48   0     0.8870     1.0000     0.1130     0.9605     0.9605     0.0000
      Bond orders larger than 0.1000000
           Atom A     A.N. of A          Atom B    A.N. of B              Bond order
                0             6               1            6                2.036168
                1             6               3            6                1.085511
                1             6               8            6                0.112972
                2             6               6            6                0.858266
                2             6              35            6                2.433688
                3             6               4            6                1.257596
                3             6               5            6                0.102958
                3             6               8            6                1.330885
                4             6               5            6                1.496349
                4             6               6            6                0.106474
                4             6              11            6                0.963159
                5             6               6            6                1.381600
                5             6               9            1                0.964583
                6             6               7            6                1.311873
                6             6               8            6                0.140024
                6             6              35            6                0.116982
                7             6               8            6                1.511817
                7             6              23            6                0.966793
                8             6              10            1                0.960348
               11             6              12            1                0.951856
               11             6              13            1                0.951711
               11             6              14            6                1.014866
               14             6              15            1                0.961523
               14             6              16            1                0.961619
               14             6              17            6                0.989052
               17             6              18            1                0.970076
               17             6              19            1                0.970102
               17             6              20            6                0.953947
               20             6              21            1                0.973145
               20             6              22            1                0.973144
               20             6              36            1                0.967129
               23             6              24            1                0.955222
               23             6              25            1                0.955354
               23             6              26            6                1.023893
               26             6              27            1                0.960415
               26             6              28            1                0.960432
               26             6              29            6                0.986644
               29             6              30            1                0.971687
               29             6              31            1                0.971652
               29             6              32            6                0.957542
               32             6              33            1                0.972126
               32             6              34            1                0.972136
               32             6              37            1                0.966730
               35             6              38            6                1.023416
               38             6              39            6                1.379075
               38             6              43            6                1.374927
               39             6              40            6                1.484063
               39             6              46            1                0.978796
               40             6              41            6                1.449969
               40             6              48            1                0.971966
               41             6              42            6                1.452809
               41             6              44            1                0.962369
               42             6              43            6                1.483573
               42             6              45            1                0.972798
               43             6              47            1                0.976878
# -----------------------------------------------------------
$ Calculation_Info
   description: Details of the calculation
   geom. index: 1
   prop. index: 1
     Multiplicity:                          2
     Charge:                                0
     number of atoms:                       49
     number of electrons:                   0
     number of frozen core electrons:       1
     number of correlated electrons:        0
     number of basis functions:             583
     number of aux C basis functions:       4070
     number of aux J basis functions:       4070
     number of aux JK basis functions:      4070
     number of aux CABS basis functions:    0
     Total Energy                           -928.919844
# -----------------------------------------------------------
$ SCF_Electric_Properties
   description: The SCF Calculated Electric Properties
   geom. index: 1
   prop. index: 1
       Filename                          : EPRII.scfp 
       Do Dipole Moment Calculation      : true 
       Do Quadrupole Moment Calculation  : false 
       Do Polarizability Calculation     : false 
** Dipole moment part of electric properties **
        Magnitude of dipole moment (Debye) :       10.0919785507
        Electronic Contribution:
                  0    
      0       9.156484
      1      -0.229206
      2      -0.008367
        Nuclear Contribution:
                  0    
      0      -5.187509
      1       0.122694
      2       0.015078
        Total Dipole moment:
                  0    
      0       3.968975
      1      -0.106512
      2       0.006711
# -----------------------------------------------------------
$ EPRNMR_GTensor
   description: Electronic g tensor
   geom. index: 1
   prop. index: 1
 Source density: 1 SCF 
 Spin multiplicity: 2 
 raw g tensor: 
                  0          1          2    
      0       2.006942   0.000006   0.000023
      1       0.000064   2.003726   0.000003
      2       0.000026   0.000003   2.002365
 g tensor: 
                  0          1          2    
      0      -0.005370  -0.010905  -0.999926
      1      -0.001949   0.999939  -0.010894
      2       0.999984   0.001891  -0.005391
 G eigenvalues: 
                  0          1          2    
      0       2.002365   2.003726   2.006943
# -----------------------------------------------------------
$ EPRNMR_OrbitalShielding
   description: Orbital contribution to the NMR Shielding tensor (ppm)
   geom. index: 1
   prop. index: 1
 Number of stored nuclei 25
 Source density: 1 SCF 
 Nucleus: 9 H 
 Shielding tensor (ppm): 
                  0          1          2    
      0      35.922228 158.500710   0.271453
      1     -173.547676 130.420646  -0.086091
      2      -0.417960   0.106748 124.521252
 P Tensor eigenvectors:
                   0          1          2    
      0      -0.000260   0.806762  -0.590876
      1      -0.001859   0.590875   0.806761
      2       0.999998   0.001309   0.001346
 P Eigenvalues: 
                  0          1          2    
      0     124.521259  61.741938 104.600929
P(iso)  96.954709
 Nucleus: 10 H 
 Shielding tensor (ppm): 
                  0          1          2    
      0      34.216414 -159.853267  -0.374617
      1       7.530359  26.686185  -0.078367
      2      -0.027515  -0.115055  33.994813
 P Tensor eigenvectors:
                   0          1          2    
      0       0.980225   0.002939  -0.197863
      1       0.197855   0.002762   0.980227
      2       0.003427  -0.999992   0.002126
 P Eigenvalues: 
                  0          1          2    
      0       4.378220  33.995238  56.523953
P(iso)  31.632470
 Nucleus: 12 H 
 Shielding tensor (ppm): 
                  0          1          2    
      0      68.748878 -89.749480 286.766406
      1     180.814412  -9.719358 216.770508
      2     -193.346161 -160.457507  24.639854
 P Tensor eigenvectors:
                   0          1          2    
      0      -0.526627   0.696409   0.487523
      1       0.747863   0.652206  -0.123804
      2       0.404184  -0.299402   0.864288
 P Eigenvalues: 
                  0          1          2    
      0     -21.072596  42.303445  62.438526
P(iso)  27.889791
 Nucleus: 13 H 
 Shielding tensor (ppm): 
                  0          1          2    
      0      68.914941 -88.956509 -286.684503
      1     180.614136  -9.589173 -216.254519
      2     193.926231 159.940282  24.103787
 P Tensor eigenvectors:
                   0          1          2    
      0      -0.525490   0.695458  -0.490101
      1       0.749369   0.651106   0.120446
      2      -0.402873   0.303974   0.863304
 P Eigenvalues: 
                  0          1          2    
      0     -21.172124  42.242718  62.358961
P(iso)  27.809852
 Nucleus: 15 H 
 Shielding tensor (ppm): 
                  0          1          2    
      0      53.975976 250.503007 212.023000
      1     -308.818999 109.681372 325.700915
      2     -158.478224 -237.555020 136.927248
 P Tensor eigenvectors:
                   0          1          2    
      0      -0.679865   0.462288  -0.569274
      1       0.392612   0.885107   0.249882
      2      -0.619386   0.053618   0.783253
 P Eigenvalues: 
                  0          1          2    
      0     111.064364  79.503845 110.016387
P(iso)  100.194866
 Nucleus: 16 H 
 Shielding tensor (ppm): 
                  0          1          2    
      0      54.029256 250.601747 -211.526593
      1     -308.372038 109.913233 -326.862427
      2     157.366394 238.265342 136.356199
 P Tensor eigenvectors:
                   0          1          2    
      0      -0.681686   0.462614   0.566827
      1       0.390734   0.885186  -0.252531
      2       0.618572  -0.049332   0.784178
 P Eigenvalues: 
                  0          1          2    
      0     110.873851  79.465709 109.959128
P(iso)  100.099563
 Nucleus: 18 H 
 Shielding tensor (ppm): 
                  0          1          2    
      0      38.316985 -206.584165 -261.193587
      1     327.743835 -17.278640 -402.387836
      2     177.231843 292.461009 -20.377112
 P Tensor eigenvectors:
                   0          1          2    
      0      -0.701745   0.425172  -0.571649
      1       0.449402   0.886791   0.107887
      2      -0.552803   0.181191   0.813375
 P Eigenvalues: 
                  0          1          2    
      0     -34.319060  14.220612  20.759681
P(iso)  0.220411
 Nucleus: 19 H 
 Shielding tensor (ppm): 
                  0          1          2    
      0      38.133244 -206.529498 260.962928
      1     326.895962 -17.591394 403.844859
      2     -176.115018 -293.454322 -19.582623
 P Tensor eigenvectors:
                   0          1          2    
      0      -0.703828   0.426049   0.568426
      1       0.447667   0.887314  -0.110760
      2       0.551562  -0.176510   0.815245
 P Eigenvalues: 
                  0          1          2    
      0     -34.198929  14.294721  20.863435
P(iso)  0.319742
 Nucleus: 21 H 
 Shielding tensor (ppm): 
                  0          1          2    
      0      -2.816603 378.565809 -186.601177
      1     -448.984564  84.313030 -463.499910
      2     135.267822 334.476066  54.754933
 P Tensor eigenvectors:
                   0          1          2    
      0      -0.684133  -0.390647   0.615919
      1       0.256302  -0.919375  -0.298426
      2       0.682840  -0.046302   0.729099
 P Eigenvalues: 
                  0          1          2    
      0      43.498172  39.241356  53.511832
P(iso)  45.417120
 Nucleus: 22 H 
 Shielding tensor (ppm): 
                  0          1          2    
      0      -2.827883 379.278776 187.589484
      1     -450.530194  83.952055 461.781866
      2     -136.872711 -332.917370  55.595893
 P Tensor eigenvectors:
                   0          1          2    
      0      -0.681380  -0.390554  -0.619023
      1       0.258419  -0.919641   0.295768
      2      -0.684793   0.041563   0.727552
 P Eigenvalues: 
                  0          1          2    
      0      43.771015  39.326154  53.622896
P(iso)  45.573355
 Nucleus: 24 H 
 Shielding tensor (ppm): 
                  0          1          2    
      0      66.329605 -130.462461 -15.228780
      1     190.050418  98.322460 227.603004
      2      18.985474 -167.543826 122.175992
 P Tensor eigenvectors:
                   0          1          2    
      0       0.801578   0.038299   0.596662
      1      -0.066925  -0.985927   0.153196
      2      -0.594133   0.162730   0.787734
 P Eigenvalues: 
                  0          1          2    
      0      83.588699  87.044665 116.194693
P(iso)  95.609352
 Nucleus: 25 H 
 Shielding tensor (ppm): 
                  0          1          2    
      0      66.341631 -130.741313  14.417888
      1     190.446473  98.675809 -227.474944
      2     -17.965384 167.181310 121.847793
 P Tensor eigenvectors:
                   0          1          2    
      0       0.800816   0.038518  -0.597671
      1      -0.070366  -0.984967  -0.157761
      2       0.594763  -0.168393   0.786067
 P Eigenvalues: 
                  0          1          2    
      0      83.605958  87.042369 116.216905
P(iso)  95.621744
 Nucleus: 27 H 
 Shielding tensor (ppm): 
                  0          1          2    
      0      53.003003 166.291034  91.942691
      1     -265.367938  46.480682 -334.935509
      2     -58.109276 244.375210  63.201474
 P Tensor eigenvectors:
                   0          1          2    
      0       0.765725   0.209672   0.608032
      1       0.255117  -0.966834   0.012118
      2      -0.590407  -0.145841   0.793820
 P Eigenvalues: 
                  0          1          2    
      0      35.123567  53.403779  74.157813
P(iso)  54.228386
 Nucleus: 28 H 
 Shielding tensor (ppm): 
                  0          1          2    
      0      53.082173 167.336590 -90.955579
      1     -266.439160  45.953233 334.148038
      2      56.546685 -244.037158  63.648294
 P Tensor eigenvectors:
                   0          1          2    
      0       0.764323   0.209316  -0.609916
      1       0.251721  -0.967657  -0.016643
      2       0.593673   0.140808   0.792291
 P Eigenvalues: 
                  0          1          2    
      0      35.140390  53.397194  74.146116
P(iso)  54.227900
 Nucleus: 30 H 
 Shielding tensor (ppm): 
                  0          1          2    
      0      36.633801 -277.935879 -16.879999
      1     378.967334  63.409078 411.915508
      2      20.677512 -299.227207  63.200333
 P Tensor eigenvectors:
                   0          1          2    
      0      -0.737993   0.073853  -0.670755
      1      -0.014083  -0.995462  -0.094110
      2       0.674662   0.060007  -0.735684
 P Eigenvalues: 
                  0          1          2    
      0      46.819945  49.120165  67.303102
P(iso)  54.414404
 Nucleus: 31 H 
 Shielding tensor (ppm): 
                  0          1          2    
      0      36.658081 -278.799543  15.208345
      1     380.173494  64.075773 -410.850594
      2     -18.492284 298.412731  62.549679
 P Tensor eigenvectors:
                   0          1          2    
      0       0.736162   0.074063  -0.672741
      1       0.010116  -0.995087  -0.098481
      2       0.676730  -0.065693   0.733294
 P Eigenvalues: 
                  0          1          2    
      0      46.867506  49.113478  67.302548
P(iso)  54.427844
 Nucleus: 33 H 
 Shielding tensor (ppm): 
                  0          1          2    
      0      -3.691542 244.108703 -69.608593
      1     -354.285430  31.212131 469.881857
      2      48.725590 -341.222278  -3.204236
 P Tensor eigenvectors:
                   0          1          2    
      0       0.797121   0.050813  -0.601678
      1       0.132994  -0.986757   0.092860
      2       0.588992   0.154040   0.793322
 P Eigenvalues: 
                  0          1          2    
      0     -14.311526  16.109906  22.517973
P(iso)  8.105451
 Nucleus: 34 H 
 Shielding tensor (ppm): 
                  0          1          2    
      0      -3.795165 242.494928  71.085412
      1     -352.337014  31.978987 -470.935413
      2     -50.811479 342.296967  -3.928746
 P Tensor eigenvectors:
                   0          1          2    
      0       0.799202   0.051353   0.598864
      1       0.136482  -0.985823  -0.097604
      2      -0.585362  -0.159740   0.794881
 P Eigenvalues: 
                  0          1          2    
      0     -14.363281  16.105537  22.512821
P(iso)  8.085026
 Nucleus: 36 H 
 Shielding tensor (ppm): 
                  0          1          2    
      0     -107.009523  39.019386   0.368496
      1     111.410330  16.496435   1.029807
      2       0.100244  -0.075966 -143.516992
 P Tensor eigenvectors:
                   0          1          2    
      0      -0.104196   0.015648   0.994434
      1      -0.994553  -0.004193  -0.104143
      2       0.002540  -0.999869   0.016000
 P Eigenvalues: 
                  0          1          2    
      0      30.740840 -143.518444 -121.252475
P(iso)  -78.010026
 Nucleus: 37 H 
 Shielding tensor (ppm): 
                  0          1          2    
      0     -109.655372 -294.480947  -0.898920
      1     360.310914  60.752431   1.177624
      2       1.069234  -0.112392 -96.931270
 P Tensor eigenvectors:
                   0          1          2    
      0      -0.001944  -0.534404  -0.845227
      1      -0.002985   0.845228  -0.534398
      2       0.999994   0.001484  -0.003238
 P Eigenvalues: 
                  0          1          2    
      0     -96.933042 -17.648008 -31.253161
P(iso)  -48.611404
 Nucleus: 44 H 
 Shielding tensor (ppm): 
                  0          1          2    
      0      40.414160 -24.624077   0.040425
      1       4.069573 -246.273179  -0.143372
      2       0.037766  -0.149007 -172.621579
 P Tensor eigenvectors:
                   0          1          2    
      0       0.999440   0.000059  -0.033453
      1       0.033453   0.001912   0.999438
      2       0.000123  -0.999998   0.001909
 P Eigenvalues: 
                  0          1          2    
      0      39.406108 -172.621295 -245.265411
P(iso)  -126.160199
 Nucleus: 45 H 
 Shielding tensor (ppm): 
                  0          1          2    
      0      12.386878 552.661104   1.082966
      1     -306.052041 -100.209635  -0.107687
      2      -0.558731   0.105180 -84.144401
 P Tensor eigenvectors:
                   0          1          2    
      0      -0.000248  -0.986713  -0.162473
      1      -0.001917   0.162473  -0.986711
      2       0.999998   0.000067  -0.001932
 P Eigenvalues: 
                  0          1          2    
      0     -84.144462 -30.120369 -57.702328
P(iso)  -57.322386
 Nucleus: 46 H 
 Shielding tensor (ppm): 
                  0          1          2    
      0       5.683265 -527.798755  -1.076161
      1     363.097951 159.129100   0.186961
      2       0.691789  -0.028496 105.734020
 P Tensor eigenvectors:
                   0          1          2    
      0      -0.000214  -0.960067  -0.279769
      1      -0.001992   0.279769  -0.960065
      2       0.999998   0.000352  -0.001972
 P Eigenvalues: 
                  0          1          2    
      0     105.733923  61.931917 102.880544
P(iso)  90.182128
 Nucleus: 47 H 
 Shielding tensor (ppm): 
                  0          1          2    
      0      15.517436 514.561297   0.889966
      1     -326.333403 142.392179  -0.028187
      2      -0.580009   0.215259  99.589642
 P Tensor eigenvectors:
                   0          1          2    
      0      -0.000347   0.979318  -0.202329
      1      -0.001776   0.202328   0.979316
      2       0.999998   0.000699   0.001669
 P Eigenvalues: 
                  0          1          2    
      0      99.589443  58.007561  99.902253
P(iso)  85.833086
 Nucleus: 48 H 
 Shielding tensor (ppm): 
                  0          1          2    
      0      -2.874201 -582.581394  -1.083141
      1     325.001079 -77.899037   0.070444
      2       0.626013  -0.142693 -78.367648
 P Tensor eigenvectors:
                   0          1          2    
      0      -0.000218  -0.995267   0.097177
      1      -0.001892  -0.097177  -0.995265
      2       0.999998  -0.000401  -0.001861
 P Eigenvalues: 
                  0          1          2    
      0     -78.367513 -28.495265 -52.278108
P(iso)  -53.046962
# -----------------------------------------------------------
$ EPRNMR_ATensor
   description: Hyperfine A tensor
   geom. index: 1
   prop. index: 1
 Number of stored nuclei 25
 Source density: 1 SCF 
 Spin multiplicity: 2 
 Nucleus: 9 H  
 Isotope: 1 
 Nuclear Spin:  0.5 
 Prefactor (MHz): 533.551395 
 Raw A tensor (MHz): 
                  0          1          2    
      0       5.680671   1.510814   0.005090
      1       1.512718   4.653633   0.004482
      2       0.005102   0.004468   2.755624
 A Tensor eigenvectors:
                   0          1          2    
      0      -0.000883  -0.582318  -0.812960
      1      -0.001659   0.812961  -0.582316
      2       0.999998   0.000834  -0.001684
 A Eigenvalues: 
                  0          1          2    
      0       2.755612   3.570550   6.763765
A(iso)  4.363309
 Nucleus: 10 H  
 Isotope: 1 
 Nuclear Spin:  0.5 
 Prefactor (MHz): 533.551395 
 Raw A tensor (MHz): 
                  0          1          2    
      0     -10.390680  -2.100205  -0.005412
      1      -2.110914  -4.604685   0.009764
      2      -0.005458   0.009816 -10.333339
 A Tensor eigenvectors:
                   0          1          2    
      0      -0.308836  -0.002213   0.951113
      1       0.951114  -0.002515   0.308831
      2       0.001709   0.999994   0.002881
 A Eigenvalues: 
                  0          1          2    
      0      -3.919565 -10.333351 -11.075788
A(iso)  -8.442901
 Nucleus: 12 H  
 Isotope: 1 
 Nuclear Spin:  0.5 
 Prefactor (MHz): 533.551395 
 Raw A tensor (MHz): 
                  0          1          2    
      0      14.218609  -0.640121   0.071736
      1      -0.634701  16.759672   1.238052
      2       0.073348   1.237384  12.932183
 A Tensor eigenvectors:
                   0          1          2    
      0      -0.153084   0.969092  -0.193457
      1      -0.298750   0.141220   0.943825
      2       0.941973   0.202280   0.267898
 A Eigenvalues: 
                  0          1          2    
      0      12.528092  14.141337  17.241035
A(iso)  14.636822
 Nucleus: 13 H  
 Isotope: 1 
 Nuclear Spin:  0.5 
 Prefactor (MHz): 533.551395 
 Raw A tensor (MHz): 
                  0          1          2    
      0      14.198747  -0.640505  -0.073567
      1      -0.635054  16.751537  -1.219110
      2      -0.075166  -1.218501  12.892810
 A Tensor eigenvectors:
                   0          1          2    
      0       0.151744   0.969225  -0.193847
      1       0.293621   0.143064   0.945156
      2       0.943801  -0.200339  -0.262876
 A Eigenvalues: 
                  0          1          2    
      0      12.501911  14.120456  17.220728
A(iso)  14.614365
 Nucleus: 15 H  
 Isotope: 1 
 Nuclear Spin:  0.5 
 Prefactor (MHz): 533.551395 
 Raw A tensor (MHz): 
                  0          1          2    
      0      -0.418745  -0.647379  -0.116488
      1      -0.645505   0.450806   0.321745
      2      -0.115928   0.321450  -0.886504
 A Tensor eigenvectors:
                   0          1          2    
      0       0.881743   0.456717   0.118060
      1       0.413845  -0.869048   0.271085
      2       0.226409  -0.190169  -0.955288
 A Eigenvalues: 
                  0          1          2    
      0      -0.751708   0.860705  -0.963439
A(iso)  -0.284814
 Nucleus: 16 H  
 Isotope: 1 
 Nuclear Spin:  0.5 
 Prefactor (MHz): 533.551395 
 Raw A tensor (MHz): 
                  0          1          2    
      0      -0.419939  -0.647332   0.114244
      1      -0.645452   0.453861  -0.317623
      2       0.113694  -0.317346  -0.889266
 A Tensor eigenvectors:
                   0          1          2    
      0       0.882097   0.456082  -0.117872
      1       0.414049  -0.869994  -0.267721
      2      -0.224651   0.187351  -0.956259
 A Eigenvalues: 
                  0          1          2    
      0      -0.752095   0.860891  -0.964140
A(iso)  -0.285115
 Nucleus: 18 H  
 Isotope: 1 
 Nuclear Spin:  0.5 
 Prefactor (MHz): 533.551395 
 Raw A tensor (MHz): 
                  0          1          2    
      0      -0.285862  -0.058394   0.001984
      1      -0.057581   0.829355  -0.192073
      2       0.001863  -0.191925  -0.353945
 A Tensor eigenvectors:
                   0          1          2    
      0       0.995968   0.074192   0.050426
      1       0.038080   0.159301  -0.986495
      2      -0.081223   0.984438   0.155834
 A Eigenvalues: 
                  0          1          2    
      0      -0.288216  -0.384851   0.862615
A(iso)  0.063183
 Nucleus: 19 H  
 Isotope: 1 
 Nuclear Spin:  0.5 
 Prefactor (MHz): 533.551395 
 Raw A tensor (MHz): 
                  0          1          2    
      0      -0.285794  -0.058785  -0.002549
      1      -0.057976   0.826870   0.198055
      2      -0.002426   0.197899  -0.351677
 A Tensor eigenvectors:
                   0          1          2    
      0       0.996080   0.072397  -0.050829
      1       0.038352   0.164351   0.985656
      2       0.079712  -0.983742   0.160930
 A Eigenvalues: 
                  0          1          2    
      0      -0.288221  -0.384550   0.862170
A(iso)  0.063133
 Nucleus: 21 H  
 Isotope: 1 
 Nuclear Spin:  0.5 
 Prefactor (MHz): 533.551395 
 Raw A tensor (MHz): 
                  0          1          2    
      0      -0.075341  -0.124411   0.015584
      1      -0.123939   0.336765  -0.068125
      2       0.015513  -0.068086  -0.166677
 A Tensor eigenvectors:
                   0          1          2    
      0       0.964073   0.013407   0.265300
      1       0.261152   0.134953  -0.955818
      2      -0.048618   0.990761   0.126603
 A Eigenvalues: 
                  0          1          2    
      0      -0.109706  -0.175740   0.380194
A(iso)  0.031583
 Nucleus: 22 H  
 Isotope: 1 
 Nuclear Spin:  0.5 
 Prefactor (MHz): 533.551395 
 Raw A tensor (MHz): 
                  0          1          2    
      0      -0.075358  -0.124500  -0.016055
      1      -0.124030   0.335933   0.069946
      2      -0.015981   0.069903  -0.166319
 A Tensor eigenvectors:
                   0          1          2    
      0       0.963959   0.013485  -0.265708
      1       0.261364   0.138611   0.955236
      2       0.049712  -0.990255   0.130091
 A Eigenvalues: 
                  0          1          2    
      0      -0.109821  -0.175885   0.379962
A(iso)  0.031419
 Nucleus: 24 H  
 Isotope: 1 
 Nuclear Spin:  0.5 
 Prefactor (MHz): 533.551395 
 Raw A tensor (MHz): 
                  0          1          2    
      0      -4.249791   0.358291   0.057739
      1       0.357987  -3.853749   0.368229
      2       0.057710   0.367932  -5.067952
 A Tensor eigenvectors:
                   0          1          2    
      0       0.464632   0.884144  -0.049067
      1       0.855905  -0.434204   0.280879
      2       0.227032  -0.172502  -0.958488
 A Eigenvalues: 
                  0          1          2    
      0      -3.561754  -4.436917  -5.172821
A(iso)  -4.390497
 Nucleus: 25 H  
 Isotope: 1 
 Nuclear Spin:  0.5 
 Prefactor (MHz): 533.551395 
 Raw A tensor (MHz): 
                  0          1          2    
      0      -4.243846   0.358217  -0.055299
      1       0.357912  -3.843171  -0.360141
      2      -0.055258  -0.359839  -5.067008
 A Tensor eigenvectors:
                   0          1          2    
      0       0.464454   0.884242   0.048977
      1       0.857477  -0.435193  -0.274483
      2      -0.221395   0.169481  -0.960344
 A Eigenvalues: 
                  0          1          2    
      0      -3.556337  -4.430648  -5.167041
A(iso)  -4.384675
 Nucleus: 27 H  
 Isotope: 1 
 Nuclear Spin:  0.5 
 Prefactor (MHz): 533.551395 
 Raw A tensor (MHz): 
                  0          1          2    
      0       0.335563   0.575193  -0.108144
      1       0.572940   1.131972  -0.271714
      2      -0.107598  -0.271532  -0.098689
 A Tensor eigenvectors:
                   0          1          2    
      0       0.889970  -0.051110  -0.453146
      1      -0.431415   0.227626  -0.872965
      2       0.147764   0.972406   0.180531
 A Eigenvalues: 
                  0          1          2    
      0       0.039746  -0.156670   1.485770
A(iso)  0.456282
 Nucleus: 28 H  
 Isotope: 1 
 Nuclear Spin:  0.5 
 Prefactor (MHz): 533.551395 
 Raw A tensor (MHz): 
                  0          1          2    
      0       0.335973   0.574729   0.111464
      1       0.572476   1.130369   0.279152
      2       0.110913   0.278991  -0.094967
 A Tensor eigenvectors:
                   0          1          2    
      0       0.890085  -0.051367   0.452892
      1      -0.430232   0.233400   0.872023
      2      -0.150498  -0.971023   0.185646
 A Eigenvalues: 
                  0          1          2    
      0       0.040291  -0.156237   1.487320
A(iso)  0.457125
 Nucleus: 30 H  
 Isotope: 1 
 Nuclear Spin:  0.5 
 Prefactor (MHz): 533.551395 
 Raw A tensor (MHz): 
                  0          1          2    
      0      -0.053426   0.181868   0.025222
      1       0.181328   0.159606   0.081955
      2       0.025083   0.081902  -0.298900
 A Tensor eigenvectors:
                   0          1          2    
      0      -0.872986   0.486658  -0.032563
      1       0.473515   0.861632   0.182686
      2       0.116963   0.144064  -0.982632
 A Eigenvalues: 
                  0          1          2    
      0      -0.155215   0.275798  -0.313303
A(iso)  -0.064240
 Nucleus: 31 H  
 Isotope: 1 
 Nuclear Spin:  0.5 
 Prefactor (MHz): 533.551395 
 Raw A tensor (MHz): 
                  0          1          2    
      0      -0.053188   0.182009  -0.023945
      1       0.181468   0.160803  -0.078877
      2      -0.023805  -0.078819  -0.299765
 A Tensor eigenvectors:
                   0          1          2    
      0       0.872938   0.486723  -0.032867
      1      -0.474293   0.862546   0.176239
      2       0.114129  -0.138257   0.983799
 A Eigenvalues: 
                  0          1          2    
      0      -0.154973   0.275919  -0.313097
A(iso)  -0.064050
 Nucleus: 33 H  
 Isotope: 1 
 Nuclear Spin:  0.5 
 Prefactor (MHz): 533.551395 
 Raw A tensor (MHz): 
                  0          1          2    
      0      -0.107503   0.123600   0.016914
      1       0.123075   0.275431   0.065172
      2       0.016840   0.065134  -0.196504
 A Tensor eigenvectors:
                   0          1          2    
      0       0.960067   0.002383   0.279760
      1      -0.277554   0.133726   0.951358
      2      -0.035144  -0.991016   0.129047
 A Eigenvalues: 
                  0          1          2    
      0      -0.143713  -0.205333   0.320471
A(iso)  -0.009525
 Nucleus: 34 H  
 Isotope: 1 
 Nuclear Spin:  0.5 
 Prefactor (MHz): 533.551395 
 Raw A tensor (MHz): 
                  0          1          2    
      0      -0.107387   0.123709  -0.016240
      1       0.123185   0.275912  -0.062476
      2      -0.016166  -0.062434  -0.197130
 A Tensor eigenvectors:
                   0          1          2    
      0       0.959999   0.002638  -0.279992
      1      -0.278010   0.128096  -0.951999
      2       0.033355   0.991758   0.123706
 A Eigenvalues: 
                  0          1          2    
      0      -0.143635  -0.205238   0.320267
A(iso)  -0.009535
 Nucleus: 36 H  
 Isotope: 1 
 Nuclear Spin:  0.5 
 Prefactor (MHz): 533.551395 
 Raw A tensor (MHz): 
                  0          1          2    
      0      -0.136112  -0.045743  -0.000129
      1      -0.045523   0.287061   0.001071
      2      -0.000129   0.001070  -0.175549
 A Tensor eigenvectors:
                   0          1          2    
      0       0.994339  -0.000669  -0.106255
      1       0.106256   0.002248   0.994336
      2      -0.000426  -0.999997   0.002307
 A Eigenvalues: 
                  0          1          2    
      0      -0.140977  -0.175552   0.291929
A(iso)  -0.008200
 Nucleus: 37 H  
 Isotope: 1 
 Nuclear Spin:  0.5 
 Prefactor (MHz): 533.551395 
 Raw A tensor (MHz): 
                  0          1          2    
      0      -0.056794   0.098315   0.000309
      1       0.098087   0.174659   0.000986
      2       0.000309   0.000986  -0.140063
 A Tensor eigenvectors:
                   0          1          2    
      0       0.938646   0.000029   0.344883
      1      -0.344882   0.003122   0.938641
      2      -0.001050  -0.999995   0.002941
 A Eigenvalues: 
                  0          1          2    
      0      -0.092843  -0.140066   0.210712
A(iso)  -0.007399
 Nucleus: 44 H  
 Isotope: 1 
 Nuclear Spin:  0.5 
 Prefactor (MHz): 533.551395 
 Raw A tensor (MHz): 
                  0          1          2    
      0      -1.221437  -0.167578   0.000229
      1      -0.167584  -5.151597  -0.003418
      2       0.000229  -0.003418  -3.378189
 A Tensor eigenvectors:
                   0          1          2    
      0       0.999095   0.000254   0.042523
      1      -0.042523   0.001903   0.999094
      2       0.000173  -0.999998   0.001912
 A Eigenvalues: 
                  0          1          2    
      0      -1.214305  -3.378183  -5.158736
A(iso)  -3.250408
 Nucleus: 45 H  
 Isotope: 1 
 Nuclear Spin:  0.5 
 Prefactor (MHz): 533.551395 
 Raw A tensor (MHz): 
                  0          1          2    
