-------------------------------------------------------------
----------------------- !PROPERTIES! ------------------------
-------------------------------------------------------------
# -----------------------------------------------------------
$ PAL_Flags
   description: The PAL Flags
   geom. index: 1
   prop. index: 1
        Diskflag:     2
# -----------------------------------------------------------
$ SCF_Energy
   description: The SCF energy
   geom. index: 1
   prop. index: 1
        SCF Energy:     -928.9187133728
# -----------------------------------------------------------
$ DFT_Energy
   description: The DFT energy
   geom. index: 1
   prop. index: 1
   Number of Alpha Electrons                 85.0001790735 
   Number of Beta  Electrons                 84.0001864065 
   Total number of  Electrons               169.0003654800 
   Exchange energy                         -105.5011511221 
   Correlation energy                        -6.5732002171 
   Correlation energy NL                      0.0000000000 
   Exchange-Correlation energy             -112.0743513392 
   Embedding correction                       0.0000000000 
   Total DFT Energy (No VdW correction)    -928.9187133728 
# -----------------------------------------------------------
$ Mayer_Pop
   description: The Mayer population analysis
   geom. index: 1
   prop. index: 1
     Number of atoms                     : 49
     Threshold for printing              : 0.1000000
     Number of bond orders printed       : 58
  NA   - Mulliken gross atomic population
  ZA   - Total nuclear charge
  QA   - Mulliken gross atomic charge
  VA   - Mayer's total valence
  BVA  - Mayer's bonded valence
  FA   - Mayer's free valence
  ATOM       NA         ZA         QA         VA         BVA        FA
  0   0     6.5091     6.0000    -0.5091     2.3578     2.2556     0.1022
  1   0     6.1345     6.0000    -0.1345     3.5762     3.5035     0.0727
  2   0     6.3837     6.0000    -0.3837     3.7783     3.7756     0.0027
  3   0     5.5928     6.0000     0.4072     3.9195     3.9175     0.0020
  4   0     5.6707     6.0000     0.3293     3.8662     3.8507     0.0155
  5   0     6.4156     6.0000    -0.4156     4.2895     4.2853     0.0042
  6   0     5.4478     6.0000     0.5522     3.9216     3.8915     0.0301
  7   0     5.7361     6.0000     0.2639     3.9366     3.9337     0.0029
  8   0     6.3653     6.0000    -0.3653     4.3168     4.3064     0.0104
  9   0     0.8628     1.0000     0.1372     0.9654     0.9654     0.0000
 10   0     0.8493     1.0000     0.1507     0.9627     0.9627     0.0000
 11   0     6.3705     6.0000    -0.3705     4.0552     4.0551     0.0001
 12   0     0.8352     1.0000     0.1648     0.9618     0.9618     0.0000
 13   0     0.8353     1.0000     0.1647     0.9618     0.9618     0.0000
 14   0     6.2643     6.0000    -0.2643     4.0184     4.0184     0.0000
 15   0     0.8630     1.0000     0.1370     0.9667     0.9667     0.0000
 16   0     0.8631     1.0000     0.1369     0.9667     0.9667     0.0000
 17   0     6.2524     6.0000    -0.2524     3.8898     3.8898     0.0000
 18   0     0.8540     1.0000     0.1460     0.9668     0.9668     0.0000
 19   0     0.8540     1.0000     0.1460     0.9668     0.9668     0.0000
 20   0     6.5089     6.0000    -0.5089     3.8999     3.8999     0.0000
 21   0     0.8435     1.0000     0.1565     0.9659     0.9659     0.0000
 22   0     0.8436     1.0000     0.1564     0.9660     0.9660     0.0000
 23   0     6.3547     6.0000    -0.3547     4.0190     4.0190     0.0000
 24   0     0.8480     1.0000     0.1520     0.9636     0.9636     0.0000
 25   0     0.8481     1.0000     0.1519     0.9637     0.9637     0.0000
 26   0     6.2636     6.0000    -0.2636     4.0252     4.0252     0.0000
 27   0     0.8570     1.0000     0.1430     0.9663     0.9663     0.0000
 28   0     0.8570     1.0000     0.1430     0.9663     0.9663     0.0000
 29   0     6.2551     6.0000    -0.2551     3.8976     3.8976     0.0000
 30   0     0.8592     1.0000     0.1408     0.9673     0.9673     0.0000
 31   0     0.8592     1.0000     0.1408     0.9673     0.9673     0.0000
 32   0     6.5058     6.0000    -0.5058     3.9028     3.9028     0.0000
 33   0     0.8400     1.0000     0.1600     0.9653     0.9653     0.0000
 34   0     0.8400     1.0000     0.1600     0.9653     0.9653     0.0000
 35   0     6.2740     6.0000    -0.2740     3.9425     3.9285     0.0140
 36   0     0.8537     1.0000     0.1463     0.9667     0.9667     0.0000
 37   0     0.8568     1.0000     0.1432     0.9671     0.9671     0.0000
 38   0     5.4122     6.0000     0.5878     3.9403     3.9398     0.0005
 39   0     6.2708     6.0000    -0.2708     4.1967     4.1955     0.0012
 40   0     6.0965     6.0000    -0.0965     4.1010     4.1007     0.0003
 41   0     6.1097     6.0000    -0.1097     4.0797     4.0781     0.0016
 42   0     6.0994     6.0000    -0.0994     4.1045     4.1042     0.0003
 43   0     6.2656     6.0000    -0.2656     4.1864     4.1852     0.0012
 44   0     0.8877     1.0000     0.1123     0.9572     0.9572     0.0000
 45   0     0.8885     1.0000     0.1115     0.9607     0.9607     0.0000
 46   0     0.8763     1.0000     0.1237     0.9597     0.9597     0.0000
 47   0     0.8769     1.0000     0.1231     0.9597     0.9597     0.0000
 48   0     0.8885     1.0000     0.1115     0.9609     0.9609     0.0000
      Bond orders larger than 0.1000000
           Atom A     A.N. of A          Atom B    A.N. of B              Bond order
                0             6               1            6                2.031114
                1             6               3            6                1.093743
                1             6               8            6                0.116226
                2             6               6            6                0.856862
                2             6               7            6                0.100537
                2             6              35            6                2.432499
                3             6               4            6                1.258833
                3             6               5            6                0.105710
                3             6               8            6                1.332404
                4             6               5            6                1.495662
                4             6               6            6                0.110899
                4             6              11            6                0.964530
                5             6               6            6                1.384244
                5             6               9            1                0.965823
                6             6               7            6                1.314991
                6             6               8            6                0.143284
                6             6              35            6                0.122459
                7             6               8            6                1.511707
                7             6              23            6                0.968043
                8             6              10            1                0.961400
               11             6              12            1                0.951338
               11             6              13            1                0.951243
               11             6              14            6                1.016007
               14             6              15            1                0.960728
               14             6              16            1                0.960738
               14             6              17            6                0.990999
               17             6              18            1                0.969506
               17             6              19            1                0.969500
               17             6              20            6                0.953639
               20             6              21            1                0.973114
               20             6              22            1                0.973110
               20             6              36            1                0.966967
               23             6              24            1                0.954799
               23             6              25            1                0.954955
               23             6              26            6                1.025322
               26             6              27            1                0.959636
               26             6              28            1                0.959691
               26             6              29            6                0.988513
               29             6              30            1                0.971059
               29             6              31            1                0.971036
               29             6              32            6                0.957329
               32             6              33            1                0.972112
               32             6              34            1                0.972122
               32             6              37            1                0.966531
               35             6              38            6                1.024969
               38             6              39            6                1.379652
               38             6              43            6                1.375303
               39             6              40            6                1.483674
               39             6              41            6                0.100757
               39             6              46            1                0.979471
               40             6              41            6                1.449990
               40             6              48            1                0.972410
               41             6              42            6                1.452510
               41             6              43            6                0.102078
               41             6              44            1                0.962666
               42             6              43            6                1.483695
               42             6              45            1                0.973263
               43             6              47            1                0.977620
# -----------------------------------------------------------
$ Calculation_Info
   description: Details of the calculation
   geom. index: 1
   prop. index: 1
     Multiplicity:                          2
     Charge:                                0
     number of atoms:                       49
     number of electrons:                   0
     number of frozen core electrons:       1
     number of correlated electrons:        0
     number of basis functions:             583
     number of aux C basis functions:       4070
     number of aux J basis functions:       4070
     number of aux JK basis functions:      4070
     number of aux CABS basis functions:    0
     Total Energy                           -928.918713
# -----------------------------------------------------------
$ SCF_Electric_Properties
   description: The SCF Calculated Electric Properties
   geom. index: 1
   prop. index: 1
       Filename                          : EPRII_i.scfp 
       Do Dipole Moment Calculation      : true 
       Do Quadrupole Moment Calculation  : false 
       Do Polarizability Calculation     : false 
** Dipole moment part of electric properties **
        Magnitude of dipole moment (Debye) :       10.1131675020
        Electronic Contribution:
                  0    
      0       9.150722
      1      -0.224247
      2       0.001782
        Nuclear Contribution:
                  0    
      0      -5.173536
      1       0.113089
      2       0.005387
        Total Dipole moment:
                  0    
      0       3.977186
      1      -0.111158
      2       0.007169
# -----------------------------------------------------------
$ EPRNMR_GTensor
   description: Electronic g tensor
   geom. index: 1
   prop. index: 1
 Source density: 1 SCF 
 Spin multiplicity: 2 
 raw g tensor: 
                  0          1          2    
      0       2.006922  -0.000082   0.000025
      1      -0.000194   2.003460   0.000002
      2       0.000027   0.000002   2.002207
 g tensor: 
                  0          1          2    
      0      -0.005561   0.039816  -0.999192
      1      -0.002174   0.999204   0.039828
      2       0.999982   0.002394  -0.005470
 G eigenvalues: 
                  0          1          2    
      0       2.002207   2.003455   2.006928
# -----------------------------------------------------------
$ EPRNMR_OrbitalShielding
   description: Orbital contribution to the NMR Shielding tensor (ppm)
   geom. index: 1
   prop. index: 1
 Number of stored nuclei 25
 Source density: 1 SCF 
 Nucleus: 9 H 
 Shielding tensor (ppm): 
                  0          1          2    
      0      27.526723   7.250493   0.024961
      1       6.202143  25.851542   0.020570
      2       0.016001   0.030269  19.005809
 P Tensor eigenvectors:
                   0          1          2    
      0       0.002275  -0.669304  -0.742985
      1      -0.005858   0.742965  -0.669305
      2       0.999980   0.005876  -0.002230
 P Eigenvalues: 
                  0          1          2    
      0      19.005704  19.912205  33.466164
P(iso)  24.128024
 Nucleus: 10 H 
 Shielding tensor (ppm): 
                  0          1          2    
      0      29.981645   2.013616   0.017845
      1       4.406394  25.369394   0.017293
      2       0.032895  -0.004928  19.613393
 P Tensor eigenvectors:
                   0          1          2    
      0      -0.002397   0.437037   0.899440
      1       0.000132  -0.899443   0.437039
      2       0.999997   0.001166   0.002098
 P Eigenvalues: 
                  0          1          2    
      0      19.613330  23.726705  31.624396
P(iso)  24.988144
 Nucleus: 12 H 
 Shielding tensor (ppm): 
                  0          1          2    
      0      30.501337   0.807534   4.222729
      1      -0.096350  30.173013  -0.956162
      2       5.335494   0.652990  26.202870
 P Tensor eigenvectors:
                   0          1          2    
      0      -0.535950   0.035871   0.843487
      1       0.054362  -0.995557   0.076879
      2       0.842498   0.087057   0.531619
 P Eigenvalues: 
                  0          1          2    
      0      23.098811  30.174073  33.604336
P(iso)  28.959073
 Nucleus: 13 H 
 Shielding tensor (ppm): 
                  0          1          2    
      0      30.504627   0.839398  -4.199252
      1      -0.073820  30.173872   0.974624
      2      -5.305023  -0.606204  26.189871
 P Tensor eigenvectors:
                   0          1          2    
      0       0.534516   0.034761   0.844443
      1      -0.060064  -0.995065   0.078981
      2       0.843021  -0.092937  -0.529791
 P Eigenvalues: 
                  0          1          2    
      0      23.111062  30.178155  33.579153
P(iso)  28.956123
 Nucleus: 15 H 
 Shielding tensor (ppm): 
                  0          1          2    
      0      30.401356   1.730141  -3.549482
      1       1.107293  31.360236   0.083271
      2      -3.592146   1.442649  28.365229
 P Tensor eigenvectors:
                   0          1          2    
      0       0.602535  -0.163785  -0.781106
      1      -0.224923   0.904196  -0.363097
      2       0.765743   0.394467   0.507971
 P Eigenvalues: 
                  0          1          2    
      0      25.313555  31.453934  33.359331
P(iso)  30.042273
 Nucleus: 16 H 
 Shielding tensor (ppm): 
                  0          1          2    
      0      30.387677   1.713545   3.564194
      1       1.087059  31.368063  -0.067642
      2       3.600164  -1.416837  28.367636
 P Tensor eigenvectors:
                   0          1          2    
      0      -0.603907  -0.163583  -0.780088
      1       0.220530   0.906213  -0.360755
      2       0.765940  -0.389895  -0.511193
 P Eigenvalues: 
                  0          1          2    
      0      25.312626  31.451997  33.358754
P(iso)  30.041125
 Nucleus: 18 H 
 Shielding tensor (ppm): 
                  0          1          2    
      0      31.241620   0.201945  -4.806978
      1       0.289959  30.468016  -0.274776
      2      -4.494665  -1.046181  28.583237
 P Tensor eigenvectors:
                   0          1          2    
      0       0.599524  -0.149010  -0.786363
      1       0.064301   0.988307  -0.138254
      2       0.797770   0.032323   0.602095
 P Eigenvalues: 
                  0          1          2    
      0      25.048922  30.413385  34.830565
P(iso)  30.097624
 Nucleus: 19 H 
 Shielding tensor (ppm): 
                  0          1          2    
      0      31.223853   0.174462   4.816745
      1       0.267249  30.459854   0.283872
      2       4.506393   1.059566  28.608977
 P Tensor eigenvectors:
                   0          1          2    
      0      -0.601170  -0.149010  -0.785106
      1      -0.068469   0.988453  -0.135176
      2       0.796183  -0.027509  -0.604431
 P Eigenvalues: 
                  0          1          2    
      0      25.045193  30.412045  34.835446
P(iso)  30.097561
 Nucleus: 21 H 
 Shielding tensor (ppm): 
                  0          1          2    
      0      30.361596  -1.369813   3.954275
      1      -2.339086  30.821828  -2.350184
      2       3.276122  -2.005000  30.975828
 P Tensor eigenvectors:
                   0          1          2    
      0      -0.729263   0.353704   0.585721
      1       0.035333   0.874350  -0.484008
      2       0.683321   0.332273   0.650129
 P Eigenvalues: 
                  0          1          2    
      0      27.036334  29.218715  35.904203
P(iso)  30.719751
 Nucleus: 22 H 
 Shielding tensor (ppm): 
                  0          1          2    
      0      30.378555  -1.353749  -3.962531
      1      -2.326883  30.800213   2.342881
      2      -3.289028   2.002112  30.981259
 P Tensor eigenvectors:
                   0          1          2    
      0      -0.727615   0.354639  -0.587203
      1       0.039020   0.876010   0.480712
      2      -0.684875  -0.326861   0.651236
 P Eigenvalues: 
                  0          1          2    
      0      27.036646  29.219540  35.903842
P(iso)  30.720009
 Nucleus: 24 H 
 Shielding tensor (ppm): 
                  0          1          2    
      0      28.679380  -2.322850   3.235327
      1      -1.547712  31.427590  -0.308935
      2       4.494466   0.931553  25.970789
 P Tensor eigenvectors:
                   0          1          2    
      0      -0.584360   0.534631  -0.610486
      1      -0.151801   0.667002   0.729428
      2       0.797170   0.518921  -0.308612
 P Eigenvalues: 
                  0          1          2    
      0      23.001964  30.152413  32.923383
P(iso)  28.692587
 Nucleus: 25 H 
 Shielding tensor (ppm): 
                  0          1          2    
      0      28.691539  -2.306187  -3.243112
      1      -1.527004  31.429159   0.334774
      2      -4.508353  -0.910178  25.956039
 P Tensor eigenvectors:
                   0          1          2    
      0       0.583209   0.534616  -0.611599
      1       0.147889   0.670441   0.727075
      2       0.798747  -0.514485   0.311943
 P Eigenvalues: 
                  0          1          2    
      0      22.996679  30.154607  32.925450
P(iso)  28.692245
 Nucleus: 27 H 
 Shielding tensor (ppm): 
                  0          1          2    
      0      30.379384  -0.166455   4.139903
      1       0.274412  31.307527  -0.073161
      2       3.891852  -1.426899  28.158455
 P Tensor eigenvectors:
                   0          1          2    
      0      -0.600375  -0.212120   0.771074
      1       0.093116  -0.976165  -0.196037
      2       0.794279  -0.045896   0.605817
 P Eigenvalues: 
                  0          1          2    
      0      25.039248  31.292473  33.513645
P(iso)  29.948455
 Nucleus: 28 H 
 Shielding tensor (ppm): 
                  0          1          2    
      0      30.393120  -0.147200  -4.134391
      1       0.295809  31.300352   0.089071
      2      -3.888413   1.433197  28.149403
 P Tensor eigenvectors:
                   0          1          2    
      0       0.598928  -0.210648   0.772601
      1      -0.096689  -0.976747  -0.191353
      2       0.794944   0.039905  -0.605369
 P Eigenvalues: 
                  0          1          2    
      0      25.038332  31.293760  33.510784
P(iso)  29.947625
 Nucleus: 30 H 
 Shielding tensor (ppm): 
                  0          1          2    
      0      30.768037  -0.651756   4.606540
      1      -0.259740  30.996934   0.428222
      2       4.253434   1.196834  28.389550
 P Tensor eigenvectors:
                   0          1          2    
      0      -0.603083  -0.120987  -0.788450
      1      -0.141013   0.989034  -0.043905
      2       0.785115   0.084703  -0.613530
 P Eigenvalues: 
                  0          1          2    
      0      24.853939  31.129287  34.171295
P(iso)  30.051507
 Nucleus: 31 H 
 Shielding tensor (ppm): 
                  0          1          2    
      0      30.787343  -0.627030  -4.604603
      1      -0.238472  31.006263  -0.414952
      2      -4.252467  -1.185765  28.361735
 P Tensor eigenvectors:
                   0          1          2    
      0       0.601376  -0.120635  -0.789807
      1       0.137085   0.989456  -0.046750
      2       0.787118  -0.080156   0.611572
 P Eigenvalues: 
                  0          1          2    
      0      24.852060  31.130704  34.172576
P(iso)  30.051780
 Nucleus: 33 H 
 Shielding tensor (ppm): 
                  0          1          2    
      0      30.326722  -1.974649  -4.096537
      1      -2.714492  30.741258   2.331313
      2      -3.415383   1.967611  30.884366
 P Tensor eigenvectors:
                   0          1          2    
      0      -0.759675   0.255124  -0.598168
      1      -0.101533   0.862017   0.496606
      2      -0.642328  -0.437993   0.628949
 P Eigenvalues: 
                  0          1          2    
      0      26.814234  28.926798  36.211315
P(iso)  30.650782
 Nucleus: 34 H 
 Shielding tensor (ppm): 
                  0          1          2    
      0      30.307578  -1.990689   4.085186
      1      -2.726559  30.762168  -2.339280
      2       3.399108  -1.976290  30.882456
 P Tensor eigenvectors:
                   0          1          2    
      0       0.761355  -0.254050   0.596487
      1       0.104721  -0.859760  -0.499846
      2      -0.639822  -0.443025   0.627978
 P Eigenvalues: 
                  0          1          2    
      0      26.815116  28.924667  36.212419
P(iso)  30.650734
 Nucleus: 36 H 
 Shielding tensor (ppm): 
                  0          1          2    
      0      29.136478   2.187374   0.010179
      1       3.401048  36.343629   0.031153
      2       0.013678   0.030556  25.826102
 P Tensor eigenvectors:
                   0          1          2    
      0      -0.001447   0.943072   0.332587
      1      -0.002539  -0.332590   0.943068
      2       0.999996   0.000520   0.002876
 P Eigenvalues: 
                  0          1          2    
      0      25.826006  28.180862  37.299341
P(iso)  30.435403
 Nucleus: 37 H 
 Shielding tensor (ppm): 
                  0          1          2    
      0      29.015416   1.740240   0.009139
      1       3.079824  36.538760   0.032114
      2       0.011797   0.029759  25.770518
 P Tensor eigenvectors:
                   0          1          2    
      0      -0.001319  -0.956768  -0.290848
      1      -0.002583   0.290851  -0.956765
      2       0.999996  -0.000510  -0.002855
 P Eigenvalues: 
                  0          1          2    
      0      25.770424  28.310535  37.243734
P(iso)  30.441565
 Nucleus: 44 H 
 Shielding tensor (ppm): 
                  0          1          2    
      0      23.726686   0.087143   0.001260
      1       0.091636  27.279778   0.013122
      2       0.000557   0.013104  21.293116
 P Tensor eigenvectors:
                   0          1          2    
      0      -0.000301  -0.999683  -0.025179
      1      -0.002186   0.025179  -0.999681
      2       0.999998  -0.000246  -0.002193
 P Eigenvalues: 
                  0          1          2    
      0      21.293087  23.724439  27.282055
P(iso)  24.099860
 Nucleus: 45 H 
 Shielding tensor (ppm): 
                  0          1          2    
      0      26.983807  -1.700619  -0.001537
      1      -1.652506  24.508109   0.007235
      2      -0.002645   0.006846  21.019330
 P Tensor eigenvectors:
                   0          1          2    
      0      -0.000263   0.450989  -0.892530
      1      -0.002143   0.892527   0.450988
      2       0.999998   0.002031   0.000731
 P Eigenvalues: 
                  0          1          2    
      0      21.019316  23.661952  27.829979
P(iso)  24.170416
 Nucleus: 46 H 
 Shielding tensor (ppm): 
                  0          1          2    
      0      27.086146  -3.290848  -0.004583
      1      -2.561675  24.482830   0.009762
      2      -0.005132   0.009181  20.058964
 P Tensor eigenvectors:
                   0          1          2    
      0      -0.000300   0.550698  -0.834704
      1      -0.002327   0.834702   0.550697
      2       0.999997   0.002108   0.001031
 P Eigenvalues: 
                  0          1          2    
      0      20.058944  22.582114  28.986882
P(iso)  23.875980
 Nucleus: 47 H 
 Shielding tensor (ppm): 
                  0          1          2    
      0      28.071983   2.565499   0.007577
      1       1.962358  23.737975   0.009395
      2       0.003538   0.010097  19.761443
 P Tensor eigenvectors:
                   0          1          2    
      0      -0.000028  -0.398111  -0.917337
      1      -0.002443   0.917334  -0.398110
      2       0.999997   0.002230  -0.000998
 P Eigenvalues: 
                  0          1          2    
      0      19.761419  22.771315  29.038668
P(iso)  23.857134
 Nucleus: 48 H 
 Shielding tensor (ppm): 
                  0          1          2    
      0      27.062850   1.370466   0.005220
      1       1.355252  24.334273   0.007769
      2       0.003799   0.008275  21.066247
 P Tensor eigenvectors:
                   0          1          2    
      0      -0.000229  -0.382581  -0.923922
      1      -0.002359   0.923920  -0.382579
      2       0.999997   0.002092  -0.001114
 P Eigenvalues: 
                  0          1          2    
      0      21.066227  23.770188  27.626954
P(iso)  24.154457
# -----------------------------------------------------------
$ EPRNMR_ATensor
   description: Hyperfine A tensor
   geom. index: 1
   prop. index: 1
 Number of stored nuclei 25
 Source density: 1 SCF 
 Spin multiplicity: 2 
 Nucleus: 9 H  
 Isotope: 1 
 Nuclear Spin:  0.5 
 Prefactor (MHz): 533.551395 
 Raw A tensor (MHz): 
                  0          1          2    
      0       5.596581   1.467659   0.005019
      1       1.469499   4.669062   0.004781
      2       0.005033   0.004766   2.727804
 A Tensor eigenvectors:
                   0          1          2    
      0      -0.000798  -0.591059  -0.806628
      1      -0.001860   0.806627  -0.591057
      2       0.999998   0.001029  -0.001743
 A Eigenvalues: 
                  0          1          2    
      0       2.727791   3.592758   6.672897
A(iso)  4.331149
 Nucleus: 10 H  
 Isotope: 1 
 Nuclear Spin:  0.5 
 Prefactor (MHz): 533.551395 
 Raw A tensor (MHz): 
                  0          1          2    
      0     -10.265178  -2.056413  -0.003836
      1      -2.066715  -4.575101   0.010254
      2      -0.003882   0.010312 -10.313126
 A Tensor eigenvectors:
                   0          1          2    
      0       0.307852  -0.000233  -0.951434
      1      -0.951433  -0.001871  -0.307851
      2      -0.001708   0.999998  -0.000798
 A Eigenvalues: 
                  0          1          2    
      0      -3.906679 -10.313144 -10.933582
A(iso)  -8.384468
 Nucleus: 12 H  
 Isotope: 1 
 Nuclear Spin:  0.5 
 Prefactor (MHz): 533.551395 
 Raw A tensor (MHz): 
                  0          1          2    
      0      14.741705  -0.642515   0.072921
      1      -0.636958  17.298277   1.242455
      2       0.074565   1.241735  13.455658
 A Tensor eigenvectors:
                   0          1          2    
      0      -0.154033   0.969023  -0.193049
      1      -0.298730   0.140565   0.943929
      2       0.941825   0.203066   0.267824
 A Eigenvalues: 
                  0          1          2    
      0      13.049885  14.664841  17.780915
A(iso)  15.165214
 Nucleus: 13 H  
 Isotope: 1 
 Nuclear Spin:  0.5 
 Prefactor (MHz): 533.551395 
 Raw A tensor (MHz): 
                  0          1          2    
      0      14.744757  -0.640374  -0.074587
      1      -0.634785  17.309257  -1.225092
      2      -0.076234  -1.224443  13.444225
 A Tensor eigenvectors:
                   0          1          2    
      0       0.152738   0.969272  -0.192826
      1       0.294328   0.141647   0.945149
      2       0.943420  -0.201115  -0.263649
 A Eigenvalues: 
                  0          1          2    
      0      13.050156  14.667717  17.780366
A(iso)  15.166080
 Nucleus: 15 H  
 Isotope: 1 
 Nuclear Spin:  0.5 
 Prefactor (MHz): 533.551395 
 Raw A tensor (MHz): 
                  0          1          2    
      0      -0.428493  -0.643666  -0.116497
      1      -0.641871   0.444438   0.325450
      2      -0.115932   0.325145  -0.898115
 A Tensor eigenvectors:
                   0          1          2    
      0       0.883286   0.454492   0.115077
      1       0.412300  -0.869863   0.270827
      2       0.223190  -0.191772  -0.955725
 A Eigenvalues: 
                  0          1          2    
      0      -0.757614   0.851767  -0.976323
A(iso)  -0.294057
 Nucleus: 16 H  
 Isotope: 1 
 Nuclear Spin:  0.5 
 Prefactor (MHz): 533.551395 
 Raw A tensor (MHz): 
                  0          1          2    
      0      -0.428121  -0.643696   0.113712
      1      -0.641894   0.448173  -0.319892
      2       0.113162  -0.319610  -0.900044
 A Tensor eigenvectors:
                   0          1          2    
      0       0.883453   0.454183  -0.115012
      1       0.412955  -0.870809  -0.266759
      2      -0.221311   0.188174  -0.956876
 A Eigenvalues: 
                  0          1          2    
      0      -0.756730   0.852310  -0.975573
A(iso)  -0.293331
 Nucleus: 18 H  
 Isotope: 1 
 Nuclear Spin:  0.5 
 Prefactor (MHz): 533.551395 
 Raw A tensor (MHz): 
                  0          1          2    
      0      -0.285200  -0.054780   0.000433
      1      -0.053933   0.838999  -0.194655
      2       0.000307  -0.194502  -0.353234
 A Tensor eigenvectors:
                   0          1          2    
      0       0.995393   0.083714   0.046742
      1       0.032854   0.160184  -0.986540
      2      -0.090075   0.983531   0.156696
 A Eigenvalues: 
                  0          1          2    
      0      -0.287009  -0.384873   0.872446
A(iso)  0.066855
 Nucleus: 19 H  
 Isotope: 1 
 Nuclear Spin:  0.5 
 Prefactor (MHz): 533.551395 
 Raw A tensor (MHz): 
                  0          1          2    
      0      -0.285172  -0.054961  -0.000886
      1      -0.054119   0.836837   0.200858
      2      -0.000759   0.200696  -0.351024
 A Tensor eigenvectors:
                   0          1          2    
      0       0.995487   0.082487  -0.046925
      1       0.032765   0.165317   0.985696
      2       0.089065  -0.982785   0.161869
 A Eigenvalues: 
                  0          1          2    
      0      -0.287022  -0.384707   0.872370
A(iso)  0.066880
 Nucleus: 21 H  
 Isotope: 1 
 Nuclear Spin:  0.5 
 Prefactor (MHz): 533.551395 
 Raw A tensor (MHz): 
                  0          1          2    
      0      -0.072753  -0.123667   0.015689
      1      -0.123192   0.342097  -0.068735
      2       0.015617  -0.068696  -0.163866
 A Tensor eigenvectors:
                   0          1          2    
      0       0.964825   0.011360   0.262647
      1       0.258782   0.134930  -0.956465
      2      -0.046304   0.990790   0.127244
 A Eigenvalues: 
                  0          1          2    
      0      -0.106554  -0.173042   0.385074
A(iso)  0.035159
 Nucleus: 22 H  
 Isotope: 1 
 Nuclear Spin:  0.5 
 Prefactor (MHz): 533.551395 
 Raw A tensor (MHz): 
                  0          1          2    
      0      -0.072708  -0.123684  -0.016255
      1      -0.123211   0.341385   0.071021
      2      -0.016180   0.070976  -0.163260
 A Tensor eigenvectors:
                   0          1          2    
      0       0.964766   0.011451  -0.262861
      1       0.258768   0.139447   0.955821
      2       0.047600  -0.990163   0.131571
 A Eigenvalues: 
                  0          1          2    
      0      -0.106563  -0.173068   0.385048
A(iso)  0.035139
 Nucleus: 24 H  
 Isotope: 1 
 Nuclear Spin:  0.5 
 Prefactor (MHz): 533.551395 
 Raw A tensor (MHz): 
                  0          1          2    
      0      -4.219902   0.369848   0.064530
      1       0.369533  -3.812781   0.377276
      2       0.064502   0.376978  -5.046155
 A Tensor eigenvectors:
                   0          1          2    
      0       0.465946   0.883644  -0.045476
      1       0.854552  -0.436089   0.282076
      2       0.229423  -0.170294  -0.958314
 A Eigenvalues: 
                  0          1          2    
      0      -3.510017  -4.414762  -5.154059
A(iso)  -4.359613
 Nucleus: 25 H  
 Isotope: 1 
 Nuclear Spin:  0.5 
 Prefactor (MHz): 533.551395 
 Raw A tensor (MHz): 
                  0          1          2    
      0      -4.218096   0.369685  -0.062235
      1       0.369370  -3.806899  -0.369753
      2      -0.062193  -0.369449  -5.049658
 A Tensor eigenvectors:
                   0          1          2    
      0       0.465841   0.883709   0.045277
      1       0.855987  -0.437080  -0.276131
      2      -0.224230   0.167390  -0.960053
 A Eigenvalues: 
                  0          1          2    
      0      -3.509037  -4.412626  -5.152989
A(iso)  -4.358217
 Nucleus: 27 H  
 Isotope: 1 
 Nuclear Spin:  0.5 
 Prefactor (MHz): 533.551395 
 Raw A tensor (MHz): 
                  0          1          2    
      0       0.351744   0.569311  -0.106815
      1       0.567083   1.157226  -0.275209
      2      -0.106270  -0.275027  -0.081674
 A Tensor eigenvectors:
                   0          1          2    
      0       0.892357  -0.051183  -0.448418
      1      -0.426667   0.228269  -0.875128
      2       0.147152   0.972252   0.181859
 A Eigenvalues: 
                  0          1          2    
      0       0.062888  -0.140774   1.505181
A(iso)  0.475765
 Nucleus: 28 H  
 Isotope: 1 
 Nuclear Spin:  0.5 
 Prefactor (MHz): 533.551395 
 Raw A tensor (MHz): 
                  0          1          2    
      0       0.352332   0.568663   0.109963
      1       0.566435   1.155576   0.282237
      2       0.109415   0.282078  -0.077766
 A Tensor eigenvectors:
                   0          1          2    
      0       0.892483  -0.051101   0.448178
      1      -0.425630   0.233623   0.874219
      2      -0.149378  -0.970984   0.186754
 A Eigenvalues: 
                  0          1          2    
      0       0.063696  -0.140005   1.506450
A(iso)  0.476714
 Nucleus: 30 H  
 Isotope: 1 
 Nuclear Spin:  0.5 
 Prefactor (MHz): 533.551395 
 Raw A tensor (MHz): 
                  0          1          2    
      0      -0.058334   0.182458   0.025099
      1       0.181925   0.159520   0.083419
      2       0.024959   0.083366  -0.304618
 A Tensor eigenvectors:
                   0          1          2    
      0      -0.875032   0.482850  -0.034266
      1       0.469345   0.863620   0.184052
      2       0.118463   0.144969  -0.982319
 A Eigenvalues: 
                  0          1          2    
      0      -0.159365   0.275307  -0.319373
A(iso)  -0.067811
 Nucleus: 31 H  
 Isotope: 1 
 Nuclear Spin:  0.5 
 Prefactor (MHz): 533.551395 
 Raw A tensor (MHz): 
                  0          1          2    
      0      -0.058108   0.182616  -0.023919
      1       0.182084   0.160628  -0.080583
      2      -0.023778  -0.080524  -0.305464
 A Tensor eigenvectors:
                   0          1          2    
      0      -0.874964   0.482948   0.034621
      1       0.470089   0.864442  -0.178203
      2      -0.115990  -0.139646  -0.983385
 A Eigenvalues: 
                  0          1          2    
      0      -0.159160   0.275441  -0.319226
A(iso)  -0.067648
 Nucleus: 33 H  
 Isotope: 1 
 Nuclear Spin:  0.5 
 Prefactor (MHz): 533.551395 
 Raw A tensor (MHz): 
                  0          1          2    
      0      -0.108656   0.122775   0.016895
      1       0.122264   0.275863   0.065715
      2       0.016821   0.065678  -0.197597
 A Tensor eigenvectors:
                   0          1          2    
      0       0.960755   0.002515   0.277388
      1      -0.275199   0.134346   0.951954
      2      -0.034871  -0.990931   0.129766
 A Eigenvalues: 
                  0          1          2    
      0      -0.144299  -0.206545   0.320454
A(iso)  -0.010130
 Nucleus: 34 H  
 Isotope: 1 
 Nuclear Spin:  0.5 
 Prefactor (MHz): 533.551395 
 Raw A tensor (MHz): 
                  0          1          2    
      0      -0.108564   0.122908  -0.016262
      1       0.122397   0.276411  -0.063217
      2      -0.016189  -0.063174  -0.198219
 A Tensor eigenvectors:
                   0          1          2    
      0       0.960696   0.002550  -0.277591
      1      -0.275583   0.129162  -0.952560
      2       0.033425   0.991620   0.124788
 A Eigenvalues: 
                  0          1          2    
      0      -0.144250  -0.206490   0.320367
A(iso)  -0.010124
 Nucleus: 36 H  
 Isotope: 1 
 Nuclear Spin:  0.5 
 Prefactor (MHz): 533.551395 
 Raw A tensor (MHz): 
                  0          1          2    
      0      -0.136941  -0.044155  -0.000124
      1      -0.043931   0.289091   0.001173
      2      -0.000123   0.001172  -0.176335
 A Tensor eigenvectors:
                   0          1          2    
      0       0.994782  -0.000348  -0.102018
      1       0.102019   0.002487   0.994779
      2      -0.000092  -0.999997   0.002509
 A Eigenvalues: 
                  0          1          2    
      0      -0.141446  -0.176338   0.293600
A(iso)  -0.008062
 Nucleus: 37 H  
 Isotope: 1 
 Nuclear Spin:  0.5 
 Prefactor (MHz): 533.551395 
 Raw A tensor (MHz): 
                  0          1          2    
      0      -0.057350   0.098209   0.000282
      1       0.097985   0.175157   0.000893
      2       0.000282   0.000894  -0.140798
 A Tensor eigenvectors:
                   0          1          2    
      0       0.939123   0.000085   0.343581
      1      -0.343579   0.002800   0.939119
      2      -0.000882  -0.999996   0.002658
 A Eigenvalues: 
                  0          1          2    
      0      -0.093208  -0.140800   0.211017
A(iso)  -0.007664
 Nucleus: 44 H  
 Isotope: 1 
 Nuclear Spin:  0.5 
 Prefactor (MHz): 533.551395 
 Raw A tensor (MHz): 
                  0          1          2    
      0      -1.264276  -0.153251   0.000168
      1      -0.153255  -5.182797  -0.003806
      2       0.000169  -0.003806  -3.435346
 A Tensor eigenvectors:
                   0          1          2    
      0       0.999238   0.000230   0.039020
      1      -0.039020   0.002158   0.999236
      2       0.000146  -0.999998   0.002165
 A Eigenvalues: 
                  0          1          2    
