-------------------------------------------------------------
----------------------- !PROPERTIES! ------------------------
-------------------------------------------------------------
# -----------------------------------------------------------
$ PAL_Flags
   description: The PAL Flags
   geom. index: 1
   prop. index: 1
        Diskflag:     2
# -----------------------------------------------------------
$ SCF_Energy
   description: The SCF energy
   geom. index: 1
   prop. index: 1
        SCF Energy:     -928.9187144163
# -----------------------------------------------------------
$ DFT_Energy
   description: The DFT energy
   geom. index: 1
   prop. index: 1
   Number of Alpha Electrons                 85.0001790678 
   Number of Beta  Electrons                 84.0001864072 
   Total number of  Electrons               169.0003654750 
   Exchange energy                         -105.5011326552 
   Correlation energy                        -6.5732000216 
   Correlation energy NL                      0.0000000000 
   Exchange-Correlation energy             -112.0743326768 
   Embedding correction                       0.0000000000 
   Total DFT Energy (No VdW correction)    -928.9187144163 
# -----------------------------------------------------------
$ Mayer_Pop
   description: The Mayer population analysis
   geom. index: 1
   prop. index: 1
     Number of atoms                     : 49
     Threshold for printing              : 0.1000000
     Number of bond orders printed       : 58
  NA   - Mulliken gross atomic population
  ZA   - Total nuclear charge
  QA   - Mulliken gross atomic charge
  VA   - Mayer's total valence
  BVA  - Mayer's bonded valence
  FA   - Mayer's free valence
  ATOM       NA         ZA         QA         VA         BVA        FA
  0   0     6.5089     6.0000    -0.5089     2.3577     2.2556     0.1021
  1   0     6.1348     6.0000    -0.1348     3.5762     3.5035     0.0727
  2   0     6.3833     6.0000    -0.3833     3.7782     3.7755     0.0027
  3   0     5.5927     6.0000     0.4073     3.9195     3.9175     0.0020
  4   0     5.6707     6.0000     0.3293     3.8661     3.8506     0.0155
  5   0     6.4156     6.0000    -0.4156     4.2895     4.2853     0.0042
  6   0     5.4476     6.0000     0.5524     3.9216     3.8915     0.0301
  7   0     5.7359     6.0000     0.2641     3.9366     3.9337     0.0029
  8   0     6.3655     6.0000    -0.3655     4.3168     4.3064     0.0104
  9   0     0.8628     1.0000     0.1372     0.9654     0.9654     0.0000
 10   0     0.8493     1.0000     0.1507     0.9627     0.9627     0.0000
 11   0     6.3705     6.0000    -0.3705     4.0552     4.0551     0.0001
 12   0     0.8352     1.0000     0.1648     0.9618     0.9618     0.0000
 13   0     0.8353     1.0000     0.1647     0.9618     0.9618     0.0000
 14   0     6.2643     6.0000    -0.2643     4.0184     4.0184     0.0000
 15   0     0.8630     1.0000     0.1370     0.9667     0.9667     0.0000
 16   0     0.8631     1.0000     0.1369     0.9667     0.9667     0.0000
 17   0     6.2524     6.0000    -0.2524     3.8898     3.8898     0.0000
 18   0     0.8540     1.0000     0.1460     0.9668     0.9668     0.0000
 19   0     0.8540     1.0000     0.1460     0.9668     0.9668     0.0000
 20   0     6.5089     6.0000    -0.5089     3.8999     3.8999     0.0000
 21   0     0.8436     1.0000     0.1564     0.9659     0.9659    -0.0000
 22   0     0.8436     1.0000     0.1564     0.9660     0.9660    -0.0000
 23   0     6.3547     6.0000    -0.3547     4.0190     4.0190     0.0000
 24   0     0.8480     1.0000     0.1520     0.9636     0.9636     0.0000
 25   0     0.8481     1.0000     0.1519     0.9637     0.9637     0.0000
 26   0     6.2637     6.0000    -0.2637     4.0252     4.0252     0.0000
 27   0     0.8570     1.0000     0.1430     0.9663     0.9663     0.0000
 28   0     0.8570     1.0000     0.1430     0.9663     0.9663     0.0000
 29   0     6.2551     6.0000    -0.2551     3.8976     3.8976     0.0000
 30   0     0.8592     1.0000     0.1408     0.9673     0.9673     0.0000
 31   0     0.8592     1.0000     0.1408     0.9673     0.9673     0.0000
 32   0     6.5058     6.0000    -0.5058     3.9028     3.9028     0.0000
 33   0     0.8400     1.0000     0.1600     0.9653     0.9653     0.0000
 34   0     0.8400     1.0000     0.1600     0.9653     0.9653     0.0000
 35   0     6.2745     6.0000    -0.2745     3.9424     3.9284     0.0140
 36   0     0.8537     1.0000     0.1463     0.9667     0.9667     0.0000
 37   0     0.8568     1.0000     0.1432     0.9671     0.9671     0.0000
 38   0     5.4123     6.0000     0.5877     3.9403     3.9398     0.0005
 39   0     6.2708     6.0000    -0.2708     4.1968     4.1956     0.0012
 40   0     6.0965     6.0000    -0.0965     4.1010     4.1007     0.0003
 41   0     6.1097     6.0000    -0.1097     4.0797     4.0780     0.0017
 42   0     6.0994     6.0000    -0.0994     4.1045     4.1042     0.0003
 43   0     6.2656     6.0000    -0.2656     4.1864     4.1852     0.0012
 44   0     0.8877     1.0000     0.1123     0.9572     0.9572     0.0000
 45   0     0.8885     1.0000     0.1115     0.9607     0.9607     0.0000
 46   0     0.8763     1.0000     0.1237     0.9597     0.9597     0.0000
 47   0     0.8769     1.0000     0.1231     0.9597     0.9597     0.0000
 48   0     0.8885     1.0000     0.1115     0.9609     0.9609     0.0000
      Bond orders larger than 0.1000000
           Atom A     A.N. of A          Atom B    A.N. of B              Bond order
                0             6               1            6                2.031103
                1             6               3            6                1.093752
                1             6               8            6                0.116237
                2             6               6            6                0.856867
                2             6               7            6                0.100545
                2             6              35            6                2.432440
                3             6               4            6                1.258810
                3             6               5            6                0.105703
                3             6               8            6                1.332385
                4             6               5            6                1.495674
                4             6               6            6                0.110897
                4             6              11            6                0.964523
                5             6               6            6                1.384211
                5             6               9            1                0.965837
                6             6               7            6                1.314958
                6             6               8            6                0.143298
                6             6              35            6                0.122441
                7             6               8            6                1.511739
                7             6              23            6                0.968032
                8             6              10            1                0.961404
               11             6              12            1                0.951339
               11             6              13            1                0.951245
               11             6              14            6                1.016013
               14             6              15            1                0.960729
               14             6              16            1                0.960739
               14             6              17            6                0.990996
               17             6              18            1                0.969507
               17             6              19            1                0.969500
               17             6              20            6                0.953640
               20             6              21            1                0.973115
               20             6              22            1                0.973111
               20             6              36            1                0.966967
               23             6              24            1                0.954801
               23             6              25            1                0.954959
               23             6              26            6                1.025326
               26             6              27            1                0.959634
               26             6              28            1                0.959691
               26             6              29            6                0.988515
               29             6              30            1                0.971058
               29             6              31            1                0.971036
               29             6              32            6                0.957332
               32             6              33            1                0.972112
               32             6              34            1                0.972121
               32             6              37            1                0.966531
               35             6              38            6                1.024960
               38             6              39            6                1.379663
               38             6              43            6                1.375325
               39             6              40            6                1.483687
               39             6              41            6                0.100757
               39             6              46            1                0.979465
               40             6              41            6                1.449989
               40             6              48            1                0.972409
               41             6              42            6                1.452510
               41             6              43            6                0.102083
               41             6              44            1                0.962663
               42             6              43            6                1.483693
               42             6              45            1                0.973259
               43             6              47            1                0.977615
# -----------------------------------------------------------
$ Calculation_Info
   description: Details of the calculation
   geom. index: 1
   prop. index: 1
     Multiplicity:                          2
     Charge:                                0
     number of atoms:                       49
     number of electrons:                   0
     number of frozen core electrons:       1
     number of correlated electrons:        0
     number of basis functions:             583
     number of aux C basis functions:       4070
     number of aux J basis functions:       4070
     number of aux JK basis functions:      4070
     number of aux CABS basis functions:    0
     Total Energy                           -928.918714
# -----------------------------------------------------------
$ SCF_Electric_Properties
   description: The SCF Calculated Electric Properties
   geom. index: 1
   prop. index: 1
       Filename                          : EPRII_i.scfp 
       Do Dipole Moment Calculation      : true 
       Do Quadrupole Moment Calculation  : false 
       Do Polarizability Calculation     : false 
** Dipole moment part of electric properties **
        Magnitude of dipole moment (Debye) :       10.1140605185
        Electronic Contribution:
                  0    
      0       9.151071
      1      -0.224337
      2       0.001775
        Nuclear Contribution:
                  0    
      0      -5.173536
      1       0.113089
      2       0.005387
        Total Dipole moment:
                  0    
      0       3.977535
      1      -0.111248
      2       0.007162
# -----------------------------------------------------------
$ EPRNMR_GTensor
   description: Electronic g tensor
   geom. index: 1
   prop. index: 1
 Source density: 1 SCF 
 Spin multiplicity: 2 
 raw g tensor: 
                  0          1          2    
      0       2.006896  -0.000083   0.000025
      1      -0.000194   2.003464   0.000002
      2       0.000027   0.000002   2.002208
 g tensor: 
                  0          1          2    
      0      -0.005557   0.040209  -0.999176
      1      -0.002179   0.999188   0.040222
      2       0.999982   0.002401  -0.005465
 G eigenvalues: 
                  0          1          2    
      0       2.002207   2.003458   2.006902
# -----------------------------------------------------------
$ EPRNMR_OrbitalShielding
   description: Orbital contribution to the NMR Shielding tensor (ppm)
   geom. index: 1
   prop. index: 1
 Number of stored nuclei 25
 Source density: 1 SCF 
 Nucleus: 9 H 
 Shielding tensor (ppm): 
                  0          1          2    
      0      27.534579   7.239444   0.024951
      1       6.177650  25.866832   0.020450
      2       0.016003   0.030258  19.008346
 P Tensor eigenvectors:
                   0          1          2    
      0       0.002125  -0.669477  -0.742829
      1      -0.005685   0.742811  -0.669477
      2       0.999982   0.005646  -0.002228
 P Eigenvalues: 
                  0          1          2    
      0      19.008243  19.941900  33.459615
P(iso)  24.136586
 Nucleus: 10 H 
 Shielding tensor (ppm): 
                  0          1          2    
      0      29.976776   2.034589   0.017759
      1       4.405147  25.373356   0.017235
      2       0.032786  -0.004693  19.604022
 P Tensor eigenvectors:
                   0          1          2    
      0      -0.002381   0.438278   0.898836
      1       0.000113  -0.898839   0.438279
      2       0.999997   0.001145   0.002090
 P Eigenvalues: 
                  0          1          2    
      0      19.603960  23.720743  31.629451
P(iso)  24.984718
 Nucleus: 12 H 
 Shielding tensor (ppm): 
                  0          1          2    
      0      30.486804   0.795220   4.220287
      1      -0.095413  30.179438  -0.955276
      2       5.324501   0.646690  26.204067
 P Tensor eigenvectors:
                   0          1          2    
      0      -0.536336   0.034596   0.843295
      1       0.054221  -0.995683   0.075333
      2       0.842261   0.086128   0.532145
 P Eigenvalues: 
                  0          1          2    
      0      23.101553  30.181114  33.587642
P(iso)  28.956769
 Nucleus: 13 H 
 Shielding tensor (ppm): 
                  0          1          2    
      0      30.490055   0.826921  -4.197090
      1      -0.073035  30.180300   0.973891
      2      -5.294179  -0.600085  26.191196
 P Tensor eigenvectors:
                   0          1          2    
      0       0.534912   0.033452   0.844245
      1      -0.059910  -0.995199   0.077392
      2       0.842781  -0.091977  -0.530340
 P Eigenvalues: 
                  0          1          2    
      0      23.113722  30.185221  33.562607
P(iso)  28.953850
 Nucleus: 15 H 
 Shielding tensor (ppm): 
                  0          1          2    
      0      30.400349   1.725028  -3.549445
      1       1.106769  31.363780   0.079751
      2      -3.593854   1.440112  28.371735
 P Tensor eigenvectors:
                   0          1          2    
      0       0.602928  -0.163440  -0.780875
      1      -0.224403   0.904530  -0.362587
      2       0.765586   0.393844   0.508690
 P Eigenvalues: 
                  0          1          2    
      0      25.318304  31.456551  33.361009
P(iso)  30.045288
 Nucleus: 16 H 
 Shielding tensor (ppm): 
                  0          1          2    
      0      30.386644   1.708440   3.564051
      1       1.086509  31.371563  -0.064245
      2       3.601949  -1.414447  28.374186
 P Tensor eigenvectors:
                   0          1          2    
      0      -0.604297  -0.163216  -0.779862
      1       0.220022   0.906549  -0.360220
      2       0.765777  -0.389267  -0.511914
 P Eigenvalues: 
                  0          1          2    
      0      25.317315  31.454690  33.360388
P(iso)  30.044131
 Nucleus: 18 H 
 Shielding tensor (ppm): 
                  0          1          2    
      0      31.235983   0.198642  -4.808905
      1       0.292452  30.469709  -0.274457
      2      -4.495678  -1.044595  28.580979
 P Tensor eigenvectors:
                   0          1          2    
      0       0.599724  -0.148805  -0.786250
      1       0.064075   0.988333  -0.138176
      2       0.797638   0.032489   0.602261
 P Eigenvalues: 
                  0          1          2    
      0      25.044150  30.415087  34.827434
P(iso)  30.095557
 Nucleus: 19 H 
 Shielding tensor (ppm): 
                  0          1          2    
      0      31.218201   0.171143   4.818602
      1       0.269725  30.461560   0.283582
      2       4.507393   1.058114  28.606722
 P Tensor eigenvectors:
                   0          1          2    
      0      -0.601368  -0.148816  -0.784991
      1      -0.068252   0.988478  -0.135106
      2       0.796052  -0.027671  -0.604596
 P Eigenvalues: 
                  0          1          2    
      0      25.040445  30.413750  34.832289
P(iso)  30.095494
 Nucleus: 21 H 
 Shielding tensor (ppm): 
                  0          1          2    
      0      30.362812  -1.370930   3.953397
      1      -2.339671  30.822933  -2.349920
      2       3.278103  -2.002841  30.975322
 P Tensor eigenvectors:
                   0          1          2    
      0      -0.729288   0.353418   0.585862
      1       0.034920   0.874375  -0.483993
      2       0.683315   0.332512   0.650013
 P Eigenvalues: 
                  0          1          2    
      0      27.036301  29.219954  35.904812
P(iso)  30.720356
 Nucleus: 22 H 
 Shielding tensor (ppm): 
                  0          1          2    
      0      30.379718  -1.354888  -3.961631
      1      -2.327445  30.801352   2.342604
      2      -3.291041   1.999814  30.980742
 P Tensor eigenvectors:
                   0          1          2    
      0      -0.727651   0.354330  -0.587345
      1       0.038579   0.876038   0.480696
      2      -0.684861  -0.327120   0.651120
 P Eigenvalues: 
                  0          1          2    
      0      27.036586  29.220832  35.904393
P(iso)  30.720604
 Nucleus: 24 H 
 Shielding tensor (ppm): 
                  0          1          2    
      0      28.690121  -2.320847   3.228787
      1      -1.542060  31.425726  -0.299863
      2       4.515440   0.952358  25.959669
 P Tensor eigenvectors:
                   0          1          2    
      0      -0.583199   0.534209  -0.611964
      1      -0.152401   0.668015   0.728375
      2       0.797905   0.518051  -0.308172
 P Eigenvalues: 
                  0          1          2    
      0      22.988949  30.168565  32.918003
P(iso)  28.691839
 Nucleus: 25 H 
 Shielding tensor (ppm): 
                  0          1          2    
      0      28.702394  -2.304593  -3.236361
      1      -1.521273  31.427559   0.325765
      2      -4.529240  -0.930882  25.944854
 P Tensor eigenvectors:
                   0          1          2    
      0       0.582048   0.534194  -0.613072
      1       0.148497   0.671436   0.726032
      2       0.799480  -0.513625   0.311482
 P Eigenvalues: 
                  0          1          2    
      0      22.983823  30.170626  32.920359
P(iso)  28.691602
 Nucleus: 27 H 
 Shielding tensor (ppm): 
                  0          1          2    
      0      30.383504  -0.156750   4.136029
      1       0.279300  31.307522  -0.072677
      2       3.893257  -1.422105  28.163732
 P Tensor eigenvectors:
                   0          1          2    
      0      -0.600385  -0.209778   0.771706
      1       0.093560  -0.976780  -0.192735
      2       0.794219  -0.043514   0.606072
 P Eigenvalues: 
                  0          1          2    
      0      25.044774  31.295778  33.514206
P(iso)  29.951586
 Nucleus: 28 H 
 Shielding tensor (ppm): 
                  0          1          2    
      0      30.397304  -0.137473  -4.130698
      1       0.300704  31.300299   0.088629
      2      -3.889779   1.428535  28.154710
 P Tensor eigenvectors:
                   0          1          2    
      0       0.598941  -0.208304   0.773227
      1      -0.097146  -0.977345  -0.188043
      2       0.794879   0.037511  -0.605607
 P Eigenvalues: 
                  0          1          2    
      0      25.043797  31.296971  33.511544
P(iso)  29.950771
 Nucleus: 30 H 
 Shielding tensor (ppm): 
                  0          1          2    
      0      30.776360  -0.652039   4.604569
      1      -0.259414  30.998074   0.429051
      2       4.252460   1.196847  28.396341
 P Tensor eigenvectors:
                   0          1          2    
      0      -0.602955  -0.121097  -0.788531
      1      -0.141245   0.989002  -0.043880
      2       0.785172   0.084918  -0.613428
 P Eigenvalues: 
                  0          1          2    
      0      24.862450  31.130691  34.177633
P(iso)  30.056925
 Nucleus: 31 H 
 Shielding tensor (ppm): 
                  0          1          2    
      0      30.795624  -0.627334  -4.602805
      1      -0.238126  31.007433  -0.415758
      2      -4.251339  -1.185705  28.368543
 P Tensor eigenvectors:
                   0          1          2    
      0       0.601254  -0.120728  -0.789885
      1       0.137305   0.989427  -0.046711
      2       0.787173  -0.080370   0.611473
 P Eigenvalues: 
                  0          1          2    
      0      24.860575  31.132119  34.178906
P(iso)  30.057200
 Nucleus: 33 H 
 Shielding tensor (ppm): 
                  0          1          2    
      0      30.328998  -1.972265  -4.097048
      1      -2.713837  30.741678   2.331580
      2      -3.415598   1.967618  30.887846
 P Tensor eigenvectors:
                   0          1          2    
      0      -0.759653   0.255198  -0.598165
      1      -0.101227   0.862177   0.496391
      2      -0.642402  -0.437635   0.629122
 P Eigenvalues: 
                  0          1          2    
      0      26.816882  28.928603  36.213037
P(iso)  30.652840
 Nucleus: 34 H 
 Shielding tensor (ppm): 
                  0          1          2    
      0      30.309759  -1.988251   4.085666
      1      -2.725899  30.762586  -2.339545
      2       3.399294  -1.976368  30.885957
 P Tensor eigenvectors:
                   0          1          2    
      0       0.761337  -0.254127   0.596478
      1       0.104411  -0.859921  -0.499635
      2      -0.639894  -0.442669   0.628156
 P Eigenvalues: 
                  0          1          2    
      0      26.817760  28.926457  36.214085
P(iso)  30.652767
 Nucleus: 36 H 
 Shielding tensor (ppm): 
                  0          1          2    
      0      29.137033   2.187356   0.010238
      1       3.400793  36.345523   0.031126
      2       0.013594   0.030632  25.831581
 P Tensor eigenvectors:
                   0          1          2    
      0      -0.001443   0.943091   0.332531
      1      -0.002543  -0.332534   0.943088
      2       0.999996   0.000515   0.002878
 P Eigenvalues: 
                  0          1          2    
      0      25.831485  28.181641  37.301011
P(iso)  30.438046
 Nucleus: 37 H 
 Shielding tensor (ppm): 
                  0          1          2    
      0      29.017952   1.740445   0.009173
      1       3.080415  36.539131   0.032104
      2       0.011766   0.029835  25.773369
 P Tensor eigenvectors:
                   0          1          2    
      0      -0.001316  -0.956738  -0.290949
      1      -0.002587   0.290952  -0.956734
      2       0.999996  -0.000507  -0.002858
 P Eigenvalues: 
                  0          1          2    
      0      25.773276  28.312686  37.244491
P(iso)  30.443484
 Nucleus: 44 H 
 Shielding tensor (ppm): 
                  0          1          2    
      0      23.724771   0.086798   0.001226
      1       0.091545  27.274426   0.013172
      2       0.000594   0.013056  21.263622
 P Tensor eigenvectors:
                   0          1          2    
      0      -0.000298  -0.999684  -0.025144
      1      -0.002179   0.025145  -0.999681
      2       0.999998  -0.000243  -0.002185
 P Eigenvalues: 
                  0          1          2    
      0      21.263593  23.722532  27.276693
P(iso)  24.087606
 Nucleus: 45 H 
 Shielding tensor (ppm): 
                  0          1          2    
      0      26.983604  -1.703361  -0.001557
      1      -1.650569  24.505619   0.007239
      2      -0.002511   0.006855  20.998569
 P Tensor eigenvectors:
                   0          1          2    
      0      -0.000269   0.450884  -0.892583
      1      -0.002137   0.892580   0.450883
      2       0.999998   0.002029   0.000723
 P Eigenvalues: 
                  0          1          2    
      0      20.998555  23.659602  27.829635
P(iso)  24.162597
 Nucleus: 46 H 
 Shielding tensor (ppm): 
                  0          1          2    
      0      27.085615  -3.292153  -0.004517
      1      -2.569378  24.476204   0.009766
      2      -0.005240   0.009175  20.084223
 P Tensor eigenvectors:
                   0          1          2    
      0      -0.000311   0.550523  -0.834820
      1      -0.002350   0.834817   0.550522
      2       0.999997   0.002133   0.001034
 P Eigenvalues: 
                  0          1          2    
      0      20.084202  22.573177  28.988663
P(iso)  23.882014
 Nucleus: 47 H 
 Shielding tensor (ppm): 
                  0          1          2    
      0      28.071031   2.563574   0.007613
      1       1.970503  23.733528   0.009290
      2       0.003670   0.010097  19.782773
 P Tensor eigenvectors:
                   0          1          2    
      0      -0.000038  -0.398153  -0.917319
      1      -0.002439   0.917316  -0.398151
      2       0.999997   0.002222  -0.001005
 P Eigenvalues: 
                  0          1          2    
      0      19.782749  22.765153  29.039429
P(iso)  23.862444
 Nucleus: 48 H 
 Shielding tensor (ppm): 
                  0          1          2    
      0      27.062643   1.371874   0.005218
      1       1.353415  24.331346   0.007845
      2       0.003658   0.008239  21.050854
 P Tensor eigenvectors:
                   0          1          2    
      0      -0.000217  -0.382343  -0.924020
      1      -0.002363   0.924018  -0.382342
      2       0.999997   0.002100  -0.001104
 P Eigenvalues: 
                  0          1          2    
      0      21.050834  23.767811  27.626198
P(iso)  24.148281
# -----------------------------------------------------------
$ EPRNMR_ATensor
   description: Hyperfine A tensor
   geom. index: 1
   prop. index: 1
 Number of stored nuclei 25
 Source density: 1 SCF 
 Spin multiplicity: 2 
 Nucleus: 9 H  
 Isotope: 1 
 Nuclear Spin:  0.5 
 Prefactor (MHz): 533.551395 
 Raw A tensor (MHz): 
                  0          1          2    
      0       5.590462   1.467382   0.005025
      1       1.469214   4.664297   0.004799
      2       0.005039   0.004783   2.721788
 A Tensor eigenvectors:
                   0          1          2    
      0      -0.000795  -0.591206  -0.806520
      1      -0.001870   0.806520  -0.591204
      2       0.999998   0.001039  -0.001747
 A Eigenvalues: 
                  0          1          2    
      0       2.721775   3.587788   6.666984
A(iso)  4.325516
 Nucleus: 10 H  
 Isotope: 1 
 Nuclear Spin:  0.5 
 Prefactor (MHz): 533.551395 
 Raw A tensor (MHz): 
                  0          1          2    
      0     -10.224025  -2.049864  -0.003789
      1      -2.060131  -4.540153   0.010257
      2      -0.003835   0.010315 -10.272562
 A Tensor eigenvectors:
                   0          1          2    
      0       0.307378  -0.000176  -0.951588
      1      -0.951586  -0.001852  -0.307377
      2      -0.001709   0.999998  -0.000737
 A Eigenvalues: 
                  0          1          2    
      0      -3.874992 -10.272581 -10.889168
A(iso)  -8.345580
 Nucleus: 12 H  
 Isotope: 1 
 Nuclear Spin:  0.5 
 Prefactor (MHz): 533.551395 
 Raw A tensor (MHz): 
                  0          1          2    
      0      14.745833  -0.641877   0.073060
      1      -0.636343  17.302205   1.242396
      2       0.074697   1.241676  13.459658
 A Tensor eigenvectors:
                   0          1          2    
      0      -0.153980   0.969066  -0.192875
      1      -0.298699   0.140416   0.943961
      2       0.941843   0.202962   0.267838
 A Eigenvalues: 
                  0          1          2    
      0      13.053933  14.669179  17.784585
A(iso)  15.169232
 Nucleus: 13 H  
 Isotope: 1 
 Nuclear Spin:  0.5 
 Prefactor (MHz): 533.551395 
 Raw A tensor (MHz): 
                  0          1          2    
      0      14.748710  -0.639683  -0.074684
      1      -0.634117  17.313013  -1.225075
      2      -0.076324  -1.224427  13.448128
 A Tensor eigenvectors:
                   0          1          2    
      0       0.152663   0.969322  -0.192637
      1       0.294306   0.141487   0.945180
      2       0.943439  -0.200988  -0.263677
 A Eigenvalues: 
                  0          1          2    
      0      13.054091  14.671884  17.783875
A(iso)  15.169950
 Nucleus: 15 H  
 Isotope: 1 
 Nuclear Spin:  0.5 
 Prefactor (MHz): 533.551395 
 Raw A tensor (MHz): 
                  0          1          2    
      0      -0.428442  -0.643571  -0.116474
      1      -0.641781   0.444655   0.325465
      2      -0.115909   0.325161  -0.898032
 A Tensor eigenvectors:
                   0          1          2    
      0       0.883328   0.454423   0.115025
      1       0.412253  -0.869898   0.270786
      2       0.223111  -0.191773  -0.955743
 A Eigenvalues: 
                  0          1          2    
      0      -0.757454   0.851873  -0.976238
A(iso)  -0.293940
 Nucleus: 16 H  
 Isotope: 1 
 Nuclear Spin:  0.5 
 Prefactor (MHz): 533.551395 
 Raw A tensor (MHz): 
                  0          1          2    
      0      -0.428064  -0.643596   0.113696
      1      -0.641801   0.448398  -0.319914
      2       0.113146  -0.319631  -0.899947
 A Tensor eigenvectors:
                   0          1          2    
      0       0.883498   0.454113  -0.114947
      1       0.412907  -0.870844  -0.266717
      2      -0.221221   0.188182  -0.956896
 A Eigenvalues: 
                  0          1          2    
      0      -0.756561   0.852424  -0.975476
A(iso)  -0.293205
 Nucleus: 18 H  
 Isotope: 1 
 Nuclear Spin:  0.5 
 Prefactor (MHz): 533.551395 
 Raw A tensor (MHz): 
                  0          1          2    
      0      -0.285170  -0.054683   0.000423
      1      -0.053838   0.838930  -0.194647
      2       0.000298  -0.194494  -0.353219
 A Tensor eigenvectors:
                   0          1          2    
      0       0.995403   0.083643   0.046662
      1       0.032787   0.160181  -0.986543
      2      -0.089991   0.983538   0.156702
 A Eigenvalues: 
                  0          1          2    
      0      -0.286970  -0.384856   0.872368
A(iso)  0.066847
 Nucleus: 19 H  
 Isotope: 1 
 Nuclear Spin:  0.5 
 Prefactor (MHz): 533.551395 
 Raw A tensor (MHz): 
                  0          1          2    
      0      -0.285143  -0.054868  -0.000871
      1      -0.054029   0.836773   0.200839
      2      -0.000744   0.200677  -0.351017
 A Tensor eigenvectors:
                   0          1          2    
      0       0.995492   0.082465  -0.046848
      1       0.032694   0.165306   0.985700
      2       0.089030  -0.982789   0.161865
 A Eigenvalues: 
                  0          1          2    
      0      -0.286985  -0.384696   0.872293
A(iso)  0.066871
 Nucleus: 21 H  
 Isotope: 1 
 Nuclear Spin:  0.5 
 Prefactor (MHz): 533.551395 
 Raw A tensor (MHz): 
                  0          1          2    
      0      -0.072752  -0.123619   0.015684
      1      -0.123146   0.342111  -0.068739
      2       0.015612  -0.068699  -0.163862
 A Tensor eigenvectors:
                   0          1          2    
      0       0.964849   0.011345   0.262558
      1       0.258697   0.134929  -0.956489
      2      -0.046278   0.990790   0.127251
 A Eigenvalues: 
                  0          1          2    
      0      -0.106528  -0.173038   0.385063
A(iso)  0.035166
 Nucleus: 22 H  
 Isotope: 1 
 Nuclear Spin:  0.5 
 Prefactor (MHz): 533.551395 
 Raw A tensor (MHz): 
                  0          1          2    
      0      -0.072707  -0.123637  -0.016248
      1      -0.123166   0.341399   0.071022
      2      -0.016173   0.070977  -0.163257
 A Tensor eigenvectors:
                   0          1          2    
      0       0.964790   0.011455  -0.262773
      1       0.258681   0.139445   0.955845
      2       0.047592  -0.990164   0.131572
 A Eigenvalues: 
                  0          1          2    
      0      -0.106538  -0.173065   0.385038
A(iso)  0.035145
 Nucleus: 24 H  
 Isotope: 1 
 Nuclear Spin:  0.5 
 Prefactor (MHz): 533.551395 
 Raw A tensor (MHz): 
                  0          1          2    
      0      -4.201291   0.370289   0.064024
      1       0.369976  -3.793106   0.377512
      2       0.063996   0.377214  -5.028150
 A Tensor eigenvectors:
                   0          1          2    
      0       0.465689   0.883747  -0.046092
      1       0.854755  -0.435700   0.282061
      2       0.229188  -0.170750  -0.958289
 A Eigenvalues: 
                  0          1          2    
      0      -3.490324  -4.396119  -5.136104
A(iso)  -4.340849
 Nucleus: 25 H  
 Isotope: 1 
 Nuclear Spin:  0.5 
 Prefactor (MHz): 533.551395 
 Raw A tensor (MHz): 
                  0          1          2    
      0      -4.199676   0.370125  -0.061724
      1       0.369811  -3.787420  -0.369981
      2      -0.061681  -0.369677  -5.031855
 A Tensor eigenvectors:
                   0          1          2    
      0       0.465587   0.883811   0.045896
      1       0.856187  -0.436696  -0.276118
      2      -0.223993   0.167852  -0.960027
 A Eigenvalues: 
                  0          1          2    
      0      -3.489540  -4.394177  -5.135234
A(iso)  -4.339650
 Nucleus: 27 H  
 Isotope: 1 
 Nuclear Spin:  0.5 
 Prefactor (MHz): 533.551395 
 Raw A tensor (MHz): 
                  0          1          2    
      0       0.351418   0.568816  -0.106729
      1       0.566596   1.156720  -0.275156
      2      -0.106185  -0.274974  -0.081978
 A Tensor eigenvectors:
                   0          1          2    
      0       0.892433  -0.051068  -0.448280
      1      -0.426563   0.228205  -0.875195
      2       0.146994   0.972273   0.181874
 A Eigenvalues: 
                  0          1          2    
      0       0.062919  -0.141061   1.504302
A(iso)  0.475387
 Nucleus: 28 H  
 Isotope: 1 
 Nuclear Spin:  0.5 
 Prefactor (MHz): 533.551395 
 Raw A tensor (MHz): 
                  0          1          2    
      0       0.352000   0.568166   0.109881
      1       0.565946   1.155064   0.282188
      2       0.109335   0.282029  -0.078068
 A Tensor eigenvectors:
                   0          1          2    
      0       0.892560  -0.050969   0.448039
      1      -0.425529   0.233558   0.874286
      2      -0.149204  -0.971006   0.186775
 A Eigenvalues: 
                  0          1          2    
      0       0.063722  -0.140293   1.505566
A(iso)  0.476332
 Nucleus: 30 H  
 Isotope: 1 
 Nuclear Spin:  0.5 
 Prefactor (MHz): 533.551395 
 Raw A tensor (MHz): 
                  0          1          2    
      0      -0.058465   0.182366   0.025069
      1       0.181835   0.159665   0.083426
      2       0.024930   0.083373  -0.304684
 A Tensor eigenvectors:
                   0          1          2    
      0      -0.875217   0.482515  -0.034273
      1       0.469022   0.863810   0.183987
      2       0.118382   0.144953  -0.982331
 A Eigenvalues: 
                  0          1          2    
      0      -0.159353   0.275305  -0.319436
A(iso)  -0.067828
 Nucleus: 31 H  
 Isotope: 1 
 Nuclear Spin:  0.5 
 Prefactor (MHz): 533.551395 
 Raw A tensor (MHz): 
                  0          1          2    
      0      -0.058239   0.182525  -0.023887
      1       0.181994   0.160773  -0.080589
      2      -0.023747  -0.080530  -0.305531
 A Tensor eigenvectors:
                   0          1          2    
      0      -0.875147   0.482615   0.034639
      1       0.469765   0.864631  -0.178139
      2      -0.115922  -0.139626  -0.983395
 A Eigenvalues: 
                  0          1          2    
      0      -0.159147   0.275440  -0.319288
A(iso)  -0.067665
 Nucleus: 33 H  
 Isotope: 1 
 Nuclear Spin:  0.5 
 Prefactor (MHz): 533.551395 
 Raw A tensor (MHz): 
                  0          1          2    
      0      -0.108592   0.122697   0.016892
      1       0.122187   0.275917   0.065712
      2       0.016819   0.065674  -0.197532
 A Tensor eigenvectors:
                   0          1          2    
      0       0.960792   0.002646   0.277257
      1      -0.275088   0.134310   0.951991
      2      -0.034719  -0.990936   0.129772
 A Eigenvalues: 
                  0          1          2    
      0      -0.144195  -0.206479   0.320467
A(iso)  -0.010069
 Nucleus: 34 H  
 Isotope: 1 
 Nuclear Spin:  0.5 
 Prefactor (MHz): 533.551395 
 Raw A tensor (MHz): 
                  0          1          2    
      0      -0.108499   0.122830  -0.016258
      1       0.122321   0.276466  -0.063211
      2      -0.016185  -0.063168  -0.198155
 A Tensor eigenvectors:
                   0          1          2    
      0       0.960733   0.002659  -0.277462
      1      -0.275469   0.129126  -0.952598
      2       0.033295   0.991625   0.124788
 A Eigenvalues: 
                  0          1          2    
      0      -0.144144  -0.206424   0.320381
A(iso)  -0.010062
 Nucleus: 36 H  
 Isotope: 1 
 Nuclear Spin:  0.5 
 Prefactor (MHz): 533.551395 
 Raw A tensor (MHz): 
                  0          1          2    
      0      -0.136934  -0.044120  -0.000123
      1      -0.043896   0.289075   0.001171
      2      -0.000122   0.001170  -0.176332
 A Tensor eigenvectors:
                   0          1          2    
      0       0.994790  -0.000331  -0.101943
      1       0.101944   0.002485   0.994787
      2      -0.000076  -0.999997   0.002505
 A Eigenvalues: 
                  0          1          2    
      0      -0.141432  -0.176335   0.293576
A(iso)  -0.008064
 Nucleus: 37 H  
 Isotope: 1 
 Nuclear Spin:  0.5 
 Prefactor (MHz): 533.551395 
 Raw A tensor (MHz): 
                  0          1          2    
      0      -0.057379   0.098156   0.000282
      1       0.097932   0.175169   0.000894
      2       0.000282   0.000894  -0.140803
 A Tensor eigenvectors:
                   0          1          2    
      0       0.939184   0.000092   0.343414
      1      -0.343413   0.002799   0.939180
      2      -0.000875  -0.999996   0.002661
 A Eigenvalues: 
                  0          1          2    
      0      -0.093198  -0.140806   0.210990
A(iso)  -0.007671
 Nucleus: 44 H  
 Isotope: 1 
 Nuclear Spin:  0.5 
 Prefactor (MHz): 533.551395 
 Raw A tensor (MHz): 
                  0          1          2    
      0      -1.275050  -0.153531   0.000168
      1      -0.153536  -5.200664  -0.003816
      2       0.000169  -0.003816  -3.450397
 A Tensor eigenvectors:
                   0          1          2    
      0       0.999238   0.000230   0.039021
      1      -0.039021   0.002160   0.999236
      2       0.000145  -0.999998   0.002167
 A Eigenvalues: 
                  0          1          2    
