-------------------------------------------------------------
----------------------- !PROPERTIES! ------------------------
-------------------------------------------------------------
# -----------------------------------------------------------
$ PAL_Flags
   description: The PAL Flags
   geom. index: 1
   prop. index: 1
        Diskflag:     2
# -----------------------------------------------------------
$ SCF_Energy
   description: The SCF energy
   geom. index: 1
   prop. index: 1
        SCF Energy:     -928.9187133578
# -----------------------------------------------------------
$ DFT_Energy
   description: The DFT energy
   geom. index: 1
   prop. index: 1
   Number of Alpha Electrons                 85.0001790707 
   Number of Beta  Electrons                 84.0001864015 
   Total number of  Electrons               169.0003654722 
   Exchange energy                         -105.5011543826 
   Correlation energy                        -6.5731999181 
   Correlation energy NL                      0.0000000000 
   Exchange-Correlation energy             -112.0743543007 
   Embedding correction                       0.0000000000 
   Total DFT Energy (No VdW correction)    -928.9187133578 
# -----------------------------------------------------------
$ Mayer_Pop
   description: The Mayer population analysis
   geom. index: 1
   prop. index: 1
     Number of atoms                     : 49
     Threshold for printing              : 0.1000000
     Number of bond orders printed       : 58
  NA   - Mulliken gross atomic population
  ZA   - Total nuclear charge
  QA   - Mulliken gross atomic charge
  VA   - Mayer's total valence
  BVA  - Mayer's bonded valence
  FA   - Mayer's free valence
  ATOM       NA         ZA         QA         VA         BVA        FA
  0   0     6.5089     6.0000    -0.5089     2.3577     2.2555     0.1022
  1   0     6.1348     6.0000    -0.1348     3.5762     3.5035     0.0727
  2   0     6.3831     6.0000    -0.3831     3.7783     3.7756     0.0027
  3   0     5.5927     6.0000     0.4073     3.9194     3.9174     0.0020
  4   0     5.6708     6.0000     0.3292     3.8662     3.8507     0.0155
  5   0     6.4155     6.0000    -0.4155     4.2895     4.2853     0.0042
  6   0     5.4476     6.0000     0.5524     3.9216     3.8915     0.0301
  7   0     5.7358     6.0000     0.2642     3.9365     3.9336     0.0029
  8   0     6.3655     6.0000    -0.3655     4.3168     4.3064     0.0104
  9   0     0.8628     1.0000     0.1372     0.9654     0.9654     0.0000
 10   0     0.8493     1.0000     0.1507     0.9627     0.9627     0.0000
 11   0     6.3705     6.0000    -0.3705     4.0552     4.0551     0.0001
 12   0     0.8352     1.0000     0.1648     0.9618     0.9618     0.0000
 13   0     0.8353     1.0000     0.1647     0.9618     0.9618     0.0000
 14   0     6.2643     6.0000    -0.2643     4.0184     4.0184     0.0000
 15   0     0.8630     1.0000     0.1370     0.9667     0.9667     0.0000
 16   0     0.8631     1.0000     0.1369     0.9667     0.9667     0.0000
 17   0     6.2524     6.0000    -0.2524     3.8898     3.8898     0.0000
 18   0     0.8540     1.0000     0.1460     0.9668     0.9668     0.0000
 19   0     0.8540     1.0000     0.1460     0.9668     0.9668     0.0000
 20   0     6.5089     6.0000    -0.5089     3.8999     3.8999     0.0000
 21   0     0.8436     1.0000     0.1564     0.9659     0.9659    -0.0000
 22   0     0.8436     1.0000     0.1564     0.9660     0.9660    -0.0000
 23   0     6.3547     6.0000    -0.3547     4.0190     4.0190     0.0000
 24   0     0.8480     1.0000     0.1520     0.9636     0.9636     0.0000
 25   0     0.8481     1.0000     0.1519     0.9637     0.9637     0.0000
 26   0     6.2637     6.0000    -0.2637     4.0252     4.0252     0.0000
 27   0     0.8570     1.0000     0.1430     0.9663     0.9663     0.0000
 28   0     0.8570     1.0000     0.1430     0.9663     0.9663     0.0000
 29   0     6.2551     6.0000    -0.2551     3.8976     3.8976     0.0000
 30   0     0.8592     1.0000     0.1408     0.9673     0.9673     0.0000
 31   0     0.8592     1.0000     0.1408     0.9673     0.9673     0.0000
 32   0     6.5058     6.0000    -0.5058     3.9027     3.9027     0.0000
 33   0     0.8400     1.0000     0.1600     0.9653     0.9653     0.0000
 34   0     0.8400     1.0000     0.1600     0.9653     0.9653     0.0000
 35   0     6.2747     6.0000    -0.2747     3.9425     3.9286     0.0139
 36   0     0.8537     1.0000     0.1463     0.9667     0.9667     0.0000
 37   0     0.8568     1.0000     0.1432     0.9671     0.9671     0.0000
 38   0     5.4123     6.0000     0.5877     3.9403     3.9398     0.0005
 39   0     6.2708     6.0000    -0.2708     4.1967     4.1955     0.0012
 40   0     6.0965     6.0000    -0.0965     4.1010     4.1007     0.0003
 41   0     6.1097     6.0000    -0.1097     4.0797     4.0781     0.0016
 42   0     6.0994     6.0000    -0.0994     4.1045     4.1042     0.0003
 43   0     6.2656     6.0000    -0.2656     4.1864     4.1852     0.0012
 44   0     0.8877     1.0000     0.1123     0.9572     0.9572     0.0000
 45   0     0.8885     1.0000     0.1115     0.9607     0.9607     0.0000
 46   0     0.8763     1.0000     0.1237     0.9597     0.9597     0.0000
 47   0     0.8769     1.0000     0.1231     0.9597     0.9597     0.0000
 48   0     0.8885     1.0000     0.1115     0.9609     0.9609     0.0000
      Bond orders larger than 0.1000000
           Atom A     A.N. of A          Atom B    A.N. of B              Bond order
                0             6               1            6                2.031130
                1             6               3            6                1.093688
                1             6               8            6                0.116242
                2             6               6            6                0.856823
                2             6               7            6                0.100549
                2             6              35            6                2.432543
                3             6               4            6                1.258853
                3             6               5            6                0.105707
                3             6               8            6                1.332394
                4             6               5            6                1.495664
                4             6               6            6                0.110899
                4             6              11            6                0.964531
                5             6               6            6                1.384236
                5             6               9            1                0.965846
                6             6               7            6                1.314991
                6             6               8            6                0.143314
                6             6              35            6                0.122429
                7             6               8            6                1.511652
                7             6              23            6                0.968032
                8             6              10            1                0.961400
               11             6              12            1                0.951339
               11             6              13            1                0.951244
               11             6              14            6                1.016012
               14             6              15            1                0.960727
               14             6              16            1                0.960738
               14             6              17            6                0.990996
               17             6              18            1                0.969507
               17             6              19            1                0.969501
               17             6              20            6                0.953640
               20             6              21            1                0.973115
               20             6              22            1                0.973110
               20             6              36            1                0.966967
               23             6              24            1                0.954804
               23             6              25            1                0.954959
               23             6              26            6                1.025329
               26             6              27            1                0.959635
               26             6              28            1                0.959689
               26             6              29            6                0.988517
               29             6              30            1                0.971058
               29             6              31            1                0.971035
               29             6              32            6                0.957328
               32             6              33            1                0.972112
               32             6              34            1                0.972122
               32             6              37            1                0.966531
               35             6              38            6                1.024946
               38             6              39            6                1.379676
               38             6              43            6                1.375326
               39             6              40            6                1.483672
               39             6              41            6                0.100758
               39             6              46            1                0.979466
               40             6              41            6                1.449992
               40             6              48            1                0.972408
               41             6              42            6                1.452510
               41             6              43            6                0.102077
               41             6              44            1                0.962665
               42             6              43            6                1.483696
               42             6              45            1                0.973261
               43             6              47            1                0.977616
# -----------------------------------------------------------
$ Calculation_Info
   description: Details of the calculation
   geom. index: 1
   prop. index: 1
     Multiplicity:                          2
     Charge:                                0
     number of atoms:                       49
     number of electrons:                   0
     number of frozen core electrons:       1
     number of correlated electrons:        0
     number of basis functions:             583
     number of aux C basis functions:       4070
     number of aux J basis functions:       4070
     number of aux JK basis functions:      4070
     number of aux CABS basis functions:    0
     Total Energy                           -928.918713
# -----------------------------------------------------------
$ SCF_Electric_Properties
   description: The SCF Calculated Electric Properties
   geom. index: 1
   prop. index: 1
       Filename                          : EPRII.scfp 
       Do Dipole Moment Calculation      : true 
       Do Quadrupole Moment Calculation  : false 
       Do Polarizability Calculation     : false 
** Dipole moment part of electric properties **
        Magnitude of dipole moment (Debye) :       10.1126762010
        Electronic Contribution:
                  0    
      0       9.150527
      1      -0.224293
      2       0.001791
        Nuclear Contribution:
                  0    
      0      -5.173536
      1       0.113089
      2       0.005387
        Total Dipole moment:
                  0    
      0       3.976991
      1      -0.111204
      2       0.007178
# -----------------------------------------------------------
$ EPRNMR_GTensor
   description: Electronic g tensor
   geom. index: 1
   prop. index: 1
 Source density: 1 SCF 
 Spin multiplicity: 2 
 raw g tensor: 
                  0          1          2    
      0       2.006881  -0.000058   0.000025
      1      -0.000006   2.003761   0.000002
      2       0.000028   0.000002   2.002365
 g tensor: 
                  0          1          2    
      0      -0.005947   0.010272  -0.999930
      1      -0.001877   0.999945   0.010284
      2       0.999981   0.001938  -0.005927
 G eigenvalues: 
                  0          1          2    
      0       2.002365   2.003760   2.006882
# -----------------------------------------------------------
$ EPRNMR_OrbitalShielding
   description: Orbital contribution to the NMR Shielding tensor (ppm)
   geom. index: 1
   prop. index: 1
 Number of stored nuclei 25
 Source density: 1 SCF 
 Nucleus: 9 H 
 Shielding tensor (ppm): 
                  0          1          2    
      0      36.482921 156.960633   0.234281
      1     -172.954496 130.495041  -0.059669
      2      -0.367154   0.049064 124.510679
 P Tensor eigenvectors:
                   0          1          2    
      0       0.000868  -0.804841   0.593490
      1      -0.000782  -0.593491  -0.804840
      2       0.999999   0.000235  -0.001145
 P Eigenvalues: 
                  0          1          2    
      0     124.510520  61.957238 105.020883
P(iso)  97.162881
 Nucleus: 10 H 
 Shielding tensor (ppm): 
                  0          1          2    
      0      34.980307 -159.337081  -0.303861
      1       7.437197  27.020713  -0.126877
      2      -0.080628  -0.053294  34.629679
 P Tensor eigenvectors:
                   0          1          2    
      0       0.979224   0.004694  -0.202727
      1       0.202716   0.002743   0.979234
      2       0.005152  -0.999985   0.001735
 P Eigenvalues: 
                  0          1          2    
      0       4.498255  34.629973  57.502471
P(iso)  32.210233
 Nucleus: 12 H 
 Shielding tensor (ppm): 
                  0          1          2    
      0      69.062523 -89.513948 283.577625
      1     180.488221 -10.099602 214.459054
      2     -191.524125 -158.915451  25.183902
 P Tensor eigenvectors:
                   0          1          2    
      0      -0.524149   0.695696   0.491198
      1       0.747693   0.652047  -0.125658
      2       0.407704  -0.301402   0.861937
 P Eigenvalues: 
                  0          1          2    
      0     -20.879218  42.469819  62.556224
P(iso)  28.048941
 Nucleus: 13 H 
 Shielding tensor (ppm): 
                  0          1          2    
      0      69.117432 -88.356534 -283.928006
      1     179.826546  -9.865399 -214.370889
      2     192.361568 158.692036  24.751936
 P Tensor eigenvectors:
                   0          1          2    
      0      -0.523858   0.695245  -0.492146
      1       0.749447   0.650796   0.121629
      2      -0.404849   0.305121   0.861974
 P Eigenvalues: 
                  0          1          2    
      0     -20.953991  42.441228  62.516732
P(iso)  28.001323
 Nucleus: 15 H 
 Shielding tensor (ppm): 
                  0          1          2    
      0      53.942549 249.183513 210.403667
      1     -307.945279 109.594757 323.035024
      2     -157.619508 -235.686353 136.265800
 P Tensor eigenvectors:
                   0          1          2    
      0      -0.678042   0.462449  -0.571314
      1       0.392613   0.884967   0.250377
      2      -0.621381   0.054539   0.781608
 P Eigenvalues: 
                  0          1          2    
      0     110.879453  79.271243 109.652409
P(iso)  99.934368
 Nucleus: 16 H 
 Shielding tensor (ppm): 
                  0          1          2    
      0      53.936484 249.881482 -209.442556
      1     -308.222959 109.955533 -323.623889
      2     156.168630 235.920191 135.710372
 P Tensor eigenvectors:
                   0          1          2    
      0      -0.678848   0.462684   0.570166
      1       0.389879   0.885122  -0.254073
      2       0.622222  -0.049819   0.781254
 P Eigenvalues: 
                  0          1          2    
      0     110.778853  79.229739 109.593797
P(iso)  99.867463
 Nucleus: 18 H 
 Shielding tensor (ppm): 
                  0          1          2    
      0      38.503798 -205.347629 -258.863810
      1     326.336359 -17.608430 -398.408244
      2     176.156698 289.715878 -19.401086
 P Tensor eigenvectors:
                   0          1          2    
      0      -0.699382   0.426436  -0.573600
      1       0.450383   0.886083   0.109603
      2      -0.554996   0.181685   0.811770
 P Eigenvalues: 
                  0          1          2    
      0     -33.758627  14.346719  20.906190
P(iso)  0.498094
 Nucleus: 19 H 
 Shielding tensor (ppm): 
                  0          1          2    
      0      38.429127 -206.067195 258.171051
      1     326.422768 -18.071408 399.166967
      2     -174.700849 -290.213055 -18.684120
 P Tensor eigenvectors:
                   0          1          2    
      0      -0.700419   0.426906   0.571983
      1       0.447963   0.886838  -0.113351
      2       0.555646  -0.176834   0.812396
 P Eigenvalues: 
                  0          1          2    
      0     -33.670894  14.384955  20.959538
P(iso)  0.557866
 Nucleus: 21 H 
 Shielding tensor (ppm): 
                  0          1          2    
      0      -4.128692 376.882684 -184.939326
      1     -446.552765  84.117861 -457.526601
      2     134.499776 330.084566  52.932653
 P Tensor eigenvectors:
                   0          1          2    
      0      -0.680857  -0.394411   0.617149
      1       0.256776  -0.917682  -0.303194
      2       0.685930  -0.047963   0.726085
 P Eigenvalues: 
                  0          1          2    
      0      41.827238  38.538333  52.556251
P(iso)  44.307274
 Nucleus: 22 H 
 Shielding tensor (ppm): 
                  0          1          2    
      0      -4.123451 376.681988 186.514196
      1     -446.903359  83.574536 456.819772
      2     -136.583955 -329.260996  53.718676
 P Tensor eigenvectors:
                   0          1          2    
      0      -0.679537  -0.394336  -0.618651
      1       0.259804  -0.917962   0.299747
      2      -0.686099   0.042961   0.726238
 P Eigenvalues: 
                  0          1          2    
      0      41.962893  38.586931  52.619937
P(iso)  44.389920
 Nucleus: 24 H 
 Shielding tensor (ppm): 
                  0          1          2    
      0      66.618108 -129.167628 -15.169995
      1     188.828792  98.363640 225.157979
      2      18.913319 -165.811154 122.324820
 P Tensor eigenvectors:
                   0          1          2    
      0       0.800938   0.037492   0.597572
      1      -0.068739  -0.985681   0.153974
      2      -0.594788   0.164400   0.786892
 P Eigenvalues: 
                  0          1          2    
      0      83.834078  87.168025 116.304465
P(iso)  95.768856
 Nucleus: 25 H 
 Shielding tensor (ppm): 
                  0          1          2    
      0      66.672308 -129.415647  14.367745
      1     189.179678  98.719339 -225.055174
      2     -17.884463 165.507453 122.040815
 P Tensor eigenvectors:
                   0          1          2    
      0       0.800279   0.037511  -0.598454
      1      -0.072249  -0.984738  -0.158337
      2       0.595260  -0.169951   0.785355
 P Eigenvalues: 
                  0          1          2    
      0      83.888735  87.196922 116.346805
P(iso)  95.810821
 Nucleus: 27 H 
 Shielding tensor (ppm): 
                  0          1          2    
      0      53.036389 164.873657  91.003113
      1     -264.320793  46.260958 -331.515555
      2     -57.535835 241.937341  63.229739
 P Tensor eigenvectors:
                   0          1          2    
      0       0.763779   0.209705   0.610463
      1       0.255876  -0.966636   0.011918
      2      -0.592595  -0.147100   0.791955
 P Eigenvalues: 
                  0          1          2    
      0      35.172296  53.315179  74.039611
P(iso)  54.175695
 Nucleus: 28 H 
 Shielding tensor (ppm): 
                  0          1          2    
      0      53.050138 165.752129 -90.068544
      1     -265.193600  45.757833 330.872775
      2      56.039279 -241.673582  63.618414
 P Tensor eigenvectors:
                   0          1          2    
      0       0.762699   0.209337  -0.611938
      1       0.252590  -0.967439  -0.016129
      2       0.595389   0.142268   0.790742
 P Eigenvalues: 
                  0          1          2    
      0      35.135592  53.287437  74.003355
P(iso)  54.142128
 Nucleus: 30 H 
 Shielding tensor (ppm): 
                  0          1          2    
      0      36.891113 -275.570435 -16.517036
      1     376.733599  63.354027 406.916439
      2      20.238655 -295.654631  63.647347
 P Tensor eigenvectors:
                   0          1          2    
      0      -0.736031   0.072943  -0.673007
      1      -0.012792  -0.995499  -0.093907
      2       0.676827   0.060509  -0.733651
 P Eigenvalues: 
                  0          1          2    
      0      47.287536  49.182716  67.422235
P(iso)  54.630829
 Nucleus: 31 H 
 Shielding tensor (ppm): 
                  0          1          2    
      0      36.965527 -276.255170  14.970497
      1     377.687400  63.972894 -406.114225
      2     -18.196658 295.054998  63.097612
 P Tensor eigenvectors:
                   0          1          2    
      0       0.734613   0.073010  -0.674547
      1       0.009063  -0.995161  -0.097842
      2       0.678426  -0.065762   0.731719
 P Eigenvalues: 
                  0          1          2    
      0      47.379957  49.202739  67.453338
P(iso)  54.678678
 Nucleus: 33 H 
 Shielding tensor (ppm): 
                  0          1          2    
      0      -4.984242 240.194274 -68.155344
      1     -349.920189  31.253847 464.186386
      2      47.352460 -336.796732  -4.358201
 P Tensor eigenvectors:
                   0          1          2    
      0       0.797467   0.047347  -0.601502
      1       0.131659  -0.986548   0.096896
      2       0.588823   0.156464   0.792973
 P Eigenvalues: 
                  0          1          2    
      0     -15.552176  15.608228  21.855352
P(iso)  7.303801
 Nucleus: 34 H 
 Shielding tensor (ppm): 
                  0          1          2    
      0      -5.001254 238.972492  69.492174
      1     -348.463709  31.949105 -465.007443
      2     -49.258230 337.705767  -4.962908
 P Tensor eigenvectors:
                   0          1          2    
      0       0.799047   0.047849   0.599362
      1       0.134857  -0.985694  -0.101095
      2      -0.585950  -0.161608   0.794069
 P Eigenvalues: 
                  0          1          2    
      0     -15.528803  15.629488  21.884257
P(iso)  7.328314
 Nucleus: 36 H 
 Shielding tensor (ppm): 
                  0          1          2    
      0     -106.527833  38.988341   0.246074
      1     111.349478  15.938582   0.763822
      2       0.197580   0.168765 -141.986205
 P Tensor eigenvectors:
                   0          1          2    
      0       0.106403   0.007978  -0.994291
      1       0.994323  -0.000913   0.106399
      2      -0.000059  -0.999968  -0.008030
 P Eigenvalues: 
                  0          1          2    
      0      30.457621 -141.987599 -121.045477
P(iso)  -77.525152
 Nucleus: 37 H 
 Shielding tensor (ppm): 
                  0          1          2    
      0     -109.040577 -291.118838  -0.793717
      1     357.144154  60.302700   0.813043
      2       0.956927   0.096668 -95.718212
 P Tensor eigenvectors:
                   0          1          2    
      0      -0.001092  -0.532879  -0.846191
      1      -0.002684   0.846190  -0.532874
      2       0.999996   0.001689  -0.002355
 P Eigenvalues: 
                  0          1          2    
      0     -95.719530 -17.555128 -31.181430
P(iso)  -48.152030
 Nucleus: 44 H 
 Shielding tensor (ppm): 
                  0          1          2    
      0      40.596363 -22.572722   0.020342
      1       3.620037 -244.047682  -0.159759
      2       0.060123  -0.166700 -170.584849
 P Tensor eigenvectors:
                   0          1          2    
      0       0.999526   0.000222  -0.030772
      1       0.030771   0.002175   0.999524
      2       0.000289  -0.999998   0.002167
 P Eigenvalues: 
                  0          1          2    
      0      39.743930 -170.584503 -243.195595
P(iso)  -124.678723
 Nucleus: 45 H 
 Shielding tensor (ppm): 
                  0          1          2    
      0      12.368907 550.317839   1.199471
      1     -305.013881 -98.034773  -0.120496
      2      -0.617527   0.117606 -82.455322
 P Tensor eigenvectors:
                   0          1          2    
      0      -0.000280  -0.986980  -0.160842
      1      -0.002133   0.160843  -0.986978
      2       0.999998   0.000066  -0.002150
 P Eigenvalues: 
                  0          1          2    
      0     -82.455396 -29.428915 -56.236876
P(iso)  -56.040396
 Nucleus: 46 H 
 Shielding tensor (ppm): 
                  0          1          2    
      0       6.141971 -526.023235  -1.199077
      1     361.562990 157.700256   0.217464
      2       0.779161  -0.037785 104.703452
 P Tensor eigenvectors:
                   0          1          2    
      0      -0.000278  -0.960771  -0.277343
      1      -0.002223   0.277343  -0.960768
      2       0.999997   0.000350  -0.002213
 P Eigenvalues: 
                  0          1          2    
      0     104.703322  61.622452 102.219905
P(iso)  89.515226
 Nucleus: 47 H 
 Shielding tensor (ppm): 
                  0          1          2    
      0      15.907959 510.356168   1.016947
      1     -323.921218 142.321616  -0.024987
      2      -0.665310   0.243371  99.611625
 P Tensor eigenvectors:
                   0          1          2    
      0      -0.000375   0.979222  -0.202790
      1      -0.002046   0.202789   0.979220
      2       0.999998   0.000782   0.001927
 P Eigenvalues: 
                  0          1          2    
      0      99.611357  58.128307 100.101537
P(iso)  85.947067
 Nucleus: 48 H 
 Shielding tensor (ppm): 
                  0          1          2    
      0      -2.047458 -578.628592  -1.226966
      1     323.254837 -77.664228   0.081896
      2       0.715616  -0.159877 -77.520287
 P Tensor eigenvectors:
                   0          1          2    
      0      -0.000255  -0.995018   0.099695
      1      -0.002157  -0.099695  -0.995016
      2       0.999998  -0.000469  -0.002120
 P Eigenvalues: 
                  0          1          2    
      0     -77.520125 -28.131843 -51.580006
P(iso)  -52.410658
# -----------------------------------------------------------
$ EPRNMR_ATensor
   description: Hyperfine A tensor
   geom. index: 1
   prop. index: 1
 Number of stored nuclei 25
 Source density: 1 SCF 
 Spin multiplicity: 2 
 Nucleus: 9 H  
 Isotope: 1 
 Nuclear Spin:  0.5 
 Prefactor (MHz): 533.551395 
 Raw A tensor (MHz): 
                  0          1          2    
      0       5.599021   1.467554   0.005014
      1       1.469388   4.671591   0.004770
      2       0.005028   0.004755   2.730470
 A Tensor eigenvectors:
                   0          1          2    
      0      -0.000799  -0.591062  -0.806626
      1      -0.001853   0.806625  -0.591060
      2       0.999998   0.001022  -0.001740
 A Eigenvalues: 
                  0          1          2    
      0       2.730457   3.595359   6.675265
A(iso)  4.333694
 Nucleus: 10 H  
 Isotope: 1 
 Nuclear Spin:  0.5 
 Prefactor (MHz): 533.551395 
 Raw A tensor (MHz): 
                  0          1          2    
      0     -10.291591  -2.060885  -0.003875
      1      -2.071158  -4.596548   0.010251
      2      -0.003922   0.010309 -10.338806
 A Tensor eigenvectors:
                   0          1          2    
      0       0.308145  -0.000283  -0.951339
      1      -0.951338  -0.001887  -0.308144
      2      -0.001708   0.999998  -0.000850
 A Eigenvalues: 
                  0          1          2    
      0      -3.925982 -10.338825 -10.962139
A(iso)  -8.408982
 Nucleus: 12 H  
 Isotope: 1 
 Nuclear Spin:  0.5 
 Prefactor (MHz): 533.551395 
 Raw A tensor (MHz): 
                  0          1          2    
      0      14.739422  -0.642707   0.072887
      1      -0.637171  17.296169   1.242525
      2       0.074525   1.241805  13.453435
 A Tensor eigenvectors:
                   0          1          2    
      0      -0.154055   0.969011  -0.193093
      1      -0.298742   0.140598   0.943920
      2       0.941818   0.203100   0.267825
 A Eigenvalues: 
                  0          1          2    
      0      13.047623  14.662498  17.778905
A(iso)  15.163009
 Nucleus: 13 H  
 Isotope: 1 
 Nuclear Spin:  0.5 
 Prefactor (MHz): 533.551395 
 Raw A tensor (MHz): 
                  0          1          2    
      0      14.742613  -0.640610  -0.074589
      1      -0.635042  17.307281  -1.225124
      2      -0.076230  -1.224476  13.442073
 A Tensor eigenvectors:
                   0          1          2    
      0       0.152779   0.969255  -0.192882
      1       0.294333   0.141689   0.945141
      2       0.943412  -0.201170  -0.263637
 A Eigenvalues: 
                  0          1          2    
      0      13.047980  14.665509  17.778477
A(iso)  15.163989
 Nucleus: 15 H  
 Isotope: 1 
 Nuclear Spin:  0.5 
 Prefactor (MHz): 533.551395 
 Raw A tensor (MHz): 
                  0          1          2    
      0      -0.428496  -0.643703  -0.116508
      1      -0.641913   0.444409   0.325459
      2      -0.115944   0.325154  -0.898123
 A Tensor eigenvectors:
                   0          1          2    
      0       0.883275   0.454509   0.115099
      1       0.412308  -0.869853   0.270848
      2       0.223222  -0.191777  -0.955716
 A Eigenvalues: 
                  0          1          2    
      0      -0.757653   0.851780  -0.976337
A(iso)  -0.294070
 Nucleus: 16 H  
 Isotope: 1 
 Nuclear Spin:  0.5 
 Prefactor (MHz): 533.551395 
 Raw A tensor (MHz): 
                  0          1          2    
      0      -0.428128  -0.643735   0.113717
      1      -0.641939   0.448140  -0.319896
      2       0.113167  -0.319613  -0.900063
 A Tensor eigenvectors:
                   0          1          2    
      0       0.883439   0.454202  -0.115046
      1       0.412961  -0.870799  -0.266780
      2      -0.221354   0.188175  -0.956866
 A Eigenvalues: 
                  0          1          2    
      0      -0.756773   0.852318  -0.975596
A(iso)  -0.293350
 Nucleus: 18 H  
 Isotope: 1 
 Nuclear Spin:  0.5 
 Prefactor (MHz): 533.551395 
 Raw A tensor (MHz): 
                  0          1          2    
      0      -0.285237  -0.054818   0.000436
      1      -0.053973   0.839034  -0.194661
      2       0.000311  -0.194508  -0.353267
 A Tensor eigenvectors:
                   0          1          2    
      0       0.995389   0.083747   0.046771
      1       0.032878   0.160184  -0.986540
      2      -0.090112   0.983528   0.156691
 A Eigenvalues: 
                  0          1          2    
      0      -0.287049  -0.384906   0.872485
A(iso)  0.066843
 Nucleus: 19 H  
 Isotope: 1 
 Nuclear Spin:  0.5 
 Prefactor (MHz): 533.551395 
 Raw A tensor (MHz): 
                  0          1          2    
      0      -0.285207  -0.054996  -0.000894
      1      -0.054156   0.836867   0.200874
      2      -0.000768   0.200712  -0.351049
 A Tensor eigenvectors:
                   0          1          2    
      0       0.995486   0.082475  -0.046953
      1       0.032794   0.165324   0.985694
      2       0.089057  -0.982785   0.161874
 A Eigenvalues: 
                  0          1          2    
      0      -0.287060  -0.384735   0.872407
A(iso)  0.066870
 Nucleus: 21 H  
 Isotope: 1 
 Nuclear Spin:  0.5 
 Prefactor (MHz): 533.551395 
 Raw A tensor (MHz): 
                  0          1          2    
      0      -0.072761  -0.123693   0.015691
      1      -0.123219   0.342101  -0.068735
      2       0.015619  -0.068695  -0.163872
 A Tensor eigenvectors:
                   0          1          2    
      0       0.964815   0.011369   0.262685
      1       0.258819   0.134929  -0.956455
      2      -0.046318   0.990790   0.127239
 A Eigenvalues: 
                  0          1          2    
      0      -0.106574  -0.173047   0.385090
A(iso)  0.035156
 Nucleus: 22 H  
 Isotope: 1 
 Nuclear Spin:  0.5 
 Prefactor (MHz): 533.551395 
 Raw A tensor (MHz): 
                  0          1          2    
      0      -0.072715  -0.123709  -0.016260
      1      -0.123238   0.341388   0.071023
      2      -0.016185   0.070978  -0.163265
 A Tensor eigenvectors:
                   0          1          2    
      0       0.964756   0.011444  -0.262898
      1       0.258806   0.139448   0.955810
      2       0.047598  -0.990163   0.131571
 A Eigenvalues: 
                  0          1          2    
      0      -0.106583  -0.173073   0.385064
A(iso)  0.035136
 Nucleus: 24 H  
 Isotope: 1 
 Nuclear Spin:  0.5 
 Prefactor (MHz): 533.551395 
 Raw A tensor (MHz): 
                  0          1          2    
      0      -4.230825   0.369651   0.064949
      1       0.369338  -3.824262   0.377143
      2       0.064922   0.376845  -5.056649
 A Tensor eigenvectors:
                   0          1          2    
      0       0.466118   0.883577  -0.045003
      1       0.854413  -0.436367   0.282066
      2       0.229589  -0.169928  -0.958339
 A Eigenvalues: 
                  0          1          2    
      0      -3.521443  -4.425773  -5.164520
A(iso)  -4.370579
 Nucleus: 25 H  
 Isotope: 1 
 Nuclear Spin:  0.5 
 Prefactor (MHz): 533.551395 
 Raw A tensor (MHz): 
                  0          1          2    
      0      -4.228872   0.369489  -0.062658
      1       0.369176  -3.818229  -0.369625
      2      -0.062615  -0.369321  -5.059998
 A Tensor eigenvectors:
                   0          1          2    
      0       0.466011   0.883644   0.044802
      1       0.855850  -0.437354  -0.276119
      2      -0.224397   0.167018  -0.960079
 A Eigenvalues: 
                  0          1          2    
      0      -3.520314  -4.423489  -5.163296
A(iso)  -4.369033
 Nucleus: 27 H  
 Isotope: 1 
 Nuclear Spin:  0.5 
 Prefactor (MHz): 533.551395 
 Raw A tensor (MHz): 
                  0          1          2    
      0       0.351975   0.569613  -0.106879
      1       0.567391   1.157669  -0.275267
      2      -0.106335  -0.275085  -0.081451
 A Tensor eigenvectors:
                   0          1          2    
      0       0.892325  -0.051233  -0.448476
      1      -0.426710   0.228302  -0.875098
      2       0.147222   0.972241   0.181858
 A Eigenvalues: 
                  0          1          2    
      0       0.062917  -0.140565   1.505842
A(iso)  0.476064
 Nucleus: 28 H  
 Isotope: 1 
 Nuclear Spin:  0.5 
 Prefactor (MHz): 533.551395 
 Raw A tensor (MHz): 
                  0          1          2    
      0       0.352568   0.568967   0.110021
      1       0.566745   1.156022   0.282291
      2       0.109475   0.282133  -0.077544
 A Tensor eigenvectors:
                   0          1          2    
      0       0.892449  -0.051167   0.448237
      1      -0.425670   0.233659   0.874190
      2      -0.149464  -0.970971   0.186748
 A Eigenvalues: 
                  0          1          2    
      0       0.063729  -0.139797   1.507115
A(iso)  0.477015
 Nucleus: 30 H  
 Isotope: 1 
 Nuclear Spin:  0.5 
 Prefactor (MHz): 533.551395 
 Raw A tensor (MHz): 
                  0          1          2    
      0      -0.058284   0.182532   0.025121
      1       0.182002   0.159429   0.083421
      2       0.024982   0.083368  -0.304604
 A Tensor eigenvectors:
                   0          1          2    
      0      -0.874922   0.483050  -0.034262
      1       0.469537   0.863506   0.184098
      2       0.118514   0.144984  -0.982311
 A Eigenvalues: 
                  0          1          2    
      0      -0.159413   0.275318  -0.319363
A(iso)  -0.067819
 Nucleus: 31 H  
 Isotope: 1 
 Nuclear Spin:  0.5 
 Prefactor (MHz): 533.551395 
 Raw A tensor (MHz): 
                  0          1          2    
      0      -0.058060   0.182690  -0.023943
      1       0.182159   0.160536  -0.080587
      2      -0.023802  -0.080528  -0.305450
 A Tensor eigenvectors:
                   0          1          2    
      0      -0.874855   0.483146   0.034607
      1       0.470282   0.864328  -0.178247
      2      -0.116031  -0.139666  -0.983377
 A Eigenvalues: 
                  0          1          2    
      0      -0.159209   0.275451  -0.319215
A(iso)  -0.067658
 Nucleus: 33 H  
 Isotope: 1 
 Nuclear Spin:  0.5 
 Prefactor (MHz): 533.551395 
 Raw A tensor (MHz): 
                  0          1          2    
      0      -0.108703   0.122822   0.016895
      1       0.122312   0.275843   0.065719
      2       0.016822   0.065682  -0.197641
 A Tensor eigenvectors:
                   0          1          2    
      0       0.960736   0.002424   0.277453
      1      -0.275251   0.134370   0.951936
      2      -0.034974  -0.990928   0.129761
 A Eigenvalues: 
                  0          1          2    
      0      -0.144370  -0.206589   0.320458
A(iso)  -0.010167
 Nucleus: 34 H  
 Isotope: 1 
 Nuclear Spin:  0.5 
 Prefactor (MHz): 533.551395 
 Raw A tensor (MHz): 
                  0          1          2    
      0      -0.108612   0.122953  -0.016264
      1       0.122444   0.276390  -0.063223
      2      -0.016191  -0.063180  -0.198263
 A Tensor eigenvectors:
                   0          1          2    
      0       0.960678   0.002478  -0.277655
      1      -0.275637   0.129187  -0.952541
      2       0.033509   0.991617   0.124790
 A Eigenvalues: 
                  0          1          2    
      0      -0.144320  -0.206535   0.320370
A(iso)  -0.010162
 Nucleus: 36 H  
 Isotope: 1 
 Nuclear Spin:  0.5 
 Prefactor (MHz): 533.551395 
 Raw A tensor (MHz): 
                  0          1          2    
      0      -0.136947  -0.044173  -0.000124
      1      -0.043950   0.289105   0.001174
      2      -0.000124   0.001174  -0.176338
 A Tensor eigenvectors:
                   0          1          2    
      0       0.994779  -0.000363  -0.102054
      1       0.102054   0.002489   0.994776
      2      -0.000107  -0.999997   0.002513
 A Eigenvalues: 
                  0          1          2    
      0      -0.141456  -0.176341   0.293617
A(iso)  -0.008060
 Nucleus: 37 H  
 Isotope: 1 
 Nuclear Spin:  0.5 
 Prefactor (MHz): 533.551395 
 Raw A tensor (MHz): 
                  0          1          2    
      0      -0.057338   0.098245   0.000282
      1       0.098022   0.175156   0.000892
      2       0.000281   0.000893  -0.140799
 A Tensor eigenvectors:
                   0          1          2    
      0       0.939087   0.000078   0.343679
      1      -0.343678   0.002800   0.939084
      2      -0.000889  -0.999996   0.002656
 A Eigenvalues: 
                  0          1          2    
      0      -0.093221  -0.140801   0.211042
A(iso)  -0.007660
 Nucleus: 44 H  
 Isotope: 1 
 Nuclear Spin:  0.5 
 Prefactor (MHz): 533.551395 
 Raw A tensor (MHz): 
                  0          1          2    
      0      -1.257274  -0.153034   0.000169
      1      -0.153038  -5.170348  -0.003799
      2       0.000169  -0.003799  -3.425206
 A Tensor eigenvectors:
                   0          1          2    
      0       0.999238   0.000230   0.039019
      1      -0.039019   0.002157   0.999236
      2       0.000146  -0.999998   0.002164
 A Eigenvalues: 
