-------------------------------------------------------------
----------------------- !PROPERTIES! ------------------------
-------------------------------------------------------------
# -----------------------------------------------------------
$ PAL_Flags
   description: The PAL Flags
   geom. index: 1
   prop. index: 1
        Diskflag:     2
# -----------------------------------------------------------
$ SCF_Energy
   description: The SCF energy
   geom. index: 1
   prop. index: 1
        SCF Energy:     -928.9198436880
# -----------------------------------------------------------
$ DFT_Energy
   description: The DFT energy
   geom. index: 1
   prop. index: 1
   Number of Alpha Electrons                 85.0001792470 
   Number of Beta  Electrons                 84.0001865901 
   Total number of  Electrons               169.0003658371 
   Exchange energy                         -105.5065280310 
   Correlation energy                        -6.5725085344 
   Correlation energy NL                      0.0000000000 
   Exchange-Correlation energy             -112.0790365654 
   Embedding correction                       0.0000000000 
   Total DFT Energy (No VdW correction)    -928.9198436880 
# -----------------------------------------------------------
$ Mayer_Pop
   description: The Mayer population analysis
   geom. index: 1
   prop. index: 1
     Number of atoms                     : 49
     Threshold for printing              : 0.1000000
     Number of bond orders printed       : 55
  NA   - Mulliken gross atomic population
  ZA   - Total nuclear charge
  QA   - Mulliken gross atomic charge
  VA   - Mayer's total valence
  BVA  - Mayer's bonded valence
  FA   - Mayer's free valence
  ATOM       NA         ZA         QA         VA         BVA        FA
  0   0     6.5061     6.0000    -0.5061     2.3577     2.2545     0.1032
  1   0     6.1361     6.0000    -0.1361     3.5668     3.4931     0.0737
  2   0     6.3818     6.0000    -0.3818     3.7719     3.7692     0.0027
  3   0     5.5960     6.0000     0.4040     3.8978     3.8958     0.0020
  4   0     5.6780     6.0000     0.3220     3.8620     3.8464     0.0156
  5   0     6.4086     6.0000    -0.4086     4.2794     4.2751     0.0043
  6   0     5.4526     6.0000     0.5474     3.9065     3.8766     0.0299
  7   0     5.7423     6.0000     0.2577     3.9327     3.9297     0.0030
  8   0     6.3604     6.0000    -0.3604     4.3058     4.2953     0.0105
  9   0     0.8611     1.0000     0.1389     0.9649     0.9649     0.0000
 10   0     0.8478     1.0000     0.1522     0.9621     0.9621     0.0000
 11   0     6.3732     6.0000    -0.3732     4.0512     4.0511     0.0001
 12   0     0.8330     1.0000     0.1670     0.9611     0.9611     0.0000
 13   0     0.8331     1.0000     0.1669     0.9611     0.9611     0.0000
 14   0     6.2699     6.0000    -0.2699     4.0141     4.0141     0.0000
 15   0     0.8602     1.0000     0.1398     0.9661     0.9661     0.0000
 16   0     0.8601     1.0000     0.1399     0.9660     0.9660     0.0000
 17   0     6.2611     6.0000    -0.2611     3.8888     3.8888     0.0000
 18   0     0.8511     1.0000     0.1489     0.9661     0.9661     0.0000
 19   0     0.8511     1.0000     0.1489     0.9661     0.9661     0.0000
 20   0     6.5116     6.0000    -0.5116     3.8994     3.8994     0.0000
 21   0     0.8414     1.0000     0.1586     0.9654     0.9654     0.0000
 22   0     0.8414     1.0000     0.1586     0.9654     0.9654     0.0000
 23   0     6.3580     6.0000    -0.3580     4.0151     4.0151     0.0000
 24   0     0.8455     1.0000     0.1545     0.9629     0.9629     0.0000
 25   0     0.8456     1.0000     0.1544     0.9629     0.9629     0.0000
 26   0     6.2687     6.0000    -0.2687     4.0205     4.0205     0.0000
 27   0     0.8543     1.0000     0.1457     0.9657     0.9657     0.0000
 28   0     0.8543     1.0000     0.1457     0.9657     0.9657     0.0000
 29   0     6.2641     6.0000    -0.2641     3.8967     3.8967     0.0000
 30   0     0.8562     1.0000     0.1438     0.9666     0.9666     0.0000
 31   0     0.8562     1.0000     0.1438     0.9666     0.9666     0.0000
 32   0     6.5083     6.0000    -0.5083     3.9021     3.9021     0.0000
 33   0     0.8380     1.0000     0.1620     0.9647     0.9647     0.0000
 34   0     0.8380     1.0000     0.1620     0.9647     0.9647     0.0000
 35   0     6.2737     6.0000    -0.2737     3.9361     3.9222     0.0139
 36   0     0.8521     1.0000     0.1479     0.9663     0.9663     0.0000
 37   0     0.8552     1.0000     0.1448     0.9667     0.9667     0.0000
 38   0     5.4195     6.0000     0.5805     3.9315     3.9310     0.0005
 39   0     6.2702     6.0000    -0.2702     4.1928     4.1916     0.0012
 40   0     6.0975     6.0000    -0.0975     4.0982     4.0979     0.0003
 41   0     6.1115     6.0000    -0.1115     4.0777     4.0761     0.0016
 42   0     6.1007     6.0000    -0.1007     4.1015     4.1012     0.0003
 43   0     6.2643     6.0000    -0.2643     4.1810     4.1798     0.0012
 44   0     0.8861     1.0000     0.1139     0.9568     0.9568     0.0000
 45   0     0.8871     1.0000     0.1129     0.9604     0.9604     0.0000
 46   0     0.8747     1.0000     0.1253     0.9592     0.9592     0.0000
 47   0     0.8754     1.0000     0.1246     0.9593     0.9593     0.0000
 48   0     0.8870     1.0000     0.1130     0.9605     0.9605     0.0000
      Bond orders larger than 0.1000000
           Atom A     A.N. of A          Atom B    A.N. of B              Bond order
                0             6               1            6                2.036181
                1             6               3            6                1.085514
                1             6               8            6                0.112955
                2             6               6            6                0.858240
                2             6              35            6                2.433711
                3             6               4            6                1.257599
                3             6               5            6                0.102985
                3             6               8            6                1.330892
                4             6               5            6                1.496310
                4             6               6            6                0.106460
                4             6              11            6                0.963161
                5             6               6            6                1.381583
                5             6               9            1                0.964580
                6             6               7            6                1.311826
                6             6               8            6                0.140019
                6             6              35            6                0.116985
                7             6               8            6                1.511796
                7             6              23            6                0.966805
                8             6              10            1                0.960344
               11             6              12            1                0.951857
               11             6              13            1                0.951712
               11             6              14            6                1.014860
               14             6              15            1                0.961522
               14             6              16            1                0.961618
               14             6              17            6                0.989060
               17             6              18            1                0.970074
               17             6              19            1                0.970100
               17             6              20            6                0.953947
               20             6              21            1                0.973148
               20             6              22            1                0.973147
               20             6              36            1                0.967131
               23             6              24            1                0.955222
               23             6              25            1                0.955355
               23             6              26            6                1.023892
               26             6              27            1                0.960414
               26             6              28            1                0.960431
               26             6              29            6                0.986650
               29             6              30            1                0.971686
               29             6              31            1                0.971650
               29             6              32            6                0.957541
               32             6              33            1                0.972129
               32             6              34            1                0.972139
               32             6              37            1                0.966730
               35             6              38            6                1.023412
               38             6              39            6                1.379083
               38             6              43            6                1.374933
               39             6              40            6                1.484071
               39             6              46            1                0.978793
               40             6              41            6                1.449964
               40             6              48            1                0.971961
               41             6              42            6                1.452800
               41             6              44            1                0.962368
               42             6              43            6                1.483579
               42             6              45            1                0.972794
               43             6              47            1                0.976877
# -----------------------------------------------------------
$ Calculation_Info
   description: Details of the calculation
   geom. index: 1
   prop. index: 1
     Multiplicity:                          2
     Charge:                                0
     number of atoms:                       49
     number of electrons:                   0
     number of frozen core electrons:       1
     number of correlated electrons:        0
     number of basis functions:             583
     number of aux C basis functions:       4070
     number of aux J basis functions:       4070
     number of aux JK basis functions:      4070
     number of aux CABS basis functions:    0
     Total Energy                           -928.919844
# -----------------------------------------------------------
$ SCF_Electric_Properties
   description: The SCF Calculated Electric Properties
   geom. index: 1
   prop. index: 1
       Filename                          : EPRII_i.scfp 
       Do Dipole Moment Calculation      : true 
       Do Quadrupole Moment Calculation  : false 
       Do Polarizability Calculation     : false 
** Dipole moment part of electric properties **
        Magnitude of dipole moment (Debye) :       10.0905113174
        Electronic Contribution:
                  0    
      0       9.155904
      1      -0.229290
      2      -0.008375
        Nuclear Contribution:
                  0    
      0      -5.187509
      1       0.122694
      2       0.015078
        Total Dipole moment:
                  0    
      0       3.968395
      1      -0.106596
      2       0.006703
# -----------------------------------------------------------
$ EPRNMR_GTensor
   description: Electronic g tensor
   geom. index: 1
   prop. index: 1
 Source density: 1 SCF 
 Spin multiplicity: 2 
 raw g tensor: 
                  0          1          2    
      0       2.006964  -0.000019   0.000022
      1      -0.000128   2.003431   0.000002
      2       0.000025   0.000002   2.002207
 g tensor: 
                  0          1          2    
      0      -0.004973   0.020806  -0.999771
      1      -0.002216   0.999781   0.020818
      2       0.999985   0.002319  -0.004925
 G eigenvalues: 
                  0          1          2    
      0       2.002207   2.003430   2.006966
# -----------------------------------------------------------
$ EPRNMR_OrbitalShielding
   description: Orbital contribution to the NMR Shielding tensor (ppm)
   geom. index: 1
   prop. index: 1
 Number of stored nuclei 25
 Source density: 1 SCF 
 Nucleus: 9 H 
 Shielding tensor (ppm): 
                  0          1          2    
      0      27.577146   7.345717   0.023114
      1       6.284977  25.812066   0.020219
      2       0.016656   0.028259  19.136436
 P Tensor eigenvectors:
                   0          1          2    
      0       0.003226  -0.667567  -0.744543
      1      -0.006805   0.744515  -0.667571
      2       0.999972   0.007220  -0.002141
 P Eigenvalues: 
                  0          1          2    
      0      19.136333  19.823749  33.565568
P(iso)  24.175216
 Nucleus: 10 H 
 Shielding tensor (ppm): 
                  0          1          2    
      0      30.038992   2.017328   0.017979
      1       4.612112  25.255084   0.017340
      2       0.033856  -0.002850  19.746307
 P Tensor eigenvectors:
                   0          1          2    
      0      -0.002431   0.434429   0.900703
      1       0.000050  -0.900705   0.434430
      2       0.999997   0.001101   0.002168
 P Eigenvalues: 
                  0          1          2    
      0      19.746242  23.563898  31.730244
P(iso)  25.013461
 Nucleus: 12 H 
 Shielding tensor (ppm): 
                  0          1          2    
      0      30.717136   0.791246   4.256052
      1      -0.089559  30.411088  -0.937890
      2       5.330107   0.646939  26.395883
 P Tensor eigenvectors:
                   0          1          2    
      0      -0.535882   0.036525   0.843502
      1       0.052750  -0.995664   0.076626
      2       0.842643   0.085557   0.531632
 P Eigenvalues: 
                  0          1          2    
      0      23.286519  30.411328  33.826260
P(iso)  29.174702
 Nucleus: 13 H 
 Shielding tensor (ppm): 
                  0          1          2    
      0      30.736413   0.814142  -4.228450
      1      -0.072058  30.412561   0.955282
      2      -5.299187  -0.602794  26.361092
 P Tensor eigenvectors:
                   0          1          2    
      0       0.532947   0.034919   0.845427
      1      -0.057610  -0.995332   0.077428
      2       0.844185  -0.089970  -0.528448
 P Eigenvalues: 
                  0          1          2    
      0      23.290804  30.415867  33.803395
P(iso)  29.170022
 Nucleus: 15 H 
 Shielding tensor (ppm): 
                  0          1          2    
      0      30.607593   1.745871  -3.601599
      1       1.102233  31.594094   0.074540
      2      -3.595243   1.425143  28.484456
 P Tensor eigenvectors:
                   0          1          2    
      0       0.600050  -0.177309  -0.780065
      1      -0.219818   0.901044  -0.373898
      2       0.769169   0.395829   0.501696
 P Eigenvalues: 
                  0          1          2    
      0      25.448311  31.660817  33.577014
P(iso)  30.228714
 Nucleus: 16 H 
 Shielding tensor (ppm): 
                  0          1          2    
      0      30.579970   1.729921   3.614041
      1       1.082787  31.599415  -0.058594
      2       3.602417  -1.403884  28.507816
 P Tensor eigenvectors:
                   0          1          2    
      0      -0.602928  -0.174974  -0.778371
      1       0.216347   0.903234  -0.370625
      2       0.767901  -0.391859  -0.506730
 P Eigenvalues: 
                  0          1          2    
      0      25.454795  31.661378  33.571029
P(iso)  30.229067
 Nucleus: 18 H 
 Shielding tensor (ppm): 
                  0          1          2    
      0      31.489354   0.206122  -4.858586
      1       0.298108  30.694419  -0.300502
      2      -4.494748  -1.041909  28.761069
 P Tensor eigenvectors:
                   0          1          2    
      0       0.597583  -0.150666  -0.787524
      1       0.065107   0.988061  -0.139628
      2       0.799159   0.032166   0.600258
 P Eigenvalues: 
                  0          1          2    
      0      25.226505  30.638065  35.080271
P(iso)  30.314947
 Nucleus: 19 H 
 Shielding tensor (ppm): 
                  0          1          2    
      0      31.453823   0.182325   4.871047
      1       0.279152  30.687859   0.309282
      2       4.509228   1.053823  28.804146
 P Tensor eigenvectors:
                   0          1          2    
      0      -0.600708  -0.150783  -0.785121
      1      -0.068525   0.988150  -0.137346
      2       0.796526  -0.028704  -0.603922
 P Eigenvalues: 
                  0          1          2    
      0      25.225451  30.636899  35.083478
P(iso)  30.315276
 Nucleus: 21 H 
 Shielding tensor (ppm): 
                  0          1          2    
      0      30.614559  -1.387189   4.013466
      1      -2.338135  31.042018  -2.324349
      2       3.331970  -1.990267  31.236022
 P Tensor eigenvectors:
                   0          1          2    
      0      -0.731514   0.343862   0.588766
      1       0.027650   0.877764  -0.478294
      2       0.681265   0.333600   0.651605
 P Eigenvalues: 
                  0          1          2    
      0      27.236760  29.467849  36.187990
P(iso)  30.964200
 Nucleus: 22 H 
 Shielding tensor (ppm): 
                  0          1          2    
      0      30.649565  -1.376849  -4.024606
      1      -2.332751  31.024930   2.310862
      2      -3.346768   1.981408  31.219564
 P Tensor eigenvectors:
                   0          1          2    
      0      -0.728215   0.345426  -0.591933
      1       0.030770   0.879303   0.475267
      2      -0.684658  -0.327883   0.650950
 P Eigenvalues: 
                  0          1          2    
      0      27.234602  29.471714  36.187743
P(iso)  30.964686
 Nucleus: 24 H 
 Shielding tensor (ppm): 
                  0          1          2    
      0      28.878247  -2.332392   3.275307
      1      -1.551548  31.610576  -0.301508
      2       4.517174   0.939846  26.136981
 P Tensor eigenvectors:
                   0          1          2    
      0      -0.583918   0.531162  -0.613928
      1      -0.152189   0.671213   0.725474
      2       0.797420   0.517050  -0.311096
 P Eigenvalues: 
                  0          1          2    
      0      23.147407  30.353310  33.125086
P(iso)  28.875268
 Nucleus: 25 H 
 Shielding tensor (ppm): 
                  0          1          2    
      0      28.891607  -2.314245  -3.284170
      1      -1.528675  31.610831   0.328142
      2      -4.530732  -0.915390  26.121320
 P Tensor eigenvectors:
                   0          1          2    
      0       0.582689   0.530975  -0.615255
      1       0.148017   0.675056   0.722766
      2       0.799102  -0.512216   0.314754
 P Eigenvalues: 
                  0          1          2    
      0      23.142434  30.354989  33.126336
P(iso)  28.874586
 Nucleus: 27 H 
 Shielding tensor (ppm): 
                  0          1          2    
      0      30.567662  -0.160163   4.187927
      1       0.284868  31.525888  -0.061571
      2       3.890601  -1.409945  28.295628
 P Tensor eigenvectors:
                   0          1          2    
      0      -0.599349  -0.206981   0.773266
      1       0.091066  -0.977352  -0.191025
      2       0.795291  -0.044073   0.604623
 P Eigenvalues: 
                  0          1          2    
      0      25.174510  31.514098  33.700571
P(iso)  30.129726
 Nucleus: 28 H 
 Shielding tensor (ppm): 
                  0          1          2    
      0      30.585720  -0.136737  -4.182373
      1       0.310201  31.519594   0.078645
      2      -3.886992   1.419591  28.281813
 P Tensor eigenvectors:
                   0          1          2    
      0       0.597466  -0.205078   0.775227
      1      -0.095202  -0.978048  -0.185360
      2       0.796223   0.036944  -0.603874
 P Eigenvalues: 
                  0          1          2    
      0      25.171411  31.517693  33.698023
P(iso)  30.129043
 Nucleus: 30 H 
 Shielding tensor (ppm): 
                  0          1          2    
      0      30.996436  -0.641115   4.665524
      1      -0.246643  31.206750   0.450657
      2       4.258935   1.190772  28.587276
 P Tensor eigenvectors:
                   0          1          2    
      0      -0.602787  -0.123485  -0.788289
      1      -0.140433   0.988949  -0.047532
      2       0.785446   0.082050  -0.613467
 P Eigenvalues: 
                  0          1          2    
      0      25.032758  31.337090  34.420614
P(iso)  30.263487
 Nucleus: 31 H 
 Shielding tensor (ppm): 
                  0          1          2    
      0      31.020698  -0.612172  -4.662818
      1      -0.222048  31.216823  -0.436385
      2      -4.256995  -1.177331  28.552926
 P Tensor eigenvectors:
                   0          1          2    
      0       0.600644  -0.123103  -0.789983
      1       0.135962   0.989411  -0.050804
      2       0.787871  -0.076893   0.611021
 P Eigenvalues: 
                  0          1          2    
      0      25.030363  31.338044  34.422039
P(iso)  30.263482
 Nucleus: 33 H 
 Shielding tensor (ppm): 
                  0          1          2    
      0      30.589610  -1.997687  -4.159027
      1      -2.710066  30.958453   2.301220
      2      -3.471884   1.951036  31.134774
 P Tensor eigenvectors:
                   0          1          2    
      0      -0.759211   0.248461  -0.601552
      1      -0.106275   0.864535   0.491208
      2      -0.642109  -0.436861   0.629959
 P Eigenvalues: 
                  0          1          2    
      0      27.008837  29.180378  36.493623
P(iso)  30.894279
 Nucleus: 34 H 
 Shielding tensor (ppm): 
                  0          1          2    
      0      30.563394  -2.017117   4.144238
      1      -2.724067  30.982275  -2.313137
      2       3.451585  -1.962429  31.136455
 P Tensor eigenvectors:
                   0          1          2    
      0       0.761517  -0.246925   0.599266
      1       0.110170  -0.861819  -0.495107
      2      -0.638713  -0.443053   0.629087
 P Eigenvalues: 
                  0          1          2    
      0      27.010813  29.176497  36.494814
P(iso)  30.894042
 Nucleus: 36 H 
 Shielding tensor (ppm): 
                  0          1          2    
      0      29.338033   2.217192   0.012783
      1       3.404797  36.675121   0.032125
      2       0.015990   0.029673  26.024458
 P Tensor eigenvectors:
                   0          1          2    
      0      -0.002417   0.944110   0.329621
      1      -0.002259  -0.329626   0.944109
      2       0.999995   0.001538   0.002930
 P Eigenvalues: 
                  0          1          2    
      0      26.024353  28.385653  37.627606
P(iso)  30.679204
 Nucleus: 37 H 
 Shielding tensor (ppm): 
                  0          1          2    
      0      29.210409   1.766666   0.011287
      1       3.086967  36.862024   0.038918
      2       0.014735   0.036283  25.967621
 P Tensor eigenvectors:
                   0          1          2    
      0      -0.001722   0.957487   0.288470
      1      -0.003071  -0.288474   0.957483
      2       0.999994   0.000762   0.003438
 P Eigenvalues: 
                  0          1          2    
      0      25.967483  28.506532  37.566038
P(iso)  30.680018
 Nucleus: 44 H 
 Shielding tensor (ppm): 
                  0          1          2    
      0      23.541982   0.111283   0.001116
      1       0.115605  27.359097   0.011690
      2       0.000379   0.011712  21.394737
 P Tensor eigenvectors:
                   0          1          2    
      0      -0.000253  -0.999558  -0.029723
      1      -0.001957   0.029723  -0.999556
      2       0.999998  -0.000195  -0.001964
 P Eigenvalues: 
                  0          1          2    
      0      21.394714  23.538613  27.362488
P(iso)  24.098605
 Nucleus: 45 H 
 Shielding tensor (ppm): 
                  0          1          2    
      0      26.977294  -1.826936  -0.001548
      1      -1.779314  24.429401   0.006025
      2      -0.002497   0.005830  21.133850
 P Tensor eigenvectors:
                   0          1          2    
      0      -0.000262   0.460286  -0.887771
      1      -0.001938   0.887769   0.460286
      2       0.999998   0.001841   0.000659
 P Eigenvalues: 
                  0          1          2    
      0      21.133839  23.495597  27.911108
P(iso)  24.180182
 Nucleus: 46 H 
 Shielding tensor (ppm): 
                  0          1          2    
      0      27.084664  -3.400058  -0.003929
      1      -2.692336  24.413156   0.008413
      2      -0.004264   0.007627  20.205995
 P Tensor eigenvectors:
                   0          1          2    
      0      -0.000386   0.552738  -0.833355
      1      -0.002176   0.833353   0.552737
      2       0.999998   0.002027   0.000882
 P Eigenvalues: 
                  0          1          2    
      0      20.205979  22.423040  29.074795
P(iso)  23.901271
 Nucleus: 47 H 
 Shielding tensor (ppm): 
                  0          1          2    
      0      28.112943   2.641361   0.006779
      1       2.054854  23.624887   0.008389
      2       0.002970   0.008891  19.926954
 P Tensor eigenvectors:
                   0          1          2    
      0       0.000066  -0.398333  -0.917241
      1      -0.002389   0.917238  -0.398332
      2       0.999997   0.002218  -0.000891
 P Eigenvalues: 
                  0          1          2    
      0      19.926934  22.621173  29.116677
P(iso)  23.888261
 Nucleus: 48 H 
 Shielding tensor (ppm): 
                  0          1          2    
      0      27.100174   1.470381   0.005023
      1       1.451988  24.212321   0.006665
      2       0.004059   0.007111  21.177677
 P Tensor eigenvectors:
                   0          1          2    
      0      -0.000244  -0.385593  -0.922669
      1      -0.002152   0.922667  -0.385592
      2       0.999998   0.001891  -0.001055
 P Eigenvalues: 
                  0          1          2    
      0      21.177661  23.601997  27.710515
P(iso)  24.163391
# -----------------------------------------------------------
$ EPRNMR_ATensor
   description: Hyperfine A tensor
   geom. index: 1
   prop. index: 1
 Number of stored nuclei 25
 Source density: 1 SCF 
 Spin multiplicity: 2 
 Nucleus: 9 H  
 Isotope: 1 
 Nuclear Spin:  0.5 
 Prefactor (MHz): 533.551395 
 Raw A tensor (MHz): 
                  0          1          2    
      0       5.679624   1.510824   0.005092
      1       1.512728   4.652536   0.004485
      2       0.005105   0.004471   2.754449
 A Tensor eigenvectors:
                   0          1          2    
      0      -0.000883  -0.582313  -0.812964
      1      -0.001660   0.812964  -0.582311
      2       0.999998   0.000835  -0.001685
 A Eigenvalues: 
                  0          1          2    
      0       2.754437   3.569461   6.762711
A(iso)  4.362203
 Nucleus: 10 H  
 Isotope: 1 
 Nuclear Spin:  0.5 
 Prefactor (MHz): 533.551395 
 Raw A tensor (MHz): 
                  0          1          2    
      0     -10.385964  -2.099418  -0.005399
      1      -2.110130  -4.601112   0.009777
      2      -0.005445   0.009829 -10.328897
 A Tensor eigenvectors:
                   0          1          2    
      0      -0.308796  -0.002193   0.951126
      1       0.951127  -0.002511   0.308791
      2       0.001711   0.999994   0.002861
 A Eigenvalues: 
                  0          1          2    
      0      -3.916344 -10.328909 -11.070720
A(iso)  -8.438658
 Nucleus: 12 H  
 Isotope: 1 
 Nuclear Spin:  0.5 
 Prefactor (MHz): 533.551395 
 Raw A tensor (MHz): 
                  0          1          2    
      0      14.222508  -0.640104   0.071627
      1      -0.634682  16.763574   1.238014
      2       0.073240   1.237346  12.935947
 A Tensor eigenvectors:
                   0          1          2    
      0      -0.153008   0.969103  -0.193463
      1      -0.298731   0.141252   0.943826
      2       0.941992   0.202206   0.267888
 A Eigenvalues: 
                  0          1          2    
      0      12.531926  14.145190  17.244913
A(iso)  14.640676
 Nucleus: 13 H  
 Isotope: 1 
 Nuclear Spin:  0.5 
 Prefactor (MHz): 533.551395 
 Raw A tensor (MHz): 
                  0          1          2    
      0      14.202600  -0.640472  -0.073436
      1      -0.635019  16.755406  -1.219088
      2      -0.075036  -1.218479  12.896550
 A Tensor eigenvectors:
                   0          1          2    
      0       0.151655   0.969239  -0.193849
      1       0.293603   0.143093   0.945157
      2       0.943821  -0.200252  -0.262870
 A Eigenvalues: 
                  0          1          2    
      0      12.505717  14.124262  17.224578
A(iso)  14.618186
 Nucleus: 15 H  
 Isotope: 1 
 Nuclear Spin:  0.5 
 Prefactor (MHz): 533.551395 
 Raw A tensor (MHz): 
                  0          1          2    
      0      -0.418877  -0.647380  -0.116491
      1      -0.645506   0.450693   0.321745
      2      -0.115931   0.321449  -0.886630
 A Tensor eigenvectors:
                   0          1          2    
      0       0.881746   0.456714   0.118049
      1       0.413846  -0.869050   0.271079
      2       0.226396  -0.190169  -0.955291
 A Eigenvalues: 
                  0          1          2    
      0      -0.751839   0.860589  -0.963564
A(iso)  -0.284938
 Nucleus: 16 H  
 Isotope: 1 
 Nuclear Spin:  0.5 
 Prefactor (MHz): 533.551395 
 Raw A tensor (MHz): 
                  0          1          2    
      0      -0.420068  -0.647332   0.114249
      1      -0.645451   0.453752  -0.317625
      2       0.113699  -0.317348  -0.889387
 A Tensor eigenvectors:
                   0          1          2    
      0       0.882101   0.456078  -0.117856
      1       0.414050  -0.869995  -0.267714
      2      -0.224633   0.187353  -0.956263
 A Eigenvalues: 
                  0          1          2    
      0      -0.752222   0.860779  -0.964260
A(iso)  -0.285234
 Nucleus: 18 H  
 Isotope: 1 
 Nuclear Spin:  0.5 
 Prefactor (MHz): 533.551395 
 Raw A tensor (MHz): 
                  0          1          2    
      0      -0.285869  -0.058391   0.001980
      1      -0.057578   0.829341  -0.192072
      2       0.001858  -0.191924  -0.353952
 A Tensor eigenvectors:
                   0          1          2    
      0       0.995965   0.074235   0.050424
      1       0.038070   0.159303  -0.986495
      2      -0.081265   0.984435   0.155834
 A Eigenvalues: 
                  0          1          2    
      0      -0.288222  -0.384858   0.862601
A(iso)  0.063173
 Nucleus: 19 H  
 Isotope: 1 
 Nuclear Spin:  0.5 
 Prefactor (MHz): 533.551395 
 Raw A tensor (MHz): 
                  0          1          2    
      0      -0.285800  -0.058783  -0.002542
      1      -0.057974   0.826860   0.198050
      2      -0.002419   0.197895  -0.351686
 A Tensor eigenvectors:
                   0          1          2    
      0       0.996076   0.072458  -0.050827
      1       0.038340   0.164349   0.985657
      2       0.079772  -0.983737   0.160926
 A Eigenvalues: 
                  0          1          2    
      0      -0.288226  -0.384558   0.862158
A(iso)  0.063125
 Nucleus: 21 H  
 Isotope: 1 
 Nuclear Spin:  0.5 
 Prefactor (MHz): 533.551395 
 Raw A tensor (MHz): 
                  0          1          2    
      0      -0.075322  -0.124408   0.015583
      1      -0.123937   0.336783  -0.068126
      2       0.015512  -0.068087  -0.166658
 A Tensor eigenvectors:
                   0          1          2    
      0       0.964073   0.013421   0.265297
      1       0.261147   0.134957  -0.955818
      2      -0.048632   0.990761   0.126604
 A Eigenvalues: 
                  0          1          2    
      0      -0.109686  -0.175722   0.380211
A(iso)  0.031601
 Nucleus: 22 H  
 Isotope: 1 
 Nuclear Spin:  0.5 
 Prefactor (MHz): 533.551395 
 Raw A tensor (MHz): 
                  0          1          2    
      0      -0.075338  -0.124498  -0.016053
      1      -0.124028   0.335952   0.069945
      2      -0.015979   0.069903  -0.166301
 A Tensor eigenvectors:
                   0          1          2    
      0       0.963960   0.013506  -0.265705
      1       0.261359   0.138615   0.955237
      2       0.049732  -0.990254   0.130089
 A Eigenvalues: 
                  0          1          2    
      0      -0.109800  -0.175867   0.379980
A(iso)  0.031438
 Nucleus: 24 H  
 Isotope: 1 
 Nuclear Spin:  0.5 
 Prefactor (MHz): 533.551395 
 Raw A tensor (MHz): 
                  0          1          2    
      0      -4.247686   0.358378   0.057735
      1       0.358074  -3.851574   0.368249
      2       0.057706   0.367952  -5.065913
 A Tensor eigenvectors:
                   0          1          2    
      0       0.464651   0.884132  -0.049092
      1       0.855900  -0.434218   0.280874
      2       0.227013  -0.172526  -0.958488
 A Eigenvalues: 
                  0          1          2    
      0      -3.559525  -4.434863  -5.170784
A(iso)  -4.388391
 Nucleus: 25 H  
 Isotope: 1 
 Nuclear Spin:  0.5 
 Prefactor (MHz): 533.551395 
 Raw A tensor (MHz): 
                  0          1          2    
      0      -4.241819   0.358305  -0.055293
      1       0.358000  -3.841078  -0.360161
      2      -0.055252  -0.359859  -5.065051
 A Tensor eigenvectors:
                   0          1          2    
      0       0.464475   0.884229   0.049003
      1       0.857470  -0.435208  -0.274479
      2      -0.221376   0.169508  -0.960344
 A Eigenvalues: 
                  0          1          2    
      0      -3.554187  -4.428673  -5.165087
A(iso)  -4.382649
 Nucleus: 27 H  
 Isotope: 1 
 Nuclear Spin:  0.5 
 Prefactor (MHz): 533.551395 
 Raw A tensor (MHz): 
                  0          1          2    
      0       0.335663   0.575117  -0.108128
      1       0.572864   1.132028  -0.271701
      2      -0.107582  -0.271519  -0.098593
 A Tensor eigenvectors:
                   0          1          2    
      0       0.889980  -0.051085  -0.453130
      1      -0.431406   0.227610  -0.872973
      2       0.147732   0.972411   0.180530
 A Eigenvalues: 
                  0          1          2    
      0       0.039898  -0.156570   1.485770
A(iso)  0.456366
 Nucleus: 28 H  
 Isotope: 1 
 Nuclear Spin:  0.5 
 Prefactor (MHz): 533.551395 
 Raw A tensor (MHz): 
                  0          1          2    
      0       0.336068   0.574652   0.111450
      1       0.572398   1.130422   0.279141
      2       0.110900   0.278980  -0.094872
 A Tensor eigenvectors:
                   0          1          2    
      0       0.890095  -0.051335   0.452874
      1      -0.430224   0.233383   0.872032
      2      -0.150459  -0.971029   0.185648
 A Eigenvalues: 
                  0          1          2    
      0       0.040440  -0.156138   1.487316
A(iso)  0.457206
 Nucleus: 30 H  
 Isotope: 1 
 Nuclear Spin:  0.5 
 Prefactor (MHz): 533.551395 
 Raw A tensor (MHz): 
                  0          1          2    
      0      -0.053440   0.181855   0.025216
      1       0.181315   0.159624   0.081957
      2       0.025076   0.081904  -0.298907
 A Tensor eigenvectors:
                   0          1          2    
      0      -0.873009   0.486615  -0.032576
      1       0.473471   0.861657   0.182684
      2       0.116965   0.144061  -0.982632
 A Eigenvalues: 
                  0          1          2    
      0      -0.155210   0.275797  -0.313310
A(iso)  -0.064241
 Nucleus: 31 H  
 Isotope: 1 
 Nuclear Spin:  0.5 
 Prefactor (MHz): 533.551395 
 Raw A tensor (MHz): 
                  0          1          2    
      0      -0.053203   0.181997  -0.023938
      1       0.181456   0.160822  -0.078878
      2      -0.023798  -0.078820  -0.299772
 A Tensor eigenvectors:
                   0          1          2    
      0       0.872961   0.486681  -0.032884
      1      -0.474250   0.862571   0.176237
      2       0.114136  -0.138252   0.983798
 A Eigenvalues: 
                  0          1          2    
      0      -0.154968   0.275918  -0.313103
A(iso)  -0.064051
 Nucleus: 33 H  
 Isotope: 1 
 Nuclear Spin:  0.5 
 Prefactor (MHz): 533.551395 
 Raw A tensor (MHz): 
                  0          1          2    
      0      -0.107497   0.123590   0.016915
      1       0.123065   0.275430   0.065171
      2       0.016840   0.065133  -0.196497
 A Tensor eigenvectors:
                   0          1          2    
      0       0.960071   0.002406   0.279747
      1      -0.277544   0.133720   0.951361
      2      -0.035119  -0.991016   0.129049
 A Eigenvalues: 
                  0          1          2    
      0      -0.143702  -0.205326   0.320465
A(iso)  -0.009521
 Nucleus: 34 H  
 Isotope: 1 
 Nuclear Spin:  0.5 
 Prefactor (MHz): 533.551395 
 Raw A tensor (MHz): 
                  0          1          2    
      0      -0.107381   0.123700  -0.016239
      1       0.123175   0.275911  -0.062474
      2      -0.016166  -0.062432  -0.197124
 A Tensor eigenvectors:
                   0          1          2    
      0       0.960003   0.002653  -0.279979
      1      -0.277999   0.128091  -0.952003
      2       0.033337   0.991759   0.123705
 A Eigenvalues: 
                  0          1          2    
      0      -0.143624  -0.205231   0.320261
A(iso)  -0.009531
 Nucleus: 36 H  
 Isotope: 1 
 Nuclear Spin:  0.5 
 Prefactor (MHz): 533.551395 
 Raw A tensor (MHz): 
                  0          1          2    
      0      -0.136104  -0.045743  -0.000129
      1      -0.045523   0.287069   0.001070
      2      -0.000129   0.001070  -0.175543
 A Tensor eigenvectors:
                   0          1          2    
      0       0.994339  -0.000662  -0.106255
      1       0.106256   0.002248   0.994336
      2      -0.000420  -0.999997   0.002305
 A Eigenvalues: 
                  0          1          2    
      0      -0.140969  -0.175545   0.291937
A(iso)  -0.008192
 Nucleus: 37 H  
 Isotope: 1 
 Nuclear Spin:  0.5 
 Prefactor (MHz): 533.551395 
 Raw A tensor (MHz): 
                  0          1          2    
      0      -0.056796   0.098307   0.000310
      1       0.098078   0.174661   0.000986
      2       0.000309   0.000986  -0.140062
 A Tensor eigenvectors:
                   0          1          2    
      0       0.938654   0.000032   0.344860
      1      -0.344858   0.003122   0.938650
      2      -0.001046  -0.999995   0.002942
 A Eigenvalues: 
                  0          1          2    
      0      -0.092840  -0.140066   0.210708
A(iso)  -0.007399
 Nucleus: 44 H  
 Isotope: 1 
 Nuclear Spin:  0.5 
 Prefactor (MHz): 533.551395 
 Raw A tensor (MHz): 
                  0          1          2    
      0      -1.223010  -0.167634   0.000228
      1      -0.167640  -5.154484  -0.003419
      2       0.000228  -0.003419  -3.380488
 A Tensor eigenvectors:
                   0          1          2    
      0       0.999095   0.000254   0.042523
      1      -0.042523   0.001904   0.999094
      2       0.000173  -0.999998   0.001913
 A Eigenvalues: 
                  0          1          2    
      0      -1.215875  -3.380482  -5.161625
A(iso)  -3.252661
 Nucleus: 45 H  
 Isotope: 1 
 Nuclear Spin:  0.5 
 Prefactor (MHz): 533.551395 
 Raw A tensor (MHz): 
                  0          1          2    
      0       1.772873  -0.355348  -0.000328
